,Response.Self_Predicted,Response.Self_Actual
0,5.8640851974487305,3.71875
1,5.863330841064453,3.71875
2,5.862071990966797,3.968359375
3,5.862021446228027,5.58203125
4,5.865383148193359,5.4578125
5,5.870573043823242,3.5148437500000003
6,5.878249168395996,2.611328125
7,6.1533660888671875,2.2
8,6.18460750579834,2.2
9,6.206540107727051,2.2
10,5.913294792175293,1.61171875
11,5.8772125244140625,1.534375
12,5.891637802124023,1.3796875
13,5.870892524719238,1.3796875
14,5.857324600219727,1.3515625
15,5.858210563659668,1.3515625
16,5.869782447814941,1.3515625
17,5.903560638427734,1.3984374999999998
18,5.8875017166137695,1.3984374999999998
19,5.89548397064209,1.43359375
20,5.8928937911987305,1.525
21,5.8940839767456055,1.5156250000000002
22,5.915287971496582,1.5156250000000002
23,5.9220781326293945,1.5156250000000002
24,5.867460250854492,1.5156250000000002
25,5.867116928100586,1.5156250000000002
26,5.867368698120117,1.5156250000000002
27,4.926945686340332,1.5156250000000002
28,4.93101692199707,1.5156250000000002
29,5.178218841552734,1.5156250000000002
30,5.739145278930664,1.5156250000000002
31,5.866913795471191,1.5156250000000002
32,5.866199493408203,1.5156250000000002
33,5.86569881439209,1.5156250000000002
34,5.865880012512207,1.5156250000000002
35,5.865477561950684,1.5156250000000002
36,5.865574836730957,1.5156250000000002
37,6.103782653808594,1.5156250000000002
38,6.414173126220703,1.5156250000000002
39,6.415785789489746,1.5156250000000002
40,6.416168212890625,1.5156250000000002
41,6.448672294616699,1.5156250000000002
42,6.456681251525879,1.5156250000000002
43,6.449615478515625,1.5156250000000002
44,6.445599555969238,1.5156250000000002
45,6.439441680908203,1.5156250000000002
46,6.433854103088379,1.5156250000000002
47,6.438840866088867,1.5156250000000002
48,6.44002628326416,1.5156250000000002
49,6.441570281982422,1.5156250000000002
50,6.442521095275879,1.5156250000000002
51,6.434103965759277,1.525
52,6.436517715454102,1.6281249999999998
53,6.468626976013184,2.740234375
54,6.47088623046875,2.7953125
55,6.470108985900879,2.7953125
56,6.483217239379883,2.7953125
57,6.481083869934082,3.2628906250000003
58,6.479508399963379,4.478125
59,6.495297431945801,8.63125
60,6.492021560668945,9.090625
61,6.495908737182617,9.3390625
62,6.4983415603637695,9.8078125
63,6.498383522033691,9.8078125
64,6.499253273010254,9.8078125
65,6.5019989013671875,10.0
66,6.503848075866699,10.0
67,6.502791404724121,10.0
68,6.503085136413574,10.0
69,6.502861022949219,10.0
70,6.501662254333496,10.0
71,6.5018463134765625,10.0
72,6.5028486251831055,10.0
73,6.502567291259766,10.0
74,6.5028533935546875,10.0
75,6.50266170501709,10.0
76,6.501838684082031,10.0
77,6.501686096191406,10.0
78,6.500295639038086,10.0
79,6.49923038482666,10.0
80,6.489192962646484,10.0
81,6.486382484436035,10.0
82,6.50106143951416,9.7984375
83,6.502704620361328,9.79375
84,6.503049850463867,9.68359375
85,6.501911163330078,10.0
86,6.501421928405762,10.0
87,6.501035690307617,10.0
88,6.502046585083008,10.0
89,6.501727104187012,10.0
90,6.499697685241699,10.0
91,6.500116348266602,10.0
92,6.491754531860352,10.0
93,6.49220085144043,10.0
94,6.492159843444824,10.0
95,6.497118949890137,10.0
96,6.494850158691406,10.0
97,6.493279457092285,10.0
98,6.4929094314575195,10.0
99,6.4976606369018555,10.0
100,6.500270843505859,10.0
101,6.500041961669922,10.0
102,6.501918792724609,10.0
103,6.502830505371094,10.0
104,6.503104209899902,10.0
105,6.5005340576171875,10.0
106,6.501777648925781,10.0
107,6.500150680541992,10.0
108,6.491485595703125,10.0
109,6.498939514160156,10.0
110,6.500367164611816,10.0
111,6.500232696533203,10.0
112,6.50063419342041,9.971875
113,6.498610496520996,8.8984375
114,6.496683120727539,9.240625
115,6.4942626953125,9.240625
116,6.491325378417969,9.2078125
117,6.4922685623168945,9.2078125
118,6.4933366775512695,9.2078125
119,6.4952545166015625,9.2078125
120,6.495085716247559,9.2078125
121,6.494413375854492,9.2171875
122,6.4951276779174805,9.24296875
123,6.498265266418457,9.296875
124,6.497529029846191,9.296875
125,6.498991012573242,9.2453125
126,6.4991865158081055,9.353125
127,6.498032569885254,9.353125
128,6.497381210327148,9.353125
129,6.496706008911133,9.35546875
130,6.496947288513184,9.3859375
131,6.494142532348633,9.3859375
132,6.494203567504883,9.3859375
133,6.494895935058594,9.3859375
134,6.494620323181152,9.4421875
135,6.495152473449707,9.4421875
136,6.494444847106934,9.4421875
137,6.494681358337402,9.4421875
138,6.494961738586426,9.4328125
139,6.494982719421387,9.4328125
140,6.488027572631836,9.4328125
141,6.487882614135742,9.4328125
142,6.489689826965332,9.4328125
143,6.495777130126953,9.428125
144,6.496387481689453,9.4375
145,6.49497127532959,9.41875
146,6.493682861328125,9.4
147,6.4933881759643555,9.4
148,6.49306583404541,9.436328125
149,6.495175361633301,9.90859375
150,6.495169639587402,9.9296875
151,6.492465972900391,10.0
152,6.493064880371094,10.0
153,6.493130683898926,10.0
154,6.496628761291504,9.769140625
155,6.498415946960449,10.0
156,6.493929862976074,10.0
157,6.493247985839844,10.0
158,6.493207931518555,10.0
159,6.493254661560059,10.0
160,6.491974830627441,10.0
161,6.492386817932129,10.0
162,6.494117736816406,10.0
163,6.495600700378418,10.0
164,6.490418434143066,10.0
165,6.489987373352051,10.0
166,6.478572845458984,10.0
167,6.4889678955078125,10.0
168,6.490752220153809,10.0
169,6.493078231811523,10.0
170,6.493640899658203,10.0
171,6.492656707763672,10.0
172,6.489731788635254,10.0
173,6.490932464599609,10.0
174,6.490730285644531,10.0
175,6.49083137512207,10.0
176,6.490459442138672,10.0
177,6.492859840393066,10.0
178,6.4928741455078125,10.0
179,6.490795135498047,10.0
180,6.4893083572387695,10.0
181,6.490007400512695,10.0
182,6.491673469543457,10.0
183,6.487706184387207,10.0
184,6.490603446960449,10.0
185,6.496048927307129,10.0
186,6.498445510864258,10.0
187,6.499325752258301,10.0
188,6.498922348022461,10.0
189,6.49749755859375,10.0
190,6.497306823730469,10.0
191,6.497677803039551,10.0
192,6.497738838195801,10.0
193,6.498456001281738,10.0
194,6.498619079589844,10.0
195,6.498414993286133,10.0
196,6.498388290405273,10.0
197,6.497769355773926,10.0
198,6.494319915771484,10.0
199,6.495488166809082,10.0
200,6.496301651000977,10.0
201,6.4963178634643555,10.0
202,6.496175765991211,10.0
203,6.49610710144043,10.0
204,6.496181488037109,10.0
205,6.496033668518066,10.0
206,6.494815826416016,10.0
207,6.495238304138184,10.0
208,6.495282173156738,10.0
209,6.494594573974609,10.0
210,6.496556282043457,10.0
211,6.494453430175781,10.0
212,6.494142532348633,10.0
213,6.494162559509277,10.0
214,6.495351791381836,10.0
215,6.495580673217773,10.0
216,6.494733810424805,10.0
217,6.496457099914551,10.0
218,6.494617462158203,10.0
219,6.490451812744141,10.0
220,6.49166202545166,10.0
221,6.493892669677734,10.0
222,6.494594573974609,10.0
223,6.496182441711426,10.0
224,6.495499610900879,10.0
225,6.4960174560546875,9.944921875
226,6.495034217834473,9.8921875
227,6.490522384643555,9.54765625
228,6.490797996520996,9.382421875
229,6.490745544433594,8.42734375
230,6.492408752441406,8.078125
231,6.492243766784668,8.078125
232,6.492082595825195,8.078125
233,6.492270469665527,8.1203125
234,6.494390487670898,7.984375000000001
235,6.494544982910156,7.984375000000001
236,6.493542671203613,7.984375000000001
237,6.48292350769043,7.984375000000001
238,6.482232093811035,7.984375000000001
239,6.4792890548706055,7.984375000000001
240,6.479729652404785,7.984375000000001
241,6.482436180114746,7.984375000000001
242,6.485662460327148,7.984375000000001
243,6.488243103027344,7.984375000000001
244,6.488338470458984,7.984375000000001
245,6.491732597351074,7.984375000000001
246,6.4913330078125,7.984375000000001
247,6.492284774780273,7.984375000000001
248,6.493257522583008,7.984375000000001
249,6.493959426879883,7.949218750000001
250,6.495174407958984,7.70546875
251,6.494045257568359,7.5109375
252,6.493924140930176,7.75
253,6.494289398193359,7.9421875
254,6.493463516235352,7.9421875
255,6.488996505737305,8.35
256,6.4983625411987305,8.35
257,6.495431900024414,8.35
258,6.496253967285156,8.410937500000001
259,6.497220039367676,8.603124999999999
260,6.494925498962402,8.773046875
261,6.49727725982666,8.978125
262,6.499675750732422,9.1
263,6.4975128173828125,9.1
264,6.493870735168457,9.5078125
265,6.491664886474609,9.5078125
266,6.497928619384766,9.5078125
267,6.492250442504883,9.5078125
268,6.491436004638672,9.5078125
269,6.489835739135742,9.508984375
270,6.489816665649414,9.559375
271,6.4897308349609375,9.559375
272,6.489378929138184,9.559375
273,6.49091911315918,9.5640625
274,6.493122100830078,9.59921875
275,6.492292404174805,9.64609375
276,6.492829322814941,9.8828125
277,6.492757797241211,9.8828125
278,6.493867874145508,9.8828125
279,6.494770050048828,9.8828125
280,6.494490623474121,9.925
281,6.496774673461914,9.925
282,6.4955644607543945,9.925
283,6.497026443481445,9.925
284,6.497379302978516,9.925
285,6.49726676940918,9.925
286,6.497773170471191,9.925
287,6.496984481811523,9.925
288,6.49515438079834,9.925
289,6.495035171508789,9.925
290,6.49592399597168,9.925
291,6.497087478637695,9.925
292,6.496697425842285,9.6953125
293,6.4972429275512695,9.75625
294,6.496529579162598,9.75625
295,6.494574546813965,9.75625
296,6.49429988861084,9.75625
297,6.492118835449219,9.765625
298,6.4935150146484375,9.765625
299,6.49388313293457,9.765625
300,6.494602203369141,9.765625
301,6.49729061126709,9.765625
302,6.501867294311523,9.765625
303,6.5018205642700195,9.765625
304,6.500802040100098,9.765625
305,6.500783920288086,9.765625
306,6.503754615783691,9.765625
307,6.499105453491211,9.765625
308,6.497126579284668,9.8265625
309,6.501286506652832,9.8265625
310,6.500794410705566,9.8265625
311,6.494912147521973,9.8265625
312,6.49571418762207,9.8265625
313,6.4975481033325195,9.8265625
314,6.498513221740723,9.8265625
315,6.500578880310059,9.8265625
316,6.50037956237793,9.8265625
317,6.500290870666504,9.8265625
318,6.497916221618652,9.673046875
319,6.4972124099731445,9.6671875
320,6.494688034057617,9.759765625
321,6.494576454162598,9.7984375
322,6.493192672729492,9.7984375
323,6.49228572845459,9.73984375
324,6.492396354675293,9.63671875
325,6.493426322937012,9.58515625
326,6.493950843811035,9.5640625
327,6.49537467956543,9.559375
328,6.495538711547852,9.559375
329,6.495643615722656,9.559375
330,6.498297691345215,9.559375
331,6.498705863952637,9.559375
332,6.498481750488281,9.593359375
333,6.497262954711914,9.0671875
334,6.498588562011719,9.0671875
335,6.49819278717041,9.0671875
336,6.4982709884643555,9.109375
337,6.4982805252075195,9.109375
338,6.497785568237305,9.109375
339,6.497377395629883,9.1234375
340,6.496538162231445,9.146875
341,6.49796199798584,9.3859375
342,6.490562438964844,9.625
343,6.494240760803223,9.625
344,6.49622917175293,9.6296875
345,6.496197700500488,9.6296875
346,6.494428634643555,9.6296875
347,6.496816635131836,9.6296875
348,6.49619197845459,9.5640625
349,6.498919486999512,9.5640625
350,6.499503135681152,9.5171875
351,6.499386787414551,9.5171875
352,6.496833801269531,9.5171875
353,6.498656272888184,9.4984375
354,6.495161056518555,9.465625
355,6.495203018188477,9.465625
356,6.494411468505859,9.465625
357,6.494001388549805,9.465625
358,6.490358352661133,9.465625
359,6.490161895751953,9.465625
360,6.489991188049316,9.465625
361,6.493408203125,9.465625
362,6.493021011352539,9.465625
363,6.491660118103027,9.36953125
364,6.494794845581055,9.4140625
365,6.491601943969727,9.42109375
366,6.494041442871094,9.459765625
367,6.499672889709473,9.4703125
368,6.496188163757324,9.4703125
369,6.495166778564453,9.4984375
370,6.495762825012207,9.4984375
371,6.497617721557617,9.4984375
372,6.495456695556641,9.4984375
373,6.4858808517456055,9.41875
374,6.484394073486328,9.41875
375,6.485809326171875,9.41875
376,6.485597610473633,9.41875
377,6.498771667480469,9.41875
378,6.4949235916137695,9.41875
379,6.497580528259277,9.41875
380,6.498819351196289,9.41875
381,6.50356388092041,9.41875
382,6.50313663482666,9.41875
383,6.502784729003906,9.41875
384,6.502245903015137,9.41875
385,6.501923561096191,9.41875
386,6.501843452453613,9.41875
387,6.4979047775268555,9.41875
388,6.492552757263184,9.41875
389,6.497198104858398,9.41875
390,6.4978227615356445,9.41875
391,6.496644020080566,9.41875
392,6.493724822998047,9.3484375
393,6.494392395019531,9.3484375
394,6.494052886962891,9.3484375
395,6.495464324951172,9.325
396,6.494972229003906,9.513671875
397,6.49283504486084,9.578125
398,6.495026588439941,9.5828125
399,6.494720458984375,9.653125
400,6.49484920501709,9.653125
401,6.501534461975098,9.709375
402,6.496895790100098,9.66953125
403,6.488056182861328,9.6390625
404,6.494265556335449,9.6390625
405,6.498542785644531,9.6390625
406,6.49830436706543,9.6390625
407,6.496725082397461,9.6390625
408,6.494289398193359,9.6390625
409,6.4967498779296875,9.6390625
410,6.49763298034668,9.6390625
411,6.498329162597656,9.6390625
412,6.499154090881348,9.6390625
413,6.499185562133789,9.6390625
414,6.4991350173950195,9.6390625
415,6.498303413391113,9.6390625
416,6.498588562011719,9.6390625
417,6.499105453491211,9.6390625
418,6.5004777908325195,9.6390625
419,6.499829292297363,9.6390625
420,6.499325752258301,9.634375
421,6.498940467834473,9.634375
422,6.498970985412598,9.634375
423,6.4986066818237305,9.634375
424,6.498455047607422,9.634375
425,6.498782157897949,9.634375
426,6.499757766723633,9.634375
427,6.497825622558594,9.634375
428,6.495550155639648,9.634375
429,6.491069793701172,9.634375
430,6.491630554199219,9.634375
431,6.499398231506348,9.634375
432,6.501106262207031,9.634375
433,6.50161075592041,9.634375
434,6.502520561218262,9.634375
435,6.502412796020508,9.634375
436,6.502265930175781,9.634375
437,6.501694679260254,9.634375
438,6.501256942749023,9.634375
439,6.501959800720215,9.634375
440,6.496769905090332,9.634375
441,6.4811506271362305,9.615625
442,6.486844062805176,9.615625
443,6.491397857666016,9.615625
444,6.493770599365234,9.615625
445,6.492460250854492,9.615625
446,6.493668556213379,9.615625
447,6.494376182556152,9.615625
448,6.49372673034668,9.615625
449,6.493602752685547,9.615625
450,6.493151664733887,9.615625
451,6.495301246643066,9.615625
452,6.489292144775391,9.615625
453,6.489672660827637,9.615625
454,6.490303039550781,9.540625
455,6.49598503112793,9.540625
456,6.495833396911621,9.38125
457,6.4949235916137695,9.38125
458,6.49642276763916,9.38125
459,6.498592376708984,9.4
460,6.499641418457031,9.4
461,6.497276306152344,9.3953125
462,6.49392032623291,9.2640625
463,6.495013236999512,8.9828125
464,6.500889778137207,8.7296875
465,6.500968933105469,8.7296875
466,6.500906944274902,8.7296875
467,6.501768112182617,8.7296875
468,6.50247859954834,8.725
469,6.503538131713867,8.6921875
470,6.499329566955566,8.589062499999999
471,6.500843048095703,8.509374999999999
472,6.500729560852051,8.509374999999999
473,6.498926162719727,8.509374999999999
474,6.495375633239746,8.509374999999999
475,6.495210647583008,7.587109375
476,6.495614051818848,7.577734374999999
477,6.496611595153809,7.309375
478,6.496331214904785,7.309375
479,6.49753475189209,7.309375
480,6.497865676879883,7.309375
481,6.495606422424316,7.16171875
482,6.492419242858887,7.0328125
483,6.494830131530762,7.029296875
484,6.494786262512207,6.9296875
485,6.497457504272461,6.9296875
486,6.4981584548950195,6.934375
487,6.4977006912231445,6.934375
488,6.499346733093262,6.934375
489,6.500184059143066,6.934375
490,6.499482154846191,6.916796875
491,6.499086380004883,6.900390625000001
492,6.500741958618164,6.715234375
493,6.5007524490356445,6.64375
494,6.500507354736328,6.64375
495,6.499858856201172,6.64375
496,6.499167442321777,5.829296875
497,6.499095916748047,5.4625
498,6.4989118576049805,5.4625
499,6.498392105102539,4.928125
500,6.4983930587768555,4.928125
501,6.498356819152832,4.928125
502,6.497357368469238,4.942187499999999
503,6.494811058044434,4.946875
504,6.4981584548950195,4.88828125
505,6.498379707336426,4.87890625
506,6.497824668884277,4.83203125
507,6.497785568237305,4.8296875
508,6.496372222900391,4.8296875
509,6.4959611892700195,4.8296875
510,6.493121147155762,4.1265625
511,6.493077278137207,4.1265625
512,6.497640609741211,3.94140625
513,6.498120307922363,3.95078125
514,6.498904228210449,3.953125
515,6.496258735656738,4.05390625
516,6.495575904846191,4.0703125
517,6.495245933532715,3.5804687500000005
518,6.497594833374023,3.5453125
519,6.497286796569824,3.5453125
520,6.497576713562012,3.5453125
521,6.4984636306762695,3.30625
522,6.498234748840332,3.30625
523,6.498383522033691,3.30625
524,6.499215126037598,3.3390625
525,6.500707626342773,3.3671875000000004
526,6.498723983764648,3.3671875000000004
527,6.499293327331543,3.7421875
528,6.499024391174316,3.803125
529,6.4990234375,3.8078125
530,6.499013900756836,3.8078125
531,6.499324798583984,3.8078125
532,6.499175071716309,3.8078125
533,6.498867034912109,3.90625
534,6.498965263366699,3.90625
535,6.5010480880737305,3.90625
536,6.501565933227539,3.7890625
537,6.501778602600098,3.7890625
538,6.503222465515137,3.7890625
539,6.503875732421875,3.7890625
540,6.503859519958496,3.7890625
541,6.50384521484375,3.7890625
542,6.504000663757324,3.7890625
543,6.504238128662109,3.7890625
544,6.50200080871582,3.7890625
545,6.498232841491699,3.79609375
546,6.497369766235352,3.8453125
547,6.498469352722168,3.881640625
548,6.498993873596191,3.953125
549,6.497694969177246,3.953125
550,6.501434326171875,3.953125
551,6.502921104431152,3.953125
552,6.502920150756836,3.953125
553,6.50301456451416,3.953125
554,6.502785682678223,3.953125
555,6.502751350402832,3.953125
556,6.504283905029297,3.953125
557,6.505068778991699,3.953125
558,6.505847930908203,3.953125
559,6.505593299865723,3.953125
560,6.505626678466797,3.953125
561,6.50628662109375,3.953125
562,6.506119728088379,3.953125
563,6.504276275634766,3.9484375
564,6.499248504638672,3.3109375
565,6.4983673095703125,3.138671875
566,6.498809814453125,2.82109375
567,6.500550270080566,2.809375
568,6.5046892166137695,2.1015625
569,6.504833221435547,2.115625
570,6.504935264587402,5.66171875
571,6.50444221496582,5.9078125
572,6.504429817199707,5.9078125
573,6.504534721374512,5.9078125
574,6.505101203918457,5.921875
575,6.506946563720703,7.24140625
576,6.506810188293457,7.321093749999999
577,6.506545066833496,7.3890625
578,6.50629997253418,7.9046875
579,6.506256103515625,8.202343749999999
580,6.50621223449707,8.251562499999999
581,6.506256103515625,8.251562499999999
582,6.5053815841674805,8.251562499999999
583,6.5053863525390625,8.251562499999999
584,6.50514030456543,8.251562499999999
585,6.505145072937012,8.251562499999999
586,6.504883766174316,8.251562499999999
587,6.505084991455078,8.251562499999999
588,6.505059242248535,8.251562499999999
589,6.50459098815918,8.251562499999999
590,6.504886627197266,8.251562499999999
591,6.50526237487793,8.251562499999999
592,6.505500793457031,8.251562499999999
593,6.505171775817871,8.251562499999999
594,6.5051679611206055,8.251562499999999
595,6.505002021789551,8.251562499999999
596,6.504854202270508,8.251562499999999
597,6.502776145935059,8.251562499999999
598,6.505376815795898,8.251562499999999
599,6.502784729003906,8.251562499999999
600,6.503543853759766,8.251562499999999
601,6.502488136291504,8.273828125
602,6.502338409423828,8.275
603,6.502864837646484,8.482421875
604,6.500927925109863,8.607812500000001
605,6.500293731689453,8.875
606,6.500889778137207,8.9265625
607,6.501547813415527,8.9640625
608,6.4798383712768555,9.0859375
609,6.429385185241699,8.9875
610,6.498918533325195,9.049609375
611,6.500959396362305,9.053125
612,6.496000289916992,9.053125
613,6.49675178527832,9.053125
614,6.496639251708984,9.053125
615,6.498501777648926,9.053125
616,6.499250411987305,9.006250000000001
617,6.498462677001953,9.006250000000001
618,6.494224548339844,9.006250000000001
619,6.501860618591309,9.006250000000001
620,6.501615524291992,9.006250000000001
621,6.501997947692871,9.006250000000001
622,6.503290176391602,9.006250000000001
623,6.5036163330078125,9.006250000000001
624,6.503684043884277,9.006250000000001
625,6.503706932067871,9.006250000000001
626,6.504487991333008,9.006250000000001
627,6.5045061111450195,9.006250000000001
628,6.505100250244141,9.006250000000001
629,6.504852294921875,9.006250000000001
630,6.505098342895508,9.006250000000001
631,6.505295753479004,9.006250000000001
632,6.505115509033203,9.006250000000001
633,6.503913879394531,8.95
634,6.503289222717285,8.95
635,6.504595756530762,8.95
636,6.503355979919434,8.9453125
637,6.50355339050293,8.9453125
638,6.503599166870117,8.9453125
639,6.503473281860352,8.9453125
640,6.503716468811035,8.9453125
641,6.503914833068848,8.9453125
642,6.504264831542969,8.9453125
643,6.504245758056641,8.9453125
644,6.504223823547363,8.9453125
645,6.50384521484375,8.9453125
646,6.50361442565918,8.9453125
647,6.504405975341797,8.9453125
648,6.504520416259766,8.9453125
649,6.503021240234375,8.9453125
650,6.502781867980957,8.9453125
651,6.503355026245117,8.9453125
652,6.503270149230957,8.9453125
653,6.5033464431762695,8.9453125
654,6.504421234130859,8.9453125
655,6.5044097900390625,8.9453125
656,6.5053911209106445,8.9453125
657,6.504552841186523,8.9453125
658,6.502580642700195,8.9453125
659,6.505087852478027,8.9453125
660,6.505204200744629,8.9453125
661,6.50319766998291,8.9453125
662,6.502387046813965,8.9453125
663,6.501769065856934,8.9453125
664,6.503752708435059,8.9453125
665,6.504366874694824,8.9453125
666,6.502570152282715,8.9453125
667,6.502413749694824,8.9453125
668,6.501592636108398,8.9453125
669,6.497279167175293,8.9453125
670,6.4986772537231445,8.9453125
671,6.499177932739258,8.9453125
672,6.496652603149414,8.9453125
673,6.502422332763672,8.9453125
674,6.502798080444336,8.9453125
675,6.503449440002441,8.9453125
676,6.503979682922363,8.9453125
677,6.502150535583496,8.3453125
678,6.502205848693848,8.3453125
679,6.5022478103637695,8.338281250000001
680,6.502155303955078,7.928125
681,6.5030012130737305,7.7921875
682,6.504050254821777,7.63046875
683,6.504667282104492,7.112500000000001
684,6.504814147949219,7.112500000000001
685,6.503496170043945,6.770312499999999
686,6.503178596496582,6.770312499999999
687,6.502458572387695,6.770312499999999
688,6.504790306091309,6.2734375
689,6.5048017501831055,6.2734375
690,6.505143165588379,6.1796875
691,6.505446434020996,6.1796875
692,6.505570411682129,6.1796875
693,6.505462646484375,6.1796875
694,6.505359649658203,6.1796875
695,6.5052032470703125,6.1796875
696,6.505834579467773,6.071875000000001
697,6.505486488342285,6.0625
698,6.505523681640625,6.0625
699,6.505541801452637,6.0625
700,6.506160736083984,6.0625
701,6.505871772766113,6.0625
702,6.505178451538086,5.3359375
703,6.505086898803711,5.3359375
704,6.505149841308594,5.35234375
705,6.50571346282959,5.4390625
706,6.506217956542969,5.63125
707,6.505017280578613,5.63125
708,6.503793716430664,5.63125
709,6.506013870239258,5.63125
710,6.505745887756348,5.6265625
711,6.50471305847168,5.621875
712,6.5056257247924805,5.6171875
713,6.5045061111450195,5.6171875
714,6.500136375427246,5.6171875
715,6.505036354064941,5.6171875
716,6.501590728759766,5.6171875
717,6.501442909240723,5.6171875
718,6.500452995300293,5.6171875
719,6.5029802322387695,5.6171875
720,6.503046035766602,5.6171875
721,6.50379753112793,5.6171875
722,6.5053205490112305,5.6171875
723,6.506599426269531,5.6171875
724,6.506413459777832,5.6171875
725,6.507354736328125,5.6171875
726,6.506948471069336,5.6171875
727,6.499664306640625,5.6171875
728,6.505541801452637,5.621875
729,6.5086469650268555,5.7109375
730,6.50888729095459,5.7109375
731,6.508886337280273,5.7109375
732,6.508883476257324,5.7109375
733,6.508149147033691,5.71328125
734,6.505830764770508,5.715624999999999
735,6.5059709548950195,5.715624999999999
736,6.5029401779174805,5.715624999999999
737,6.502396583557129,5.715624999999999
738,6.50621223449707,5.715624999999999
739,6.506840705871582,5.715624999999999
740,6.505825996398926,5.715624999999999
741,6.505859375,5.715624999999999
742,6.505659103393555,5.753125
743,6.505593299865723,5.753125
744,6.505002975463867,5.753125
745,6.5051679611206055,5.753125
746,6.505682945251465,5.7953125000000005
747,6.505606651306152,5.8140625
748,6.5056657791137695,5.8515625
749,6.504881858825684,5.8515625
750,6.504077911376953,5.8703125
751,6.502554893493652,5.887890625
752,6.5016984939575195,6.02734375
753,6.5022077560424805,6.0484375
754,6.503881454467773,6.266406250000001
755,6.506283760070801,6.5921875
756,6.505859375,6.5921875
757,6.505404472351074,6.5921875
758,6.507331848144531,6.5921875
759,6.506391525268555,6.7562500000000005
760,6.50620174407959,6.8828125
761,6.505954742431641,6.8828125
762,6.506414413452148,6.86875
763,6.506166458129883,6.86875
764,6.5047149658203125,6.86875
765,6.505114555358887,6.86875
766,6.503564834594727,6.86875
767,6.505480766296387,6.86875
768,6.50547981262207,6.86875
769,6.505270957946777,6.86875
770,6.505268096923828,6.86875
771,6.504779815673828,6.86875
772,6.505199432373047,6.86875
773,6.504819869995117,6.86875
774,6.499441146850586,6.86875
775,6.502918243408203,6.86875
776,6.504122734069824,6.86875
777,6.504384994506836,6.86875
778,6.502523422241211,6.8734375000000005
779,6.502100944519043,6.998828125
780,6.501401901245117,7.0
781,6.501313209533691,7.0
782,6.501810073852539,7.0
783,6.502671241760254,7.0046875
784,6.5016326904296875,7.0046875
785,6.501857757568359,6.839453125
786,6.503408432006836,6.9027343750000005
787,6.503750801086426,7.042187500000001
788,6.504002571105957,7.290625
789,6.503944396972656,7.290625
790,6.504663467407227,7.337499999999999
791,6.504993438720703,7.337499999999999
792,6.506122589111328,7.3609375
793,6.506112098693848,7.3609375
794,6.507231712341309,7.35625
795,6.507013320922852,7.35625
796,6.506420135498047,7.35625
797,6.506070137023926,7.35625
798,6.506076812744141,7.35625
799,6.506199836730957,7.35625
800,6.506540298461914,7.35625
801,6.50728702545166,7.35625
802,6.50648307800293,7.35625
803,6.506505966186523,7.35625
804,6.506535530090332,7.35625
805,6.506475448608398,7.35625
806,6.506437301635742,7.35625
807,6.506472587585449,7.3515625
808,6.506446838378906,7.3515625
809,6.5063886642456055,7.3515625
810,6.506424903869629,7.3515625
811,6.506411552429199,7.3515625
812,6.506413459777832,7.365625
813,6.506453514099121,7.365625
814,6.505511283874512,7.403124999999999
815,6.506366729736328,7.403124999999999
816,6.506145477294922,7.403124999999999
817,6.505970001220703,7.403124999999999
818,6.505833625793457,7.403124999999999
819,6.505742073059082,7.473437499999999
820,6.506045341491699,6.971875000000001
821,6.506834983825684,6.971875000000001
822,6.50626277923584,6.971875000000001
823,6.505786895751953,6.971875000000001
824,6.505810737609863,6.971875000000001
825,6.505809783935547,6.971875000000001
826,6.505836486816406,6.971875000000001
827,6.506253242492676,6.95078125
828,6.506256103515625,6.7703125
829,6.506237030029297,6.7140625
830,6.506415367126465,6.6625
831,6.506439208984375,6.6625
832,6.506165504455566,6.6625
833,6.506072998046875,6.6625
834,6.506259918212891,6.6625
835,6.506283760070801,6.6625
836,6.506396293640137,6.6625
837,6.506264686584473,6.662499999999999
838,6.506059646606445,6.6625
839,6.50618839263916,6.6625
840,6.505775451660156,6.6625
841,6.50615119934082,6.6625
842,6.5061540603637695,6.6625
843,6.506132125854492,6.6625
844,6.506163597106934,6.6625
845,6.504511833190918,6.6625
846,6.5037689208984375,6.664375
847,6.502974510192871,6.671875
848,6.506153106689453,6.64375
849,6.506160736083984,6.64375
850,6.506172180175781,6.620312500000001
851,6.507140159606934,6.620312500000001
852,6.507140159606934,6.620312500000001
853,6.507021903991699,6.671875
854,6.507067680358887,6.6953125
855,6.507061958312988,6.69765625
856,6.507471084594727,6.699999999999999
857,6.4980878829956055,6.699999999999999
858,6.502455711364746,6.699999999999999
859,6.503759384155273,6.699999999999999
860,6.50449275970459,6.699999999999999
861,6.504332542419434,6.699999999999999
862,6.5037946701049805,6.699999999999999
863,6.505884170532227,6.699999999999999
864,6.506525039672852,6.699999999999999
865,6.505914688110352,6.699999999999999
866,6.503924369812012,6.699999999999999
867,6.505088806152344,6.7
868,6.504981994628906,6.7046875
869,6.505546569824219,6.7234375
870,6.505007743835449,6.7234375
871,6.505189895629883,6.7234375
872,6.506013870239258,6.7234375
873,6.50556755065918,6.7234375
874,6.506134033203125,6.7234375
875,6.506105422973633,6.7234375
876,6.505353927612305,6.7234375
877,6.5050249099731445,6.7234375
878,6.503999710083008,6.741015625
879,6.502569198608398,6.775
880,6.502743721008301,6.775000000000001
881,6.502840042114258,6.775
882,6.503466606140137,6.775
883,6.503853797912598,6.775
884,6.504007339477539,6.775
885,6.503351211547852,6.775
886,6.504870414733887,6.775
887,6.505248069763184,6.79375
888,6.505193710327148,6.785546875
889,6.505222320556641,6.776171875
890,6.504753112792969,6.775
891,6.505870819091797,6.775
892,6.5058746337890625,6.775
893,6.505882263183594,6.775
894,6.5058393478393555,6.775
895,6.5053911209106445,6.775
896,6.505802154541016,6.775000000000001
897,6.505346298217773,6.775
898,6.504518508911133,6.776171875
899,6.505339622497559,6.7796875000000005
900,6.505549430847168,6.7796875000000005
901,6.506265640258789,6.7562500000000005
902,6.50643253326416,6.7562500000000005
903,6.506799697875977,6.7562500000000005
904,6.506958961486816,6.8171875
905,6.506964683532715,6.8171875
906,6.506796836853027,6.8171875
907,6.506777763366699,6.8171875
908,6.50724983215332,6.8171875
909,6.507046699523926,6.8171875
910,6.5071258544921875,6.8171875
911,6.507094383239746,6.8171875
912,6.506620407104492,6.8171875
913,6.506711006164551,6.8171875
914,6.506894111633301,6.8171875
915,6.506931304931641,6.8171875
916,6.507012367248535,6.8171875
917,6.507419586181641,5.59375
918,6.507546424865723,5.546875
919,6.507338523864746,5.546875
920,6.507333755493164,5.546875
921,6.507318496704102,5.546875
922,6.507085800170898,4.703125
923,6.507471084594727,4.703125
924,6.507450103759766,4.375
925,6.507401466369629,4.3046875
926,6.5073347091674805,4.3046875
927,6.507270812988281,4.3046875
928,6.50705623626709,4.26484375
929,6.5069379806518555,4.2578125
930,6.506979942321777,4.253125
931,6.506918907165527,4.253125
932,6.506967544555664,4.253125
933,6.506932258605957,3.963671875
934,6.506768226623535,4.046875
935,6.506589889526367,3.86171875
936,6.50617790222168,4.010546875
937,6.506360054016113,4.159375000000001
938,6.506237030029297,4.026953125
939,6.50650691986084,3.64375
940,6.506992340087891,3.1796875
941,6.5065507888793945,2.899609375
942,6.506488800048828,3.105859375
943,6.506928443908691,3.3390625
944,6.507049560546875,3.5171875
945,6.506985664367676,3.5171875
946,6.506997108459473,3.5171875
947,6.506796836853027,3.5171875
948,6.507105827331543,3.5171875
949,6.507500648498535,3.5171875
950,6.507235527038574,3.4937500000000004
951,6.507231712341309,3.4937500000000004
952,6.507086753845215,3.4937500000000004
953,6.507232666015625,3.5078125000000004
954,6.507180213928223,3.5078125000000004
955,6.506943702697754,3.5078125000000004
956,6.506744384765625,3.4984375
957,6.506313323974609,3.4984375
958,6.505924224853516,3.5031250000000003
959,6.507619857788086,3.428125
960,6.507375717163086,3.428125
961,6.507153511047363,3.428125
962,6.5074052810668945,3.4609375
963,6.506195068359375,3.6859375
964,6.506614685058594,4.614062499999999
965,6.50675106048584,4.614062499999999
966,6.506529808044434,4.7734375
967,6.506350517272949,5.155468750000001
968,6.506577491760254,5.8046875
969,6.5068817138671875,5.63125
970,6.506953239440918,5.63125
971,6.506466865539551,5.63125
972,6.50575065612793,5.63125
973,6.502529144287109,5.63125
974,6.5081071853637695,5.603125
975,6.507430076599121,5.621875
976,6.507760047912598,5.621875
977,6.507436752319336,5.4484375
978,6.507587432861328,5.4484375
979,6.507268905639648,5.425
980,6.506402015686035,5.52109375
981,6.505522727966309,5.5703125
982,6.506643295288086,5.5703125
983,6.506023406982422,5.5703125
984,6.506932258605957,5.5421875
985,6.506843566894531,5.5421875
986,6.502630233764648,5.546875
987,6.504865646362305,5.4484375
988,6.503975868225098,5.659375000000001
989,6.505776405334473,5.73671875
990,6.500980377197266,5.76015625
991,6.50396728515625,5.74375
992,6.502274513244629,6.787890625
993,6.499240875244141,6.85
994,6.467967987060547,7.1640625
995,6.437763214111328,7.1640625
996,6.481247901916504,7.1640625
997,6.390885353088379,7.1640625
998,6.491141319274902,7.1640625
999,6.495356559753418,7.1640625
1000,6.501657485961914,7.1640625
1001,6.50568962097168,7.1640625
1002,6.507183074951172,7.1640625
1003,6.507213592529297,7.16875
1004,6.506692886352539,7.16875
1005,6.506019592285156,7.16875
1006,6.505833625793457,7.16875
1007,6.505823135375977,7.16875
1008,6.505563735961914,7.16875
1009,6.5057172775268555,7.16875
1010,6.50551700592041,7.16875
1011,6.506723403930664,7.16875
1012,6.506719589233398,7.16875
1013,6.507160186767578,7.16875
1014,6.505734443664551,7.1312500000000005
1015,6.505959510803223,6.913281250000001
1016,6.506129264831543,6.469140625
1017,6.506425857543945,6.2659375
1018,6.506687164306641,6.818359375
1019,6.506630897521973,6.34140625
1020,6.505345344543457,6.21953125
1021,6.505216598510742,6.221875
1022,6.506811141967773,5.8328125
1023,6.506002426147461,5.8328125
1024,6.5050811767578125,5.77421875
1025,6.5050811767578125,5.771875
1026,6.504796981811523,6.1937500000000005
1027,6.504520416259766,6.1937500000000005
1028,6.504678726196289,6.198437500000001
1029,6.50714111328125,7.042187500000001
1030,6.50547981262207,7.464062500000001
1031,6.504209518432617,7.461718749999999
1032,6.503737449645996,7.4265625
1033,6.5086212158203125,7.6984375
1034,6.508639335632324,7.6984375
1035,6.508607864379883,7.8765625
1036,6.508605003356934,7.89296875
1037,6.508085250854492,7.91875
1038,6.507814407348633,7.937499999999999
1039,6.5049943923950195,7.966796874999999
1040,6.5027875900268555,7.970312499999999
1041,6.498695373535156,7.976171874999999
1042,6.439316749572754,8.185937500000001
1043,6.460366249084473,8.185937500000001
1044,6.483515739440918,8.185937500000001
1045,6.490199089050293,8.185937500000001
1046,6.503377914428711,8.185937500000001
1047,6.504317283630371,8.185937500000001
1048,6.504488945007324,8.185937500000001
1049,6.503996849060059,8.185937500000001
1050,6.503820419311523,8.185937500000001
1051,6.491926193237305,8.190625
1052,6.503718376159668,8.326562500000001
1053,6.505812644958496,8.326562500000001
1054,6.505857467651367,8.326562500000001
1055,6.506853103637695,8.6921875
1056,6.50678825378418,8.6921875
1057,6.505352973937988,8.758984374999999
1058,6.501648902893066,8.78125
1059,6.501748085021973,8.8328125
1060,6.505843162536621,8.913671875
1061,6.506025314331055,9.546484375
1062,6.506326675415039,9.726953125
1063,6.5064191818237305,9.7375
1064,6.506447792053223,9.80078125
1065,6.506575584411621,9.859375
1066,6.50623893737793,9.859375
1067,6.505769729614258,9.859375
1068,6.505474090576172,9.86640625
1069,6.5042724609375,9.9015625
1070,6.5002546310424805,9.9015625
1071,6.499100685119629,9.9015625
1072,6.498902320861816,9.9015625
1073,6.500530242919922,9.9015625
1074,6.496070861816406,9.9015625
1075,6.503929138183594,9.9015625
1076,6.504314422607422,9.9015625
1077,6.5042724609375,9.9015625
1078,6.504978179931641,9.9015625
1079,6.505846977233887,9.9015625
1080,6.505596160888672,9.9015625
1081,6.5058794021606445,9.9015625
1082,6.5063886642456055,9.9015625
1083,6.50643253326416,9.9015625
1084,6.506218910217285,9.9015625
1085,6.506231307983398,9.90390625
1086,6.505378723144531,9.90625
1087,6.505338668823242,9.90625
1088,6.505303382873535,9.90625
1089,6.504941940307617,9.90625
1090,6.504935264587402,9.89921875
1091,6.503456115722656,9.7984375
1092,6.503725051879883,9.85703125
1093,6.50321102142334,9.86875
1094,6.5032806396484375,9.881640625
1095,6.503985404968262,10.0
1096,6.504547119140625,10.0
1097,6.505112648010254,10.0
1098,6.49005126953125,10.0
1099,6.492486953735352,10.0
1100,6.49273681640625,10.0
1101,6.498213768005371,10.0
1102,6.4991912841796875,10.0
1103,6.4989166259765625,10.0
1104,6.501781463623047,10.0
1105,6.498867988586426,10.0
1106,6.497720718383789,10.0
1107,6.498456001281738,10.0
1108,6.506282806396484,10.0
1109,6.499468803405762,10.0
1110,6.487259864807129,10.0
1111,6.465994834899902,10.0
1112,6.451581001281738,10.0
1113,6.45704460144043,10.0
1114,6.456693649291992,10.0
1115,6.418243408203125,10.0
1116,6.412271499633789,10.0
1117,6.40565299987793,10.0
1118,6.4017791748046875,10.0
1119,6.421036720275879,10.0
1120,6.4122209548950195,10.0
1121,6.375268936157227,10.0
1122,6.360929489135742,10.0
1123,6.162542343139648,10.0
1124,6.027560234069824,10.0
1125,6.008357048034668,10.0
1126,5.990774154663086,10.0
1127,5.9843244552612305,10.0
1128,6.040655136108398,10.0
1129,6.089072227478027,10.0
1130,6.447965621948242,10.0
1131,6.447599411010742,10.0
1132,6.429399490356445,10.0
1133,6.422204971313477,10.0
1134,6.329560279846191,9.5265625
1135,6.304837226867676,9.5265625
1136,6.2288665771484375,9.5265625
1137,6.409821510314941,9.5265625
1138,6.415353775024414,9.5265625
1139,6.414997100830078,9.5265625
1140,4.573680877685547,2.9875
1141,4.473088264465332,2.9875
1142,4.543900966644287,2.9875
1143,5.762075424194336,2.9875
1144,5.869616508483887,2.9875
1145,5.8680315017700195,3.1703125
1146,6.108221054077148,3.85
1147,5.868310928344727,3.8921875
1148,5.841472625732422,4.196875
1149,5.640175819396973,4.6046875
1150,5.1940202713012695,4.6046875
1151,5.367096900939941,4.6046875
1152,5.789563179016113,4.496875
1153,5.830171585083008,4.118359375
1154,5.845215797424316,4.1078125
1155,5.847823143005371,4.1078125
1156,5.847528457641602,4.1078125
1157,5.85506534576416,4.1078125
1158,5.855834007263184,4.1078125
1159,5.851832389831543,4.1078125
1160,5.850985527038574,4.1078125
1161,5.848004341125488,4.1078125
1162,5.848372459411621,4.1078125
1163,5.854900360107422,4.1078125
1164,5.856350898742676,4.1078125
1165,5.857151031494141,4.1078125
1166,5.858795166015625,4.1078125
1167,5.863056182861328,4.1078125
1168,5.860033988952637,4.1078125
1169,5.862875938415527,4.1078125
1170,5.866395950317383,4.1078125
1171,5.858763694763184,4.1078125
1172,5.85422420501709,4.1078125
1173,5.8544511795043945,4.1078125
1174,5.854997634887695,4.1078125
1175,5.855527877807617,4.1078125
1176,5.858288764953613,4.1078125
1177,5.865216255187988,4.1078125
1178,5.864786148071289,4.1078125
1179,5.863004684448242,4.1078125
1180,6.417636871337891,4.1078125
1181,6.419034004211426,4.106640625
1182,6.484601020812988,4.103125
1183,6.504605293273926,4.103125
1184,6.503796577453613,4.103125
1185,6.501662254333496,4.103125
1186,6.502573013305664,4.103125
1187,6.503447532653809,4.103125
1188,6.503109931945801,4.103125
1189,6.501267433166504,4.103125
1190,6.500791549682617,4.103125
1191,6.500920295715332,4.103125
1192,6.507926940917969,4.103125
1193,6.507973670959473,4.103125
1194,6.5077009201049805,4.103125
1195,6.507663726806641,4.103125
1196,6.5080060958862305,4.103125
1197,6.508095741271973,4.103125
1198,6.507580757141113,4.103125
1199,6.495945930480957,4.103125
1200,6.466727256774902,4.103125
1201,6.466705322265625,4.103125
1202,6.495029449462891,4.103125
1203,6.494803428649902,4.103125
1204,6.465475082397461,4.103125
1205,6.432561874389648,4.103125
1206,6.393610954284668,4.103125
1207,6.19195556640625,4.103125
1208,6.1603899002075195,4.103125
1209,6.105434417724609,4.103125
1210,6.079384803771973,4.103125
1211,6.052640914916992,4.103125
1212,6.074588775634766,4.103125
1213,6.156060218811035,3.888671875
1214,6.270299911499023,3.00625
1215,6.361723899841309,2.920703125
1216,6.4005584716796875,2.4625
1217,6.398675918579102,2.45078125
1218,6.407412528991699,2.177734375
1219,6.428411483764648,2.05703125
1220,6.427233695983887,2.05
1221,6.4274702072143555,2.05
1222,6.426283836364746,2.05
1223,6.421992301940918,1.103125
1224,6.41302490234375,1.1125
1225,6.419286727905273,1.1265625
1226,6.428053855895996,1.21796875
1227,6.433661460876465,1.458203125
1228,6.425971984863281,3.94609375
1229,6.433124542236328,3.9484375
1230,6.454061508178711,3.9484375
1231,6.442956924438477,4.0046875
1232,6.458883285522461,4.0796875
1233,6.43966007232666,4.0796875
1234,6.420019149780273,4.0375
1235,6.424149513244629,4.0375
1236,6.420169830322266,3.765625
1237,6.424258232116699,3.080078125
1238,6.415950775146484,2.59609375
1239,6.394195556640625,2.490625
1240,6.388745307922363,2.490625
1241,6.487412452697754,2.490625
1242,6.477852821350098,2.490625
1243,6.483619689941406,2.490625
1244,6.466885566711426,2.490625
1245,6.495916366577148,2.490625
1246,6.493664741516113,2.490625
1247,6.493461608886719,2.490625
1248,6.491865158081055,2.490625
1249,6.489161491394043,2.490625
1250,6.492635726928711,2.490625
1251,6.492484092712402,2.490625
1252,6.492191314697266,2.490625
1253,6.4879865646362305,1.825
1254,6.491489410400391,2.01015625
1255,6.489276885986328,2.1671875
1256,6.489651679992676,2.20234375
1257,6.488117218017578,2.16484375
1258,6.487161636352539,2.1296875
1259,6.486082077026367,2.1203125
1260,6.48192024230957,2.0359375
1261,6.4841718673706055,2.0359375
1262,6.489163398742676,2.0359375
1263,6.489250183105469,2.0359375
1264,6.4875898361206055,2.0359375
1265,6.4886932373046875,2.0359375
1266,6.487163543701172,2.0359375
1267,6.490018844604492,2.0359375
1268,6.489218711853027,2.0359375
1269,6.48597526550293,2.0359375
1270,6.486724853515625,2.0359375
1271,6.4854583740234375,1.95390625
1272,6.487130165100098,1.946875
1273,6.487059593200684,1.946875
1274,6.486209869384766,1.946875
1275,6.488277435302734,2.0875000000000004
1276,6.488467216491699,2.0875000000000004
1277,6.4884748458862305,2.0875000000000004
1278,6.488532066345215,2.0875000000000004
1279,6.485724449157715,2.0875000000000004
1280,6.476165771484375,2.096875
1281,6.482709884643555,2.06875
1282,6.4823760986328125,2.06875
1283,6.482696533203125,2.06875
1284,6.483880996704102,2.06875
1285,6.484107971191406,2.06875
1286,6.483922958374023,2.06875
1287,6.485688209533691,2.06875
1288,6.480459213256836,2.06875
1289,6.47782039642334,2.06875
1290,6.484149932861328,2.06875
1291,6.484317779541016,2.06875
1292,6.482023239135742,2.06875
1293,6.480562210083008,2.06875
1294,6.48112678527832,2.06875
1295,6.480531692504883,2.06875
1296,6.482419967651367,2.06875
1297,6.484259605407715,2.06875
1298,6.4799957275390625,2.06875
1299,6.482324600219727,2.06875
1300,6.48630428314209,2.06875
1301,6.487039566040039,2.06875
1302,6.485964775085449,2.06875
1303,6.485599517822266,2.06875
1304,6.484703063964844,2.06875
1305,6.487722396850586,2.8796875
1306,6.487752914428711,2.93359375
1307,6.4882612228393555,3.58046875
1308,6.481534004211426,4.496875
1309,6.501251220703125,4.989062499999999
1310,6.500862121582031,5.096875
1311,6.500978469848633,5.903125
1312,6.503835678100586,5.9359375000000005
1313,6.504262924194336,5.9359375000000005
1314,6.497854232788086,5.9007812500000005
1315,6.500492095947266,5.828125
1316,6.501446723937988,5.828125
1317,6.503039360046387,6.148046875
1318,6.504171371459961,6.198437500000001
1319,6.504411697387695,6.4398437500000005
1320,6.490107536315918,6.315625
1321,6.473219871520996,6.339062500000001
1322,6.483310699462891,6.5265625
1323,6.489422798156738,6.559374999999999
1324,6.4968061447143555,6.629687499999999
1325,6.497247695922852,6.629687499999999
1326,6.4990234375,6.649609375
1327,6.498252868652344,6.671875
1328,6.493785858154297,6.671875
1329,6.495573043823242,6.671875
1330,6.495680809020996,6.671875
1331,6.496710777282715,6.5687500000000005
1332,6.496212005615234,6.4750000000000005
1333,6.495318412780762,6.4750000000000005
1334,6.498834609985352,6.4750000000000005
1335,6.494490623474121,6.550000000000001
1336,6.4963483810424805,6.6578125
1337,6.496570587158203,6.6578125
1338,6.496768951416016,6.6578125
1339,6.4973602294921875,6.7515625
1340,6.493344306945801,6.764453125
1341,6.4918107986450195,6.7984375
1342,6.49038028717041,6.7984375
1343,6.471474647521973,6.7984375
1344,6.4388837814331055,6.7984375
1345,6.449470520019531,6.8171875
1346,6.445622444152832,6.8125
1347,6.457119941711426,6.8125
1348,6.4742431640625,6.8125
1349,6.4920196533203125,6.8125
1350,6.491340637207031,6.94375
1351,6.488494873046875,6.94375
1352,6.478300094604492,6.94375
1353,6.4631500244140625,7.007031250000001
1354,6.465789794921875,7.0140625
1355,6.46341609954834,7.03515625
1356,6.453853607177734,7.0375000000000005
1357,6.4586286544799805,7.0609375000000005
1358,6.457869529724121,7.140625
1359,6.465323448181152,7.182812500000001
1360,6.485108375549316,7.182812500000001
1361,6.495150566101074,7.182812500000001
1362,6.495094299316406,7.182812500000001
1363,6.494645118713379,7.182812500000001
1364,6.488943099975586,7.1921875
1365,6.490608215332031,7.2015625000000005
1366,6.496461868286133,7.2015625000000005
1367,6.488398551940918,7.2015625000000005
1368,6.498838424682617,7.2015625000000005
1369,6.493747711181641,7.280078125
1370,6.497851371765137,7.309375
1371,6.497092247009277,7.323437500000001
1372,6.496633529663086,7.323437500000001
1373,6.497196197509766,7.30234375
1374,6.504524230957031,7.28125
1375,6.504544258117676,7.2859375
1376,6.505772590637207,7.2859375
1377,6.488463401794434,7.2859375
1378,6.476500511169434,7.332812499999999
1379,6.486021041870117,7.332812499999999
1380,6.487784385681152,7.332812499999999
1381,6.487895965576172,7.332812499999999
1382,6.489723205566406,7.33984375
1383,6.489468574523926,7.3421875
1384,6.486865997314453,7.3421875
1385,6.492666244506836,7.3421875
1386,6.501469612121582,7.332812499999999
1387,6.501767158508301,7.3984375
1388,6.501718521118164,7.408984374999999
1389,6.504195213317871,7.4265625
1390,6.502208709716797,7.4265625
1391,6.500879287719727,7.4265625
1392,6.496136665344238,7.4265625
1393,6.492742538452148,7.4265625
1394,6.493472099304199,7.4265625
1395,6.499056816101074,7.43359375
1396,6.498400688171387,7.50625
1397,6.4974365234375,7.5671875
1398,6.504545211791992,7.5671875
1399,6.5023345947265625,7.5671875
1400,6.502591133117676,7.5671875
1401,6.498327255249023,7.5671875
1402,6.494175910949707,7.5671875
1403,6.5015058517456055,7.5671875
1404,6.505578994750977,7.5671875
1405,6.501145362854004,7.5671875
1406,6.499370574951172,7.5671875
1407,6.500096321105957,7.5671875
1408,6.499702453613281,7.5671875
1409,6.498520851135254,7.5671875
1410,6.502255439758301,7.5671875
1411,6.495710372924805,7.5671875
1412,6.502007484436035,7.5671875
1413,6.411435127258301,7.5578125
1414,6.487926483154297,7.5578125
1415,6.503582000732422,7.5578125
1416,6.507250785827637,7.5578125
1417,6.5074310302734375,7.5578125
1418,6.506226539611816,7.5578125
1419,6.508392333984375,7.5578125
1420,6.508161544799805,7.5578125
1421,6.501665115356445,7.5578125
1422,6.483504295349121,7.5578125
1423,6.487359046936035,7.5578125
1424,6.491506576538086,7.5578125
1425,6.497531890869141,7.505078125
1426,6.496006965637207,7.45
1427,6.484966278076172,7.45
1428,6.502097129821777,7.45
1429,6.503108978271484,7.45
1430,6.505288124084473,7.3890625
1431,6.503935813903809,7.3890625
1432,6.501766204833984,7.3890625
1433,6.500128746032715,7.3890625
1434,6.499968528747559,7.3890625
1435,6.500117301940918,7.3890625
1436,6.498821258544922,7.3890625
1437,6.502927780151367,7.3890625
1438,6.501300811767578,7.3890625
1439,6.503610610961914,7.3890625
1440,6.502399444580078,7.393750000000001
1441,6.4952497482299805,7.39375
1442,6.497583389282227,7.393750000000001
1443,6.49968147277832,7.751171875
1444,6.498715400695801,7.809765625
1445,6.482556343078613,8.086328124999998
1446,6.481436729431152,8.21875
1447,6.484619140625,8.275
1448,6.488962173461914,8.467187500000001
1449,6.472358703613281,8.575
1450,6.472805023193359,8.575
1451,6.473180770874023,8.756640625
1452,6.484291076660156,8.8234375
1453,6.48111629486084,8.8234375
1454,6.483342170715332,8.8234375
1455,6.485696792602539,8.8234375
1456,6.499515533447266,8.8234375
1457,6.506626129150391,8.8234375
1458,6.504608154296875,8.8234375
1459,6.504461288452148,8.8234375
1460,6.5018720626831055,7.975
1461,6.501981735229492,6.8640625
1462,6.500726699829102,6.268750000000001
1463,6.497858047485352,5.4437500000000005
1464,6.49592399597168,5.4437500000000005
1465,6.496623992919922,5.4437500000000005
1466,6.501197814941406,5.4437500000000005
1467,6.50382137298584,5.59375
1468,6.495022773742676,5.59375
1469,6.496586799621582,5.59375
1470,6.503460884094238,5.59375
1471,6.50311279296875,5.59375
1472,6.50309944152832,5.59375
1473,6.498136520385742,5.987500000000001
1474,6.497258186340332,5.987500000000001
1475,6.496662139892578,5.987500000000001
1476,6.497184753417969,5.987500000000001
1477,6.497519493103027,5.987500000000001
1478,6.496247291564941,5.987500000000001
1479,6.49539852142334,5.987500000000001
1480,6.493746757507324,5.978125
1481,6.501798629760742,6.821875
1482,6.505539894104004,6.75625
1483,6.504522323608398,6.7140625
1484,6.487929344177246,6.971875000000001
1485,6.496170997619629,6.569921875
1486,6.498278617858887,6.5171875
1487,6.498480796813965,6.5171875
1488,6.4975481033325195,6.5171875
1489,6.497567176818848,6.5921875
1490,6.491382598876953,6.48671875
1491,6.48978328704834,6.540625
1492,6.479673385620117,6.240625
1493,6.483701705932617,6.253515625
1494,6.484045028686523,6.2546875
1495,6.48997688293457,6.2546875
1496,6.496455192565918,6.2546875
1497,6.502924919128418,6.2546875
1498,6.501486778259277,6.2546875
1499,6.5008955001831055,6.2546875
1500,6.490292549133301,6.2546875
1501,6.48478889465332,6.2546875
1502,6.492087364196777,6.2546875
1503,6.4950666427612305,6.2546875
1504,6.494341850280762,6.2546875
1505,6.494220733642578,6.2546875
1506,6.493720054626465,6.2546875
1507,6.493420600891113,6.2546875
1508,6.4924163818359375,6.2640625000000005
1509,6.493405342102051,6.2640625000000005
1510,6.491970062255859,6.4
1511,6.491365432739258,6.4140625
1512,6.4913225173950195,6.4046875000000005
1513,6.495729446411133,6.4421875
1514,6.494749069213867,6.4515625
1515,6.499260902404785,6.4515625
1516,6.500339508056641,6.5734375
1517,6.500129699707031,6.57578125
1518,6.4975433349609375,6.634375
1519,6.491402626037598,6.6390625000000005
1520,6.491884231567383,6.6390625000000005
1521,6.490143775939941,6.6390625000000005
1522,6.490114212036133,6.6390625000000005
1523,6.489490509033203,6.6390625000000005
1524,6.489785194396973,6.6390625000000005
1525,6.489150047302246,6.6390625000000005
1526,6.49062442779541,6.653125
1527,6.487255096435547,6.671875
1528,6.486478805541992,6.671875
1529,6.491003036499023,6.671875
1530,6.497840881347656,6.671875
1531,6.496502876281738,6.671875
1532,6.496458053588867,6.671875
1533,6.496542930603027,6.7046875
1534,6.496881484985352,6.86171875
1535,6.496386528015137,6.8640625
1536,6.496002197265625,6.8734375
1537,6.496257781982422,6.8546875
1538,6.498018264770508,6.616796875
1539,6.499107360839844,6.6156250000000005
1540,6.499543190002441,6.6156250000000005
1541,6.499483108520508,5.44140625
1542,6.497800827026367,5.3921875
1543,6.497363090515137,5.3921875
1544,6.49803352355957,5.3921875
1545,6.498778343200684,5.3921875
1546,6.4983673095703125,5.3921875
1547,6.4985198974609375,5.3921875
1548,6.498400688171387,5.4015625
1549,6.498111724853516,5.36640625
1550,6.498542785644531,4.88125
1551,6.5005998611450195,4.88125
1552,6.500354766845703,4.61875
1553,6.500319480895996,4.589453125
1554,6.496879577636719,4.515625
1555,6.492258071899414,4.311718750000001
1556,6.492649078369141,4.2859375
1557,6.49263858795166,4.2859375
1558,6.493147850036621,4.2859375
1559,6.493526458740234,4.028124999999999
1560,6.495685577392578,4.026953125
1561,6.494874954223633,3.9203125
1562,6.495530128479004,3.86875
1563,6.495039939880371,3.8921875
1564,6.495306015014648,3.8921875
1565,6.496288299560547,3.953125
1566,6.496569633483887,3.971875
1567,6.495050430297852,4.1125
1568,6.495916366577148,4.2578125
1569,6.493808746337891,4.215625
1570,6.495980262756348,4.264843750000001
1571,6.4891510009765625,4.440625000000001
1572,6.493907928466797,4.459375
1573,6.494335174560547,4.4640625
1574,6.494952201843262,4.46875
1575,6.4944000244140625,4.46875
1576,6.495517730712891,4.46875
1577,6.495353698730469,4.46875
1578,6.49537467956543,4.46875
1579,6.496209144592285,4.91875
1580,6.496861457824707,5.04296875
1581,6.496275901794434,5.40625
1582,6.497903823852539,5.504687499999999
1583,6.498766899108887,5.5796875
1584,6.498122215270996,6.859375
1585,6.498339653015137,6.859375
1586,6.498510360717773,6.969531250000001
1587,6.497385025024414,6.971875000000001
1588,6.49659538269043,6.994140625
1589,6.496654510498047,7.123046875
1590,6.4968671798706055,7.350390624999999
1591,6.494964599609375,7.9234375
1592,6.488992691040039,7.9796875
1593,6.483116149902344,8.25859375
1594,6.484039306640625,8.326562500000001
1595,6.483717918395996,8.415625
1596,6.4850969314575195,8.509374999999999
1597,6.490915298461914,8.751953125
1598,6.491694450378418,9.0015625
1599,6.491230010986328,9.0015625
1600,6.4891510009765625,8.78125
1601,6.489292144775391,8.78125
1602,6.491148948669434,8.78125
1603,6.493370056152344,8.78125
1604,6.493145942687988,8.78125
1605,6.4892988204956055,8.78125
1606,6.489954948425293,8.434375
1607,6.490726470947266,8.434375
1608,6.4942626953125,8.434375
1609,6.496088027954102,8.427343749999999
1610,6.499367713928223,8.326562500000001
1611,6.498871803283691,8.14609375
1612,6.499268531799316,8.14375
1613,6.498359680175781,8.069921874999999
1614,6.497536659240723,7.5015625
1615,6.4986982345581055,7.4921875
1616,6.498904228210449,7.4921875
1617,6.49985408782959,7.4921875
1618,6.499178886413574,7.4921875
1619,6.4996538162231445,7.4921875
1620,6.50016975402832,7.4921875
1621,6.496411323547363,7.459375
1622,6.498249053955078,7.740625
1623,6.497371673583984,7.7875
1624,6.497431755065918,7.928125
1625,6.497196197509766,7.9328125
1626,6.495043754577637,7.9328125
1627,6.497527122497559,7.9421875
1628,6.497105598449707,7.9421875
1629,6.496677398681641,7.9421875
1630,6.496370315551758,7.946874999999999
1631,6.49434757232666,7.946874999999999
1632,6.494916915893555,7.946874999999999
1633,6.497215270996094,7.946874999999999
1634,6.497556686401367,7.956250000000001
1635,6.4973649978637695,7.956250000000001
1636,6.497359275817871,7.956250000000001
1637,6.50081729888916,7.956250000000001
1638,6.501099586486816,7.957421875
1639,6.501021385192871,7.9609375
1640,6.501120567321777,7.9609375
1641,6.498167991638184,7.9609375
1642,6.4983978271484375,7.9609375
1643,6.503318786621094,7.9578125
1644,6.501965522766113,7.6609375
1645,6.502128601074219,7.829687499999999
1646,6.5018720626831055,7.95625
1647,6.501795768737793,8.70625
1648,6.501958847045898,8.40625
1649,6.5028228759765625,8.453125
1650,6.502923965454102,8.463671875
1651,6.502074241638184,9.429296875
1652,6.501983642578125,9.527734375
1653,6.501618385314941,9.15625
1654,6.501304626464844,9.15625
1655,6.499608039855957,9.2359375
1656,6.49998664855957,9.2359375
1657,6.499995231628418,9.2359375
1658,6.5005340576171875,9.220703125
1659,6.499703407287598,9.084765625
1660,6.499519348144531,9.1
1661,6.500917434692383,9.184375
1662,6.498540878295898,9.184375
1663,6.493297576904297,9.184375
1664,6.493194580078125,9.184375
1665,6.492690086364746,9.184375
1666,6.493206024169922,9.184375
1667,6.495181083679199,9.184375
1668,6.4984283447265625,9.184375
1669,6.499075889587402,9.184375
1670,6.499397277832031,9.184375
1671,6.500715255737305,9.184375
1672,6.4995317459106445,9.184375
1673,6.500432014465332,9.184375
1674,6.501253128051758,9.184375
1675,6.502738952636719,9.184375
1676,6.503205299377441,9.184375
1677,6.4962158203125,9.184375
1678,6.491316795349121,9.184375
1679,6.4905500411987305,9.184375
1680,6.4910078048706055,9.184375
1681,6.491024017333984,9.184375
1682,6.493080139160156,9.184375
1683,6.479325294494629,9.184375
1684,6.486488342285156,9.184375
1685,6.489288330078125,9.184375
1686,6.489668846130371,9.184375
1687,6.490165710449219,9.184375
1688,6.489121437072754,9.184375
1689,6.488142967224121,9.184375
1690,6.48826789855957,9.184375
1691,6.488482475280762,9.184375
1692,6.487900733947754,9.184375
1693,6.486871719360352,9.184375
1694,6.485523223876953,9.184375
1695,6.489394187927246,9.184375
1696,6.4874067306518555,9.184375
1697,6.494677543640137,9.184375
1698,6.494681358337402,9.184375
1699,6.494231224060059,9.184375
1700,6.49730110168457,9.184375
1701,6.49783992767334,9.184375
1702,6.501543998718262,9.184375
1703,6.501777648925781,9.184375
1704,6.502780914306641,9.184375
1705,6.502131462097168,9.184375
1706,6.502044677734375,9.184375
1707,6.501283645629883,9.184375
1708,6.502219200134277,9.184375
1709,6.50211238861084,9.184375
1710,6.5021867752075195,9.184375
1711,6.501410484313965,9.184375
1712,6.503159523010254,9.184375
1713,6.5000762939453125,9.184375
1714,6.499497413635254,9.184375
1715,6.49836540222168,9.184375
1716,6.498143196105957,9.184375
1717,6.482756614685059,9.184375
1718,6.487274169921875,9.184375
1719,6.489740371704102,9.184375
1720,6.486355781555176,9.184375
1721,6.487225532531738,9.184375
1722,6.482034683227539,8.52578125
1723,6.480816841125488,8.5234375
1724,6.479617118835449,8.5234375
1725,6.470047950744629,8.29609375
1726,6.4834489822387695,5.2140625
1727,6.499578475952148,4.276562500000001
1728,6.502140998840332,4.276562500000001
1729,6.499953269958496,4.19921875
1730,6.4936017990112305,4.35625
1731,6.490307807922363,4.35625
1732,6.485396385192871,4.15
1733,6.485426902770996,4.15
1734,6.485404014587402,4.15
1735,6.487163543701172,4.15
1736,6.487339973449707,4.15
1737,6.487245559692383,4.111328125
1738,6.486841201782227,3.99765625
1739,6.487814903259277,3.98125
1740,6.493265151977539,3.900390625
1741,6.496960639953613,3.846484375
1742,6.496382713317871,3.7375
1743,6.496267318725586,3.7375
1744,6.497658729553223,3.66953125
1745,6.496912002563477,3.6015625
1746,6.495732307434082,3.390625
1747,6.498342514038086,3.3578125
1748,6.501453399658203,3.3531250000000004
1749,6.503145217895508,3.3531250000000004
1750,6.499197959899902,3.3156250000000003
1751,6.499346733093262,3.36015625
1752,6.503138542175293,4.121874999999999
1753,6.49781608581543,4.121874999999999
1754,6.491676330566406,4.223828125000001
1755,6.496725082397461,4.229687500000001
1756,6.4955596923828125,4.4359375
1757,6.496837615966797,4.4359375
1758,6.496941566467285,4.4359375
1759,6.496410369873047,4.4359375
1760,6.497622489929199,5.284375
1761,6.498073577880859,5.284375
1762,6.495692253112793,5.284375
1763,6.496223449707031,5.284375
1764,6.505022048950195,5.284375
1765,6.499641418457031,5.284375
1766,6.500104904174805,5.284375
1767,6.501194000244141,5.284375
1768,6.501086235046387,5.284375
1769,6.500734329223633,5.284375
1770,6.497673988342285,5.284375
1771,6.4961957931518555,5.284375
1772,6.494715690612793,5.284375
1773,6.498421669006348,5.284375
1774,6.49934196472168,5.284375
1775,6.4989118576049805,5.284375
1776,6.498232841491699,5.284375
1777,6.497827529907227,5.284375
1778,6.498533248901367,5.284375
1779,6.497895240783691,5.284375
1780,6.49583625793457,5.3546875
1781,6.496391296386719,5.359375
1782,6.4982147216796875,5.3734375
1783,6.5050506591796875,5.2984375
1784,6.497403144836426,5.284375
1785,6.488260269165039,5.265625
1786,6.495790481567383,5.265625
1787,6.504992485046387,5.265625
1788,6.508227348327637,5.265625
1789,6.506481170654297,5.265625
1790,6.505480766296387,5.265625
1791,6.504600524902344,5.265625
1792,6.497304916381836,5.265625
1793,6.495454788208008,5.265625
1794,6.482937812805176,5.265625
1795,6.429792404174805,5.4203125
1796,6.421281814575195,5.42734375
1797,6.4264678955078125,5.341796875
1798,6.42629337310791,5.29375
1799,6.446516036987305,5.36171875
1800,6.4461870193481445,5.440234375
1801,6.441917419433594,5.470703125
1802,6.439775466918945,5.471875
1803,6.445676803588867,5.471875
1804,6.457344055175781,5.471875
1805,6.3283281326293945,5.471875
1806,6.342458724975586,5.471875
1807,6.502862930297852,5.471875
1808,6.501470565795898,5.471875
1809,6.488595008850098,5.5843750000000005
1810,6.504087448120117,5.5843750000000005
1811,6.503568649291992,5.5843750000000005
1812,6.5023393630981445,5.5843750000000005
1813,6.50450325012207,5.585546875
1814,6.50136661529541,5.59609375
1815,6.497747421264648,5.5984375
1816,6.432950019836426,5.5984375
1817,6.486520767211914,5.6125
1818,6.501193046569824,5.6125
1819,6.4999589920043945,5.635937500000001
1820,6.499250411987305,5.635937500000001
1821,6.498937606811523,5.635937500000001
1822,6.499831199645996,5.635937500000001
1823,6.499841690063477,5.635937500000001
1824,6.500094413757324,5.635937500000001
1825,6.503277778625488,5.635937500000001
1826,6.502362251281738,5.635937500000001
1827,6.48725700378418,5.635937500000001
1828,6.489238739013672,5.635937500000001
1829,6.486424446105957,5.635937500000001
1830,6.489762306213379,5.635937500000001
1831,6.492456436157227,5.635937500000001
1832,6.493803977966309,5.635937500000001
1833,6.49517822265625,5.635937500000001
1834,6.496149063110352,5.635937500000001
1835,6.500276565551758,5.53046875
1836,6.502740859985352,5.436718750000001
1837,6.504534721374512,5.434375
1838,6.505048751831055,5.434375
1839,6.504533767700195,5.265625
1840,6.502870559692383,5.546875
1841,6.500358581542969,5.546875
1842,6.498848915100098,5.546875
1843,6.49598503112793,5.546875
1844,6.5013933181762695,5.55625
1845,6.5010480880737305,5.562109375
1846,6.497126579284668,5.565625
1847,6.497718811035156,5.583203125000001
1848,6.50511360168457,5.805859375000001
1849,6.50410270690918,6.14921875
1850,6.503915786743164,6.245312500000001
1851,6.4994964599609375,6.37890625
1852,6.496864318847656,7.1546875
1853,6.497500419616699,7.1546875
1854,6.497506141662598,7.1546875
1855,6.498575210571289,7.1546875
1856,6.498557090759277,7.17109375
1857,6.498560905456543,7.298828125
1858,6.498815536499023,7.413671874999999
1859,6.499637603759766,7.486328125
1860,6.500250816345215,7.570703125
1861,6.500235557556152,7.584765624999999
1862,6.499824523925781,7.638671875
1863,6.492035865783691,8.6359375
1864,6.4937238693237305,8.6359375
1865,6.491489410400391,8.6359375
1866,6.493686676025391,8.6359375
1867,6.501945495605469,8.6359375
1868,6.502707481384277,8.6359375
1869,6.502976417541504,8.6359375
1870,6.501771926879883,8.6359375
1871,6.499784469604492,8.6359375
1872,6.500883102416992,8.6359375
1873,6.502748489379883,8.6359375
1874,6.502524375915527,8.637109375000001
1875,6.502130508422852,8.6453125
1876,6.496523857116699,8.654687500000001
1877,6.494413375854492,8.654687500000001
1878,6.494311332702637,8.654687500000001
1879,6.4943695068359375,8.659375
1880,6.495877265930176,8.85625
1881,6.501740455627441,8.828125
1882,6.501867294311523,8.828125
1883,6.496433258056641,8.828125
1884,6.4929304122924805,8.828125
1885,6.497043609619141,8.828125
1886,6.502413749694824,8.828125
1887,6.498050689697266,8.828125
1888,6.495195388793945,8.828125
1889,6.4951171875,8.828125
1890,6.500978469848633,8.828125
1891,6.499814033508301,8.828125
1892,6.49989128112793,8.8328125
1893,6.507612228393555,8.8328125
1894,6.507567405700684,8.8328125
1895,6.452808380126953,8.8328125
1896,6.468234062194824,8.8328125
1897,6.494133949279785,8.8328125
1898,6.493910789489746,8.8328125
1899,6.49001407623291,8.8328125
1900,6.495746612548828,8.8328125
1901,6.486966133117676,8.8328125
1902,6.490093231201172,8.8328125
1903,6.489718437194824,8.8328125
1904,6.490307807922363,8.8328125
1905,6.507027626037598,8.696875
1906,6.507045745849609,8.696875
1907,6.501398086547852,8.2421875
1908,6.500345230102539,8.228124999999999
1909,6.499467849731445,8.228124999999999
1910,6.501413345336914,8.228124999999999
1911,6.502972602844238,8.074609375000001
1912,6.502242088317871,8.0125
1913,6.502265930175781,7.9984375
1914,6.501789093017578,7.9984375
1915,6.500309944152832,8.3828125
1916,6.5001983642578125,8.3828125
1917,6.5021257400512695,8.396875000000001
1918,6.503871917724609,8.396875000000001
1919,6.504595756530762,8.396875000000001
1920,6.4998779296875,8.5515625
1921,6.492743492126465,8.5515625
1922,6.492055892944336,8.5515625
1923,6.494635581970215,8.6640625
1924,6.493751525878906,8.6640625
1925,6.463184356689453,8.7390625
1926,6.504177093505859,8.790624999999999
1927,6.502364158630371,8.790624999999999
1928,6.5019989013671875,8.790624999999999
1929,6.501992225646973,8.790624999999999
1930,6.500722885131836,8.790624999999999
1931,6.499948501586914,8.790624999999999
1932,6.500617980957031,8.790624999999999
1933,6.5008544921875,8.790624999999999
1934,6.500847816467285,8.790624999999999
1935,6.501197814941406,8.790624999999999
1936,6.507786750793457,8.790624999999999
1937,6.509546279907227,8.790624999999999
1938,6.507200241088867,8.790624999999999
1939,6.4991044998168945,8.790624999999999
1940,6.499760627746582,8.790624999999999
1941,6.49827766418457,8.790624999999999
1942,6.49881649017334,8.790624999999999
1943,6.500539779663086,8.790624999999999
1944,6.500582695007324,8.790624999999999
1945,6.500753402709961,8.790624999999999
1946,6.500087738037109,8.790624999999999
1947,6.498461723327637,8.790624999999999
1948,6.5003252029418945,8.790624999999999
1949,6.501107215881348,8.790624999999999
1950,6.500521659851074,8.790624999999999
1951,6.494696617126465,8.790624999999999
1952,6.494258880615234,8.790624999999999
1953,6.493788719177246,8.790624999999999
1954,6.495434761047363,8.790624999999999
1955,6.483246803283691,8.790624999999999
1956,6.494032859802246,8.6875
1957,6.493128776550293,8.726171875
1958,6.491050720214844,8.7390625
1959,6.490462303161621,8.824609375000001
1960,6.488955497741699,8.869140625
1961,6.489718437194824,8.954687499999999
1962,6.492987632751465,9.0203125
1963,6.498330116271973,9.025
1964,6.497798919677734,9.025
1965,6.498854637145996,9.025
1966,6.497703552246094,9.025
1967,6.50692081451416,9.025
1968,6.504777908325195,9.025
1969,6.499483108520508,9.025
1970,6.498331069946289,9.025
1971,6.503767013549805,9.025
1972,6.503138542175293,9.025
1973,6.503500938415527,9.025
1974,6.50370979309082,9.025
1975,6.5056047439575195,9.025
1976,6.506178855895996,9.025
1977,6.506111145019531,9.025
1978,6.50252628326416,8.7953125
1979,6.501099586486816,8.8515625
1980,6.5024871826171875,8.8515625
1981,6.506919860839844,8.85390625
1982,6.506715774536133,8.8703125
1983,6.498815536499023,8.8703125
1984,6.502562522888184,8.8703125
1985,6.501583099365234,8.8703125
1986,6.501130104064941,8.8703125
1987,6.5009660720825195,8.8703125
1988,6.49984073638916,8.8703125
1989,6.496140480041504,8.8703125
1990,6.504241943359375,8.8703125
1991,6.505363464355469,8.8703125
1992,6.502161979675293,8.8703125
1993,6.503807067871094,8.8703125
1994,6.504938125610352,8.8703125
1995,6.504439353942871,8.6640625
1996,6.493416786193848,7.7921875
1997,6.48112678527832,7.7921875
1998,6.485933303833008,7.8578125
1999,6.481453895568848,7.253124999999999
2000,6.507575035095215,6.9296875
2001,6.480718612670898,7.009375
2002,6.487836837768555,7.051562499999999
2003,6.485448837280273,7.051562499999999
2004,6.487915992736816,6.770312499999999
2005,6.500394821166992,6.770312499999999
2006,6.503340721130371,6.55234375
2007,6.503303527832031,6.296875
2008,6.504047393798828,7.2390625
2009,6.503175735473633,7.2390625
2010,6.50302791595459,7.249609375
2011,6.502931594848633,7.267187499999999
2012,6.502452850341797,7.267187499999999
2013,6.502982139587402,7.267187499999999
2014,6.502063751220703,7.328125
2015,6.502734184265137,7.328125
2016,6.502341270446777,7.328125
2017,6.500904083251953,7.337499999999999
2018,6.5046281814575195,7.65625
2019,6.505401611328125,7.65625
2020,6.503719329833984,7.65625
2021,6.499711036682129,7.65625
2022,6.493522644042969,7.921093750000001
2023,6.502613067626953,8.2609375
2024,6.502640724182129,8.2609375
2025,6.502610206604004,8.2609375
2026,6.502608299255371,8.2609375
2027,6.506925582885742,8.600781249999999
2028,6.506929397583008,8.631250000000001
2029,6.507510185241699,8.654687500000001
2030,6.5074005126953125,8.753125
2031,6.501441955566406,8.884374999999999
2032,6.494576454162598,8.959375000000001
2033,6.473809242248535,9.015625
2034,6.427452087402344,9.19375
2035,6.465766906738281,9.3671875
2036,6.488617897033691,9.3765625
2037,6.487738609313965,9.3765625
2038,6.49256706237793,9.3765625
2039,6.495779991149902,9.3765625
2040,6.495990753173828,9.3765625
2041,6.495112419128418,9.240625
2042,6.498378753662109,9.30625
2043,6.49928092956543,9.30625
2044,6.499890327453613,9.30625
2045,6.500531196594238,9.30625
2046,6.499050140380859,9.278125
2047,6.497092247009277,9.278125
2048,6.495637893676758,9.23125
2049,6.496720314025879,9.23125
2050,6.497625350952148,9.23125
2051,6.4980010986328125,9.1421875
2052,6.500232696533203,9.1421875
2053,6.499876022338867,9.0953125
2054,6.496927261352539,9.071875
2055,6.495617866516113,8.5890625
2056,6.492559432983398,8.6640625
2057,6.492396354675293,8.6640625
2058,6.493386268615723,8.6640625
2059,6.4952497482299805,8.6640625
2060,6.497468948364258,8.767187499999999
2061,6.501672744750977,8.828125
2062,6.496126174926758,8.8421875
2063,6.495998382568359,8.843359375
2064,6.494551658630371,8.866796875
2065,6.49387264251709,8.875
2066,6.49359130859375,8.875
2067,6.493334770202637,8.875
2068,6.494977951049805,8.884374999999999
2069,6.499260902404785,8.884374999999999
2070,6.498266220092773,8.884374999999999
2071,6.498239517211914,8.884374999999999
2072,6.4977617263793945,8.884374999999999
2073,6.496198654174805,8.884374999999999
2074,6.492773056030273,8.884374999999999
2075,6.4903106689453125,8.884374999999999
2076,6.493573188781738,8.884374999999999
2077,6.497712135314941,8.884374999999999
2078,6.497392654418945,8.884374999999999
2079,6.497413635253906,8.884374999999999
2080,6.495937347412109,8.884374999999999
2081,6.494473457336426,8.884374999999999
2082,6.498676300048828,8.884374999999999
2083,6.498528480529785,8.884374999999999
2084,6.499423980712891,8.884374999999999
2085,6.4986066818237305,8.940625
2086,6.499148368835449,8.940625
2087,6.499441146850586,8.940625
2088,6.499608993530273,8.970625000000002
2089,6.500243186950684,9.006250000000001
2090,6.503782272338867,9.006250000000001
2091,6.503000259399414,9.006250000000001
2092,6.498967170715332,9.006250000000001
2093,6.503287315368652,9.006250000000001
2094,6.5049848556518555,9.006250000000001
2095,6.50581169128418,9.006250000000001
2096,6.504803657531738,9.006250000000001
2097,6.493063926696777,9.006250000000001
2098,6.498081207275391,9.006250000000001
2099,6.496277809143066,9.02734375
2100,6.495990753173828,9.0296875
2101,6.496343612670898,9.0296875
2102,6.500821113586426,9.0484375
2103,6.50095272064209,9.0484375
2104,6.501056671142578,9.0484375
2105,6.502836227416992,9.0484375
2106,6.5037946701049805,9.0484375
2107,6.491123199462891,9.0484375
2108,6.485817909240723,9.0484375
2109,6.5028076171875,9.0484375
2110,6.496982574462891,9.0484375
2111,6.50432014465332,9.0484375
2112,6.5052080154418945,9.0484375
2113,6.505428314208984,9.0484375
2114,6.504890441894531,9.0484375
2115,6.5010528564453125,9.0484375
2116,6.501010894775391,9.0484375
2117,6.4976959228515625,9.0484375
2118,6.494255065917969,9.0484375
2119,6.469513893127441,9.0484375
2120,6.460175514221191,9.0484375
2121,6.485808372497559,9.0484375
2122,6.492393493652344,9.0484375
2123,6.497442245483398,9.0484375
2124,6.498041152954102,9.0484375
2125,6.501740455627441,9.0484375
2126,6.496557235717773,9.0484375
2127,6.498525619506836,9.0484375
2128,6.505205154418945,9.0484375
2129,6.506366729736328,9.0484375
2130,6.506223678588867,9.0484375
2131,6.505641937255859,9.0484375
2132,6.506043434143066,9.051953125
2133,6.506678581237793,9.0671875
2134,6.503470420837402,9.0671875
2135,6.50799560546875,9.0671875
2136,6.504356384277344,9.071875
2137,6.502774238586426,9.071875
2138,6.503911972045898,9.071875
2139,6.503830909729004,9.071875
2140,6.502881050109863,9.071875
2141,6.502904891967773,9.071875
2142,6.500417709350586,9.071875
2143,6.500068664550781,9.071875
2144,6.497252464294434,9.071875
2145,6.497834205627441,9.071875
2146,6.493154525756836,9.071875
2147,6.498319625854492,9.071875
2148,6.496824264526367,9.071875
2149,6.497885704040527,9.071875
2150,6.496648788452148,9.071875
2151,6.496617317199707,9.071875
2152,6.50080680847168,9.071875
2153,6.504306793212891,9.071875
2154,6.50452995300293,9.071875
2155,6.496259689331055,9.071875
2156,6.499809265136719,9.071875
2157,6.503910064697266,9.071875
2158,6.501359939575195,9.071875
2159,6.502729415893555,9.071875
2160,6.498347282409668,9.071875
2161,6.504120826721191,9.071875
2162,6.507358551025391,9.071875
2163,6.506394386291504,9.053125
2164,6.491930961608887,9.4140625
2165,6.491771697998047,9.44921875
2166,6.487805366516113,9.54765625
2167,6.497303009033203,9.55
2168,6.504205703735352,9.73984375
2169,6.503715515136719,9.86171875
2170,6.497518539428711,10.0
2171,6.499002456665039,9.9953125
2172,6.496870994567871,9.9953125
2173,6.496408462524414,9.821875
2174,6.496007919311523,9.7140625
2175,6.503488540649414,9.7140625
2176,6.495566368103027,9.7796875
2177,6.484869003295898,9.370703125
2178,6.487822532653809,9.259375
2179,6.490208625793457,9.183203125
2180,6.491613388061523,8.96875
2181,6.486618995666504,8.4296875
2182,6.484467506408691,8.353515625
2183,6.488359451293945,8.298437499999999
2184,6.487286567687988,8.298437499999999
2185,6.484800338745117,8.298437499999999
2186,6.501130104064941,8.298437499999999
2187,6.499438285827637,7.984374999999999
2188,6.4994916915893555,7.965624999999999
2189,6.495989799499512,7.5859375
2190,6.505478858947754,7.43125
2191,6.505466461181641,7.43125
2192,6.505098342895508,7.384374999999999
2193,6.505216598510742,7.2109375
2194,6.507098197937012,7.12890625
2195,6.507804870605469,7.103125
2196,6.505843162536621,7.103125
2197,6.5020599365234375,7.103125
2198,6.500323295593262,7.103125
2199,6.501887321472168,7.084375
2200,6.504081726074219,7.028125
2201,6.503856658935547,6.981249999999999
2202,6.5041046142578125,6.971875000000001
2203,6.501778602600098,6.971875000000001
2204,6.4992523193359375,6.971875000000001
2205,6.498988151550293,6.971875000000001
2206,6.498587608337402,6.971875000000001
2207,6.502895355224609,7.0984375
2208,6.502921104431152,7.103125
2209,6.502952575683594,7.103125
2210,6.502703666687012,7.0703125
2211,6.502025604248047,7.0703125
2212,6.5025482177734375,7.0703125
2213,6.502678871154785,7.0703125
2214,6.5029144287109375,7.0703125
2215,6.485278129577637,7.0703125
2216,6.453494071960449,7.1453125
2217,6.469820022583008,7.042187500000001
2218,6.4870452880859375,7.042187500000001
2219,6.489816665649414,7.042187500000001
2220,6.471343040466309,7.028125
2221,6.471226692199707,7.028125
2222,6.492509841918945,7.028125
2223,6.443854331970215,7.028125
2224,6.433951377868652,6.996484375
2225,6.433752059936523,6.9953125
2226,6.450510025024414,6.9953125
2227,6.446911811828613,6.9953125
2228,6.443788528442383,6.9953125
2229,6.45638370513916,6.9953125
2230,6.45693302154541,6.9953125
2231,6.453195571899414,6.9953125
2232,6.443133354187012,6.9953125
2233,6.439385414123535,6.9953125
2234,6.437582015991211,6.5746093750000005
2235,6.435351371765137,6.56875
2236,6.445959091186523,6.203125
2237,6.449541091918945,6.203125
2238,6.4539031982421875,6.196875000000001
2239,6.381540298461914,5.18125
2240,6.456524848937988,4.776953125
2241,6.489076614379883,4.646875
2242,6.500523567199707,4.6234375
2243,6.476851463317871,4.646875
2244,6.414989471435547,4.89765625
2245,6.3764495849609375,5.528125
2246,6.325389862060547,5.528125
2247,6.106535911560059,5.5375
2248,6.055366516113281,5.5375
2249,6.020611763000488,5.5375
2250,6.183257102966309,5.5375
2251,6.267468452453613,5.5375
2252,6.396553993225098,5.5375
2253,6.433826446533203,5.5421875
2254,6.414348602294922,5.5421875
2255,6.463736534118652,5.546875
2256,6.441784858703613,5.55625
2257,6.457711219787598,5.5421875
2258,6.501570701599121,5.3359375
2259,6.474410057067871,5.0875
2260,6.470481872558594,5.06640625
2261,6.49239444732666,4.979687500000001
2262,6.497406959533691,4.979687500000001
2263,6.4923906326293945,4.9890625
2264,6.490344047546387,4.979687500000001
2265,5.970399856567383,4.9984375
2266,5.876214981079102,4.9984375
2267,5.649653434753418,4.9984375
2268,5.739584922790527,4.971484375
2269,5.987975120544434,4.7359375
2270,5.9879255294799805,4.7359375
2271,6.002449989318848,4.636328125
2272,6.1709184646606445,4.459375
2273,6.334895133972168,4.403125
2274,4.519346237182617,5.51875
2275,4.388206481933594,5.51875
2276,3.8380300998687744,5.51875
2277,3.8576018810272217,5.51875
2278,3.854854106903076,5.51875
2279,3.914271116256714,5.51875
2280,3.885610580444336,5.51875
2281,3.878509044647217,5.51875
2282,3.861778736114502,5.51875
2283,4.211905479431152,5.48125
2284,4.055312156677246,5.48125
2285,3.9266974925994873,5.48125
2286,3.8989968299865723,5.48125
2287,3.8008766174316406,5.48125
2288,4.096729278564453,5.48125
2289,3.6831064224243164,5.48125
2290,3.680673360824585,5.48125
2291,3.6807515621185303,5.48125
2292,3.679267168045044,5.48125
2293,3.679234266281128,5.48125
2294,3.679286241531372,5.48125
2295,3.6791372299194336,5.48125
2296,3.6789278984069824,5.48125
2297,3.678786039352417,5.48125
2298,3.6779277324676514,5.48125
2299,3.678266763687134,5.48125
2300,3.6792728900909424,5.48125
2301,3.6794333457946777,5.48125
2302,3.6794252395629883,5.48125
2303,3.6793086528778076,5.48125
2304,3.6794464588165283,5.48125
2305,3.679262399673462,5.48125
2306,3.6798815727233887,5.48125
2307,3.717249870300293,5.48125
2308,3.7630348205566406,5.48125
2309,3.7941293716430664,5.48125
2310,4.059277534484863,5.48125
2311,5.76690673828125,5.48125
2312,5.767651557922363,5.48125
2313,5.762284278869629,5.48125
2314,5.761142730712891,5.48125
2315,5.761246681213379,5.48125
2316,5.7605695724487305,5.48125
2317,5.7628889083862305,5.48125
2318,5.764025688171387,5.48125
2319,5.7641401290893555,5.48125
2320,5.764662742614746,5.48125
2321,5.766911506652832,5.48125
2322,5.765074729919434,5.48125
2323,5.763184547424316,5.48125
2324,5.762912750244141,5.48125
2325,5.762727737426758,5.48125
2326,5.763396263122559,5.48125
2327,5.762872695922852,5.48125
2328,5.763882637023926,5.48125
2329,5.763877868652344,5.48125
2330,5.763348579406738,5.48125
2331,5.763251304626465,5.48125
2332,5.766829490661621,5.48125
2333,5.7646589279174805,5.48125
2334,5.76395320892334,5.6078125
2335,5.76334285736084,5.6898437500000005
2336,5.762494087219238,5.703906250000001
2337,5.762548446655273,5.91015625
2338,5.7622880935668945,5.98046875
2339,5.7609357833862305,6.0859375
2340,5.762663841247559,6.7140625
2341,5.764163970947266,6.925
2342,5.76500129699707,6.8921875
2343,5.765178680419922,6.84765625
2344,5.762561798095703,6.4281250000000005
2345,5.763276100158691,6.4281250000000005
2346,5.76341438293457,6.4281250000000005
2347,5.763406753540039,6.4281250000000005
2348,5.764435768127441,6.4281250000000005
2349,5.764431953430176,6.4281250000000005
2350,5.764435768127441,6.4281250000000005
2351,5.764522552490234,6.4281250000000005
2352,5.764398574829102,6.4281250000000005
2353,5.763238906860352,6.4281250000000005
2354,5.763166427612305,6.4281250000000005
2355,5.763238906860352,6.4281250000000005
2356,5.764082908630371,6.4281250000000005
2357,5.761482238769531,6.465625
2358,5.764501571655273,6.484375
2359,5.76450252532959,6.484375
2360,5.764484405517578,6.484375
2361,5.763591766357422,6.484375
2362,5.763589859008789,6.484375
2363,5.763673782348633,6.484375
2364,5.764467239379883,6.484375
2365,5.7645111083984375,6.484375
2366,5.764493942260742,6.484375
2367,5.764517784118652,6.4750000000000005
2368,5.764700889587402,6.465625
2369,5.763667106628418,6.503125
2370,5.7635908126831055,6.503125
2371,5.763368606567383,6.503125
2372,5.763504981994629,6.503125
2373,5.763800621032715,6.503125
2374,5.766884803771973,6.503125
2375,5.775293350219727,6.503125
2376,5.772488594055176,6.503125
2377,5.7649688720703125,6.49375
2378,5.763824462890625,6.484375
2379,5.760598182678223,6.484375
2380,5.757750511169434,6.484375
2381,5.756760597229004,6.49375
2382,5.7543745040893555,6.49375
2383,5.752386093139648,6.49375
2384,5.749750137329102,6.49375
2385,5.750018119812012,6.49375
2386,5.759679794311523,6.4703125
2387,5.760766983032227,6.371875
2388,5.760656356811523,6.371875
2389,5.760625839233398,6.371875
2390,5.760377883911133,6.4140625
2391,5.759979248046875,6.42578125
2392,5.760288238525391,6.43515625
2393,5.760454177856445,6.45390625
2394,5.76225471496582,6.49375
2395,5.760405540466309,6.503125
2396,5.75999641418457,6.503125
2397,5.761292457580566,6.503125
2398,5.761529922485352,6.45625
2399,5.76129150390625,6.45625
2400,5.761295318603516,6.45625
2401,5.761292457580566,6.45625
2402,5.761399269104004,6.45625
2403,5.761927604675293,6.45625
2404,5.763261795043945,6.45625
2405,5.763496398925781,6.45625
2406,5.762590408325195,6.45625
2407,5.762568473815918,6.45625
2408,5.7626447677612305,6.45625
2409,5.763657569885254,6.45625
2410,5.76243782043457,6.4890625
2411,5.762355804443359,6.503125
2412,5.762327194213867,6.540625
2413,5.762473106384277,6.53125
2414,5.762721061706543,6.53125
2415,5.764630317687988,6.503125
2416,5.7654218673706055,6.484375
2417,5.765398979187012,6.484375
2418,5.762228012084961,6.4984375
2419,5.761957168579102,6.7515625
2420,5.7623395919799805,6.925
2421,5.762271881103516,7.01875
2422,5.76356315612793,7.065625
2423,5.763866424560547,7.1078125000000005
2424,5.762060165405273,7.243749999999999
2425,5.761740684509277,7.243749999999999
2426,5.761795997619629,7.16875
2427,5.761818885803223,7.16875
2428,5.761296272277832,7.16875
2429,5.761174201965332,7.16875
2430,5.762790679931641,7.16875
2431,5.763280868530273,7.16875
2432,5.761554718017578,7.16875
2433,5.761787414550781,7.16875
2434,5.763176918029785,7.16875
2435,5.763140678405762,7.16875
2436,5.763143539428711,7.16875
2437,5.762973785400391,7.16875
2438,5.762995719909668,7.16875
2439,5.763130187988281,7.16875
2440,5.7631635665893555,7.16875
2441,5.762778282165527,7.16875
2442,5.762937545776367,7.16875
2443,5.762580871582031,7.16875
2444,5.762575149536133,7.16875
2445,5.762577056884766,7.16875
2446,5.763359069824219,7.16875
2447,5.7630720138549805,7.16875
2448,5.762369155883789,7.16875
2449,5.761429786682129,7.16875
2450,5.762572288513184,7.16875
2451,5.7628889083862305,7.075
2452,5.76295280456543,7.053906250000001
2453,5.763161659240723,7.04453125
2454,5.763212203979492,7.025
2455,5.762912750244141,6.9765625
2456,5.76276969909668,6.9109375
2457,5.761233329772949,6.859375
2458,5.762884140014648,7.046875
2459,5.763094902038574,7.075
2460,5.763147354125977,7.075
2461,5.762804985046387,7.075
2462,5.762660026550293,7.075
2463,5.762693405151367,7.075
2464,5.763017654418945,7.075
2465,5.763185501098633,7.075
2466,5.762875556945801,6.7796875
2467,5.761702537536621,6.671875
2468,5.761373519897461,6.671875
2469,5.761312484741211,6.671875
2470,5.760251045227051,6.671875
2471,5.760918617248535,6.68125
2472,5.762690544128418,6.6625
2473,5.762630462646484,6.6625
2474,5.762664794921875,6.6625
2475,5.762624740600586,6.6625
2476,5.762928009033203,6.6625
2477,5.763160705566406,6.521875
2478,5.762368202209473,6.578125
2479,5.762285232543945,6.5921875
2480,5.7622833251953125,6.6015625
2481,5.762293815612793,6.60625
2482,5.762438774108887,6.60625
2483,5.763765335083008,6.5687500000000005
2484,5.763781547546387,6.559375000000001
2485,5.7637529373168945,6.550000000000001
2486,5.763726234436035,6.467968750000001
2487,5.763774871826172,6.46328125
2488,5.763777732849121,6.45390625
2489,5.763426780700684,6.4375
2490,5.763423919677734,6.414062500000001
2491,5.763288497924805,6.390625
2492,5.763389587402344,6.390625
2493,5.763425827026367,6.38125
2494,5.763445854187012,6.38828125
2495,5.762958526611328,6.409375000000001
2496,5.762788772583008,6.4281250000000005
2497,5.7628583908081055,6.4281250000000005
2498,5.762991905212402,6.43515625
2499,5.762984275817871,6.45625
2500,5.762964248657227,6.45625
2501,5.762995719909668,6.45625
2502,5.765300750732422,6.5125
2503,5.765328407287598,6.5125
2504,5.765255928039551,6.5125
2505,5.765206336975098,6.5125
2506,5.764176368713379,6.5125
2507,5.76666259765625,6.5125
2508,5.766695022583008,6.5125
2509,5.765385627746582,6.418749999999999
2510,5.765363693237305,6.418749999999999
2511,5.764151573181152,6.503125
2512,5.764013290405273,6.5125
2513,5.764814376831055,6.5125
2514,5.764828681945801,6.5125
2515,5.764897346496582,6.503125
2516,5.7650909423828125,6.503125
2517,5.763155937194824,6.503125
2518,5.764032363891602,6.503125
2519,5.763862609863281,6.503125
2520,5.763949394226074,6.503125
2521,5.763833045959473,6.503125
2522,5.763942718505859,6.503125
2523,5.763949394226074,6.503125
2524,5.763288497924805,6.503125
2525,5.763283729553223,6.503125
2526,5.747926712036133,6.503125
2527,5.742478370666504,6.503125
2528,5.701457977294922,6.503125
2529,5.722774505615234,6.5125
2530,5.738860130310059,6.5125
2531,5.740182876586914,6.5125
2532,5.744407653808594,6.5125
2533,5.763195991516113,6.5125
2534,5.763027191162109,6.5125
2535,5.7630720138549805,6.503125
2536,5.763710021972656,6.465625
2537,5.763420104980469,6.465625
2538,5.763339996337891,6.465625
2539,5.763568878173828,6.4750000000000005
2540,5.7635698318481445,6.4750000000000005
2541,5.763674736022949,6.484375
2542,5.763629913330078,6.49375
2543,5.764383316040039,6.4984375
2544,5.764452934265137,6.5125
2545,5.763612747192383,6.5125
2546,5.764391899108887,6.5125
2547,5.76429557800293,6.503125
2548,5.764579772949219,6.4750000000000005
2549,5.764387130737305,6.4750000000000005
2550,5.763993263244629,6.4750000000000005
2551,5.76414680480957,6.503125
2552,5.76414680480957,6.503125
2553,5.762546539306641,6.53125
2554,5.762369155883789,6.53125
2555,5.762354850769043,6.53125
2556,5.762748718261719,6.53125
2557,5.763998985290527,6.53125
2558,5.764163017272949,6.53125
2559,5.763952255249023,6.53125
2560,5.763956069946289,6.53125
2561,5.763806343078613,6.53125
2562,5.7632951736450195,6.578125
2563,5.76329231262207,6.578125
2564,5.763162612915039,6.578125
2565,5.763763427734375,6.5875
2566,5.764888763427734,6.5875
2567,5.764675140380859,6.5875
2568,5.763410568237305,6.5875
2569,5.763274192810059,6.5875
2570,5.763269424438477,6.5875
2571,5.763266563415527,6.5875
2572,5.763287544250488,6.5875
2573,5.763450622558594,6.5875
2574,5.763496398925781,6.5875
2575,5.763713836669922,6.559374999999999
2576,5.763692855834961,6.540625
2577,5.763286590576172,6.596875
2578,5.763649940490723,6.578125
2579,5.762998580932617,6.5125
2580,5.762943267822266,6.503125
2581,5.763172149658203,6.49375
2582,5.763192176818848,6.49375
2583,5.763449668884277,6.503125
2584,5.763605117797852,6.53125
2585,5.763660430908203,6.53125
2586,5.7633514404296875,6.5687500000000005
2587,5.763289451599121,6.578125
2588,5.763064384460449,6.6156250000000005
2589,5.763075828552246,6.6156250000000005
2590,5.763023376464844,6.6156250000000005
2591,5.763018608093262,6.578125
2592,5.763370513916016,6.540625
2593,5.76340389251709,6.540625
2594,5.763319969177246,6.5125
2595,5.763332366943359,6.503125
2596,5.76328182220459,6.49375
2597,5.763151168823242,6.4750000000000005
2598,5.763740539550781,6.5687500000000005
2599,5.762772560119629,6.5687500000000005
2600,5.762934684753418,6.5687500000000005
2601,5.763898849487305,6.5687500000000005
2602,5.763833045959473,6.5687500000000005
2603,5.7638092041015625,6.5687500000000005
2604,5.764032363891602,6.54296875
2605,5.764141082763672,6.521875
2606,5.764162063598633,6.521875
2607,5.764166831970215,6.5125
2608,5.764366149902344,6.49375
2609,5.764385223388672,6.49375
2610,5.764720916748047,6.540625
2611,5.764404296875,6.559374999999999
2612,5.764163970947266,6.559374999999999
2613,5.764157295227051,6.559374999999999
2614,5.76412296295166,6.559374999999999
2615,5.763924598693848,6.559374999999999
2616,5.764509201049805,6.503125
2617,5.764509201049805,6.465625
2618,5.762887954711914,6.51484375
2619,5.762993812561035,6.540625
2620,5.763039588928223,6.540625
2621,5.766069412231445,6.465625
2622,5.764890670776367,6.484375
2623,5.76396369934082,6.484375
2624,5.76383113861084,6.53125
2625,5.763710975646973,6.540625
2626,5.763587951660156,6.540625
2627,5.763598442077637,6.540625
2628,5.763034820556641,6.559374999999999
2629,5.762957572937012,6.559374999999999
2630,5.762921333312988,6.559374999999999
2631,5.76284122467041,6.559374999999999
2632,5.762762069702148,6.559374999999999
2633,5.762887954711914,6.559374999999999
2634,5.763448715209961,6.559374999999999
2635,5.762044906616211,6.559374999999999
2636,5.761700630187988,6.559374999999999
2637,5.761678695678711,6.559374999999999
2638,5.762354850769043,6.559374999999999
2639,5.762263298034668,6.5687500000000005
2640,5.7623796463012695,6.5687500000000005
2641,5.762355804443359,6.5687500000000005
2642,5.762214660644531,6.5687500000000005
2643,5.762784957885742,6.5687500000000005
2644,5.762669563293457,6.5687500000000005
2645,5.762749671936035,6.5687500000000005
2646,5.76292610168457,6.5453125000000005
2647,5.762781143188477,6.49375
2648,5.762722969055176,6.540625
2649,5.76271915435791,6.550000000000001
2650,5.762779235839844,6.550000000000001
2651,5.7628583908081055,6.559374999999999
2652,5.763833045959473,6.5687500000000005
2653,5.764094352722168,6.5687500000000005
2654,5.763789176940918,6.5687500000000005
2655,5.7637834548950195,6.5687500000000005
2656,5.7635908126831055,6.5687500000000005
2657,5.7628173828125,6.5687500000000005
2658,5.764723777770996,6.5687500000000005
2659,5.764553070068359,6.5687500000000005
2660,5.762965202331543,6.5125
2661,5.762641906738281,6.5125
2662,5.760616302490234,6.5125
2663,5.762764930725098,6.653125
2664,5.762984275817871,6.653125
2665,5.763274192810059,6.634375
2666,5.763087272644043,6.73984375
2667,5.764047622680664,6.79375
2668,5.764019012451172,6.79375
2669,5.764716148376465,6.728125
2670,5.764676094055176,6.728125
2671,5.763979911804199,6.728125
2672,5.7640228271484375,6.746875
2673,5.764020919799805,6.7421875
2674,5.76401424407959,6.7234375
2675,5.763120651245117,6.68125
2676,5.7643327713012695,6.6109375
2677,5.7641401290893555,6.57578125
2678,5.763186454772949,6.521875
2679,5.763235092163086,6.521875
2680,5.763236999511719,6.5125
2681,5.764108657836914,6.503125
2682,5.764142036437988,6.4703125
2683,5.762639999389648,6.4375
2684,5.762847900390625,6.4375
2685,5.763149261474609,6.4375
2686,5.76319694519043,6.4375
2687,5.763584136962891,6.4375
2688,5.76292610168457,6.4375
2689,5.763071060180664,6.4375
2690,5.764351844787598,6.446875
2691,5.7643022537231445,6.446875
2692,5.764183044433594,6.446875
2693,5.763278961181641,6.45625
2694,5.76326847076416,6.45625
2695,5.763602256774902,6.4609375
2696,5.763245582580566,6.465625
2697,5.764638900756836,6.465625
2698,5.763042449951172,6.4281250000000005
2699,5.763031005859375,6.3625
2700,5.762779235839844,6.353125
2701,5.763004302978516,6.3859375
2702,5.762973785400391,6.4375
2703,5.763178825378418,6.484375
2704,5.7631940841674805,6.49375
2705,5.76326847076416,6.503125
2706,5.763291358947754,6.5125
2707,5.763362884521484,6.53125
2708,5.763306617736816,6.53125
2709,5.763660430908203,6.53125
2710,5.763241767883301,6.4
2711,5.763319969177246,6.371875
2712,5.763350486755371,6.371875
2713,5.763232231140137,6.371875
2714,5.763230323791504,6.371875
2715,5.763038635253906,6.371875
2716,5.763339042663574,6.371875
2717,5.763335227966309,6.371875
2718,5.763158798217773,6.371875
2719,5.763080596923828,6.371875
2720,5.763064384460449,6.371875
2721,5.762662887573242,6.371875
2722,5.763071060180664,6.371875
2723,5.764154434204102,6.371875
2724,5.764741897583008,6.37890625
2725,5.764888763427734,6.3953125
2726,5.764718055725098,6.52890625
2727,5.763846397399902,6.53125
2728,5.7636518478393555,6.550000000000001
2729,5.762899398803711,6.550000000000001
2730,5.76284122467041,6.550000000000001
2731,5.762687683105469,6.550000000000001
2732,5.763261795043945,6.4
2733,5.763410568237305,6.353125
2734,5.763759613037109,6.353125
2735,5.764742851257324,6.353125
2736,5.765044212341309,6.353125
2737,5.765066146850586,6.353125
2738,5.764664649963379,6.42109375
2739,5.764646530151367,6.43046875
2740,5.763788223266602,6.446875
2741,5.7634172439575195,6.4750000000000005
2742,5.763372421264648,6.48671875
2743,5.7631635665893555,6.49375
2744,5.764429092407227,6.5125
2745,5.764426231384277,6.540625
2746,5.763337135314941,6.540625
2747,5.763452529907227,6.540625
2748,5.763572692871094,6.540625
2749,5.763602256774902,6.540625
2750,5.7637834548950195,6.540625
2751,5.764656066894531,6.540625
2752,5.763775825500488,6.5687500000000005
2753,5.764519691467285,6.5687500000000005
2754,5.763267517089844,6.5687500000000005
2755,5.763286590576172,6.5687500000000005
2756,5.763184547424316,6.5687500000000005
2757,5.763214111328125,6.5687500000000005
2758,5.7631683349609375,6.5687500000000005
2759,5.762754440307617,6.5687500000000005
2760,5.763003349304199,6.5687500000000005
2761,5.763177871704102,6.5687500000000005
2762,5.763313293457031,6.5687500000000005
2763,5.763427734375,6.559375000000001
2764,5.763354301452637,6.550000000000001
2765,5.762581825256348,6.418749999999999
2766,5.762446403503418,6.34375
2767,5.763760566711426,6.4281250000000005
2768,5.763951301574707,6.540625
2769,5.762962341308594,6.578125
2770,5.762646675109863,6.578125
2771,5.7607879638671875,6.5640625
2772,5.760952949523926,6.49375
2773,5.761018753051758,6.3484375
2774,5.761749267578125,6.30625
2775,5.760326385498047,6.306250000000001
2776,5.760034561157227,6.30625
2777,5.761477470397949,6.30625
2778,5.761863708496094,6.30625
2779,5.762642860412598,6.30625
2780,5.762126922607422,6.30625
2781,5.762968063354492,6.30625
2782,5.761675834655762,6.30625
2783,5.761453628540039,6.30625
2784,5.762133598327637,6.30625
2785,5.762057304382324,6.30625
2786,5.76225471496582,6.30625
2787,5.763822555541992,6.48671875
2788,5.76385498046875,6.49609375
2789,5.763322830200195,6.5687500000000005
2790,5.762896537780762,6.5687500000000005
2791,5.762740135192871,6.5687500000000005
2792,5.762554168701172,6.5687500000000005
2793,5.762423515319824,6.5687500000000005
2794,5.762568473815918,6.5687500000000005
2795,5.762977600097656,6.5687500000000005
2796,5.762906074523926,6.5687500000000005
2797,5.763067245483398,6.56640625
2798,5.762520790100098,6.503125
2799,5.761654853820801,6.446875
2800,5.761706352233887,6.446875
2801,5.761651039123535,6.4375
2802,5.762742042541504,6.45625
2803,5.763154029846191,6.4750000000000005
2804,5.763302803039551,6.4750000000000005
2805,5.763187408447266,6.4750000000000005
2806,5.763175010681152,6.4750000000000005
2807,5.763127326965332,6.4750000000000005
2808,5.763093948364258,6.4750000000000005
2809,5.763787269592285,6.4750000000000005
2810,5.763871192932129,6.4750000000000005
2811,5.763854026794434,6.4750000000000005
2812,5.763788223266602,6.4750000000000005
2813,5.763527870178223,6.4750000000000005
2814,5.76287841796875,6.4750000000000005
2815,5.7629241943359375,6.4750000000000005
2816,5.763771057128906,6.4750000000000005
2817,5.7629594802856445,6.446875
2818,5.762958526611328,6.503125000000001
2819,5.763341903686523,6.578125
2820,5.763556480407715,6.3484375
2821,5.763216018676758,6.1234375000000005
2822,5.763792991638184,6.11875
2823,5.763238906860352,6.36953125
2824,5.763153076171875,6.38125
2825,5.763180732727051,6.5125
2826,5.763256072998047,6.51484375
2827,5.763404846191406,6.554687500000001
2828,5.763506889343262,6.596875
2829,5.763395309448242,6.596875
2830,5.763370513916016,6.596875
2831,5.763345718383789,6.596875
2832,5.763462066650391,6.596875
2833,5.763880729675293,6.596875
2834,5.763983726501465,6.596875
2835,5.7640275955200195,6.596875
2836,5.765058517456055,6.596875
2837,5.765145301818848,6.60625
2838,5.763091087341309,6.6625
2839,5.763344764709473,6.6625
2840,5.7632951736450195,6.6625
2841,5.763265609741211,6.6625
2842,5.763270378112793,6.6625
2843,5.763882637023926,6.6625
2844,5.7638139724731445,6.6625
2845,5.763364791870117,6.6625
2846,5.763101577758789,6.6625
2847,5.7630414962768555,6.6625
2848,5.763266563415527,6.6625
2849,5.762964248657227,6.71875
2850,5.763603210449219,6.728125
2851,5.763910293579102,6.728125
2852,5.764885902404785,6.728125
2853,5.769163131713867,6.728125
2854,5.764031410217285,6.728125
2855,5.763510704040527,6.728125
2856,5.723875999450684,6.6625
2857,5.722789764404297,6.6625
2858,5.7326507568359375,6.634375
2859,5.716849327087402,6.634375
2860,5.722829818725586,6.6390625
2861,5.727108001708984,6.64375
2862,5.7383317947387695,6.6671875
2863,5.746430397033691,6.671875
2864,5.756231307983398,6.671875
2865,5.754471778869629,6.671875
2866,5.765056610107422,6.671875
2867,5.763864517211914,6.68125
2868,5.763774871826172,6.68125
2869,5.76375675201416,6.68125
2870,5.763648986816406,6.68125
2871,5.763686180114746,6.68125
2872,5.763484954833984,6.68125
2873,5.76326847076416,6.68125
2874,5.7631635665893555,6.68125
2875,5.768462181091309,6.68125
2876,5.7752580642700195,6.68125
2877,5.775262832641602,6.68125
2878,5.7758989334106445,6.68125
2879,5.822629928588867,6.68125
2880,5.765203475952148,6.68125
2881,5.763518333435059,6.68125
2882,5.761221885681152,6.68125
2883,5.758055686950684,6.68125
2884,5.747153282165527,6.68125
2885,5.682701110839844,6.68125
2886,5.751168251037598,6.7093750000000005
2887,5.747441291809082,6.775
2888,5.575752258300781,6.775000000000001
2889,5.5719757080078125,6.821875
2890,5.757946014404297,6.7093750000000005
2891,5.751169204711914,6.65546875
2892,5.690204620361328,6.596875
2893,5.761492729187012,6.5125
2894,5.762310028076172,6.5125
2895,5.765056610107422,6.5125
2896,5.76768684387207,6.5125
2897,5.765488624572754,6.52890625
2898,5.76249885559082,6.5875
2899,5.763262748718262,6.5875
2900,5.7627363204956055,6.5875
2901,5.75914192199707,6.5875
2902,5.76249885559082,6.60625
2903,5.764379501342773,6.6156250000000005
2904,5.763452529907227,6.625
2905,5.763115882873535,6.625
2906,5.763260841369629,6.625
2907,5.766474723815918,6.625
2908,5.76314640045166,6.625
2909,5.764055252075195,6.625
2910,5.764364242553711,6.625
2911,5.766095161437988,6.625
2912,5.764629364013672,6.625
2913,5.765302658081055,6.5687500000000005
2914,5.764620780944824,6.559374999999999
2915,5.764629364013672,6.5171875
2916,5.765564918518066,6.521875
2917,5.760418891906738,6.5687500000000005
2918,5.766334533691406,6.578125
2919,5.765624046325684,6.578125
2920,5.764565467834473,6.578125
2921,5.764364242553711,6.578125
2922,5.764430046081543,6.578125
2923,5.764348983764648,6.578125
2924,5.764431953430176,6.578125
2925,5.762134552001953,6.578125
2926,5.756682395935059,6.578125
2927,5.756772041320801,6.48671875
2928,5.756775856018066,6.465625
2929,5.755261421203613,6.45625
2930,5.754154205322266,6.45625
2931,5.75377082824707,6.45625
2932,5.760824203491211,6.45625
2933,5.762968063354492,6.5125
2934,5.764169692993164,6.521875
2935,5.763241767883301,6.521875
2936,5.765976905822754,6.390625
2937,5.763803482055664,6.40234375
2938,5.761368751525879,6.540625
2939,5.761684417724609,6.550000000000001
2940,5.761472702026367,6.550000000000001
2941,5.761120796203613,6.550000000000001
2942,5.724471092224121,6.578125
2943,5.693727493286133,6.578125
2944,5.553357124328613,6.5875
2945,5.570866584777832,6.5875
2946,5.676349639892578,6.5875
2947,5.698272705078125,6.5875
2948,5.734130859375,6.5875
2949,5.734929084777832,6.5875
2950,5.7398834228515625,6.5875
2951,5.755784034729004,6.5875
2952,5.760032653808594,6.5875
2953,5.763267517089844,6.5875
2954,5.763340950012207,6.5875
2955,5.763564109802246,6.5546875
2956,5.763592720031738,6.550000000000001
2957,5.763554573059082,6.5453125000000005
2958,5.7646989822387695,6.390625
2959,5.763897895812988,6.3625
2960,5.763411521911621,6.418749999999999
2961,5.7636566162109375,6.446875
2962,5.764013290405273,6.45625
2963,5.764178276062012,6.559374999999999
2964,5.7641754150390625,6.578125
2965,5.764904022216797,6.60625
2966,5.763677597045898,6.625
2967,5.76378059387207,6.625
2968,5.765237808227539,6.596875
2969,5.766085624694824,6.465625
2970,5.766129493713379,6.465625
2971,5.765281677246094,6.4375
2972,5.765057563781738,6.418749999999999
2973,5.765056610107422,6.41875
2974,5.76456356048584,6.409375000000001
2975,5.7646379470825195,6.409375000000001
2976,5.76436710357666,6.409375000000001
2977,5.764186859130859,6.409375000000001
2978,5.769705772399902,6.540625
2979,5.765552520751953,6.550000000000001
2980,5.765027046203613,6.559374999999999
2981,5.763172149658203,6.550000000000001
2982,5.75846004486084,6.503125
2983,5.757144927978516,6.49375
2984,5.757295608520508,6.550000000000001
2985,5.757292747497559,6.5640625
2986,5.758589744567871,6.5875
2987,5.759239196777344,6.625
2988,5.75801944732666,6.634375
2989,5.7621660232543945,6.671875
2990,5.755102157592773,6.671875
2991,5.763427734375,6.4375
2992,5.762645721435547,6.4375
2993,5.76544189453125,6.5453125
2994,5.765454292297363,6.559374999999999
2995,5.7654523849487305,6.60625
2996,5.765627861022949,6.62734375
2997,5.759757041931152,6.61328125
2998,5.759681701660156,6.60390625
2999,5.75837516784668,6.53125
3000,5.757265090942383,6.50078125
3001,5.7610015869140625,6.446875
3002,5.762398719787598,6.48671875
3003,5.760735511779785,6.5453125
3004,5.758953094482422,6.596875
3005,5.758596420288086,6.60390625
3006,5.75772762298584,6.634375
3007,5.759833335876465,6.634375
3008,5.760871887207031,6.634375
3009,5.760675430297852,6.634375
3010,5.760685920715332,6.634375
3011,5.7608184814453125,6.634375
3012,5.7653398513793945,6.634375
3013,5.764039993286133,6.5171875
3014,5.764002799987793,6.479687500000001
3015,5.763913154602051,6.446875
3016,5.76533317565918,6.4140625
3017,5.766931533813477,6.390625
3018,5.768528938293457,6.390625
3019,5.766797065734863,6.4046875000000005
3020,5.765683174133301,6.5921875
3021,5.764714241027832,6.634375
3022,5.765501022338867,6.6671875
3023,5.764219284057617,6.79375
3024,5.764237403869629,6.79375
3025,5.765416145324707,6.409375000000001
3026,5.7656097412109375,6.409375000000001
3027,5.7643842697143555,6.5687500000000005
3028,5.764195442199707,6.5687500000000005
3029,5.763730049133301,6.578125
3030,5.763829231262207,6.578125
3031,5.763729095458984,6.540625
3032,5.763853073120117,6.559374999999999
3033,5.764090538024902,6.559374999999999
3034,5.764057159423828,6.559374999999999
3035,5.764091491699219,6.559374999999999
3036,5.764368057250977,6.559374999999999
3037,5.764155387878418,6.559374999999999
3038,5.76413631439209,6.559374999999999
3039,5.764020919799805,6.559374999999999
3040,5.763681411743164,6.559374999999999
3041,5.760492324829102,6.559374999999999
3042,5.759737968444824,6.559374999999999
3043,5.758509635925293,6.559374999999999
3044,5.758856773376465,6.559374999999999
3045,5.760443687438965,6.559374999999999
3046,5.763496398925781,6.559374999999999
3047,5.761273384094238,6.559374999999999
3048,5.7586822509765625,6.559374999999999
3049,5.759054183959961,6.596875
3050,5.7573041915893555,6.596875
3051,5.755331039428711,6.596875
3052,5.7526044845581055,6.596875
3053,5.741297721862793,6.6156250000000005
3054,5.757159233093262,6.68125
3055,5.762116432189941,6.690625000000001
3056,5.762707710266113,6.690625000000001
3057,5.76273250579834,6.690625000000001
3058,5.762639999389648,6.68359375
3059,5.759049415588379,6.57109375
3060,5.758675575256348,6.5687500000000005
3061,5.754411697387695,6.559374999999999
3062,5.754373550415039,6.55234375
3063,5.757633209228516,6.484375
3064,5.758974075317383,6.446875
3065,5.755467414855957,6.5078125
3066,5.756353378295898,6.5171875
3067,5.759675979614258,6.540625
3068,5.759081840515137,6.540625
3069,5.760271072387695,6.465625
3070,5.753688812255859,6.465625
3071,5.754789352416992,6.465625
3072,5.758160591125488,6.465625
3073,5.759167671203613,6.465625
3074,5.756482124328613,6.465625
3075,5.756634712219238,6.465625
3076,5.758892059326172,6.465625
3077,5.760449409484863,6.465625
3078,5.761509895324707,6.5078125
3079,5.760955810546875,6.5828125
3080,5.760942459106445,6.60625
3081,5.760953903198242,6.418749999999999
3082,5.761269569396973,6.465625
3083,5.761059761047363,6.465625
3084,5.760903358459473,6.4750000000000005
3085,5.761161804199219,6.550000000000001
3086,5.761495590209961,6.550000000000001
3087,5.761059761047363,6.578125
3088,5.761113166809082,6.578125
3089,5.761246681213379,6.578125
3090,5.760804176330566,6.578125
3091,5.760438919067383,6.578125
3092,5.759729385375977,6.47265625
3093,5.7598066329956055,6.446875
3094,5.759726524353027,6.45625
3095,5.759698867797852,6.48203125
3096,5.761421203613281,6.5125
3097,5.763812065124512,6.521875
3098,5.758930206298828,6.540625
3099,5.758214950561523,6.540625
3100,5.759357452392578,6.540625
3101,5.761028289794922,6.540625
3102,5.761111259460449,6.540625
3103,5.759917259216309,6.540625
3104,5.760651588439941,6.540625
3105,5.761019706726074,6.540625
3106,5.768561363220215,6.540625
3107,5.772772789001465,6.540625
3108,5.7663774490356445,6.540625
3109,5.765442848205566,6.540625
3110,5.765533447265625,6.540625
3111,5.764560699462891,6.540625
3112,5.764471054077148,6.540625
3113,5.764396667480469,6.540625
3114,5.7636823654174805,6.540625
3115,5.763576507568359,6.540625
3116,5.7634077072143555,6.540625
3117,5.763237953186035,6.540625
3118,5.763283729553223,6.446875
3119,5.763430595397949,6.446875
3120,5.763578414916992,6.540625
3121,5.763526916503906,6.540625
3122,5.763589859008789,6.540625
3123,5.7648773193359375,6.540625
3124,5.764854431152344,6.540625000000001
3125,5.7638139724731445,6.550000000000001
3126,5.763871192932129,6.550000000000001
3127,5.764860153198242,6.550000000000001
3128,5.764986991882324,6.550000000000001
3129,5.765073776245117,6.550000000000001
3130,5.764881134033203,6.550000000000001
3131,5.763962745666504,6.550000000000001
3132,5.763692855834961,6.5171875
3133,5.763697624206543,6.49375
3134,5.764719009399414,6.4750000000000005
3135,5.764730453491211,6.4750000000000005
3136,5.764710426330566,6.4750000000000005
3137,5.764686584472656,6.4750000000000005
3138,5.764671325683594,6.4750000000000005
3139,5.764666557312012,6.4750000000000005
3140,5.764571189880371,6.4750000000000005
3141,5.764625549316406,6.4750000000000005
3142,5.764601707458496,6.4750000000000005
3143,5.764524459838867,6.4750000000000005
3144,5.764588356018066,6.4750000000000005
3145,5.764735221862793,6.4750000000000005
3146,5.763387680053711,6.4750000000000005
3147,5.764743804931641,6.4750000000000005
3148,5.764734268188477,6.4750000000000005
3149,5.764692306518555,6.4750000000000005
3150,5.764604568481445,6.4750000000000005
3151,5.763265609741211,6.4750000000000005
3152,5.763265609741211,6.4750000000000005
3153,5.7633209228515625,6.4750000000000005
3154,5.763312339782715,6.4750000000000005
3155,5.764379501342773,6.4750000000000005
3156,5.764375686645508,6.4750000000000005
3157,5.763334274291992,6.4750000000000005
3158,5.7632036209106445,6.4750000000000005
3159,5.763216018676758,6.4750000000000005
3160,5.764153480529785,6.475
3161,5.765186309814453,6.4750000000000005
3162,5.76420783996582,6.4750000000000005
3163,5.764204978942871,6.4750000000000005
3164,5.764123916625977,6.4750000000000005
3165,5.764118194580078,6.4750000000000005
3166,5.764147758483887,6.4750000000000005
3167,5.764213562011719,6.4750000000000005
3168,5.764409065246582,6.4750000000000005
3169,5.764568328857422,6.4750000000000005
3170,5.7653350830078125,6.4750000000000005
3171,5.7653093338012695,6.4750000000000005
3172,5.765332221984863,6.4750000000000005
3173,5.764564514160156,6.51015625
3174,5.764558792114258,6.57109375
3175,5.7655181884765625,6.625
3176,5.765532493591309,6.625
3177,5.765533447265625,6.625
3178,5.765612602233887,6.625
3179,5.764713287353516,6.625
3180,5.765584945678711,6.625
3181,5.764854431152344,6.625
3182,5.764862060546875,6.625
3183,5.764878273010254,6.625
3184,5.764883041381836,6.625
3185,5.764732360839844,6.625
3186,5.764759063720703,6.625
3187,5.7647552490234375,6.5265625
3188,5.764917373657227,6.49375
3189,5.764618873596191,6.4703125
3190,5.764359474182129,6.5640625
3191,5.7628984451293945,6.625
3192,5.763681411743164,6.5921875
3193,5.772649765014648,6.559374999999999
3194,5.775913238525391,6.559374999999999
3195,5.768007278442383,6.559374999999999
3196,5.7679853439331055,6.559374999999999
3197,5.768738746643066,6.559374999999999
3198,5.768729209899902,6.559374999999999
3199,5.767946243286133,6.559374999999999
3200,5.766291618347168,6.559374999999999
3201,5.764505386352539,6.559374999999999
3202,5.7634477615356445,6.559374999999999
3203,5.763408660888672,6.559374999999999
3204,5.763328552246094,6.559374999999999
3205,5.763347625732422,6.559374999999999
3206,5.763582229614258,6.559374999999999
3207,5.763584136962891,6.559374999999999
3208,5.764644622802734,6.559374999999999
3209,5.7637128829956055,6.559374999999999
3210,5.763689994812012,6.559374999999999
3211,5.763611793518066,6.559374999999999
3212,5.763379096984863,6.596875
3213,5.763387680053711,6.61328125
3214,5.763430595397949,6.6156250000000005
3215,5.763298034667969,6.6156250000000005
3216,5.763437271118164,6.484375
3217,5.764431953430176,6.4375
3218,5.764423370361328,6.4281250000000005
3219,5.764500617980957,6.4281250000000005
3220,5.763645172119141,6.4281250000000005
3221,5.763607978820801,6.45390625
3222,5.763737678527832,6.521875
3223,5.763500213623047,6.521875
3224,5.763365745544434,6.521875
3225,5.762930870056152,6.465625
3226,5.762981414794922,6.465625
3227,5.763128280639648,6.49609375
3228,5.763276100158691,6.559374999999999
3229,5.763457298278809,6.5687500000000005
3230,5.764101982116699,6.578125
3231,5.764174461364746,6.578125
3232,5.763425827026367,6.578125
3233,5.763059616088867,6.578125
3234,5.762796401977539,6.578125
3235,5.762803077697754,6.578125
3236,5.762885093688965,6.578125
3237,5.762355804443359,6.578125
3238,5.763243675231934,6.578125
3239,5.763765335083008,6.578125
3240,5.763267517089844,6.578125
3241,5.764453887939453,6.578125
3242,5.763662338256836,6.578125
3243,5.763677597045898,6.578125
3244,5.763838768005371,6.540625
3245,5.763771057128906,6.3625
3246,5.763675689697266,6.30625
3247,5.763440132141113,6.30625
3248,5.763427734375,6.30625
3249,5.76334285736084,6.30625
3250,5.763708114624023,6.409375000000001
3251,5.763667106628418,6.418749999999999
3252,5.763660430908203,6.446875
3253,5.764737129211426,6.268750000000001
3254,5.763856887817383,6.1937500000000005
3255,5.763797760009766,6.1937500000000005
3256,5.763772010803223,6.184375
3257,5.763456344604492,6.371875
3258,5.763497352600098,6.390625
3259,5.763516426086426,6.484375
3260,5.763521194458008,6.503125
3261,5.763575553894043,6.53125
3262,5.763581275939941,6.53125
3263,5.763577461242676,6.53125
3264,5.763437271118164,6.53125
3265,5.763219833374023,6.53125
3266,5.76325798034668,6.53125
3267,5.7631988525390625,6.53125
3268,5.763188362121582,6.53125
3269,5.763211250305176,6.53125
3270,5.765233993530273,6.53125
3271,5.765241622924805,6.53125
3272,5.765926361083984,6.53125
3273,5.765046119689941,6.53125
3274,5.765052795410156,6.53125
3275,5.7648820877075195,6.484375
3276,5.763836860656738,6.5125
3277,5.7635650634765625,6.596875
3278,5.763583183288574,6.596875
3279,5.763824462890625,6.596875
3280,5.763822555541992,6.596875
3281,5.763982772827148,6.596875
3282,5.765110015869141,6.596875
3283,5.771339416503906,6.671875
3284,5.830565452575684,6.4890625
3285,5.808311462402344,6.240625
3286,5.772784233093262,6.47265625
3287,5.767677307128906,6.257031250000001
3288,5.765068054199219,6.4281250000000005
3289,5.762852668762207,6.60625
3290,5.762907981872559,6.5875
3291,5.763910293579102,6.5875
3292,5.762921333312988,6.5875
3293,5.762951850891113,6.578125
3294,5.764401435852051,6.559374999999999
3295,5.764593124389648,6.550000000000001
3296,5.764579772949219,6.550000000000001
3297,5.764688491821289,6.550000000000001
3298,5.764667510986328,6.550000000000001
3299,5.764684677124023,6.550000000000001
3300,5.764677047729492,6.550000000000001
3301,5.764674186706543,6.550000000000001
3302,5.758234977722168,6.550000000000001
3303,5.7530059814453125,6.503125
3304,5.756246566772461,6.503125
3305,5.760499954223633,6.503125
3306,5.762701034545898,6.503125
3307,5.764848709106445,6.503125
3308,5.764442443847656,6.503125
3309,5.7643585205078125,6.503125
3310,5.765399932861328,6.503125
3311,5.76962947845459,6.503125
3312,5.767553329467773,6.503125
3313,5.765894889831543,6.503125
3314,5.763466835021973,6.503125
3315,5.763679504394531,6.503125
3316,5.764031410217285,6.5078125
3317,5.765233039855957,6.5125
3318,5.766165733337402,6.5125
3319,5.766997337341309,6.5125
3320,5.7687273025512695,6.51953125
3321,5.770030975341797,6.521875
3322,5.7740068435668945,6.53125
3323,5.763955116271973,6.53125
3324,5.763838768005371,6.538281250000001
3325,5.763681411743164,6.540625
3326,5.763448715209961,6.540625
3327,5.763401985168457,6.550000000000001
3328,5.7634429931640625,6.578125
3329,5.763591766357422,6.578125
3330,5.766809463500977,6.550000000000001
3331,5.7667951583862305,6.550000000000001
3332,5.765911102294922,6.53359375
3333,5.765753746032715,6.53125
3334,5.768410682678223,6.53125
3335,5.769723892211914,6.53125
3336,5.772495269775391,6.53125
3337,5.770429611206055,6.53125
3338,5.7691450119018555,6.53125
3339,5.767708778381348,6.53125
3340,5.765904426574707,6.53125
3341,5.764744758605957,6.53125
3342,5.764665603637695,6.53125
3343,5.76467227935791,6.53125
3344,5.764575004577637,6.53125
3345,5.764186859130859,6.53125
3346,5.7639312744140625,6.53125
3347,5.764320373535156,6.53125
3348,5.764496803283691,6.53125
3349,5.764449119567871,6.53125
3350,5.7648115158081055,6.53125
3351,5.764732360839844,6.53125
3352,5.764739990234375,6.53125
3353,5.76474666595459,6.53125
3354,5.764740943908691,6.53125
3355,5.764690399169922,6.53125
3356,5.7650651931762695,6.521875
3357,5.764745712280273,6.521875
3358,5.764686584472656,6.521875
3359,5.764711380004883,6.521875
3360,5.765898704528809,6.521875
3361,5.7647294998168945,6.521875
3362,5.7647247314453125,6.521875
3363,5.7648773193359375,6.521875
3364,5.764673233032227,6.521875
3365,5.763766288757324,6.521875
3366,5.769617080688477,6.521875
3367,5.764866828918457,6.521875
3368,5.764730453491211,6.521875
3369,5.764914512634277,6.521875
3370,5.765054702758789,6.521875
3371,5.763943672180176,6.521875
3372,5.7638702392578125,6.521875
3373,5.766106605529785,6.521875
3374,5.768731117248535,6.521875
3375,5.7707366943359375,6.521875
3376,5.772777557373047,6.521875
3377,5.7700347900390625,6.521875
3378,5.763477325439453,6.54296875
3379,5.763485908508301,6.578125
3380,5.7637128829956055,6.578125
3381,5.76370906829834,6.578125
3382,5.76371955871582,6.550000000000001
3383,5.763506889343262,6.550000000000001
3384,5.763639450073242,6.550000000000001
3385,5.764568328857422,6.550000000000001
3386,5.763796806335449,6.550000000000001
3387,5.764121055603027,6.550000000000001
3388,5.7641754150390625,6.550000000000001
3389,5.7638702392578125,6.550000000000001
3390,5.763959884643555,6.550000000000001
3391,5.763957977294922,6.550000000000001
3392,5.763973236083984,6.55
3393,5.763973236083984,6.550000000000001
3394,5.766633033752441,6.550000000000001
3395,5.766619682312012,6.550000000000001
3396,5.763904571533203,6.550000000000001
3397,5.763099670410156,6.550000000000001
3398,5.933135986328125,6.550000000000001
3399,5.865312576293945,6.55
3400,5.847383499145508,6.550000000000001
3401,5.852486610412598,6.550000000000001
3402,5.973785400390625,6.550000000000001
3403,5.972174644470215,6.550000000000001
3404,6.050707817077637,6.550000000000001
3405,6.095117568969727,6.550000000000001
3406,6.231034278869629,6.550000000000001
3407,5.354012489318848,6.550000000000001
3408,4.789279937744141,6.55
3409,5.006606101989746,6.503125
3410,5.251128196716309,6.503125
3411,5.899199485778809,6.53125
3412,5.926551818847656,6.5687500000000005
3413,4.387934684753418,6.625
3414,4.417994499206543,6.596875000000001
3415,4.596306800842285,6.559374999999999
3416,5.261922836303711,6.521875
3417,5.930102348327637,6.503125
3418,5.796731948852539,6.479687500000001
3419,4.387783050537109,6.45625
3420,4.2706146240234375,6.45625
3421,4.332462310791016,6.45625
3422,4.424037933349609,6.5125
3423,4.773507118225098,6.53125
3424,5.1290483474731445,6.53125
3425,4.824136734008789,5.509375
3426,4.884618759155273,5.509375
3427,5.0058698654174805,5.509375
3428,4.439090251922607,5.509375
3429,6.101805686950684,5.490625
3430,6.117581367492676,5.490625
3431,6.086077690124512,5.490625
3432,5.905420303344727,5.490625
3433,5.843536376953125,5.490625
3434,5.703499794006348,5.490625
3435,5.721392631530762,5.490625
3436,5.755541801452637,5.490625
3437,5.765044212341309,5.490625
3438,5.740940093994141,5.490625
3439,5.04164981842041,5.490625
3440,4.985135078430176,5.490625
3441,4.203167915344238,5.490625
3442,4.190412521362305,5.490625
3443,4.181436538696289,5.490625
3444,4.4742231369018555,5.490625
3445,4.53913688659668,5.490625
3446,5.3075666427612305,5.490625
3447,5.671114921569824,5.490625
3448,5.795319557189941,5.490625
3449,5.744890213012695,5.490625
3450,4.197334289550781,5.490625
3451,4.121682643890381,5.490625
3452,4.114370346069336,5.490625
3453,4.550725936889648,5.490625
3454,4.53822135925293,5.490625
3455,4.2656049728393555,5.490625
3456,4.154999732971191,5.490625
3457,4.807991027832031,5.490625
3458,4.804536819458008,5.490625
3459,4.58023738861084,5.490625
3460,4.254793167114258,5.490625
3461,3.8182311058044434,5.490625
3462,3.7107739448547363,5.490625
3463,3.6796863079071045,5.546875
3464,3.6796226501464844,5.546875
3465,3.679623603820801,5.55625
3466,3.680333375930786,5.55625
3467,3.6809520721435547,5.55625
3468,3.6823530197143555,5.55625
3469,3.689727306365967,5.55625
3470,3.712570905685425,5.55625
3471,4.087165355682373,5.4437500000000005
3472,4.270090103149414,5.425000000000001
3473,4.407452583312988,5.340625
3474,4.390890121459961,5.340625
3475,4.274055480957031,5.340625
3476,4.359049320220947,5.396875
3477,4.363052845001221,5.40625
3478,4.891308784484863,5.40625
3479,4.737700462341309,5.40625
3480,4.157840728759766,5.40625
3481,4.506990432739258,5.40625
3482,3.946092367172241,5.40625
3483,3.859743595123291,5.40625
3484,4.835265159606934,5.40625
3485,4.8629961013793945,5.40625
3486,4.901233673095703,5.40625
3487,4.870570182800293,5.40625
3488,4.881322860717773,5.40625
3489,4.89603328704834,5.40625
3490,5.7894086837768555,5.40625
3491,5.792552947998047,5.40625
3492,5.574002265930176,5.40625
3493,5.252050399780273,5.40625
3494,4.296377658843994,5.434375
3495,4.914299011230469,5.53515625
3496,4.2200927734375,5.5375
3497,4.2292633056640625,5.4625
3498,5.858609199523926,5.528125
3499,5.764904975891113,5.528125
3500,5.763856887817383,5.528125
3501,5.763782501220703,5.528125
3502,5.760756492614746,5.528125
3503,5.7625837326049805,5.528125
3504,5.763308525085449,5.528125
3505,5.764692306518555,5.528125
3506,5.765219688415527,5.528125
3507,5.764803886413574,5.528125
3508,5.764259338378906,5.528125
3509,5.764200210571289,5.528125
3510,5.7646284103393555,5.528125
3511,5.763218879699707,5.528125
3512,5.761031150817871,5.528125
3513,5.760049819946289,5.528125
3514,5.754429817199707,5.528125
3515,5.754488945007324,5.528125
3516,5.738875389099121,5.528125
3517,5.64443302154541,5.528125
3518,5.746939659118652,5.528125
3519,5.757983207702637,5.528125
3520,5.7624664306640625,5.528125
3521,5.7487077713012695,5.528125
3522,5.726651191711426,5.528125
3523,5.722295761108398,5.528125
3524,5.717935562133789,5.528125
3525,5.744756698608398,5.528125
3526,5.755741119384766,5.5
3527,5.761882781982422,5.528124999999999
3528,5.762462615966797,5.5375
3529,5.762293815612793,5.5375
3530,5.763609886169434,5.528125
3531,5.763602256774902,5.528125
3532,5.7640180587768555,5.51875
3533,5.763705253601074,5.51875
3534,5.764273643493652,5.51875
3535,5.764113426208496,5.51875
3536,5.763532638549805,5.51875
3537,5.7634992599487305,5.51875
3538,5.763729095458984,5.93125
3539,5.763603210449219,5.921875
3540,5.762739181518555,5.7250000000000005
3541,5.762434959411621,5.706250000000001
3542,5.762539863586426,5.6875
3543,5.762726783752441,5.63125
3544,5.763483047485352,5.490625
3545,5.763432502746582,5.490625
3546,5.763469696044922,5.490625
3547,5.763897895812988,5.528125
3548,5.764082908630371,5.640625
3549,5.764086723327637,5.66875
3550,5.764036178588867,5.66875
3551,5.763469696044922,6.137499999999999
3552,5.763835906982422,6.14453125
3553,5.7636823654174805,6.165625
3554,5.763265609741211,6.165625
3555,5.763306617736816,6.175
3556,5.763172149658203,6.3625
3557,5.7632951736450195,6.3625
3558,5.763276100158691,6.30859375
3559,5.763955116271973,6.30625
3560,5.764276504516602,6.30625
3561,5.76417350769043,6.315625
3562,5.764257431030273,6.3578125000000005
3563,5.76395320892334,6.3765625
3564,5.763906478881836,6.49375
3565,5.764091491699219,6.49375
3566,5.763470649719238,6.49375
3567,5.7631425857543945,6.49375
3568,5.763128280639648,6.49375
3569,5.7634382247924805,6.4750000000000005
3570,5.763471603393555,6.4750000000000005
3571,5.763693809509277,6.4750000000000005
3572,5.763846397399902,6.45625
3573,5.763825416564941,6.432812500000001
3574,5.7635345458984375,6.371875
3575,5.763763427734375,6.37890625
3576,5.763574600219727,6.38125
3577,5.763973236083984,6.38125
3578,5.763278961181641,6.38125
3579,5.763367652893066,6.38125
3580,5.763453483581543,6.30625
3581,5.763726234436035,6.30625
3582,5.76331901550293,6.30625
3583,5.763150215148926,6.30625
3584,5.762786865234375,6.296875
3585,5.7634382247924805,6.278124999999999
3586,5.7639312744140625,6.278124999999999
3587,5.76393985748291,6.278124999999999
3588,5.763434410095215,6.3343750000000005
3589,5.7639617919921875,6.3343750000000005
3590,5.764138221740723,6.3343750000000005
3591,5.7642974853515625,6.34375
3592,5.764131546020508,6.353125
3593,5.764762878417969,6.353125
3594,5.764105796813965,6.23125
3595,5.763493537902832,6.2125
3596,5.763479232788086,6.203125
3597,5.763430595397949,6.203125
3598,5.762988090515137,6.203125
3599,5.764609336853027,6.315625
3600,5.765436172485352,6.3343750000000005
3601,5.764958381652832,6.446875
3602,5.764260292053223,6.45625
3603,5.764206886291504,6.45859375
3604,5.7638397216796875,6.4750000000000005
3605,5.763523101806641,6.465625
3606,5.765249252319336,6.43984375
3607,5.76534366607666,6.4281250000000005
3608,5.763532638549805,6.383593749999999
3609,5.763935089111328,6.371875
3610,5.763505935668945,6.371875
3611,5.763481140136719,6.38125
3612,5.763477325439453,6.38125
3613,5.764101982116699,6.390625
3614,5.7640886306762695,6.390625
3615,5.764253616333008,6.390625
3616,5.763713836669922,6.446875
3617,5.764142036437988,6.465625
3618,5.764023780822754,6.465625
3619,5.764020919799805,6.465625
3620,5.763996124267578,6.465625
3621,5.765250205993652,6.350781250000001
3622,5.765342712402344,6.33203125
3623,5.765053749084473,6.31328125
3624,5.764788627624512,6.30625
3625,5.764676094055176,6.30625
3626,5.764793395996094,6.353125
3627,5.764503479003906,6.353125
3628,5.7643585205078125,6.36015625
3629,5.76448917388916,6.378125
3630,5.764490127563477,6.38125
3631,5.763239860534668,6.390625
3632,5.762875556945801,6.390625
3633,5.763256072998047,6.4
3634,5.763550758361816,6.409375000000001
3635,5.763513565063477,6.418749999999999
3636,5.7638654708862305,6.4281250000000005
3637,5.764596939086914,6.465625
3638,5.7644453048706055,6.465625
3639,5.7643327713012695,6.465625
3640,5.76406192779541,6.465625
3641,5.763649940490723,6.446875
3642,5.763583183288574,6.446875
3643,5.763406753540039,6.446875
3644,5.763111114501953,6.446875
3645,5.760558128356934,6.86875
3646,5.759791374206543,6.86875
3647,5.759478569030762,6.86875
3648,5.759701728820801,6.86875
3649,5.759699821472168,6.86875
3650,5.762493133544922,6.325
3651,5.762001991271973,6.30625
3652,5.762241363525391,6.30625
3653,5.763471603393555,6.296875
3654,5.7637529373168945,6.296875
3655,5.763751983642578,6.296875
3656,5.763700485229492,6.296875
3657,5.763497352600098,6.296875
3658,5.7635698318481445,6.296875
3659,5.763707160949707,6.296875
3660,5.763874053955078,6.296875
3661,5.763751029968262,6.296875
3662,5.763361930847168,6.296875
3663,5.764016151428223,6.296875
3664,5.764237403869629,6.296875
3665,5.764217376708984,6.296875
3666,5.764152526855469,6.296875
3667,5.763053894042969,6.296875
3668,5.762811660766602,6.296875
3669,5.762312889099121,6.296875
3670,5.762448310852051,6.296875
3671,5.762199401855469,6.296875
3672,5.763239860534668,6.296875
3673,5.76308536529541,6.296875
3674,5.7611083984375,6.296875
3675,5.76179313659668,6.296875
3676,5.76297664642334,6.296875
3677,5.763357162475586,6.296875
3678,5.763840675354004,6.296875
3679,5.764030456542969,6.296875
3680,5.76416015625,6.296875
3681,5.763964653015137,6.296875
3682,5.764152526855469,6.296875
3683,5.764209747314453,6.296875
3684,5.764452934265137,6.296875
3685,5.764267921447754,6.296875
3686,5.764847755432129,6.296875
3687,5.765942573547363,6.296875
3688,5.766902923583984,6.296875
3689,5.765093803405762,6.296875
3690,5.765063285827637,6.296875
3691,5.7638044357299805,6.296875
3692,5.763867378234863,6.296875
3693,5.763916015625,6.296875
3694,5.763974189758301,6.296875
3695,5.764013290405273,6.296875
3696,5.764118194580078,6.296875
3697,5.764252662658691,6.296875
3698,5.764312744140625,6.296875
3699,5.764019966125488,6.296875
3700,5.764270782470703,6.296875
3701,5.764439582824707,6.296875
3702,5.764498710632324,6.296875
3703,5.763815879821777,6.296875
3704,5.763596534729004,6.296875
3705,5.7634992599487305,6.296875
3706,5.763433456420898,6.296875
3707,5.763435363769531,6.296875
3708,5.763519287109375,6.296875
3709,5.763498306274414,6.296875
3710,5.764431953430176,6.296875
3711,5.7648725509643555,6.296875
3712,5.764874458312988,6.296875
3713,5.76356315612793,6.296875
3714,5.763592720031738,6.296875
3715,5.763642311096191,6.296875
3716,5.764003753662109,6.296875
3717,5.763525009155273,6.296875
3718,5.764802932739258,6.296875
3719,5.764874458312988,6.296875
3720,5.764934539794922,6.296875
3721,5.7665605545043945,6.29921875
3722,5.768671989440918,6.30625
3723,5.7661285400390625,6.36015625
3724,5.766547203063965,6.371875
3725,5.765440940856934,6.46328125
3726,5.764974594116211,6.5687500000000005
3727,5.7647705078125,6.540625
3728,5.764545440673828,6.296875
3729,5.764704704284668,6.296875
3730,5.764925003051758,6.296875
3731,5.764823913574219,6.296875
3732,5.764870643615723,6.296875
3733,5.763462066650391,6.325
3734,5.763851165771484,6.3343750000000005
3735,5.764021873474121,6.34375
3736,5.764286041259766,6.38125
3737,5.764191627502441,6.38125
3738,5.764122009277344,6.38125
3739,5.763550758361816,6.38125
3740,5.76350212097168,6.38125
3741,5.763410568237305,6.409375000000001
3742,5.763436317443848,6.446875
3743,5.764326095581055,6.465625
3744,5.764354705810547,6.484375
3745,5.764776229858398,6.484375
3746,5.764780044555664,6.484375
3747,5.764824867248535,6.484375
3748,5.764497756958008,6.484375
3749,5.764416694641113,6.484375
3750,5.764823913574219,6.484375
3751,5.765162467956543,6.484375
3752,5.766585350036621,6.484375
3753,5.76529598236084,6.484375
3754,5.76515007019043,6.484375
3755,5.764701843261719,6.484375
3756,5.764286994934082,6.484375
3757,5.764761924743652,6.484375
3758,5.76451301574707,6.484375
3759,5.7644195556640625,6.484375
3760,5.765414237976074,6.465625
3761,5.765295028686523,6.33203125
3762,5.765045166015625,6.53125
3763,5.765377998352051,6.53125
3764,5.76536750793457,6.53125
3765,5.765057563781738,6.53125
3766,5.764762878417969,6.521875
3767,5.765124320983887,6.45625
3768,5.765650749206543,6.45625
3769,5.766687393188477,6.4375
3770,5.764883995056152,6.4281250000000005
3771,5.764822006225586,6.4281250000000005
3772,5.764836311340332,6.4281250000000005
3773,5.764820098876953,6.4281250000000005
3774,5.764796257019043,6.4281250000000005
3775,5.764379501342773,6.4281250000000005
3776,5.763991355895996,6.484375
3777,5.7645368576049805,6.49375
3778,5.764421463012695,6.49375
3779,5.7632598876953125,6.49375
3780,5.763273239135742,6.49375
3781,5.764772415161133,6.49375
3782,5.7648420333862305,6.49375
3783,5.7653703689575195,6.49375
3784,5.765104293823242,6.49375
3785,5.765072822570801,6.49375
3786,5.764987945556641,6.49375
3787,5.764898300170898,6.49375
3788,5.764410018920898,6.49375
3789,5.7643280029296875,6.49375
3790,5.764347076416016,6.49375
3791,5.7649126052856445,6.49375
3792,5.765078544616699,6.49375
3793,5.765071868896484,6.4281250000000005
3794,5.765256881713867,6.4281250000000005
3795,5.765178680419922,6.418749999999999
3796,5.765031814575195,6.418749999999999
3797,5.765244483947754,6.484375
3798,5.7648162841796875,6.596875
3799,5.764788627624512,6.596875
3800,5.764815330505371,6.596875
3801,5.764739990234375,6.596875
3802,5.764721870422363,6.596875
3803,5.764443397521973,6.596875
3804,5.764338493347168,6.596875
3805,5.764793395996094,6.596875
3806,5.764822006225586,6.596875
3807,5.764777183532715,6.596875
3808,5.764723777770996,6.596875
3809,5.764683723449707,6.596875
3810,5.764232635498047,6.596875
3811,5.764277458190918,6.596875
3812,5.763361930847168,6.596875
3813,5.771645545959473,6.596875
3814,5.793999671936035,6.625
3815,5.954815864562988,6.625
3816,5.7686357498168945,6.4796875
3817,5.767159461975098,6.45625
3818,5.766597747802734,6.446875000000001
3819,5.766096115112305,6.446875
3820,5.768575668334961,6.446875
3821,5.7691850662231445,6.446875
3822,5.77067756652832,6.446875
3823,5.772658348083496,6.43046875
3824,5.7684526443481445,6.418749999999999
3825,5.767266273498535,6.41171875
3826,5.774221420288086,6.371875
3827,5.768131256103516,6.371875
3828,5.773611068725586,6.371875
3829,5.7649641036987305,6.371875
3830,5.764886856079102,6.371875
3831,5.763724327087402,6.371875
3832,5.7637529373168945,6.371875
3833,5.763398170471191,6.371875
3834,5.763357162475586,6.371875
3835,5.763424873352051,6.371875
3836,5.763387680053711,6.371875
3837,5.764880180358887,6.371875
3838,5.772470474243164,6.371875
3839,5.773154258728027,6.371875
3840,5.775897979736328,6.371875
3841,5.768621444702148,6.371875
3842,5.767760276794434,6.371875
3843,5.770174026489258,6.371875
3844,5.770180702209473,6.371875
3845,5.769400596618652,6.3671875
3846,5.768754959106445,6.3578125
3847,5.766852378845215,6.3343750000000005
3848,5.7642974853515625,6.3343750000000005
3849,5.765291213989258,6.3343750000000005
3850,5.7653350830078125,6.3343750000000005
3851,5.769173622131348,6.3343750000000005
3852,5.767019271850586,6.3343750000000005
3853,5.768677711486816,6.3343750000000005
3854,5.768704414367676,6.3343750000000005
3855,5.769416809082031,6.3343750000000005
3856,5.769626617431641,6.3343750000000005
3857,5.768050193786621,6.3343750000000005
3858,5.769316673278809,6.3343750000000005
3859,5.769344329833984,6.3343750000000005
3860,5.769932746887207,6.3343750000000005
3861,5.770463943481445,6.3343750000000005
3862,5.770503997802734,6.3343750000000005
3863,5.768585205078125,6.3343750000000005
3864,5.767395973205566,6.3343750000000005
3865,5.7670087814331055,6.3343750000000005
3866,5.766134262084961,6.3343750000000005
3867,5.767036437988281,6.3343750000000005
3868,5.766180038452148,6.3343750000000005
3869,5.766172409057617,6.3343750000000005
3870,5.76613712310791,6.3343750000000005
3871,5.767108917236328,6.3343750000000005
3872,5.768790245056152,6.3343750000000005
3873,5.766420364379883,6.3343750000000005
3874,5.768420219421387,6.3343750000000005
3875,5.769617080688477,6.3343750000000005
3876,5.767632484436035,6.3343750000000005
3877,5.76840877532959,6.3343750000000005
3878,5.768438339233398,6.3343750000000005
3879,5.767947196960449,6.3343750000000005
3880,5.768187522888184,6.3343750000000005
3881,5.768197059631348,6.3343750000000005
3882,5.768790245056152,6.3343750000000005
3883,5.775824546813965,6.3343750000000005
3884,5.861764907836914,6.3343750000000005
3885,5.838130950927734,6.3343750000000005
3886,5.8361663818359375,6.3343750000000005
3887,5.807727813720703,6.3343750000000005
3888,5.822315216064453,6.3343750000000005
3889,5.813014984130859,6.3343750000000005
3890,5.765615463256836,6.3343750000000005
3891,5.768315315246582,6.3343750000000005
3892,5.771815299987793,6.3343750000000005
3893,5.770102500915527,6.3343750000000005
3894,5.780728340148926,6.325
3895,5.812019348144531,6.325
3896,6.232696533203125,6.278124999999999
3897,6.224747657775879,6.278124999999999
3898,6.063948631286621,6.278124999999999
3899,5.803689002990723,6.278124999999999
3900,5.791679382324219,6.278124999999999
3901,5.780219078063965,6.278124999999999
3902,5.772025108337402,6.278124999999999
3903,5.7726593017578125,6.278124999999999
3904,5.771942138671875,6.278124999999999
3905,5.761784553527832,6.278124999999999
3906,5.760412216186523,6.278124999999999
3907,5.758423805236816,6.278124999999999
3908,5.758231163024902,6.278124999999999
3909,5.761416435241699,6.0625
3910,5.763072967529297,6.025
3911,5.765172004699707,6.025
3912,5.764006614685059,6.025
3913,5.7712602615356445,6.015625
3914,5.771030426025391,6.034375000000001
3915,5.769449234008789,6.175000000000001
3916,5.769392013549805,6.184375
3917,5.768370628356934,6.1937500000000005
3918,5.768612861633301,6.1609375
3919,5.770798683166504,6.137499999999999
3920,5.7724199295043945,5.9437500000000005
3921,5.772420883178711,5.93359375
3922,5.7705230712890625,5.903125
3923,5.7738447189331055,5.89375
3924,5.771807670593262,5.89375
3925,5.771819114685059,5.89375
3926,5.773838043212891,5.89375
3927,5.772574424743652,5.89375
3928,5.7758941650390625,5.921875
3929,5.774656295776367,5.93125
3930,5.7758893966674805,5.93359375
3931,5.801078796386719,5.959375
3932,5.801746368408203,5.961718749999999
3933,5.788341522216797,6.015625
3934,5.786162376403809,6.04375
3935,5.768494606018066,6.17734375
3936,5.769207954406738,6.184375
3937,5.771326065063477,6.203125
3938,5.771916389465332,6.21484375
3939,5.7916059494018555,6.259375
3940,5.804548263549805,6.266406250000001
3941,5.805344581604004,6.2359375
3942,5.808643341064453,6.11171875
3943,5.801850318908691,5.99921875
3944,5.791642189025879,5.996874999999999
3945,5.778647422790527,6.00390625
3946,5.770439147949219,6.18203125
3947,5.767634391784668,6.3109375
3948,5.766763687133789,6.3343750000000005
3949,5.76841926574707,6.5125
3950,5.765997886657715,6.5125
3951,5.765734672546387,6.5125
3952,5.765854835510254,6.615625
3953,5.765897750854492,6.6390625
3954,5.76570987701416,6.68125
3955,5.7639665603637695,6.981249999999999
3956,5.765026092529297,6.925
3957,5.763494491577148,6.840624999999999
3958,5.763416290283203,6.840624999999999
3959,5.763388633728027,6.840624999999999
3960,5.763399124145508,6.840624999999999
3961,5.763378143310547,6.840624999999999
3962,5.763347625732422,6.840624999999999
3963,5.76420783996582,6.60625
3964,5.764360427856445,6.60625
3965,5.7634735107421875,6.60625
3966,5.764814376831055,6.60625
3967,5.763258934020996,6.60625
3968,5.764352798461914,6.60625
3969,5.768338203430176,6.634375
3970,5.797247886657715,6.746875
3971,5.801858901977539,6.775
3972,5.804801940917969,6.775
3973,5.792575836181641,6.8125
3974,5.7832794189453125,6.8500000000000005
3975,5.781306266784668,6.8500000000000005
3976,5.7989044189453125,6.93671875
3977,5.802878379821777,6.953125
3978,5.816455841064453,6.953125
3979,5.801847457885742,6.953125
3980,5.789036750793457,6.953125
3981,5.781991958618164,6.953125
3982,5.7786455154418945,6.953125
3983,5.7882890701293945,6.953125
3984,5.957480430603027,6.953125
3985,6.060640335083008,6.953125
3986,6.022522926330566,6.953125
3987,5.813188552856445,6.953125
3988,5.79648494720459,6.953125
3989,5.787349700927734,6.953125
3990,5.803630828857422,6.953125
3991,5.8007001876831055,6.953125
3992,5.785069465637207,6.953125
3993,5.788274765014648,6.953125
3994,5.802105903625488,6.953125
3995,5.836048126220703,6.953125
3996,5.790483474731445,6.953125
3997,5.787711143493652,6.953125
3998,5.780961990356445,6.953125
3999,5.785148620605469,6.953125
4000,5.784476280212402,6.953125
4001,5.7979021072387695,6.953125
4002,5.782012939453125,6.953125
4003,5.819615364074707,6.953125
4004,5.7786865234375,6.953125
4005,5.775352478027344,6.953125
4006,5.773838043212891,6.953125
4007,5.7971391677856445,6.953125
4008,5.7958526611328125,6.953125
4009,5.778021812438965,6.953125
4010,5.776029586791992,6.953125
4011,5.775392532348633,6.953125
4012,5.774694442749023,6.953125
4013,5.774435997009277,6.953125
4014,5.775822639465332,6.953125
4015,5.789532661437988,7.009375
4016,5.845893859863281,7.09375
4017,5.9391679763793945,7.09375
4018,5.918225288391113,7.09375
4019,5.878449440002441,7.1156250000000005
4020,5.871238708496094,7.140625
4021,5.86258602142334,7.24375
4022,5.779671669006348,7.271875
4023,5.779004096984863,7.271875
4024,5.771370887756348,7.243749999999999
4025,5.774979591369629,7.243749999999999
4026,5.781664848327637,7.243749999999999
4027,6.007762908935547,7.215625
4028,5.981213569641113,7.215625
4029,5.967144012451172,7.215625
4030,5.955033302307129,7.215625
4031,5.949373245239258,7.215625
4032,5.894652366638184,7.215625
4033,5.793890953063965,7.215625
4034,5.80078125,7.215625
4035,5.816863059997559,7.215625
4036,5.838502883911133,7.215625
4037,5.839707374572754,7.215625
4038,5.91654109954834,7.215625
4039,5.847255706787109,7.12890625
4040,5.816190719604492,7.103125
4041,5.804186820983887,7.065625
4042,5.806657791137695,7.065625
4043,5.833854675292969,7.046875
4044,5.834700584411621,7.046875
4045,5.836697578430176,7.046875
4046,5.833451271057129,7.046875
4047,5.817384719848633,7.0375000000000005
4048,5.816269874572754,6.934375
4049,5.827359199523926,6.925
4050,5.833486557006836,6.925
4051,5.829669952392578,6.925
4052,5.824981689453125,6.925
4053,5.8191938400268555,6.9109375
4054,5.818632125854492,6.878125
4055,5.81804084777832,6.878125
4056,5.826898574829102,6.878125
4057,5.823014259338379,6.878125
4058,5.83763313293457,6.878125
4059,5.832585334777832,6.8125
4060,5.840460777282715,6.784375
4061,5.8397674560546875,6.784375
4062,5.86252498626709,6.765625
4063,5.854580879211426,6.765625
4064,5.853582382202148,6.765625
4065,5.83976936340332,6.765625
4066,5.844805717468262,6.765625
4067,5.853492736816406,6.765625
4068,5.80159854888916,6.765625
4069,5.8754987716674805,6.765625
4070,5.861823081970215,6.765625
4071,5.851119041442871,6.765625
4072,5.831437110900879,6.765625
4073,5.824155807495117,6.765625
4074,5.820949554443359,6.765625
4075,5.805201530456543,6.765625
4076,5.804282188415527,6.765625
4077,5.9903154373168945,6.765625
4078,5.991255760192871,6.765625
4079,5.990900039672852,6.765625
4080,5.9577436447143555,6.765625
4081,5.89227294921875,6.765625
4082,5.797951698303223,6.765625
4083,5.800583839416504,6.765625
4084,5.79335880279541,6.765625
4085,5.791781425476074,6.765625
4086,5.790591239929199,6.765625
4087,5.790583610534668,6.765625
4088,5.787820816040039,6.765625
4089,5.792498588562012,6.765625
4090,5.793205261230469,6.765625
4091,5.804302215576172,6.765625
4092,5.784125328063965,6.765625
4093,5.774672508239746,6.765625
4094,5.7715654373168945,6.62265625
4095,5.768833160400391,6.60390625
4096,5.767129898071289,6.5875
4097,5.767096519470215,6.5875
4098,5.814508438110352,6.5875
4099,5.809664726257324,6.587500000000001
4100,5.840201377868652,6.540625
4101,5.863292694091797,6.540625
4102,5.82958984375,6.540625
4103,5.822659492492676,6.540625
4104,5.811000823974609,6.540625
4105,5.790266990661621,6.540625
4106,5.820591926574707,6.540625000000001
4107,5.8378143310546875,6.540625
4108,5.804889678955078,6.53125
4109,5.782382965087891,6.53125
4110,5.763358116149902,6.53125
4111,5.763301849365234,6.53125
4112,5.758909225463867,6.503125
4113,5.763859748840332,6.503125
4114,5.767373085021973,6.4867187500000005
4115,5.7790679931640625,6.428125
4116,5.779558181762695,6.4281250000000005
4117,5.7788496017456055,6.4281250000000005
4118,5.77956485748291,6.4281250000000005
4119,5.771966934204102,6.432812500000001
4120,5.767539978027344,6.4375
4121,5.75956916809082,6.484375
4122,5.76383113861084,6.503125
4123,5.784087181091309,6.5125
4124,5.783398628234863,6.5125
4125,5.759864807128906,6.5125
4126,5.732027053833008,6.5125
4127,5.745192527770996,6.5125
4128,5.748329162597656,6.5125
4129,5.761152267456055,6.5125
4130,5.775066375732422,6.5125
4131,5.782440185546875,6.4890625
4132,5.762513160705566,6.418749999999999
4133,5.763927459716797,6.418749999999999
4134,5.765968322753906,6.315625
4135,5.766345024108887,6.315625
4136,5.766362190246582,6.315625
4137,5.7682905197143555,6.315625
4138,5.768302917480469,6.353125
4139,5.767856597900391,6.446875
4140,5.767704963684082,6.446875
4141,5.768063545227051,6.4750000000000005
4142,5.768064498901367,6.484375
4143,5.774170875549316,6.484375
4144,5.773438453674316,6.53125
4145,5.7726850509643555,6.540625
4146,5.772660255432129,6.540625
4147,5.769984245300293,6.540625
4148,5.768527984619141,6.540625
4149,5.768064498901367,6.53125
4150,5.768000602722168,6.53125
4151,5.772124290466309,6.325
4152,5.77022647857666,6.38125
4153,5.7701826095581055,6.38125
4154,5.768179893493652,6.49375
4155,5.768821716308594,6.49375
4156,5.781002044677734,6.49375
4157,5.763525009155273,6.521875
4158,5.765301704406738,6.58984375
4159,5.764437675476074,6.653125
4160,5.762508392333984,6.350781250000001
4161,5.761421203613281,6.34375
4162,5.762205123901367,6.3625
4163,5.768028259277344,6.3859375
4164,5.772374153137207,6.409375000000001
4165,5.772329330444336,6.418749999999999
4166,5.7686614990234375,6.418749999999999
4167,5.772729873657227,6.418749999999999
4168,5.774428367614746,6.418749999999999
4169,5.771758079528809,6.418749999999999
4170,5.77238655090332,6.418749999999999
4171,5.768277168273926,6.418749999999999
4172,5.767746925354004,6.418749999999999
4173,5.768512725830078,6.3625
4174,5.767055511474609,6.292187500000001
4175,5.766129493713379,6.2875000000000005
4176,5.767070770263672,6.278124999999999
4177,5.767129898071289,6.259375
4178,5.7662811279296875,6.221875
4179,5.780351638793945,6.221875
4180,5.777568817138672,6.221875
4181,5.773476600646973,6.221875
4182,5.771020889282227,6.221875
4183,5.771758079528809,6.221875
4184,5.76594352722168,6.4281250000000005
4185,5.76837158203125,6.45625
4186,5.768385887145996,6.45625
4187,5.769837379455566,6.45625
4188,5.769039154052734,6.43515625
4189,5.7699079513549805,6.409375
4190,5.770376205444336,6.3625
4191,5.770569801330566,6.3625
4192,5.769948959350586,6.353125
4193,5.771075248718262,6.573437500000001
4194,5.7714643478393555,6.625
4195,5.770729064941406,6.625
4196,5.772541046142578,6.625
4197,5.774999618530273,6.6625
4198,5.769617080688477,6.69765625
4199,5.765718460083008,6.71875
4200,5.766963005065918,6.71875
4201,5.769372940063477,6.71875
4202,5.769374847412109,6.71875
4203,5.775684356689453,6.71875
4204,5.778500556945801,6.71875
4205,5.7731218338012695,6.71875
4206,5.7796125411987305,6.71875
4207,5.769906997680664,6.71875
4208,5.768407821655273,6.71875
4209,5.769993782043457,6.71875
4210,5.775752067565918,6.71875
4211,5.775744438171387,6.71875
4212,5.7747039794921875,6.71875
4213,5.770026206970215,6.71875
4214,5.770198822021484,6.71875
4215,5.769890785217285,6.71875
4216,5.769208908081055,6.71875
4217,5.767287254333496,6.71875
4218,5.768058776855469,6.71875
4219,5.767163276672363,6.71875
4220,5.76639461517334,6.71875
4221,5.767216682434082,6.71875
4222,5.7676849365234375,6.71875
4223,5.770036697387695,6.71875
4224,5.770496368408203,6.71875
4225,5.768420219421387,6.71875
4226,5.769803047180176,6.71875
4227,5.770289421081543,6.71875
4228,5.769444465637207,6.71875
4229,5.76746940612793,6.71875
4230,5.768179893493652,6.71875
4231,5.767809867858887,6.71875
4232,5.770846366882324,6.71875
4233,5.783044815063477,6.71875
4234,5.787059783935547,6.71875
4235,5.787635803222656,6.71875
4236,5.801032066345215,6.71875
4237,5.789344787597656,6.71875
4238,5.780400276184082,6.71875
4239,5.779021263122559,6.71875
4240,5.780401229858398,6.71875
4241,5.780413627624512,6.71875
4242,5.771727561950684,6.71875
4243,5.769665718078613,6.71875
4244,5.769018173217773,6.71875
4245,5.769042015075684,6.71875
4246,5.770476341247559,6.71875
4247,5.770573616027832,6.71875
4248,5.769950866699219,6.71875
4249,5.769174575805664,6.71875
4250,5.768640518188477,6.71875
4251,5.767035484313965,6.71875
4252,5.768637657165527,6.71875
4253,5.771480560302734,6.71875
4254,5.771472930908203,6.71875
4255,5.768293380737305,6.71875
4256,5.769101142883301,6.71875
4257,5.769752502441406,6.71875
4258,5.77189826965332,6.71875
4259,5.773968696594238,6.71875
4260,5.786736488342285,6.71875
4261,5.7915849685668945,6.71875
4262,5.794189453125,6.71875
4263,5.783747673034668,6.5078125
4264,5.787117004394531,6.45625
4265,5.769350051879883,6.625
4266,5.770227432250977,6.64375
4267,5.780850410461426,7.684374999999999
4268,5.778731346130371,7.684374999999999
4269,5.78281307220459,7.684374999999999
4270,5.790904998779297,7.684374999999999
4271,5.794193267822266,7.684374999999999
4272,5.792895317077637,7.665624999999999
4273,5.7811126708984375,7.478124999999999
4274,5.774409294128418,7.328125
4275,5.773674011230469,7.328125
4276,5.772427558898926,7.337499999999999
4277,5.772434234619141,7.337499999999999
4278,5.777566909790039,7.384374999999999
4279,5.776972770690918,7.403124999999999
4280,5.773563385009766,7.403124999999999
4281,5.7710723876953125,7.403124999999999
4282,5.770029067993164,7.403124999999999
4283,5.772017478942871,7.459375
4284,5.772733688354492,7.459375
4285,5.769792556762695,7.46875
4286,5.769146919250488,7.46875
4287,5.771656036376953,7.46875
4288,5.773111343383789,7.46875
4289,5.778720855712891,7.43125
4290,5.778717041015625,7.43125
4291,5.774518013000488,7.43125
4292,5.773392677307129,7.43125
4293,5.773571968078613,7.43125
4294,5.79090690612793,7.43125
4295,5.792083740234375,7.43125
4296,5.788722038269043,7.43125
4297,5.771210670471191,7.431250000000001
4298,5.771238327026367,7.43125
4299,5.784298896789551,7.43125
4300,5.786283493041992,7.43125
4301,5.789812088012695,7.43125
4302,5.774249076843262,7.43125
4303,5.7720136642456055,7.43125
4304,5.772740364074707,7.43125
4305,5.772737503051758,7.43125
4306,5.7741193771362305,7.454687499999999
4307,5.771215438842773,7.46875
4308,5.770524024963379,7.46875
4309,5.791321754455566,7.4125
4310,5.777706146240234,7.4125
4311,5.774787902832031,7.4125
4312,5.771361351013184,7.4125
4313,5.783143043518066,7.43125
4314,5.77752685546875,7.45
4315,5.775151252746582,7.45
4316,5.765422821044922,7.46875
4317,5.765801429748535,7.46875
4318,5.766826629638672,7.46875
4319,5.770354270935059,7.46875
4320,5.767698287963867,7.46875
4321,5.771719932556152,7.46875
4322,5.770024299621582,7.46875
4323,5.769985198974609,7.46875
4324,5.770509719848633,7.46875
4325,5.77048397064209,7.46875
4326,5.7751874923706055,7.46875
4327,5.782046318054199,7.46875
4328,5.774447441101074,7.46875
4329,5.774447441101074,7.46875
4330,5.774360656738281,7.46875
4331,5.779397964477539,7.46875
4332,5.780865669250488,7.46875
4333,5.77193546295166,7.46875
4334,5.770489692687988,7.46875
4335,5.769012451171875,7.46875
4336,5.767363548278809,7.46875
4337,5.766324996948242,7.46875
4338,5.766382217407227,7.46875
4339,5.765420913696289,7.346875
4340,5.768942832946777,7.4125
4341,5.768248558044434,7.44765625
4342,5.769961357116699,7.459375
4343,5.769813537597656,7.459375
4344,5.769041061401367,7.459375
4345,5.767682075500488,7.459375
4346,5.7669172286987305,7.459375
4347,5.767718315124512,7.459375
4348,5.767727851867676,7.459375
4349,5.767731666564941,7.44765625
4350,5.766927719116211,7.421875
4351,5.7660627365112305,7.4125
4352,5.768522262573242,7.4125
4353,5.769191741943359,7.4078125
4354,5.76915168762207,7.37265625
4355,5.76856803894043,7.384374999999999
4356,5.767815589904785,7.421875
4357,5.767803192138672,7.421875
4358,5.767813682556152,7.421875
4359,5.768510818481445,7.421875
4360,5.7685089111328125,7.421875
4361,5.7712907791137695,7.421875
4362,5.776823997497559,7.478124999999999
4363,5.776826858520508,7.478124999999999
4364,5.771249771118164,7.478124999999999
4365,5.770488739013672,7.375
4366,5.770013809204102,7.290625000000001
4367,5.771960258483887,7.290625
4368,5.771954536437988,7.290625
4369,5.772697448730469,7.290625
4370,5.7727155685424805,7.28125
4371,5.769304275512695,7.271875
4372,5.769956588745117,7.271875
4373,5.769171714782715,7.271875
4374,5.768514633178711,7.271875
4375,5.767828941345215,7.271875
4376,5.767865180969238,7.271875
4377,5.769303321838379,7.253125000000001
4378,5.76921272277832,7.253125000000001
4379,5.769165992736816,7.243749999999999
4380,5.769183158874512,7.225
4381,5.768503189086914,7.225
4382,5.768576622009277,7.224999999999999
4383,5.767884254455566,7.225
4384,5.767875671386719,7.225
4385,5.768647193908691,7.225
4386,5.769378662109375,7.225
4387,5.768624305725098,7.225
4388,5.769234657287598,7.225
4389,5.769176483154297,7.225
4390,5.7699995040893555,7.225
4391,5.771976470947266,7.225
4392,5.768464088439941,7.234375
4393,5.770511627197266,7.243749999999999
4394,5.769095420837402,7.271875
4395,5.76889705657959,7.290625
4396,5.767078399658203,7.403125
4397,5.770586967468262,7.440625
4398,5.775213241577148,7.44296875
4399,5.768341064453125,7.459375
4400,5.765759468078613,7.4875
4401,5.7656965255737305,7.4171875
4402,5.7666521072387695,7.343125000000001
4403,5.766851425170898,7.32578125
4404,5.766910552978516,7.29765625
4405,5.768733978271484,7.27890625
4406,5.78122615814209,7.1781250000000005
4407,5.787288665771484,7.1781250000000005
4408,5.789950370788574,7.1781250000000005
4409,5.789349555969238,7.1781250000000005
4410,5.7799072265625,7.1781250000000005
4411,5.783237457275391,7.1781250000000005
4412,5.768744468688965,7.1875
4413,5.767873764038086,7.196875
4414,5.768733024597168,7.196875
4415,5.7687177658081055,7.196875
4416,5.767139434814453,7.20625
4417,5.767852783203125,7.20390625
4418,5.766982078552246,7.15234375
4419,5.76600456237793,7.140625
4420,5.766229629516602,7.140625
4421,5.766232490539551,7.140625
4422,5.7678937911987305,7.159375
4423,5.767873764038086,7.159375
4424,5.767919540405273,7.1875
4425,5.76796817779541,7.1875
4426,5.768516540527344,7.225
4427,5.768584251403809,7.234375
4428,5.769743919372559,7.20625
4429,5.770441055297852,7.16875
4430,5.76904296875,7.16875
4431,5.770479202270508,7.1546875
4432,5.772394180297852,7.15
4433,5.772799491882324,7.159375
4434,5.777200698852539,7.159375
4435,5.768177032470703,7.20625
4436,5.766468048095703,7.225
4437,5.769426345825195,7.15
4438,5.775383949279785,7.09375
4439,5.7710676193237305,7.084375
4440,5.772380828857422,7.084375
4441,5.772459983825684,7.028125
4442,5.772640228271484,7.028125
4443,5.770490646362305,7.028125
4444,5.7685089111328125,7.028125
4445,5.767683029174805,7.065625
4446,5.767708778381348,7.065625
4447,5.771123886108398,7.075
4448,5.773913383483887,7.103125
4449,5.7773332595825195,7.1781250000000005
4450,5.79191780090332,7.1875
4451,5.7726545333862305,7.196875
4452,5.768510818481445,7.196875
4453,5.764652252197266,7.196875
4454,5.765763282775879,7.196875
4455,5.767616271972656,7.196875
4456,5.766308784484863,7.196875
4457,5.766302108764648,7.196875
4458,5.765473365783691,7.1875
4459,5.766440391540527,7.1875
4460,5.767378807067871,7.147656250000001
4461,5.766868591308594,7.140625
4462,5.767542839050293,7.140625
4463,5.772068977355957,7.140625
4464,5.770564079284668,7.140625
4465,5.7692060470581055,7.140625
4466,5.769460678100586,7.140625
4467,5.775386810302734,7.140625
4468,5.790101051330566,7.140625
4469,5.792031288146973,7.140625
4470,5.791380882263184,7.140625
4471,5.794897079467773,7.147656250000001
4472,5.794663429260254,7.196875
4473,5.795588493347168,7.290625
4474,5.796991348266602,7.290625
4475,5.766907691955566,7.3328125
4476,5.777915000915527,7.384374999999999
4477,5.760995864868164,7.403124999999999
4478,5.762276649475098,7.403124999999999
4479,5.761987686157227,7.4125
4480,5.765070915222168,7.4125
4481,5.765685081481934,7.4125
4482,5.76572322845459,7.4125
4483,5.7648468017578125,7.4125
4484,5.7643537521362305,7.4125
4485,5.765658378601074,7.4125
4486,5.767657279968262,7.4125
4487,5.764980316162109,7.3
4488,5.764837265014648,7.28125
4489,5.7679033279418945,7.309375
4490,5.7707014083862305,7.337499999999999
4491,5.771590232849121,7.337499999999999
4492,5.772941589355469,7.31875
4493,5.772895812988281,7.262499999999999
4494,5.782176971435547,7.15
4495,5.783536911010742,7.15
4496,5.782902717590332,7.20625
4497,5.784857749938965,7.20625
4498,5.779531478881836,7.20625
4499,5.812817573547363,7.234375
4500,5.82627010345459,7.1781250000000005
4501,5.795818328857422,7.19921875
4502,5.781608581542969,7.20859375
4503,5.765591621398926,7.243749999999999
4504,5.764678955078125,7.243749999999999
4505,5.7655229568481445,7.262499999999999
4506,5.765538215637207,7.262499999999999
4507,5.767020225524902,7.262499999999999
4508,5.766030311584473,7.262499999999999
4509,5.76506233215332,7.262499999999999
4510,5.7631425857543945,7.262499999999999
4511,5.763240814208984,7.262499999999999
4512,5.767875671386719,7.262499999999999
4513,5.770003318786621,7.262499999999999
4514,5.7692766189575195,7.262499999999999
4515,5.772433280944824,7.262499999999999
4516,5.788684844970703,7.262499999999999
4517,5.782886505126953,7.262499999999999
4518,5.768499374389648,7.262499999999999
4519,5.76857852935791,7.262499999999999
4520,5.7630157470703125,7.262499999999999
4521,5.780542373657227,7.262499999999999
4522,5.7785539627075195,7.262499999999999
4523,5.769040107727051,7.262499999999999
4524,5.764573097229004,7.262499999999999
4525,5.763036727905273,7.262499999999999
4526,5.768206596374512,7.262499999999999
4527,5.765504837036133,7.253125000000001
4528,5.765937805175781,7.243749999999999
4529,5.769071578979492,7.20625
4530,5.771039009094238,7.20625
4531,5.767600059509277,7.20625
4532,5.764924049377441,7.1875
4533,5.749288558959961,7.1734375
4534,5.755609512329102,7.159375
4535,5.799373626708984,7.15
4536,5.8795671463012695,7.150000000000001
4537,5.8000946044921875,7.15
4538,5.823990821838379,7.15
4539,6.042474746704102,7.112500000000001
4540,6.075375556945801,7.05625
4541,6.050440788269043,7.046875
4542,6.025844573974609,6.821875
4543,5.727697372436523,6.821875
4544,4.81480598449707,6.821875
4545,5.793998718261719,6.821875
4546,5.858753204345703,6.821875
4547,5.899172782897949,6.821875
4548,5.96900749206543,6.821875
4549,5.993809700012207,6.821875
4550,6.007913589477539,6.821875
4551,6.256606101989746,6.821875
4552,6.29780387878418,6.821875
4553,6.308991432189941,6.821875
4554,6.319462776184082,6.821875
4555,6.315242767333984,6.821875
4556,6.178400039672852,6.821875
4557,6.015901565551758,6.821875
4558,5.862872123718262,6.821875
4559,5.843341827392578,6.821875
4560,5.728830337524414,6.821875
4561,5.545926094055176,6.821875
4562,5.676912307739258,6.821875
4563,4.866879463195801,6.821875
4564,4.842428207397461,6.821875
4565,5.53719425201416,6.821875
4566,5.494531631469727,6.821875
4567,6.427138328552246,3.04375
4568,6.422930717468262,3.04375
4569,6.42293643951416,3.04375
4570,6.424724578857422,3.04375
4571,6.426779747009277,3.04375
4572,6.425048828125,3.04375
4573,6.422196388244629,3.04375
4574,6.422703742980957,3.04375
4575,6.423067092895508,3.04375
4576,6.42415714263916,3.04375
4577,6.425684928894043,3.04375
4578,6.425775527954102,3.04375
4579,6.421255111694336,3.04375
4580,6.4185991287231445,3.04375
4581,6.41618537902832,3.04375
4582,6.193268775939941,3.04375
4583,5.920562744140625,3.21953125
4584,5.871788024902344,3.5171875000000004
4585,5.866914749145508,3.68359375
4586,5.865478515625,3.86171875
4587,4.924788475036621,3.990625
4588,4.924152374267578,4.0
4589,4.924154281616211,4.0
4590,4.924493789672852,4.0
4591,4.924191474914551,4.03515625
4592,4.92442512512207,4.421875
4593,4.924492835998535,4.421875
4594,4.924312591552734,4.421875
4595,4.924184799194336,4.421875
4596,4.9241790771484375,4.459375
4597,4.923978805541992,4.571875
4598,4.923871040344238,4.571875
4599,4.923165321350098,4.571875
4600,4.922492980957031,4.571875
4601,4.922327041625977,4.571875
4602,4.922473907470703,4.571875
4603,4.922577857971191,4.571875
4604,4.922567367553711,4.571875
4605,4.926700592041016,4.571875
4606,5.086362838745117,4.571875
4607,5.780021667480469,4.571875
4608,5.864323616027832,4.571875
4609,5.864933013916016,4.571875
4610,5.866289138793945,4.534375
4611,5.866388320922852,4.534375
4612,5.866115570068359,4.534375
4613,5.866166114807129,4.534375
4614,5.865541458129883,4.534375
4615,5.865541458129883,4.534375
4616,5.865272521972656,4.534375
4617,5.86515998840332,4.534375
4618,5.8659868240356445,4.534375
4619,5.865949630737305,4.534375
4620,5.858712196350098,4.534375
4621,5.857054710388184,4.534375
4622,5.862969398498535,4.534375
4623,5.8630781173706055,4.534375
4624,5.865903854370117,4.534375
4625,5.860564231872559,4.534375
4626,5.807835578918457,4.534375
4627,5.778812408447266,4.534375
4628,5.453451156616211,4.571875
4629,4.9271039962768555,5.90546875
4630,4.9241838455200195,6.08125
4631,4.924187660217285,6.08125
4632,4.924323081970215,6.08125
4633,4.924302101135254,6.08125
4634,4.924323081970215,6.08125
4635,5.846444129943848,6.090625
4636,5.8589677810668945,6.090625
4637,5.864823341369629,6.090625
4638,5.8667449951171875,6.090625
4639,5.8669328689575195,6.090625
4640,5.864479064941406,6.090625
4641,5.865645408630371,6.090625
4642,5.865649223327637,6.090625
4643,5.865757942199707,6.090625
4644,5.865757942199707,6.090625
4645,5.865686416625977,6.090625
4646,5.865692138671875,6.090625
4647,5.866684913635254,6.090625
4648,5.8666229248046875,6.163281250000001
4649,5.8662214279174805,6.25
4650,5.866253852844238,6.25
4651,5.86619758605957,6.25
4652,5.866212844848633,6.25
4653,5.866385459899902,6.25
4654,5.866382598876953,6.25
4655,5.866353988647461,6.25
4656,5.8663482666015625,6.25
4657,5.866886138916016,6.25
4658,5.866969108581543,6.25
4659,5.8673295974731445,6.25
4660,5.8674468994140625,6.25
4661,5.86769962310791,6.25
4662,5.867097854614258,6.25
4663,5.866748809814453,6.25
4664,5.866733551025391,6.25
4665,5.866324424743652,6.25
4666,5.866359710693359,6.25
4667,5.866328239440918,6.25
4668,5.866323471069336,6.25
4669,5.866062164306641,6.25
4670,5.866271018981934,6.25
4671,5.866983413696289,6.268750000000001
4672,5.866394996643066,6.278124999999999
4673,5.866379737854004,6.278124999999999
4674,5.866476058959961,6.221875
4675,5.8665571212768555,6.221875
4676,5.867151260375977,6.053125
4677,5.8670244216918945,6.053125
4678,5.866918563842773,6.01796875
4679,5.8668622970581055,5.987500000000001
4680,5.866815567016602,5.987500000000001
4681,5.866921424865723,5.987500000000001
4682,5.866559982299805,5.987500000000001
4683,5.866790771484375,5.987500000000001
4684,5.867544174194336,5.987500000000001
4685,5.867401123046875,5.987500000000001
4686,5.867115020751953,5.987500000000001
4687,5.866589546203613,5.987500000000001
4688,5.866388320922852,5.987500000000001
4689,5.8664045333862305,5.987500000000001
4690,5.866289138793945,5.987500000000001
4691,5.866314888000488,5.987500000000001
4692,5.866311073303223,5.987500000000001
4693,5.866313934326172,5.987500000000001
4694,5.866268157958984,5.987500000000001
4695,5.866254806518555,5.987500000000001
4696,5.866308212280273,5.987500000000001
4697,5.8669233322143555,5.987500000000001
4698,5.866872787475586,5.987500000000001
4699,5.867036819458008,5.987500000000001
4700,5.866508483886719,5.987500000000001
4701,5.866487503051758,5.987500000000001
4702,5.866379737854004,5.987500000000001
4703,5.866477012634277,5.987500000000001
4704,5.866386413574219,5.987500000000001
4705,5.867166519165039,5.987500000000001
4706,5.866517066955566,5.987500000000001
4707,5.866469383239746,5.987500000000001
4708,5.866547584533691,5.987500000000001
4709,5.866521835327148,5.987500000000001
4710,5.866663932800293,5.987500000000001
4711,5.868427276611328,5.987500000000001
4712,5.86863899230957,5.987500000000001
4713,5.868072509765625,5.987500000000001
4714,5.867062568664551,5.987500000000001
4715,5.8670759201049805,5.987500000000001
4716,5.866938591003418,5.9921875
4717,5.866750717163086,5.996874999999999
4718,5.867356300354004,5.996874999999999
4719,5.867545127868652,5.996874999999999
4720,5.867073059082031,5.996874999999999
4721,5.866806983947754,5.996874999999999
4722,5.8678483963012695,5.996874999999999
4723,5.8681488037109375,5.996874999999999
4724,5.870271682739258,5.996874999999999
4725,5.867175102233887,5.996874999999999
4726,5.867046356201172,5.996874999999999
4727,5.866975784301758,5.996874999999999
4728,5.866887092590332,5.996874999999999
4729,5.866781234741211,5.996874999999999
4730,5.866900444030762,5.996874999999999
4731,5.867687225341797,5.996874999999999
4732,5.86726188659668,5.996874999999999
4733,5.867267608642578,5.996874999999999
4734,5.866935729980469,5.996874999999999
4735,5.86677360534668,5.996874999999999
4736,5.866605758666992,5.996874999999999
4737,5.866122245788574,5.659375
4738,5.866280555725098,5.528125
4739,5.86628532409668,5.528125
4740,5.866238594055176,5.492968749999999
4741,5.8663177490234375,5.490625
4742,5.866366386413574,5.4671875000000005
4743,5.866477012634277,5.434375
4744,5.866419792175293,5.434375
4745,5.866420745849609,5.434375
4746,5.866358757019043,5.434375
4747,5.866547584533691,5.425
4748,5.866663932800293,5.425
4749,5.868570327758789,5.425
4750,5.873540878295898,5.425
4751,5.8690595626831055,5.425
4752,5.8669023513793945,5.425
4753,5.866110801696777,5.425
4754,5.86611270904541,5.425
4755,5.86630916595459,5.425
4756,5.866358757019043,5.425
4757,5.866349220275879,5.425
4758,5.866936683654785,5.425
4759,5.867674827575684,5.425
4760,5.867469787597656,5.425
4761,5.8667755126953125,5.425
4762,5.866758346557617,5.425
4763,5.866569519042969,5.425
4764,5.866571426391602,5.425
4765,5.8664445877075195,5.425
4766,5.8664140701293945,5.425
4767,5.866448402404785,5.425
4768,5.867833137512207,5.415625
4769,5.891977310180664,5.415625
4770,5.900369644165039,5.415625
4771,5.906496047973633,5.415625
4772,5.906574249267578,5.415625
4773,5.878021240234375,5.396875
4774,5.873138427734375,5.35
4775,5.870394706726074,5.35
4776,5.869534492492676,5.35
4777,5.869196891784668,5.35
4778,5.868476867675781,5.35
4779,5.867709159851074,5.35
4780,5.867705345153809,5.35
4781,5.867513656616211,5.35
4782,5.866734504699707,5.35
4783,5.865840911865234,5.340625
4784,5.86617374420166,5.340625
4785,5.866148948669434,5.340625
4786,5.866433143615723,5.340625
4787,5.866362571716309,5.340625
4788,5.866524696350098,5.340625
4789,5.866548538208008,5.340625
4790,5.866471290588379,5.340625
4791,5.866156578063965,5.340625
4792,5.866462707519531,5.32421875
4793,5.86646842956543,5.321875
4794,5.866484642028809,5.321875
4795,5.866865158081055,5.321875
4796,5.867443084716797,5.321875
4797,5.867548942565918,5.321875
4798,5.867673873901367,5.321875
4799,5.868427276611328,5.321875
4800,5.866808891296387,5.321875
4801,5.86659049987793,5.321875
4802,5.866598129272461,5.321875
4803,5.866594314575195,5.321875
4804,5.866534233093262,5.321875
4805,5.866718292236328,5.321875
4806,5.866620063781738,5.321875
4807,5.866609573364258,5.321875
4808,5.86659049987793,5.321875
4809,5.866608619689941,5.321875
4810,5.866908073425293,5.321875
4811,5.867240905761719,5.321875
4812,5.866396903991699,5.321875
4813,5.866239547729492,5.321875
4814,5.866240501403809,5.321875
4815,5.866032600402832,5.321875
4816,5.865983009338379,5.321875
4817,5.8667497634887695,5.321875
4818,5.866850852966309,5.321875
4819,5.866581916809082,5.321875
4820,5.866783142089844,5.321875
4821,5.866779327392578,5.321875
4822,5.866828918457031,5.321875
4823,5.866734504699707,5.321875
4824,5.866633415222168,5.321875
4825,5.866571426391602,5.321875
4826,5.866477966308594,5.321875
4827,5.86640739440918,5.321875
4828,5.866480827331543,5.321875
4829,5.8667097091674805,5.321875
4830,5.86720085144043,5.321875
4831,5.866304397583008,5.29375
4832,5.866330146789551,5.27734375
4833,5.866168975830078,5.31015625
4834,5.86635684967041,5.49765625
4835,5.866940498352051,5.8
4836,5.8664960861206055,5.8
4837,5.866132736206055,5.771875
4838,5.8660430908203125,5.771875
4839,5.867061614990234,5.771875
4840,5.86673641204834,5.771875
4841,5.866233825683594,5.771875
4842,5.866010665893555,5.771875
4843,5.866008758544922,5.771875
4844,5.866084098815918,5.78125
4845,5.866031646728516,5.78125
4846,5.866074562072754,5.78125
4847,5.866097450256348,5.78125
4848,5.866218566894531,5.78125
4849,5.866184234619141,5.78125
4850,5.866094589233398,5.790625
4851,5.8660888671875,5.9546875
4852,5.866095542907715,5.9640625
4853,5.865997314453125,6.09765625
4854,5.865997314453125,6.137499999999999
4855,5.865696907043457,6.6156250000000005
4856,5.865172386169434,6.4281250000000005
4857,5.865303993225098,6.2359375
4858,5.865549087524414,6.053125
4859,5.865703582763672,6.053125
4860,5.866223335266113,6.053125
4861,5.866410255432129,6.053125
4862,5.8669328689575195,6.053125
4863,5.866741180419922,6.053125
4864,5.866720199584961,6.053125
4865,5.866091728210449,6.053125
4866,5.866180419921875,6.053125
4867,5.866663932800293,6.053125
4868,5.866786956787109,6.053125
4869,5.867989540100098,6.053125
4870,5.865920066833496,6.053125
4871,5.865810394287109,6.053125
4872,5.865391731262207,6.053125
4873,5.932548522949219,6.053125
4874,6.1204729080200195,6.053125
4875,6.020477294921875,6.053125
4876,5.9358015060424805,6.053125
4877,5.874432563781738,6.053125
4878,5.866843223571777,6.053125
4879,5.866192817687988,6.053125
4880,5.865812301635742,6.053125
4881,5.85794734954834,6.053125
4882,5.855340003967285,6.053125
4883,5.864175796508789,6.053125
4884,5.863983154296875,6.053125
4885,5.863997459411621,6.053125
4886,5.864991188049316,6.1890625
4887,5.864943504333496,6.1937500000000005
4888,5.864607810974121,6.1937500000000005
4889,5.864615440368652,6.1937500000000005
4890,5.864717483520508,6.1937500000000005
4891,5.864707946777344,6.1937500000000005
4892,5.864670753479004,6.1937500000000005
4893,5.86445426940918,6.1937500000000005
4894,5.864259719848633,6.1937500000000005
4895,5.864231109619141,6.1937500000000005
4896,5.864255905151367,6.1937500000000005
4897,5.864254951477051,6.1937500000000005
4898,5.866218566894531,6.1937500000000005
4899,5.866532325744629,6.184375
4900,5.866361618041992,6.184375
4901,5.8662309646606445,6.184375
4902,5.866204261779785,6.175
4903,5.865715026855469,6.15390625
4904,5.865373611450195,6.1468750000000005
4905,5.8653669357299805,6.1468750000000005
4906,5.86533260345459,6.1468750000000005
4907,5.86553955078125,6.1468750000000005
4908,5.866059303283691,6.1468750000000005
4909,5.866123199462891,6.1468750000000005
4910,5.866144180297852,6.1468750000000005
4911,5.866168022155762,6.1468750000000005
4912,5.866177558898926,6.1468750000000005
4913,5.866185188293457,6.1468750000000005
4914,5.866292953491211,6.1468750000000005
4915,5.866193771362305,6.175
4916,5.86602783203125,6.184375
4917,5.866072654724121,6.184375
4918,5.866015434265137,6.15859375
4919,5.865936279296875,6.08125
4920,5.865268707275391,6.071875
4921,5.866329193115234,6.071875
4922,5.868707656860352,6.071875
4923,5.868522644042969,6.071875
4924,5.867657661437988,6.071875
4925,5.867149353027344,6.071875
4926,5.867134094238281,6.071875
4927,5.867281913757324,6.071875
4928,5.866976737976074,6.071875
4929,5.866605758666992,6.071875
4930,5.865654945373535,6.071875
4931,5.865962028503418,6.071875
4932,5.866061210632324,6.071875
4933,5.866117477416992,6.071875
4934,5.866118431091309,6.071875
4935,5.866170883178711,6.071875
4936,5.866086006164551,6.071875
4937,5.866105079650879,6.071875
4938,5.866191864013672,6.071875
4939,5.8661956787109375,6.071875
4940,5.866145133972168,6.071875
4941,5.866458892822266,6.071875
4942,5.866833686828613,6.071875
4943,5.866957664489746,6.071875
4944,5.867307662963867,6.071875
4945,5.865779876708984,6.071875
4946,5.8660173416137695,6.071875
4947,5.866013526916504,6.071875
4948,5.865537643432617,6.071875
4949,5.865476608276367,6.071875
4950,5.8657026290893555,6.071875
4951,5.865668296813965,6.071875
4952,5.866138458251953,6.071875
4953,5.865870475769043,6.071875
4954,5.866008758544922,6.071875
4955,5.867260932922363,6.071875
4956,5.866911888122559,6.071875
4957,5.867140769958496,6.071875
4958,5.865813255310059,6.071875
4959,5.8658342361450195,6.071875
4960,5.866030693054199,6.071875
4961,5.866366386413574,6.16796875
4962,5.866371154785156,6.3484375
4963,5.866360664367676,6.4140625
4964,5.86625862121582,6.6203125
4965,5.86630916595459,6.671875
4966,5.867008209228516,6.4140625
4967,5.866464614868164,5.659375
4968,5.865445137023926,5.11328125
4969,5.865602493286133,5.10625
4970,5.865549087524414,5.10625
4971,5.867313385009766,5.10625
4972,5.868508338928223,5.10625
4973,5.865477561950684,5.134375
4974,5.86617374420166,5.134375
4975,5.879458427429199,5.134375
4976,5.880399703979492,5.134375
4977,5.866298675537109,5.134375
4978,5.866389274597168,5.134375
4979,5.866528511047363,5.134375
4980,5.866735458374023,5.134375
4981,5.866596221923828,5.134375
4982,5.867353439331055,5.134375
4983,5.867856979370117,5.134375
4984,5.872587203979492,5.134375
4985,5.867396354675293,5.134375
4986,5.866742134094238,5.134375
4987,5.875903129577637,5.134375
4988,5.865516662597656,5.134375
4989,5.865270614624023,5.134375
4990,5.865443229675293,5.134375
4991,5.865751266479492,5.134375
4992,5.865735054016113,5.134375
4993,5.865575790405273,5.134375
4994,5.865735054016113,5.134375
4995,5.86507511138916,5.134375
4996,5.865318298339844,5.134375
4997,5.8654680252075195,5.134375
4998,5.865811347961426,5.134375
4999,5.86599063873291,5.134375
5000,5.866005897521973,5.134375
5001,5.865724563598633,5.134375
5002,5.869537353515625,5.134375
5003,5.866331100463867,5.134375
5004,5.865616798400879,5.134375
5005,5.865662574768066,5.134375
5006,5.865920066833496,5.134375
5007,5.86594295501709,5.134375
5008,5.865926742553711,5.134375
5009,5.867023468017578,5.134375
5010,5.867359161376953,5.134375
5011,5.866270065307617,5.134375
5012,5.867042541503906,5.134375
5013,5.884182929992676,5.134375
5014,5.865860939025879,5.134375
5015,5.866054534912109,5.134375
5016,5.866035461425781,5.134375
5017,5.865996360778809,5.134375
5018,5.866270065307617,5.134375
5019,5.866297721862793,5.134375
5020,5.866970062255859,5.134375
5021,5.866340637207031,5.134375
5022,5.866161346435547,5.134375
5023,5.866324424743652,5.134375
5024,5.865921974182129,5.134375
5025,5.865838050842285,5.134375
5026,5.865875244140625,5.134375
5027,5.866117477416992,5.134375
5028,5.8660125732421875,5.134375
5029,5.866087913513184,5.134375
5030,5.865967750549316,5.134375
5031,5.86555290222168,5.134375
5032,5.866063117980957,5.134375
5033,5.866117477416992,5.134375
5034,5.866733551025391,5.134375
5035,5.866388320922852,5.134375
5036,5.865730285644531,5.134375
5037,5.865942001342773,5.134375
5038,5.866053581237793,5.134375
5039,5.866522789001465,5.134375
5040,5.866098403930664,5.134375
5041,5.868725776672363,5.134375
5042,5.869067192077637,5.134375
5043,5.869707107543945,5.134375
5044,5.871518135070801,5.134375
5045,5.903241157531738,5.134375
5046,5.93351936340332,5.134375
5047,5.872626304626465,5.134375
5048,5.866320610046387,5.134375
5049,5.86635684967041,5.134375
5050,5.866368293762207,5.134375
5051,5.866684913635254,5.134375
5052,5.868812561035156,5.134375
5053,5.869638442993164,5.134375
5054,5.869768142700195,5.134375
5055,5.8667449951171875,5.134375
5056,5.866641044616699,5.134375
5057,5.865884780883789,5.134375
5058,5.866003036499023,5.134375
5059,5.867396354675293,5.134375
5060,5.866588592529297,5.134375
5061,5.865751266479492,5.125
5062,5.865238189697266,5.125
5063,5.864704132080078,5.125
5064,5.867391586303711,5.125
5065,5.867372512817383,5.125
5066,5.874088287353516,5.125
5067,5.867810249328613,5.125
5068,5.866333961486816,5.125
5069,5.866062164306641,5.06875
5070,5.865610122680664,5.05
5071,5.865250587463379,4.984375
5072,5.86624813079834,5.10625
5073,5.8663330078125,5.10625
5074,5.866703033447266,5.202343750000001
5075,5.866788864135742,5.2890625
5076,5.8668413162231445,5.2703125
5077,5.868282318115234,5.835156250000001
5078,5.868701934814453,5.8421875000000005
5079,5.869345664978027,5.8609375
5080,5.87065315246582,5.88671875
5081,5.870671272277832,5.9906250000000005
5082,5.867592811584473,6.071875
5083,5.866364479064941,6.071875
5084,5.866159439086914,6.071875
5085,5.866257667541504,6.071875
5086,5.8660430908203125,6.071875
5087,5.866058349609375,6.071875
5088,5.8659210205078125,6.1140625
5089,5.8655805587768555,6.11875
5090,5.865628242492676,6.11875
5091,5.865592956542969,6.11875
5092,5.8657426834106445,6.11875
5093,5.8678693771362305,5.143750000000001
5094,5.865703582763672,5.13671875
5095,5.866150856018066,5.134375
5096,5.866156578063965,5.134375
5097,5.866107940673828,5.134375
5098,5.866076469421387,5.134375
5099,5.866044998168945,5.134375
5100,5.866094589233398,5.134375
5101,5.866920471191406,5.134375
5102,5.866507530212402,5.134375
5103,5.866334915161133,5.134375
5104,5.866180419921875,5.134375
5105,5.866166114807129,5.134375
5106,5.866094589233398,5.134375
5107,5.866300582885742,5.134375
5108,5.866323471069336,5.134375
5109,5.8661699295043945,5.134375
5110,5.8661346435546875,5.134375
5111,5.866288185119629,5.134375
5112,5.866376876831055,5.134375
5113,5.8663530349731445,5.134375
5114,5.866385459899902,5.134375
5115,5.866391181945801,5.134375
5116,5.866390228271484,5.134375
5117,5.8663787841796875,5.134375
5118,5.866364479064941,5.134375
5119,5.866548538208008,5.134375
5120,5.866937637329102,5.134375
5121,5.866949081420898,5.134375
5122,5.866992950439453,5.134375
5123,5.867134094238281,5.134375
5124,5.867093086242676,5.134375
5125,5.866997718811035,5.134375
5126,5.866168975830078,5.134375
5127,5.865708351135254,5.134375
5128,5.866330146789551,5.134375
5129,5.86580753326416,5.134375
5130,5.866159439086914,5.134375
5131,5.866278648376465,5.134375
5132,5.86629581451416,5.134375
5133,5.866297721862793,5.134375
5134,5.866254806518555,5.134375
5135,5.8662519454956055,5.134375
5136,5.866250038146973,5.134375
5137,5.866199493408203,5.134375
5138,5.865874290466309,5.134375
5139,5.8653974533081055,5.134375
5140,5.865909576416016,5.134375
5141,5.866155624389648,5.134375
5142,5.866238594055176,5.8375
5143,5.866314888000488,5.89375
5144,5.869780540466309,5.903125
5145,5.872547149658203,5.903125
5146,5.869952201843262,5.903125
5147,5.869380950927734,5.903125
5148,5.8684492111206055,5.903125
5149,5.8696393966674805,5.903125
5150,5.869535446166992,5.903125
5151,5.87053108215332,5.903125
5152,5.871111869812012,5.903125
5153,5.871535301208496,5.903125
5154,5.8720502853393555,5.903125
5155,5.874716758728027,5.903125
5156,5.87452507019043,5.903125
5157,5.872564315795898,5.903125
5158,5.867643356323242,5.903125
5159,5.866735458374023,5.903125
5160,5.868454933166504,5.903125
5161,5.868472099304199,5.903125
5162,5.868227958679199,5.903125
5163,5.868293762207031,5.9546875
5164,5.868368148803711,5.959375
5165,5.868385314941406,5.96640625
5166,5.868535041809082,5.985156250000001
5167,5.868269920349121,5.987500000000001
5168,5.8676300048828125,5.987500000000001
5169,5.868453025817871,5.987500000000001
5170,5.873461723327637,5.987500000000001
5171,5.881898880004883,5.987500000000001
5172,5.886083602905273,5.987500000000001
5173,5.8860673904418945,5.987500000000001
5174,5.88538932800293,5.987500000000001
5175,5.875450134277344,5.987500000000001
5176,5.868642807006836,5.987500000000001
5177,5.868061065673828,6.0062500000000005
5178,5.86790657043457,6.0062500000000005
5179,5.867941856384277,6.0062500000000005
5180,5.86879825592041,6.0062500000000005
5181,5.8687334060668945,6.0062500000000005
5182,5.8684492111206055,6.0062500000000005
5183,5.868120193481445,6.0062500000000005
5184,5.8678083419799805,6.0062500000000005
5185,5.868278503417969,6.0062500000000005
5186,5.868653297424316,6.0062500000000005
5187,5.869081497192383,6.0062500000000005
5188,5.869208335876465,6.0062500000000005
5189,5.869956970214844,6.0062500000000005
5190,5.869773864746094,6.0062500000000005
5191,5.867471694946289,6.0062500000000005
5192,5.868574142456055,6.0062500000000005
5193,5.867214202880859,6.0062500000000005
5194,5.867002487182617,6.015625
5195,5.866909980773926,6.015625
5196,5.866904258728027,6.015625
5197,5.866878509521484,6.015625
5198,5.86652946472168,6.04375
5199,5.866936683654785,6.04375
5200,5.873345375061035,6.04375
5201,5.9505615234375,6.04375
5202,6.128286361694336,5.575
5203,6.274940490722656,5.434375
5204,5.871160507202148,5.0218750000000005
5205,5.865578651428223,5.0218750000000005
5206,5.86567497253418,5.0218750000000005
5207,5.865687370300293,5.0218750000000005
5208,5.865365028381348,5.0218750000000005
5209,5.865074157714844,5.0218750000000005
5210,5.865015029907227,5.0218750000000005
5211,5.865089416503906,5.0218750000000005
5212,5.865130424499512,5.0218750000000005
5213,5.865333557128906,5.0218750000000005
5214,5.8660888671875,5.0218750000000005
5215,5.866366386413574,5.0218750000000005
5216,5.866185188293457,5.0218750000000005
5217,5.865913391113281,5.0218750000000005
5218,5.8654937744140625,5.0218750000000005
5219,5.86515998840332,5.0218750000000005
5220,5.865144729614258,5.0218750000000005
5221,5.865482330322266,5.0218750000000005
5222,5.865632057189941,5.0218750000000005
5223,5.865719795227051,5.0218750000000005
5224,5.866164207458496,5.0218750000000005
5225,5.866345405578613,5.0218750000000005
5226,5.866809844970703,5.0218750000000005
5227,5.869734764099121,5.0218750000000005
5228,5.869994163513184,5.0218750000000005
5229,5.8700408935546875,5.0218750000000005
5230,5.869570732116699,5.0218750000000005
5231,5.8692216873168945,5.0218750000000005
5232,5.869245529174805,5.0218750000000005
5233,5.869217872619629,5.0218750000000005
5234,5.867542266845703,5.0218750000000005
5235,5.867597579956055,5.0218750000000005
5236,5.8683271408081055,5.0218750000000005
5237,5.86721134185791,5.0218750000000005
5238,5.866884231567383,5.0218750000000005
5239,5.8668718338012695,5.0218750000000005
5240,5.866666793823242,5.0218750000000005
5241,5.866781234741211,5.0218750000000005
5242,5.866726875305176,4.778125
5243,5.866722106933594,4.72421875
5244,5.866910934448242,4.5859375
5245,5.867918968200684,4.403124999999999
5246,5.868679046630859,4.403124999999999
5247,5.866879463195801,4.403124999999999
5248,5.866533279418945,4.403124999999999
5249,5.866421699523926,4.403124999999999
5250,5.866350173950195,4.403124999999999
5251,5.866166114807129,4.403124999999999
5252,5.866151809692383,4.403124999999999
5253,5.866359710693359,4.403124999999999
5254,5.866485595703125,4.403124999999999
5255,5.866667747497559,4.403124999999999
5256,5.866704940795898,4.403124999999999
5257,5.866739273071289,4.403124999999999
5258,5.866747856140137,4.403124999999999
5259,5.866918563842773,4.403124999999999
5260,5.867705345153809,4.403124999999999
5261,5.869255065917969,4.403124999999999
5262,5.866684913635254,4.403124999999999
5263,5.866551399230957,4.403124999999999
5264,5.869382858276367,4.403124999999999
5265,5.867984771728516,4.403124999999999
5266,5.867426872253418,4.403124999999999
5267,5.86672306060791,4.403124999999999
5268,5.866541862487793,4.403124999999999
5269,5.866106986999512,4.403124999999999
5270,5.865988731384277,4.403124999999999
5271,5.8661346435546875,4.403124999999999
5272,5.866236686706543,4.403124999999999
5273,5.866411209106445,4.403124999999999
5274,5.86672306060791,4.403124999999999
5275,5.866763114929199,4.403124999999999
5276,5.86679744720459,4.51796875
5277,5.866790771484375,4.53203125
5278,5.866805076599121,4.625781250000001
5279,5.866876602172852,4.628125000000001
5280,5.867107391357422,4.86953125
5281,5.867807388305664,4.88125
5282,5.867079734802246,4.88125
5283,5.866904258728027,4.88125
5284,5.8669633865356445,4.88125
5285,5.866955757141113,4.88125
5286,5.867169380187988,4.88125
5287,5.866596221923828,4.88125
5288,5.867809295654297,4.88125
5289,5.883943557739258,4.88125
5290,5.8754472732543945,4.88125
5291,5.868507385253906,4.88125
5292,5.865642547607422,4.88125
5293,5.865486145019531,4.88125
5294,5.865994453430176,4.88125
5295,5.866045951843262,4.88125
5296,5.865896224975586,4.88125
5297,5.866127967834473,4.88125
5298,5.866147041320801,4.88125
5299,5.86732292175293,4.88125
5300,5.866839408874512,4.88125
5301,5.866970062255859,4.88125
5302,5.866964340209961,4.88125
5303,5.866751670837402,4.88125
5304,5.86671257019043,4.88125
5305,5.8668413162231445,4.88125
5306,5.866825103759766,4.88125
5307,5.8672637939453125,4.88125
5308,5.867109298706055,4.88125
5309,5.866987228393555,4.88125
5310,5.866732597351074,4.88125
5311,5.867691993713379,4.88125
5312,5.866876602172852,4.88125
5313,5.866192817687988,4.88125
5314,5.866090774536133,4.88125
5315,5.866522789001465,4.88125
5316,5.866710662841797,4.88125
5317,5.866765975952148,4.88125
5318,5.8665618896484375,4.88125
5319,5.868782043457031,4.88125
5320,5.868073463439941,4.88125
5321,5.866977691650391,4.88125
5322,5.8668107986450195,4.88125
5323,5.866668701171875,4.88125
5324,5.866692543029785,4.88125
5325,5.866931915283203,4.88125
5326,5.866915702819824,4.88125
5327,5.866786956787109,4.88125
5328,5.866673469543457,4.88125
5329,5.866855621337891,4.88125
5330,5.867242813110352,4.9140625
5331,5.86782169342041,4.9375
5332,5.8694658279418945,4.9375
5333,5.86850643157959,4.9375
5334,5.865434646606445,4.9375
5335,5.86484432220459,4.9375
5336,5.8648176193237305,4.9375
5337,5.864864349365234,4.9375
5338,5.864609718322754,4.9375
5339,5.864962577819824,4.9375
5340,5.870728492736816,4.9375
5341,5.866333961486816,4.9375
5342,5.866011619567871,4.9375
5343,5.865415573120117,4.9375
5344,5.868905067443848,4.9375
5345,5.866447448730469,4.9375
5346,5.866813659667969,4.9375
5347,5.87384033203125,4.9375
5348,5.86822509765625,4.9375
5349,5.868037223815918,4.9375
5350,5.866710662841797,4.9375
5351,5.866607666015625,4.9375
5352,5.865917205810547,4.9375
5353,5.865843772888184,4.9375
5354,5.865823745727539,4.9375
5355,5.865700721740723,4.9375
5356,5.865971565246582,4.9375
5357,5.866034507751465,4.9375
5358,5.866034507751465,4.9375
5359,5.866033554077148,4.9375
5360,5.8658447265625,4.9375
5361,5.866181373596191,4.9375
5362,5.868943214416504,4.9375
5363,5.870034217834473,4.9375
5364,5.869634628295898,4.9375
5365,5.869318008422852,4.9375
5366,5.869220733642578,4.9375
5367,5.868162155151367,4.9375
5368,5.868223190307617,4.9375
5369,5.866413116455078,4.9375
5370,5.867016792297363,4.9375
5371,5.866654396057129,4.9375
5372,5.8661651611328125,4.9375
5373,5.866474151611328,4.9375
5374,5.866477966308594,4.9375
5375,5.866115570068359,4.9375
5376,5.866097450256348,4.9375
5377,5.8660430908203125,4.9375
5378,5.866176605224609,4.9375
5379,5.866157531738281,4.9375
5380,5.866170883178711,4.9375
5381,5.866032600402832,4.9375
5382,5.866015434265137,4.9375
5383,5.866166114807129,4.9375
5384,5.866019248962402,4.9375
5385,5.86605167388916,4.9375
5386,5.866473197937012,4.9375
5387,5.866201400756836,4.9375
5388,5.865743637084961,4.9375
5389,5.865550994873047,4.9375
5390,5.86552619934082,4.9
5391,5.865527153015137,4.88125
5392,5.865530014038086,4.874218749999999
5393,5.86570930480957,4.834375
5394,5.865784645080566,4.78515625
5395,5.866421699523926,4.675
5396,5.866510391235352,4.675
5397,5.866314888000488,4.6
5398,5.866245269775391,4.6
5399,5.866267204284668,4.6
5400,5.866222381591797,4.6
5401,5.865788459777832,4.6
5402,5.86578369140625,4.6
5403,5.865816116333008,4.6
5404,5.86568546295166,4.6
5405,5.866186141967773,4.6
5406,5.866062164306641,4.571875
5407,5.865739822387695,4.571875
5408,5.865612030029297,4.571875
5409,5.865606307983398,4.571875
5410,5.865658760070801,4.571875
5411,5.865704536437988,4.571875
5412,5.865649223327637,4.571875
5413,5.865721702575684,4.571875
5414,5.865987777709961,4.80859375
5415,5.8658647537231445,4.897656250000001
5416,5.865861892700195,4.9140625
5417,5.865701675415039,4.98203125
5418,5.865227699279785,5.10390625
5419,5.865229606628418,5.153124999999999
5420,5.868259429931641,5.153124999999999
5421,5.869394302368164,5.153124999999999
5422,5.86833381652832,5.153124999999999
5423,5.8675384521484375,5.153124999999999
5424,5.872031211853027,1.975
5425,5.867306709289551,1.975
5426,6.09285831451416,1.975
5427,6.469215393066406,1.975
5428,6.48541259765625,1.975
5429,6.4879913330078125,1.975
5430,6.464898109436035,1.975
5431,6.446715354919434,1.975
5432,6.442530632019043,1.975
5433,6.4466705322265625,1.975
5434,6.447690963745117,1.975
5435,6.449319839477539,1.975
5436,6.443317413330078,1.975
5437,6.43841552734375,1.975
5438,6.439634323120117,1.975
5439,6.445125579833984,1.975
5440,6.444596290588379,1.975
5441,6.443754196166992,1.975
5442,6.44057559967041,1.975
5443,6.456470489501953,1.975
5444,6.4637603759765625,1.975
5445,6.48598575592041,1.975
5446,6.476309776306152,1.975
5447,6.471245765686035,1.975
5448,6.304174423217773,1.975
5449,6.2628936767578125,1.975
5450,6.097413063049316,1.975
5451,5.893254280090332,1.975
5452,5.867258071899414,1.975
5453,5.86640739440918,1.975
5454,5.032012939453125,1.975
5455,4.955173492431641,1.975
5456,4.924389839172363,1.975
5457,4.92452335357666,1.975
5458,4.924531936645508,1.975
5459,4.924541473388672,1.975
5460,4.92463493347168,1.975
5461,4.924629211425781,1.975
5462,4.924537658691406,1.975
5463,4.924666404724121,1.975
5464,4.924654006958008,1.975
5465,4.924613952636719,1.975
5466,4.924394607543945,1.975
5467,4.92430305480957,1.975
5468,4.924264907836914,1.975
5469,4.924221992492676,1.975
5470,4.924037933349609,1.975
5471,4.928175926208496,1.975
5472,4.992925643920898,1.975
5473,5.709140777587891,1.975
5474,5.866031646728516,1.975
5475,5.866265296936035,1.975
5476,6.028190612792969,1.975
5477,6.148144721984863,1.975
5478,6.206766128540039,1.975
5479,6.412635803222656,1.975
5480,6.407217979431152,1.975
5481,6.389300346374512,1.975
5482,6.3701629638671875,1.975
5483,5.8668060302734375,1.975
5484,5.867269515991211,1.975
5485,5.867396354675293,1.975
5486,5.866413116455078,1.975
5487,5.866315841674805,1.975
5488,5.86627197265625,1.975
5489,5.866026878356934,1.975
5490,5.8660430908203125,1.975
5491,5.866032600402832,1.975
5492,5.866009712219238,1.975
5493,5.8659210205078125,1.975
5494,5.866026878356934,1.975
5495,5.866164207458496,1.975
5496,5.864571571350098,2.003125
5497,5.863946914672852,3.47734375
5498,5.866106986999512,3.86875
5499,5.8693389892578125,3.8875
5500,5.869115829467773,3.8875
5501,5.867033004760742,3.934375
5502,5.8666887283325195,3.94375
5503,5.866395950317383,3.98359375
5504,5.865983009338379,4.1125
5505,5.865987777709961,4.16875
5506,5.865984916687012,4.215625
5507,5.866241455078125,4.227343749999999
5508,5.866311073303223,4.740625
5509,5.864492416381836,4.731249999999999
5510,5.863363265991211,4.731249999999999
5511,5.866138458251953,4.731249999999999
5512,5.865714073181152,4.731249999999999
5513,5.861447334289551,4.731249999999999
5514,5.860652923583984,4.731249999999999
5515,5.860256195068359,4.731249999999999
5516,5.843104362487793,4.731249999999999
5517,5.847227096557617,4.731249999999999
5518,5.854387283325195,4.731249999999999
5519,5.857654571533203,4.731249999999999
5520,5.860530853271484,4.731249999999999
5521,5.862445831298828,4.731249999999999
5522,5.864668846130371,4.731249999999999
5523,5.865033149719238,4.731249999999999
5524,5.848100662231445,4.731249999999999
5525,5.826847076416016,4.731249999999999
5526,5.831708908081055,4.731249999999999
5527,5.851401329040527,4.731249999999999
5528,5.8564605712890625,4.731249999999999
5529,5.858706474304199,4.731249999999999
5530,5.859014511108398,4.731249999999999
5531,5.855964660644531,4.768750000000001
5532,5.862730979919434,5.401562500000001
5533,5.862642288208008,5.5375
5534,5.861806869506836,5.5375
5535,5.861650466918945,5.5375
5536,5.861530303955078,5.565625000000001
5537,5.86148738861084,5.565625000000001
5538,5.86195182800293,5.565625000000001
5539,5.865687370300293,5.4578125
5540,5.865508079528809,5.453125
5541,5.865922927856445,5.42265625
5542,5.866640090942383,5.378125
5543,5.866215705871582,5.378125
5544,5.866046905517578,5.378125
5545,5.862063407897949,4.80859375
5546,5.8572587966918945,4.50625
5547,5.850591659545898,4.496875
5548,5.857113838195801,4.496875
5549,5.857362747192383,4.496875
5550,5.856760025024414,4.496875
5551,5.856841087341309,4.496875
5552,5.857669830322266,4.496875
5553,5.856390953063965,4.496875
5554,5.858390808105469,4.496875
5555,5.858189582824707,4.496875
5556,5.860040664672852,4.496875
5557,5.866702079772949,4.496875
5558,5.86677360534668,4.496875
5559,5.865427017211914,5.06875
5560,5.862934112548828,5.225781250000001
5561,5.861370086669922,5.33125
5562,5.857640266418457,5.359375
5563,5.8599653244018555,5.359375
5564,5.861119270324707,5.359375
5565,5.860747337341309,5.359375
5566,5.858935356140137,5.36875
5567,5.857839584350586,5.36875
5568,5.856996536254883,5.36875
5569,5.855215072631836,5.36875
5570,5.854619979858398,5.36875
5571,5.865756988525391,5.36875
5572,5.821727752685547,5.36875
5573,5.838377952575684,5.36875
5574,5.849353790283203,5.36875
5575,5.856427192687988,5.36875
5576,5.857704162597656,5.36875
5577,5.858464241027832,5.36875
5578,5.861015319824219,5.4578125
5579,5.866191864013672,5.7109375
5580,5.866237640380859,5.72265625
5581,5.858821868896484,5.790625
5582,5.809699058532715,5.81875
5583,5.80571174621582,5.81875
5584,5.8116254806518555,5.81875
5585,5.812178611755371,5.81875
5586,5.796291351318359,5.81875
5587,5.7792158126831055,5.81875
5588,5.777791976928711,5.81875
5589,5.776729583740234,5.81875
5590,5.788125991821289,5.81875
5591,5.816862106323242,5.81875
5592,5.834377288818359,5.81875
5593,5.849251747131348,5.81875
5594,5.854748725891113,5.81875
5595,5.8598432540893555,5.81875
5596,5.856294631958008,5.81875
5597,5.856781959533691,5.81875
5598,5.855585098266602,5.81875
5599,5.856339454650879,5.821093749999999
5600,5.859926223754883,5.828125
5601,5.865629196166992,5.8375
5602,5.8516130447387695,5.8375
5603,5.847281455993652,5.8375
5604,5.856982231140137,5.8375
5605,5.858661651611328,5.8375
5606,5.853769302368164,5.8375
5607,5.8578996658325195,5.8375
5608,5.861632347106934,5.8375
5609,5.866814613342285,5.8375
5610,5.8783416748046875,5.8375
5611,5.877004623413086,5.8375
5612,5.894967079162598,5.8375
5613,5.896665573120117,5.8375
5614,5.870135307312012,5.8375
5615,5.865966796875,5.8375
5616,5.865873336791992,5.8375
5617,5.865658760070801,5.8375
5618,5.869296073913574,5.8375
5619,5.863298416137695,5.809375
5620,5.864400863647461,5.81875
5621,5.864874839782715,5.81875
5622,5.865326881408691,5.846875000000001
5623,5.865597724914551,5.96875
5624,5.865686416625977,5.96875
5625,5.865720748901367,5.96875
5626,5.865784645080566,5.96875
5627,5.866227149963379,5.96875
5628,5.865748405456543,5.96875
5629,5.866208076477051,5.978125
5630,5.866120338439941,5.978125
5631,5.86572265625,5.978125
5632,5.864997863769531,5.978125
5633,5.865629196166992,5.978125
5634,5.86573600769043,5.978125
5635,5.864833831787109,5.978125
5636,5.879949569702148,5.978125
5637,5.8977460861206055,5.978125
5638,5.867384910583496,5.978125
5639,5.866541862487793,5.978125
5640,5.865104675292969,5.978125
5641,5.865595817565918,5.978125
5642,5.865293502807617,5.978125
5643,5.86553955078125,5.978125
5644,5.865976333618164,5.978125
5645,5.866098403930664,5.978125
5646,5.8661603927612305,5.978125
5647,5.866825103759766,5.978125
5648,5.866742134094238,5.978125
5649,5.866156578063965,5.978125
5650,5.868189811706543,5.978125
5651,5.867401123046875,5.978125
5652,5.866306304931641,5.978125
5653,5.866584777832031,5.978125
5654,5.866748809814453,5.978125
5655,5.866607666015625,5.978125
5656,5.865679740905762,5.978125
5657,5.864948272705078,5.978125
5658,5.863986015319824,5.978125
5659,5.864225387573242,5.978125
5660,5.86431884765625,5.978125
5661,5.864672660827637,5.978125
5662,5.864690780639648,5.978125
5663,5.865658760070801,5.978125
5664,5.865694999694824,5.978125
5665,5.8656005859375,5.978125
5666,5.8659467697143555,5.978125
5667,5.866290092468262,5.978125
5668,5.866231918334961,5.978125
5669,5.866352081298828,5.978125
5670,5.866342544555664,5.978125
5671,5.866367340087891,5.978125
5672,5.8662567138671875,5.978125
5673,5.86598014831543,5.978125
5674,5.865267753601074,5.978125
5675,5.864917755126953,5.978125
5676,5.864866256713867,5.978125
5677,5.8647661209106445,5.978125
5678,5.864534378051758,5.978125
5679,5.864764213562012,5.978125
5680,5.864755630493164,5.978125
5681,5.865157127380371,5.978125
5682,5.86585807800293,5.978125
5683,5.866327285766602,5.978125
5684,5.8664751052856445,5.978125
5685,5.8658599853515625,5.978125
5686,5.8654022216796875,5.978125
5687,5.865368843078613,5.978125
5688,5.865405082702637,5.978125
5689,5.865428924560547,5.978125
5690,5.865934371948242,5.978125
5691,5.875123977661133,5.978125
5692,5.869078636169434,5.978125
5693,5.867264747619629,5.978125
5694,5.867127418518066,5.978125
5695,5.8663434982299805,5.978125
5696,5.866235733032227,5.978125
5697,5.866114616394043,5.978125
5698,5.865843772888184,5.978125
5699,5.865638732910156,5.978125
5700,5.865667343139648,5.978125
5701,5.865872383117676,5.978125
5702,5.866209983825684,5.978125
5703,5.866384506225586,5.978125
5704,5.866436004638672,5.978125
5705,5.86641788482666,5.978125
5706,5.866430282592773,5.978125
5707,5.866458892822266,5.978125
5708,5.866373062133789,5.978125
5709,5.866360664367676,5.978125
5710,5.866030693054199,5.978125
5711,5.866263389587402,5.978125
5712,5.8688554763793945,5.978125
5713,5.868074417114258,5.978125
5714,5.866668701171875,5.771875
5715,5.866672515869141,5.73203125
5716,5.86678409576416,5.65
5717,5.866106986999512,5.490625
5718,5.866059303283691,5.490625
5719,5.865660667419434,5.490625
5720,5.865392684936523,5.490625
5721,5.865334510803223,5.490625
5722,5.865631103515625,5.490625
5723,5.8657073974609375,5.490625
5724,5.865893363952637,5.490625
5725,5.865936279296875,5.490625
5726,5.865839958190918,5.490625
5727,5.866580963134766,5.490625
5728,5.867072105407715,5.490625
5729,5.867408752441406,5.490625
5730,5.867212295532227,5.490625
5731,5.866594314575195,5.490625
5732,5.8664398193359375,5.706250000000001
5733,5.8665008544921875,5.78125
5734,5.866304397583008,5.83046875
5735,5.866263389587402,5.884375
5736,5.866720199584961,5.884375
5737,5.867175102233887,5.903125
5738,5.867047309875488,5.903125
5739,5.866893768310547,5.903125
5740,5.86690616607666,5.903125
5741,5.866700172424316,5.903125
5742,5.867502212524414,5.903125
5743,5.866727828979492,5.903125
5744,5.866530418395996,5.903125
5745,5.866842269897461,5.903125
5746,5.866771697998047,5.903125
5747,5.865839004516602,5.9078125
5748,5.865747451782227,5.9125
5749,5.866965293884277,5.940625
5750,5.866612434387207,5.940625
5751,5.86685848236084,5.940625
5752,5.866794586181641,5.940625
5753,5.866663932800293,5.940625
5754,5.8663787841796875,5.96875
5755,5.866398811340332,5.987500000000001
5756,5.866366386413574,5.9921875
5757,5.866365432739258,5.99921875
5758,5.86640739440918,6.1703125
5759,5.866357803344727,6.203125
5760,5.8665361404418945,6.521875
5761,5.8664960861206055,6.521875
5762,5.866580963134766,6.5687500000000005
5763,5.866477012634277,6.5687500000000005
5764,5.867487907409668,6.5687500000000005
5765,5.867021560668945,6.5687500000000005
5766,5.866977691650391,6.5687500000000005
5767,5.867123603820801,6.5687500000000005
5768,5.866757392883301,6.5687500000000005
5769,5.866585731506348,6.5687500000000005
5770,5.866477012634277,6.5687500000000005
5771,5.866576194763184,6.5687500000000005
5772,5.867591857910156,6.5687500000000005
5773,5.8675127029418945,6.5687500000000005
5774,5.866196632385254,6.5687500000000005
5775,5.866008758544922,6.5687500000000005
5776,5.866792678833008,6.5687500000000005
5777,5.8667802810668945,6.5687500000000005
5778,5.866971015930176,6.5687500000000005
5779,5.8665571212768555,6.5687500000000005
5780,5.866223335266113,6.5687500000000005
5781,5.8666582107543945,6.5687500000000005
5782,5.86666202545166,6.5875
5783,5.866661071777344,6.6625
5784,5.866776466369629,6.71875
5785,5.86639404296875,6.784375
5786,5.866556167602539,6.831250000000001
5787,5.866387367248535,6.84765625
5788,5.866464614868164,6.86875
5789,5.866701126098633,6.878125
5790,5.868260383605957,6.925
5791,5.867306709289551,6.925
5792,5.867099761962891,6.94375
5793,5.866832733154297,6.94375
5794,5.866791725158691,6.94375
5795,5.86606502532959,6.94375
5796,5.868657112121582,6.94375
5797,5.868534088134766,6.94375
5798,5.8690338134765625,6.94375
5799,5.868565559387207,6.94375
5800,5.867461204528809,6.94375
5801,5.867012977600098,6.94375
5802,5.866925239562988,6.94375
5803,5.867012023925781,6.94375
5804,5.866751670837402,6.98359375
5805,5.866591453552246,7.0375000000000005
5806,5.866390228271484,7.075
5807,5.8668012619018555,7.075
5808,5.868354797363281,7.07734375
5809,5.8691911697387695,7.084375
5810,5.868951797485352,7.084374999999999
5811,5.868656158447266,7.084375
5812,5.867461204528809,7.084375
5813,5.867388725280762,7.084375
5814,5.86686897277832,7.140625
5815,5.866823196411133,7.140625
5816,5.866979598999023,7.15
5817,5.86726188659668,7.15
5818,5.867156982421875,7.15
5819,5.8691205978393555,7.15
5820,5.874691963195801,7.15
5821,5.932624816894531,7.159375
5822,5.880577087402344,7.159375
5823,5.870733261108398,7.159375
5824,5.869029998779297,7.08671875
5825,5.869028091430664,6.953125
5826,5.867138862609863,6.5828125
5827,5.868389129638672,6.27109375
5828,5.866878509521484,6.137499999999999
5829,5.866708755493164,6.137499999999999
5830,5.866662979125977,6.1328125
5831,5.866708755493164,6.128125000000001
5832,5.866683006286621,6.125781250000001
5833,5.866595268249512,6.109375
5834,5.866426467895508,6.053125
5835,5.866406440734863,6.053125
5836,5.866307258605957,6.034375
5837,5.866419792175293,5.96875
5838,5.866539001464844,5.9359375
5839,5.866455078125,5.81875
5840,5.8662824630737305,5.7765625
5841,5.86616325378418,5.63828125
5842,5.866399765014648,5.5375
5843,5.867570877075195,5.453125
5844,5.867012023925781,5.378125
5845,5.866955757141113,5.36875
5846,5.867090225219727,5.25625
5847,5.868812561035156,5.246875
5848,5.868284225463867,5.21875
5849,5.867208480834961,5.1671875
5850,5.867215156555176,5.1484375
5851,5.866559028625488,4.37265625
5852,5.866551399230957,4.3234375
5853,5.866456031799316,4.262499999999999
5854,5.866641044616699,4.18515625
5855,5.866735458374023,4.168749999999999
5856,5.866713523864746,4.168749999999999
5857,5.868475914001465,4.168749999999999
5858,5.868200302124023,4.6
5859,5.868143081665039,4.6351562500000005
5860,5.867393493652344,4.853125
5861,5.867359161376953,4.871875000000001
5862,5.8671112060546875,5.0218750000000005
5863,5.867684364318848,5.03125
5864,5.867336273193359,5.05703125
5865,5.867287635803223,5.0875
5866,5.867242813110352,5.09453125
5867,5.867107391357422,5.321875
5868,5.867110252380371,5.321875
5869,5.867171287536621,5.378125
5870,5.867347717285156,5.378125
5871,5.867631912231445,5.3875
5872,5.867607116699219,5.3875
5873,5.867670059204102,5.3875
5874,5.867700576782227,5.3875
5875,5.867064476013184,5.3875
5876,5.867030143737793,5.3875
5877,5.867387771606445,5.265625
5878,5.867656707763672,5.2
5879,5.868096351623535,4.9421875
5880,5.867633819580078,4.862500000000001
5881,5.867504119873047,4.7289062500000005
5882,5.867095947265625,4.6609375
5883,5.866708755493164,4.365625
5884,5.866668701171875,4.309374999999999
5885,5.866663932800293,4.3046875
5886,5.866704940795898,4.24375
5887,5.867549896240234,4.140625
5888,5.867676734924316,4.13125
5889,5.867682456970215,4.13125
5890,5.867417335510254,4.13125
5891,5.867255210876465,4.13125
5892,5.86740779876709,4.13125
5893,5.866708755493164,4.13125
5894,5.866655349731445,4.09375
5895,5.866532325744629,4.09375
5896,5.866515159606934,4.09375
5897,5.8664960861206055,4.09375
5898,5.866426467895508,4.09375
5899,5.8684539794921875,4.09375
5900,5.872354507446289,4.09375
5901,5.867983818054199,4.09375
5902,5.86663818359375,4.09375
5903,5.866305351257324,4.09375
5904,5.866220474243164,4.09375
5905,5.866400718688965,4.09375
5906,5.86662483215332,4.09375
5907,5.866664886474609,4.09375
5908,5.866593360900879,4.09375
5909,5.867733001708984,4.09375
5910,5.86695671081543,4.09375
5911,5.866824150085449,4.09375
5912,5.86659049987793,4.09375
5913,5.866010665893555,4.09375
5914,5.866198539733887,4.09375
5915,5.86550235748291,4.09375
5916,5.866617202758789,4.09375
5917,5.866552352905273,4.09375
5918,5.866451263427734,4.09375
5919,5.86564826965332,4.084375
5920,5.865530014038086,4.084375
5921,5.865544319152832,4.084375
5922,5.865473747253418,4.084375
5923,5.865389823913574,4.084375
5924,5.865467071533203,4.084375
5925,5.864996910095215,4.084375
5926,5.865170478820801,4.084375
5927,5.866582870483398,4.084375
5928,5.866842269897461,3.93671875
5929,5.866990089416504,3.64375
5930,5.867112159729004,3.559375
5931,5.86672306060791,3.559375
5932,5.866641998291016,3.559375
5933,5.866570472717285,3.559375
5934,5.866398811340332,3.559375
5935,5.867331504821777,3.559375
5936,5.8674821853637695,3.559375
5937,5.867988586425781,3.54765625
5938,5.866988182067871,3.540625
5939,5.866755485534668,3.521875
5940,5.8665313720703125,3.521875
5941,5.86644172668457,3.5125
5942,5.866436004638672,3.5125
5943,5.867123603820801,3.5125
5944,5.887404441833496,3.5125
5945,5.887373924255371,3.5125
5946,5.884142875671387,3.5125
5947,5.86776065826416,3.5125
5948,5.8672895431518555,3.5125
5949,5.866469383239746,3.5125
5950,5.8666181564331055,3.5125
5951,5.866575241088867,3.5125
5952,5.866754531860352,3.52890625
5953,5.866063117980957,3.56875
5954,5.865964889526367,3.5875
5955,5.8659515380859375,3.5968750000000003
5956,5.866278648376465,3.625
5957,5.866388320922852,3.6625
5958,5.86720085144043,3.709375
5959,5.868002891540527,3.709375
5960,5.868500709533691,3.709375
5961,5.873071670532227,3.709375
5962,5.871636390686035,3.709375
5963,5.867007255554199,3.709375
5964,5.866558074951172,3.709375
5965,5.866019248962402,3.709375
5966,5.865179061889648,3.709375
5967,5.859687805175781,3.709375
5968,5.8222856521606445,3.71875
5969,5.805002212524414,3.71875
5970,5.809736251831055,3.71875
5971,5.8144330978393555,3.71875
5972,5.815363883972168,3.71875
5973,5.817181587219238,3.71875
5974,5.819062232971191,3.71875
5975,5.818850517272949,3.71875
5976,5.822237968444824,3.71875
5977,5.84543514251709,3.8640625
5978,5.848710060119629,3.93203125
5979,5.856745719909668,4.0140625
5980,5.862361907958984,4.194531250000001
5981,5.863486289978027,4.2132812500000005
5982,5.86691951751709,4.215625
5983,5.866999626159668,4.24375
5984,5.866791725158691,4.253125
5985,5.864555358886719,4.262499999999999
5986,5.859348297119141,4.262499999999999
5987,5.85719108581543,4.262499999999999
5988,5.854306221008301,4.262499999999999
5989,5.841909408569336,4.262499999999999
5990,5.832155227661133,4.262499999999999
5991,5.831432342529297,4.262499999999999
5992,5.8579864501953125,4.262499999999999
5993,5.860126495361328,4.262499999999999
5994,5.859898567199707,4.262499999999999
5995,5.859288215637207,4.262499999999999
5996,5.855050086975098,4.262499999999999
5997,5.855329513549805,4.262499999999999
5998,5.859316825866699,4.28125
5999,5.862139701843262,4.28125
6000,5.863434791564941,4.28125
6001,5.863304138183594,4.28125
6002,5.8638916015625,4.28125
6003,5.865165710449219,4.28125
6004,5.866065979003906,4.28125
6005,5.865378379821777,4.28125
6006,5.864457130432129,4.28125
6007,5.864058494567871,4.28125
6008,5.864434242248535,4.28125
6009,5.863434791564941,4.234375
6010,5.863974571228027,4.168749999999999
6011,5.866132736206055,4.0703125
6012,5.866321563720703,4.046875
6013,5.866334915161133,3.91
6014,5.866420745849609,3.85
6015,5.866389274597168,3.85
6016,5.86635684967041,3.85
6017,5.866355895996094,3.85
6018,5.866231918334961,3.85
6019,5.8647308349609375,3.85703125
6020,5.864838600158691,3.86875
6021,5.864710807800293,3.87109375
6022,5.866558074951172,3.98125
6023,5.867097854614258,3.98125
6024,5.866878509521484,4.009375
6025,5.865826606750488,4.009375
6026,5.863772392272949,4.009375
6027,5.862574577331543,4.009375
6028,5.862422943115234,4.009375
6029,5.863706588745117,4.009375
6030,5.866167068481445,4.009375
6031,5.866269111633301,4.009375
6032,5.8798112869262695,4.009375
6033,5.890159606933594,4.009375
6034,5.8827667236328125,4.009375
6035,5.864224433898926,4.009375
6036,5.8646087646484375,4.009375
6037,5.866326332092285,4.03515625
6038,5.866757392883301,4.0375
6039,5.867158889770508,4.046875
6040,5.86717414855957,4.046875
6041,5.867151260375977,4.046875
6042,5.866959571838379,4.046875
6043,5.866833686828613,4.046875
6044,5.866735458374023,4.046875
6045,5.866412162780762,4.046875
6046,5.866132736206055,4.046875
6047,5.866000175476074,4.046875
6048,5.865973472595215,4.046875
6049,5.865039825439453,4.046875
6050,5.863018035888672,4.046875
6051,5.86397647857666,4.046875
6052,5.863282203674316,4.046875
6053,5.864657402038574,4.046875
6054,5.866341590881348,4.046875
6055,5.866116523742676,4.046875
6056,5.808961868286133,4.171093749999999
6057,5.835582733154297,4.44296875
6058,5.865344047546387,4.853125
6059,5.866925239562988,4.862500000000001
6060,5.866925239562988,5.8
6061,5.865045547485352,5.846875000000001
6062,5.862445831298828,5.846875000000001
6063,5.84825325012207,5.846875000000001
6064,5.857704162597656,5.846875000000001
6065,5.862113952636719,5.846875000000001
6066,5.855587959289551,5.846875000000001
6067,5.856523513793945,5.846875000000001
6068,5.860387802124023,5.846875000000001
6069,5.860884666442871,5.846875000000001
6070,5.862357139587402,5.846875000000001
6071,5.8622941970825195,5.846875000000001
6072,5.858648300170898,5.846875000000001
6073,5.861118316650391,5.846875000000001
6074,5.857541084289551,5.846875000000001
6075,5.853008270263672,5.846875000000001
6076,5.855806350708008,5.846875000000001
6077,5.856121063232422,5.846875000000001
6078,5.859375953674316,5.846875000000001
6079,5.801979064941406,5.846875000000001
6080,5.795387268066406,5.846875000000001
6081,5.792692184448242,5.846875000000001
6082,5.823984146118164,5.846875000000001
6083,5.863676071166992,5.8656250000000005
6084,5.863476753234863,5.8656250000000005
6085,5.865478515625,5.8656250000000005
6086,5.865827560424805,5.875
6087,5.865195274353027,5.875
6088,5.856825828552246,5.875
6089,5.847409248352051,5.875
6090,5.846003532409668,5.875
6091,5.84657096862793,5.875
6092,5.8381242752075195,5.875
6093,5.834885597229004,5.875
6094,5.835360527038574,5.875
6095,5.851139068603516,5.875
6096,5.857739448547363,5.875
6097,5.861429214477539,5.875
6098,5.860109329223633,5.875
6099,5.857619285583496,5.875
6100,5.865113258361816,5.875
6101,5.867433547973633,5.875
6102,5.867382049560547,5.875
6103,5.866855621337891,5.875
6104,5.865715980529785,5.875
6105,5.865425109863281,5.875
6106,5.8643293380737305,5.875
6107,5.864313125610352,5.875
6108,5.863563537597656,5.875
6109,5.861431121826172,5.875
6110,5.864040374755859,5.875
6111,5.862878799438477,5.875
6112,5.861557960510254,5.875
6113,5.848130226135254,5.875
6114,5.84359073638916,5.875
6115,5.882393836975098,5.875
6116,5.873358726501465,5.875
6117,5.86659049987793,5.875
6118,5.863468170166016,5.875
6119,5.861971855163574,5.875
6120,5.862103462219238,5.875
6121,5.8611249923706055,5.875
6122,5.863006591796875,5.875
6123,5.862062454223633,5.875
6124,5.858455657958984,5.875
6125,5.859943389892578,5.875
6126,5.854283332824707,5.875
6127,5.851025581359863,5.921875
6128,5.852179527282715,5.921875
6129,5.85856819152832,5.93125
6130,5.85848331451416,5.93125
6131,5.856603622436523,5.93125
6132,5.862651824951172,6.2125
6133,5.861906051635742,6.2125
6134,5.863804817199707,6.2125
6135,5.864167213439941,6.2125
6136,5.864936828613281,6.1937500000000005
6137,5.864645004272461,6.1937500000000005
6138,5.865108489990234,6.1937500000000005
6139,5.865570068359375,6.1937500000000005
6140,5.865579605102539,6.1937500000000005
6141,5.863105773925781,6.1937500000000005
6142,5.858880043029785,6.1937500000000005
6143,5.862344741821289,6.1937500000000005
6144,5.863411903381348,6.1937500000000005
6145,5.863184928894043,6.1937500000000005
6146,5.861983299255371,6.1937500000000005
6147,5.860579490661621,6.1937500000000005
6148,5.860785484313965,6.1937500000000005
6149,5.861291885375977,6.1937500000000005
6150,5.862469673156738,6.1937500000000005
6151,5.864131927490234,6.1937500000000005
6152,5.863414764404297,6.1937500000000005
6153,5.862841606140137,6.1937500000000005
6154,5.850775718688965,6.1937500000000005
6155,5.8657684326171875,6.128125000000001
6156,5.867131233215332,6.03203125
6157,5.867887496948242,5.921875
6158,5.867243766784668,5.921875
6159,5.866290092468262,5.921875
6160,5.865777969360352,5.921875
6161,5.865225791931152,5.921875
6162,5.863250732421875,5.921875
6163,5.863029479980469,5.921875
6164,5.863944053649902,5.921875
6165,5.863661766052246,5.921875
6166,5.855215072631836,5.921875
6167,5.838696479797363,5.921875
6168,5.756945610046387,5.921875
6169,5.697756767272949,5.921875
6170,5.69300651550293,5.921875
6171,5.438516616821289,5.921875
6172,5.447414398193359,5.921875
6173,5.694735527038574,5.921875
6174,5.789467811584473,5.921875
6175,5.8623046875,5.921875
6176,5.86107063293457,5.921875
6177,5.860836982727051,5.921875
6178,5.862435340881348,5.921875
6179,5.860416412353516,5.8796875
6180,5.859623908996582,5.8
6181,5.863258361816406,4.759375
6182,5.863273620605469,4.759375
6183,5.863277435302734,4.759375
6184,5.863701820373535,4.759375
6185,5.8630828857421875,4.759375
6186,5.8632049560546875,4.759375
6187,5.863613128662109,4.759375
6188,5.846338272094727,4.759375
6189,5.85117244720459,4.759375
6190,5.851648330688477,4.759375
6191,5.857377052307129,4.759375
6192,5.861457824707031,4.759375
6193,5.861515998840332,4.759375
6194,5.860518455505371,4.759375
6195,5.864471435546875,4.759375
6196,5.863923072814941,4.759375
6197,5.861523628234863,4.759375
6198,5.861346244812012,4.759375
6199,5.863646507263184,4.759375
6200,5.854768753051758,4.759375
6201,5.863833427429199,4.759375
6202,5.8649702072143555,4.759375
6203,5.865582466125488,4.759375
6204,5.864371299743652,4.759375
6205,5.864361763000488,4.759375
6206,5.862912178039551,4.79375
6207,5.862656593322754,4.84375
6208,5.863250732421875,5.21875
6209,5.862900733947754,5.359375
6210,5.865324020385742,5.36171875
6211,5.865047454833984,5.55
6212,5.862958908081055,5.565625000000001
6213,5.860746383666992,5.565625000000001
6214,5.860224723815918,5.565625000000001
6215,5.861159324645996,5.565625000000001
6216,5.8650922775268555,5.565625000000001
6217,5.863409042358398,5.565625000000001
6218,5.862156867980957,5.565625000000001
6219,5.863245010375977,5.565625000000001
6220,5.865239143371582,5.565625000000001
6221,5.865640640258789,5.565625000000001
6222,5.864198684692383,5.565625000000001
6223,5.866340637207031,5.565625000000001
6224,5.8633012771606445,5.68046875
6225,5.8628692626953125,6.4281250000000005
6226,5.864126205444336,6.53125
6227,5.863553047180176,6.53125
6228,5.864809989929199,6.53125
6229,5.865403175354004,6.53125
6230,5.8653411865234375,6.25703125
6231,5.86489200592041,5.85390625
6232,5.863849639892578,5.542187500000001
6233,5.864185333251953,5.1625000000000005
6234,5.865945816040039,5.18125
6235,5.865300178527832,5.18125
6236,5.865164756774902,5.18125
6237,5.864928245544434,5.18125
6238,5.864498138427734,5.18125
6239,5.864627838134766,5.18125
6240,5.865836143493652,5.190625
6241,5.865784645080566,5.190625
6242,5.865725517272949,5.190625
6243,5.86502742767334,5.190625
6244,5.862890243530273,5.190625
6245,5.8589982986450195,5.115625
6246,5.866061210632324,5.115625
6247,5.866171836853027,4.944531250000001
6248,5.866438865661621,4.75
6249,5.866611480712891,4.543749999999999
6250,5.8661041259765625,4.590624999999999
6251,5.864276885986328,4.5625
6252,5.864834785461426,4.5625
6253,5.865207672119141,4.5625
6254,5.865671157836914,4.5625
6255,5.865542411804199,4.5625
6256,5.865633964538574,4.768750000000001
6257,5.865782737731934,4.77109375
6258,5.865821838378906,4.879375
6259,5.865324020385742,5.12265625
6260,5.865543365478516,5.132031250000001
6261,5.8661394119262695,5.134375
6262,5.86580753326416,5.134375
6263,5.864840507507324,5.134375
6264,5.86521053314209,5.134375
6265,5.861098289489746,5.134375
6266,5.865780830383301,5.134375
6267,5.8667802810668945,5.134375
6268,5.8665971755981445,5.134375
6269,5.866543769836426,5.134375
6270,5.86686897277832,5.134375
6271,5.866852760314941,5.134375
6272,5.866918563842773,5.134375
6273,5.867047309875488,5.134375
6274,5.866180419921875,5.134375
6275,5.865487098693848,5.134375
6276,5.867175102233887,5.134375
6277,5.864715576171875,5.134375
6278,5.862369537353516,5.134375
6279,5.857794761657715,5.134375
6280,5.852752685546875,5.134375
6281,5.852433204650879,5.134375
6282,5.850571632385254,5.134375
6283,5.852614402770996,5.134375
6284,5.84373664855957,5.134375
6285,5.814113616943359,5.134375
6286,5.857560157775879,5.134375
6287,5.861737251281738,5.134375
6288,5.86107063293457,5.134375
6289,5.845726013183594,5.134375
6290,5.848708152770996,5.134375
6291,5.85221004486084,5.134375
6292,5.854804039001465,5.134375
6293,5.865547180175781,5.134375
6294,5.865952491760254,5.134375
6295,5.866148948669434,5.134375
6296,5.8660430908203125,5.134375
6297,5.866034507751465,5.134375
6298,5.866227149963379,5.134375
6299,5.86585807800293,5.134375
6300,5.865856170654297,5.134375
6301,5.8659820556640625,5.134375
6302,5.86527156829834,5.134375
6303,5.866331100463867,5.134375
6304,5.866625785827637,5.134375
6305,5.866518020629883,5.134375
6306,5.865904808044434,5.134375
6307,5.866023063659668,5.134375
6308,5.865985870361328,5.134375
6309,5.865540504455566,5.134375
6310,5.865082740783691,5.134375
6311,5.863707542419434,5.134375
6312,5.8651227951049805,5.134375
6313,5.865670204162598,5.134375
6314,5.8658952713012695,5.134375
6315,5.865121841430664,5.134375
6316,5.8654937744140625,5.134375
6317,5.865240097045898,5.134375
6318,5.865386962890625,5.134375
6319,5.865871429443359,5.134375
6320,5.866503715515137,5.134375
6321,5.866006851196289,5.115625
6322,5.865899085998535,5.115625
6323,5.865718841552734,5.115625
6324,5.866032600402832,5.115625
6325,5.866447448730469,5.115625
6326,5.866781234741211,5.115625
6327,5.866612434387207,5.115625
6328,5.865843772888184,5.115625
6329,5.8660478591918945,5.115625
6330,5.865714073181152,5.115625
6331,5.865724563598633,5.115625
6332,5.865870475769043,5.115625
6333,5.865682601928711,5.115625
6334,5.866442680358887,5.115625
6335,5.866886138916016,5.115625
6336,5.867474555969238,5.115625
6337,5.8682708740234375,5.115625
6338,5.871919631958008,5.115625
6339,5.870760917663574,5.115625
6340,5.86834716796875,5.115625
6341,5.867335319519043,5.115625
6342,5.867114067077637,5.115625
6343,5.86704158782959,5.10625
6344,5.867314338684082,5.10625
6345,5.866264343261719,5.20234375
6346,5.866074562072754,5.2515625
6347,5.865527153015137,5.553906249999999
6348,5.865634918212891,5.78125
6349,5.865811347961426,5.78125
6350,5.866217613220215,5.78125
6351,5.866387367248535,6.0390625
6352,5.866384506225586,6.1
6353,5.866645812988281,6.1
6354,5.866594314575195,6.19375
6355,5.866393089294434,6.3296875
6356,5.866135597229004,6.390625
6357,5.8656415939331055,6.390625
6358,5.864751815795898,6.390625
6359,5.864092826843262,6.390625
6360,5.863516807556152,6.390625
6361,5.862668037414551,6.465625
6362,5.864029884338379,6.465625
6363,5.862372398376465,6.45625
6364,5.843173980712891,6.45625
6365,5.777462005615234,6.45625
6366,5.72126579284668,6.45625
6367,5.822768211364746,6.45625
6368,5.832093238830566,6.45625
6369,5.862170219421387,6.45625
6370,5.864803314208984,6.45625
6371,5.370267868041992,5.727343750000001
6372,5.221582412719727,5.608750000000001
6373,5.224631309509277,5.504687499999999
6374,5.310263633728027,5.29375
6375,5.678725242614746,4.75
6376,5.790305137634277,4.731249999999999
6377,5.814716339111328,4.731249999999999
6378,5.84580135345459,4.675
6379,5.860708236694336,4.665625
6380,5.862736701965332,4.6234375000000005
6381,5.865716934204102,4.58828125
6382,5.86613655090332,4.581250000000001
6383,5.866503715515137,4.581250000000001
6384,5.866583824157715,4.581250000000001
6385,5.871589660644531,4.571875
6386,6.010552406311035,4.571875
6387,5.866718292236328,4.571875
6388,5.866487503051758,4.571875
6389,5.866009712219238,4.571875
6390,5.865522384643555,4.571875
6391,5.864326477050781,4.5625
6392,5.8543853759765625,4.637500000000001
6393,5.864620208740234,5.071093749999999
6394,5.863192558288574,5.11328125
6395,5.863117218017578,5.25625
6396,5.86021614074707,5.331250000000001
6397,5.859706878662109,5.3546875
6398,5.859908103942871,5.48359375
6399,5.862995147705078,5.5375
6400,5.864032745361328,5.54921875
6401,5.865126609802246,5.5843750000000005
6402,5.865510940551758,5.696875
6403,5.865870475769043,5.696875
6404,5.865751266479492,5.696875
6405,5.865692138671875,5.696875
6406,5.865604400634766,5.696875
6407,5.865603446960449,5.696875
6408,5.865612030029297,5.696875
6409,5.865621566772461,5.696875
6410,5.865805625915527,5.696875
6411,5.865812301635742,5.696875000000001
6412,5.8658342361450195,5.696875
6413,5.865955352783203,5.706250000000001
6414,5.865989685058594,5.640625
6415,5.865973472595215,5.5843750000000005
6416,5.866031646728516,5.528125
6417,5.866547584533691,4.815625
6418,5.8664445877075195,4.759375
6419,5.866332054138184,4.50625
6420,5.866056442260742,4.2203125
6421,5.866033554077148,4.190625
6422,5.866076469421387,3.9578125
6423,5.866082191467285,3.94375
6424,5.866106033325195,3.94375
6425,5.866571426391602,3.85
6426,5.866756439208984,3.840625
6427,5.866670608520508,3.8078125
6428,5.866646766662598,3.7515625
6429,5.866678237915039,3.6625
6430,5.866798400878906,3.53125
6431,5.867006301879883,3.465625
6432,5.867287635803223,3.4375000000000004
6433,5.8673858642578125,3.39765625
6434,5.867705345153809,3.3156250000000003
6435,5.866790771484375,3.2875
6436,5.866795539855957,3.025
6437,5.8667707443237305,3.025
6438,5.866864204406738,3.025
6439,5.867771148681641,3.025
6440,5.870785713195801,3.025
6441,5.873196601867676,3.025
6442,5.874850273132324,3.025
6443,5.876506805419922,3.025
6444,5.876789093017578,3.025
6445,5.870195388793945,3.025
6446,5.866292953491211,3.025
6447,5.865816116333008,3.025
6448,5.865675926208496,3.025
6449,5.865513801574707,3.025
6450,5.866263389587402,3.465625
6451,5.866263389587402,3.465625
6452,5.866260528564453,3.465625
6453,5.866233825683594,3.465625
6454,5.86641788482666,3.465625
6455,5.866168022155762,3.3109375000000005
6456,5.866235733032227,3.240625
6457,5.866325378417969,3.240625
6458,5.866384506225586,3.240625
6459,5.866386413574219,3.240625
6460,5.866362571716309,3.240625
6461,5.8661298751831055,3.240625
6462,5.866293907165527,3.240625
6463,5.866415023803711,3.240625
6464,5.866421699523926,3.240625
6465,5.866188049316406,3.240625
6466,5.866209030151367,3.240625
6467,5.866145133972168,3.240625
6468,5.866423606872559,3.240625
6469,5.8665571212768555,3.240625
6470,5.867583274841309,3.240625
6471,5.866922378540039,3.240625
6472,5.865945816040039,3.240625
6473,5.865743637084961,3.240625
6474,5.8665361404418945,3.240625
6475,5.866437911987305,3.240625
6476,5.865745544433594,3.240625
6477,5.865478515625,3.240625
6478,5.865506172180176,3.240625
6479,5.865462303161621,3.240625
6480,5.8656511306762695,3.240625
6481,5.865931510925293,3.240625
6482,5.866039276123047,3.240625
6483,5.865937232971191,3.240625
6484,5.865872383117676,3.240625
6485,5.8662004470825195,3.240625
6486,5.865942001342773,3.240625
6487,5.8658246994018555,3.240625
6488,5.865601539611816,3.240625
6489,5.865940093994141,3.240625
6490,5.866066932678223,3.240625
6491,5.8660783767700195,3.240625
6492,5.865800857543945,3.240625
6493,5.86561393737793,3.240625
6494,5.86556339263916,3.240625
6495,5.865257263183594,3.3531250000000004
6496,5.865270614624023,3.4
6497,5.86527156829834,3.43515625
6498,5.865266799926758,3.475
6499,5.86561393737793,3.7
6500,5.865434646606445,3.8546875
6501,5.865422248840332,3.86875
6502,5.865384101867676,3.86875
6503,5.866179466247559,3.86875
6504,5.866229057312012,3.86875
6505,5.866311073303223,3.86875
6506,5.871701240539551,3.86875
6507,5.872310638427734,3.86875
6508,5.875372886657715,3.86875
6509,5.8757829666137695,3.86875
6510,5.881495475769043,3.86875
6511,5.881072044372559,3.86875
6512,5.881218910217285,3.86875
6513,5.894869804382324,3.86875
6514,5.866985321044922,3.86875
6515,5.865728378295898,3.86875
6516,5.864968299865723,3.86875
6517,5.862396240234375,3.86875
6518,5.861677169799805,3.86875
6519,5.862020492553711,3.86875
6520,5.8615617752075195,3.86875
6521,5.862791061401367,3.86875
6522,5.891935348510742,3.86875
6523,5.869887351989746,3.86875
6524,5.863503456115723,3.86875
6525,5.862661361694336,3.86875
6526,5.868477821350098,3.925
6527,5.876051902770996,3.925
6528,6.004434585571289,3.925
6529,6.163702964782715,3.94140625
6530,6.045931816101074,3.9625
6531,5.897719383239746,3.9625
6532,5.871671676635742,3.9625
6533,5.871744155883789,3.9625
6534,5.874457359313965,3.9625
6535,5.889320373535156,3.9625
6536,5.887660026550293,3.9625
6537,5.883610725402832,3.9625
6538,5.87406063079834,3.9625
6539,5.8668413162231445,3.9625
6540,5.868059158325195,3.9625
6541,5.867314338684082,3.9625
6542,5.867448806762695,3.9625
6543,5.864201545715332,3.9625
6544,5.863364219665527,3.9625
6545,5.860751152038574,3.9625
6546,5.858949661254883,3.9625
6547,5.85904598236084,3.9625
6548,5.860780715942383,3.971875
6549,5.862912178039551,3.971875
6550,5.863044738769531,3.9812500000000006
6551,5.864349365234375,3.98125
6552,5.864469528198242,3.98125
6553,5.865021705627441,4.178125
6554,5.865116119384766,4.178125
6555,5.865056037902832,4.178125
6556,5.865400314331055,4.178125
6557,5.865564346313477,4.178125
6558,5.865828514099121,4.178125
6559,5.865817070007324,4.178125
6560,5.865761756896973,4.178125
6561,5.865718841552734,4.178125
6562,5.86586856842041,4.178125
6563,5.86649227142334,4.178125
6564,5.866554260253906,4.178125
6565,5.867038726806641,4.178125
6566,5.866842269897461,4.178125
6567,5.867884635925293,4.178125
6568,5.866235733032227,4.178125
6569,5.866691589355469,4.178125
6570,5.867578506469727,3.9859375
6571,5.868007659912109,4.24140625
6572,5.868256568908691,4.478125
6573,5.869305610656738,4.478125
6574,5.866491317749023,4.478125
6575,5.8682098388671875,4.478125
6576,5.867860794067383,4.478125
6577,5.8675127029418945,4.478125
6578,5.867434501647949,4.478125
6579,5.867165565490723,4.478125
6580,5.86644172668457,4.646875
6581,5.866552352905273,4.646875
6582,5.866635322570801,4.646875
6583,5.866694450378418,4.646875
6584,5.866761207580566,4.646875
6585,5.873282432556152,4.543749999999999
6586,5.868844032287598,4.543749999999999
6587,5.868843078613281,4.543749999999999
6588,5.868854522705078,4.543749999999999
6589,5.868986129760742,4.515625
6590,6.12876033782959,3.025
6591,6.121209144592285,3.015625
6592,6.128575325012207,3.015625
6593,6.158804893493652,3.015625
6594,6.218107223510742,3.015625
6595,6.382354736328125,3.015625
6596,6.402923583984375,3.015625
6597,6.403606414794922,3.015625
6598,6.403895378112793,3.015625
6599,6.397736549377441,3.015625
6600,6.386567115783691,3.015625
6601,6.363152503967285,3.015625
6602,6.017121315002441,3.015625
6603,6.400633811950684,3.015625
6604,6.464690208435059,3.015625
6605,6.451360702514648,3.015625
6606,6.449636459350586,3.015625
6607,6.432746887207031,3.015625
6608,6.42697811126709,3.015625
6609,6.417681694030762,3.015625
6610,6.4111833572387695,3.015625
6611,6.416109085083008,3.015625
6612,6.419775009155273,3.015625
6613,6.419693946838379,3.015625
6614,6.420429229736328,3.015625
6615,5.968326568603516,7.0375000000000005
6616,5.967368125915527,7.0375000000000005
6617,5.9656982421875,7.0375000000000005
6618,5.965453147888184,7.0375000000000005
6619,5.963924407958984,7.0375000000000005
6620,5.964479446411133,7.0375000000000005
6621,5.9643096923828125,7.0375000000000005
6622,5.963789939880371,7.0375000000000005
6623,5.964168548583984,7.0375000000000005
6624,5.96311092376709,7.0375000000000005
6625,5.961379051208496,7.0375000000000005
6626,5.961664199829102,7.0375000000000005
6627,5.963068962097168,7.0375000000000005
6628,5.967135429382324,7.0375000000000005
6629,6.0101728439331055,7.0375000000000005
6630,6.047504425048828,7.0375000000000005
6631,6.065641403198242,7.0375000000000005
6632,6.066888809204102,7.0375000000000005
6633,6.114816665649414,7.0375000000000005
6634,6.204619407653809,7.0375000000000005
6635,6.185529708862305,7.0375000000000005
6636,6.303292274475098,7.0375000000000005
6637,6.50044059753418,7.0375000000000005
6638,6.500422477722168,7.0375000000000005
6639,6.501717567443848,7.0375000000000005
6640,6.487994194030762,7.0375000000000005
6641,5.886686325073242,7.0375000000000005
6642,5.411164283752441,7.0375000000000005
6643,4.941400527954102,7.0375000000000005
6644,4.67855167388916,7.0375000000000005
6645,4.449518203735352,7.0375000000000005
6646,4.278183460235596,7.0375000000000005
6647,4.163756370544434,7.0375000000000005
6648,4.178469657897949,7.0375000000000005
6649,4.468585014343262,7.0375000000000005
6650,4.869036674499512,7.0375000000000005
6651,6.142912864685059,7.0375000000000005
6652,6.164487838745117,7.0375000000000005
6653,6.306116104125977,7.0375000000000005
6654,6.428182601928711,7.0375000000000005
6655,6.114727020263672,7.0375000000000005
6656,5.945132255554199,7.0375000000000005
6657,5.9032697677612305,7.0375000000000005
6658,5.8744611740112305,7.0375000000000005
6659,5.889523506164551,7.0375000000000005
6660,5.907980918884277,7.0375000000000005
6661,5.939749717712402,7.0375000000000005
6662,5.94877815246582,7.0375000000000005
6663,5.990694999694824,7.0375000000000005
6664,6.065299987792969,7.0375000000000005
6665,6.018087387084961,7.0375000000000005
6666,5.995426177978516,7.0375000000000005
6667,5.915164947509766,7.0375000000000005
6668,5.8837480545043945,7.0375000000000005
6669,5.953144073486328,7.0375000000000005
6670,5.975033760070801,7.0375000000000005
6671,5.912360191345215,7.0375000000000005
6672,5.928449630737305,7.0375000000000005
6673,5.991316795349121,7.0375000000000005
6674,6.417055130004883,7.0375000000000005
6675,6.499784469604492,7.0375000000000005
6676,6.501495361328125,7.0375000000000005
6677,6.501643180847168,7.0375000000000005
6678,6.432082176208496,7.0375000000000005
6679,6.411443710327148,7.0375000000000005
6680,6.309690475463867,7.0375000000000005
6681,6.1737260818481445,7.0375000000000005
6682,6.146792411804199,7.0375000000000005
6683,6.12709903717041,7.0375000000000005
6684,6.064296722412109,7.0375000000000005
6685,6.025579452514648,7.0375000000000005
6686,6.025616645812988,7.0375000000000005
6687,6.064668655395508,7.0375000000000005
6688,6.0727338790893555,7.0375000000000005
6689,6.1788530349731445,7.0375000000000005
6690,6.253413200378418,7.0375000000000005
6691,6.270041465759277,7.0375000000000005
6692,6.2700300216674805,7.0375000000000005
6693,6.207474708557129,7.0375000000000005
6694,6.340283393859863,7.0375000000000005
6695,6.350627899169922,7.0375000000000005
6696,6.321056365966797,7.0375000000000005
6697,6.329266548156738,7.0375000000000005
6698,6.322646141052246,7.0375000000000005
6699,6.334754943847656,7.0375000000000005
6700,6.3104095458984375,7.0375000000000005
6701,6.310299873352051,7.0375000000000005
6702,6.39511775970459,7.0375000000000005
6703,6.4166460037231445,7.0375000000000005
6704,6.4211578369140625,7.0375000000000005
6705,6.395350456237793,7.0375000000000005
6706,6.343637466430664,7.0375000000000005
6707,6.29215145111084,7.0375000000000005
6708,6.474891662597656,7.0375000000000005
6709,6.481109619140625,7.0375000000000005
6710,6.482953071594238,7.0375000000000005
6711,6.487371444702148,7.0375000000000005
6712,6.461295127868652,7.0375000000000005
6713,6.460911750793457,7.0375000000000005
6714,6.4605712890625,7.0375000000000005
6715,6.461590766906738,7.0375000000000005
6716,6.461514472961426,7.0375000000000005
6717,6.396744728088379,7.0375000000000005
6718,6.357769966125488,7.0375000000000005
6719,6.3699188232421875,7.0375000000000005
6720,6.375596046447754,7.0375000000000005
6721,6.405030250549316,7.0375000000000005
6722,6.405038833618164,7.0375000000000005
6723,6.41326904296875,7.0375000000000005
6724,6.462699890136719,7.0375000000000005
6725,6.4726362228393555,7.0375000000000005
6726,6.475215911865234,7.0375000000000005
6727,6.46697998046875,7.0375000000000005
6728,6.466217041015625,7.0375000000000005
6729,6.466617584228516,7.0375000000000005
6730,6.467384338378906,7.0375000000000005
6731,6.464022636413574,7.0375000000000005
6732,6.459789276123047,7.0375000000000005
6733,6.461452484130859,7.0375000000000005
6734,6.4686689376831055,7.0375000000000005
6735,6.4634599685668945,7.0375000000000005
6736,6.460465431213379,7.0375000000000005
6737,6.457460403442383,7.0375000000000005
6738,6.460369110107422,7.0375000000000005
6739,6.455283164978027,7.0375000000000005
6740,6.448127746582031,7.0375000000000005
6741,6.429449081420898,7.0375000000000005
6742,6.430536270141602,7.0375000000000005
6743,6.443921089172363,7.0375000000000005
6744,6.448301315307617,7.0375000000000005
6745,6.446592330932617,7.0375000000000005
6746,6.446554183959961,7.0375000000000005
6747,6.430691719055176,7.0375000000000005
6748,6.4366865158081055,7.0375000000000005
6749,6.4371442794799805,7.0375000000000005
6750,6.432197570800781,7.0375000000000005
6751,6.435500144958496,7.0375000000000005
6752,6.452726364135742,7.0375000000000005
6753,6.470980644226074,7.0375000000000005
6754,6.470938682556152,7.0375000000000005
6755,6.471347808837891,7.0375000000000005
6756,6.47199821472168,7.0375000000000005
6757,6.472414016723633,7.0375000000000005
6758,6.472825050354004,7.0375000000000005
6759,6.467999458312988,7.0375000000000005
6760,6.479503631591797,7.0375000000000005
6761,6.486799240112305,7.0375000000000005
6762,6.489833831787109,7.0375000000000005
6763,6.49263858795166,7.0375000000000005
6764,6.497306823730469,7.0375000000000005
6765,6.498883247375488,7.0375000000000005
6766,6.500370025634766,7.0375000000000005
6767,6.499883651733398,7.0375000000000005
6768,6.500761985778809,7.0375000000000005
6769,6.500738143920898,7.0375000000000005
6770,6.501450538635254,7.0375000000000005
6771,6.501587867736816,7.0375000000000005
6772,6.500931739807129,7.0375000000000005
6773,6.493151664733887,7.0375000000000005
6774,6.490777969360352,7.0375000000000005
6775,6.4906206130981445,7.0375000000000005
6776,6.48570442199707,7.0375000000000005
6777,6.451146125793457,7.0375000000000005
6778,6.453524589538574,7.0375000000000005
6779,6.470337867736816,7.0375000000000005
6780,6.489267349243164,7.0375000000000005
6781,6.491272926330566,7.0375000000000005
6782,6.4962615966796875,7.0375000000000005
6783,6.498207092285156,7.0375000000000005
6784,6.49798583984375,7.0375000000000005
6785,6.497740745544434,7.0375000000000005
6786,6.494861602783203,7.0375000000000005
6787,6.491599082946777,7.0375000000000005
6788,6.500938415527344,7.0375000000000005
6789,6.0696821212768555,7.0375000000000005
6790,6.078302383422852,7.0375000000000005
6791,6.097397804260254,7.0375000000000005
6792,6.119163513183594,7.0375000000000005
6793,6.116864204406738,7.0375000000000005
6794,6.111084938049316,7.0375000000000005
6795,6.1733198165893555,7.0375000000000005
6796,6.161457061767578,7.0375000000000005
6797,6.178804397583008,7.0375000000000005
6798,6.227025032043457,7.0375000000000005
6799,6.241305351257324,7.956250000000001
6800,6.258374214172363,7.956250000000001
6801,6.234646797180176,7.956250000000001
6802,6.240762710571289,7.956250000000001
6803,6.236560821533203,7.956250000000001
6804,6.215576171875,7.956250000000001
6805,6.220824241638184,7.956250000000001
6806,6.237323760986328,7.956250000000001
6807,6.24405574798584,7.956250000000001
6808,6.274486541748047,7.956250000000001
6809,6.240920066833496,7.956250000000001
6810,6.2109479904174805,7.956250000000001
6811,6.140413284301758,7.956250000000001
6812,6.043231964111328,7.956250000000001
6813,6.0357561111450195,7.956250000000001
6814,6.056667327880859,7.956250000000001
6815,6.06430721282959,7.956250000000001
6816,6.350884437561035,7.956250000000001
6817,6.390866279602051,7.956250000000001
6818,6.397266387939453,7.956250000000001
6819,6.286054611206055,7.956250000000001
6820,6.127585411071777,7.956250000000001
6821,6.12017822265625,7.956250000000001
6822,5.951878547668457,7.956250000000001
6823,5.930998802185059,7.956250000000001
6824,6.112693786621094,7.956250000000001
6825,6.442910194396973,7.956250000000001
6826,6.258654594421387,7.956250000000001
6827,6.064550399780273,7.956250000000001
6828,6.057608604431152,7.956250000000001
6829,6.096149444580078,7.956250000000001
6830,6.106451988220215,7.956250000000001
6831,6.146170616149902,7.956250000000001
6832,6.351484298706055,7.956250000000001
6833,6.479300498962402,7.956250000000001
6834,6.496415138244629,7.956250000000001
6835,6.496877670288086,7.956250000000001
6836,6.500029563903809,7.956250000000001
6837,6.497920036315918,7.956250000000001
6838,6.492783546447754,7.956250000000001
6839,6.482105255126953,7.956250000000001
6840,6.270633697509766,7.956250000000001
6841,6.169391632080078,7.956250000000001
6842,6.021780967712402,7.956250000000001
6843,6.029318809509277,7.956250000000001
6844,6.076082229614258,7.956250000000001
6845,6.4499359130859375,7.956250000000001
6846,6.47852897644043,7.956250000000001
6847,6.502785682678223,7.956250000000001
6848,6.47562313079834,7.956250000000001
6849,6.479250907897949,7.956250000000001
6850,6.492653846740723,7.956250000000001
6851,6.487926483154297,7.956250000000001
6852,6.496097564697266,7.956250000000001
6853,6.476670265197754,7.956250000000001
6854,6.4880876541137695,7.956250000000001
6855,6.496490478515625,7.956250000000001
6856,6.5004072189331055,7.956250000000001
6857,6.50144100189209,7.956250000000001
6858,6.5014238357543945,7.956250000000001
6859,6.499913215637207,7.956250000000001
6860,6.498663902282715,7.956250000000001
6861,6.490618705749512,7.956250000000001
6862,6.485713958740234,7.956250000000001
6863,6.474393844604492,7.956250000000001
6864,6.47563362121582,7.956250000000001
6865,6.49346923828125,7.956250000000001
6866,6.488933563232422,7.956250000000001
6867,6.491406440734863,7.956250000000001
6868,6.493927001953125,7.956250000000001
6869,6.478377342224121,7.956250000000001
6870,6.430438041687012,7.956250000000001
6871,6.479546546936035,7.956250000000001
6872,6.480401039123535,7.956250000000001
6873,6.483816146850586,7.956250000000001
6874,6.484989166259766,7.956250000000001
6875,6.486001014709473,7.956250000000001
6876,6.49167537689209,7.956250000000001
6877,6.482297897338867,7.956250000000001
6878,6.47696590423584,7.956250000000001
6879,6.474617958068848,7.956250000000001
6880,6.473264694213867,7.956250000000001
6881,6.473126411437988,7.956250000000001
6882,6.473006248474121,7.956250000000001
6883,6.473785400390625,7.956250000000001
6884,6.4693708419799805,7.956250000000001
6885,6.439828872680664,7.956250000000001
6886,6.4485578536987305,7.956250000000001
6887,6.497879981994629,7.956250000000001
6888,6.494394302368164,7.956250000000001
6889,6.442482948303223,7.956250000000001
6890,6.4100542068481445,7.956250000000001
6891,6.403661727905273,7.956250000000001
6892,6.410944938659668,7.956250000000001
6893,6.4022016525268555,7.956250000000001
6894,6.404886245727539,7.956250000000001
6895,6.411888122558594,7.956250000000001
6896,6.439104080200195,7.956250000000001
6897,6.472018241882324,7.956250000000001
6898,6.477624893188477,7.956250000000001
6899,6.463314056396484,7.956250000000001
6900,6.472874641418457,7.956250000000001
6901,6.473809242248535,7.956250000000001
6902,6.473828315734863,7.956250000000001
6903,6.438676834106445,7.956250000000001
6904,6.377999305725098,7.956250000000001
6905,6.300065040588379,7.956250000000001
6906,6.29899787902832,7.956250000000001
6907,6.300756454467773,7.956250000000001
6908,6.249722480773926,7.956250000000001
6909,6.249179840087891,7.956250000000001
6910,6.3970489501953125,7.956250000000001
6911,6.476778984069824,7.956250000000001
6912,6.497433662414551,7.956250000000001
6913,6.487825393676758,7.956250000000001
6914,6.471162796020508,7.956250000000001
6915,6.501940727233887,7.956250000000001
6916,6.490662574768066,7.956250000000001
6917,6.477409362792969,7.956250000000001
6918,6.4785003662109375,7.956250000000001
6919,6.490262985229492,7.956250000000001
6920,6.490503311157227,7.956250000000001
6921,6.490204811096191,7.956250000000001
6922,6.490457534790039,7.956250000000001
6923,6.492335319519043,7.956250000000001
6924,6.489758491516113,7.956250000000001
6925,6.487764358520508,7.956250000000001
6926,6.469745635986328,7.956250000000001
6927,6.37730598449707,7.956250000000001
6928,6.213486671447754,7.956250000000001
6929,6.447317123413086,7.956250000000001
6930,6.471325874328613,7.956250000000001
6931,6.476350784301758,7.956250000000001
6932,6.48286247253418,7.956250000000001
6933,6.4717512130737305,7.956250000000001
6934,6.488733291625977,7.956250000000001
6935,6.491687774658203,7.956250000000001
6936,6.481866836547852,7.956250000000001
6937,6.478680610656738,7.956250000000001
6938,6.468411445617676,7.956250000000001
6939,6.480905532836914,7.956250000000001
6940,6.48159122467041,7.956250000000001
6941,6.483409881591797,7.956250000000001
6942,6.482579231262207,7.956250000000001
6943,6.4813127517700195,7.956250000000001
6944,6.485285758972168,7.956250000000001
6945,6.49008846282959,7.956250000000001
6946,6.490266799926758,7.956250000000001
6947,6.491628646850586,7.956250000000001
6948,6.489203453063965,7.956250000000001
6949,6.488962173461914,7.956250000000001
6950,6.487519264221191,7.956250000000001
6951,6.485507011413574,7.956250000000001
6952,6.488785743713379,7.956250000000001
6953,6.504173278808594,7.956250000000001
6954,6.503408432006836,7.956250000000001
6955,6.449881553649902,7.956250000000001
6956,6.472525596618652,7.956250000000001
6957,6.4979047775268555,7.956250000000001
6958,6.493013381958008,7.956250000000001
6959,6.489945411682129,7.956250000000001
6960,6.497292518615723,7.956250000000001
6961,6.488925933837891,7.956250000000001
6962,6.453289031982422,7.956250000000001
6963,6.437990188598633,7.956250000000001
6964,6.4107255935668945,7.956250000000001
6965,6.396692276000977,7.956250000000001
6966,6.3981781005859375,7.956250000000001
6967,6.414340972900391,7.956250000000001
6968,6.472456932067871,7.956250000000001
6969,6.483278274536133,7.956250000000001
6970,6.46611213684082,7.956250000000001
6971,6.456565856933594,7.956250000000001
6972,6.458569526672363,7.956250000000001
6973,6.473511695861816,7.956250000000001
6974,6.503820419311523,7.956250000000001
6975,6.503476142883301,7.956250000000001
6976,6.497203826904297,7.956250000000001
6977,6.504900932312012,7.956250000000001
6978,6.506904602050781,7.956250000000001
6979,6.507285118103027,7.956250000000001
6980,6.506640434265137,7.956250000000001
6981,6.506638526916504,7.956250000000001
6982,6.5009355545043945,7.956250000000001
6983,6.496310234069824,7.956250000000001
6984,6.495319366455078,7.956250000000001
6985,6.495083808898926,7.956250000000001
6986,6.500919342041016,7.956250000000001
6987,6.500621795654297,7.956250000000001
6988,6.462867736816406,7.956250000000001
6989,6.313276290893555,7.956250000000001
6990,6.303032875061035,7.956250000000001
6991,6.306978225708008,7.956250000000001
6992,6.472491264343262,7.956250000000001
6993,6.474504470825195,7.956250000000001
6994,6.472972869873047,7.956250000000001
6995,6.430482864379883,7.956250000000001
6996,6.485333442687988,7.956250000000001
6997,6.492169380187988,7.956250000000001
6998,6.494929313659668,7.956250000000001
6999,6.493764877319336,7.956250000000001
7000,6.458348274230957,7.956250000000001
7001,6.450803756713867,7.956250000000001
7002,6.476822853088379,7.956250000000001
7003,6.476422309875488,7.956250000000001
7004,6.470853805541992,7.956250000000001
7005,6.457734107971191,7.956250000000001
7006,6.467582702636719,7.956250000000001
7007,6.475433349609375,7.956250000000001
7008,6.477053642272949,7.956250000000001
7009,6.479398727416992,7.956250000000001
7010,6.477039337158203,7.956250000000001
7011,6.471105575561523,7.956250000000001
7012,6.4679155349731445,7.956250000000001
7013,6.468064308166504,7.956250000000001
7014,6.470725059509277,7.956250000000001
7015,6.475124359130859,7.956250000000001
7016,6.4736127853393555,7.956250000000001
7017,6.47196102142334,7.956250000000001
7018,6.495667457580566,7.956250000000001
7019,6.481204986572266,7.956250000000001
7020,6.467705726623535,7.956250000000001
7021,6.467757225036621,7.956250000000001
7022,6.4408979415893555,7.956250000000001
7023,6.438211441040039,7.956250000000001
7024,6.440664291381836,7.956250000000001
7025,6.479543685913086,7.956250000000001
7026,6.457215309143066,7.956250000000001
7027,6.4397735595703125,7.956250000000001
7028,6.49350643157959,7.956250000000001
7029,6.492705345153809,7.956250000000001
7030,6.461864471435547,7.956250000000001
7031,6.461813926696777,7.956250000000001
7032,6.491128921508789,7.956250000000001
7033,6.4915771484375,7.956250000000001
7034,6.464037895202637,7.956250000000001
7035,6.458310127258301,7.956250000000001
7036,6.444915771484375,7.956250000000001
7037,6.397815704345703,7.956250000000001
7038,6.389623641967773,7.956250000000001
7039,6.483739852905273,7.956250000000001
7040,6.485738754272461,7.956250000000001
7041,6.489069938659668,7.956250000000001
7042,6.489434242248535,7.956250000000001
7043,6.486749649047852,7.956250000000001
7044,6.486034393310547,7.956250000000001
7045,6.472659111022949,7.956250000000001
7046,6.467669486999512,7.956250000000001
7047,6.454285621643066,7.956250000000001
7048,6.443059921264648,7.956250000000001
7049,6.439699172973633,7.956250000000001
7050,6.49083137512207,7.956250000000001
7051,6.489896774291992,7.956250000000001
7052,6.471517562866211,7.956250000000001
7053,6.467435836791992,7.956250000000001
7054,6.465005874633789,7.956250000000001
7055,6.466703414916992,7.956250000000001
7056,6.463196754455566,7.956250000000001
7057,6.4638671875,7.956250000000001
7058,6.4641923904418945,7.956250000000001
7059,6.463038444519043,7.956250000000001
7060,6.464639663696289,7.956250000000001
7061,6.471261978149414,7.956250000000001
7062,6.47187614440918,7.956250000000001
7063,6.489169120788574,7.956250000000001
7064,6.491890907287598,7.956250000000001
7065,6.492327690124512,7.956250000000001
7066,6.4871931076049805,7.956250000000001
7067,6.48590087890625,7.956250000000001
7068,6.482725143432617,7.956250000000001
7069,6.478486061096191,7.956250000000001
7070,6.4713544845581055,7.95625
7071,6.464825630187988,7.956250000000001
7072,6.4637861251831055,7.956250000000001
7073,6.4625701904296875,7.956250000000001
7074,6.462569236755371,7.956250000000001
7075,6.470621109008789,7.956250000000001
7076,6.473388671875,7.956250000000001
7077,6.453566551208496,7.956250000000001
7078,6.453956604003906,7.956250000000001
7079,6.469643592834473,7.956250000000001
7080,6.47709846496582,7.956250000000001
7081,6.4795026779174805,7.956250000000001
7082,6.478702545166016,7.956250000000001
7083,6.473102569580078,7.956250000000001
7084,6.477643966674805,7.956250000000001
7085,6.478065490722656,7.956250000000001
7086,6.479589462280273,7.956250000000001
7087,6.483652114868164,7.956250000000001
7088,6.479689598083496,7.956250000000001
7089,6.471159934997559,7.956250000000001
7090,6.4462995529174805,7.956250000000001
7091,6.490614891052246,7.956250000000001
7092,6.4849348068237305,7.956250000000001
7093,6.4767560958862305,7.956250000000001
7094,6.481376647949219,7.956250000000001
7095,6.482726097106934,7.956250000000001
7096,6.485343933105469,7.956250000000001
7097,6.473701477050781,7.956250000000001
7098,6.473781585693359,7.956250000000001
7099,6.485090255737305,7.956250000000001
7100,6.485598564147949,7.956250000000001
7101,6.493321418762207,7.956250000000001
7102,6.489415168762207,7.956250000000001
7103,6.486894607543945,7.956250000000001
7104,6.477113723754883,7.956250000000001
7105,6.148681640625,7.956250000000001
7106,6.18435001373291,7.956250000000001
7107,6.2642011642456055,7.956250000000001
7108,6.198680877685547,7.956250000000001
7109,6.212924957275391,7.956250000000001
7110,6.380507469177246,7.956250000000001
7111,6.378170013427734,7.956250000000001
7112,6.36964225769043,7.956250000000001
7113,6.34419059753418,7.956250000000001
7114,6.462944984436035,7.956250000000001
7115,6.46019172668457,7.956250000000001
7116,6.460583686828613,7.956250000000001
7117,6.433407783508301,7.956250000000001
7118,6.38291072845459,7.956250000000001
7119,6.2744340896606445,7.956250000000001
7120,6.263111114501953,7.956250000000001
7121,6.2628679275512695,7.956250000000001
7122,6.262247085571289,7.956250000000001
7123,6.273135185241699,7.956250000000001
7124,6.313727378845215,7.956250000000001
7125,6.296255111694336,7.956250000000001
7126,6.284537315368652,7.956250000000001
7127,6.327007293701172,7.956250000000001
7128,6.4107160568237305,7.956250000000001
7129,6.395398139953613,7.956250000000001
7130,6.368366241455078,7.956250000000001
7131,6.328397750854492,7.956250000000001
7132,6.322169303894043,7.956250000000001
7133,6.3200836181640625,7.956250000000001
7134,6.266727447509766,7.956250000000001
7135,6.341375350952148,7.956250000000001
7136,6.333595275878906,7.956250000000001
7137,6.33482551574707,7.956250000000001
7138,6.335018157958984,7.956250000000001
7139,6.098480224609375,7.956250000000001
7140,6.454237937927246,7.956250000000001
7141,6.420818328857422,7.956250000000001
7142,6.492214202880859,7.956250000000001
7143,6.501993179321289,7.956250000000001
7144,6.497170448303223,7.956250000000001
7145,6.4959306716918945,7.956250000000001
7146,6.4998931884765625,7.956250000000001
7147,6.500483512878418,7.956250000000001
7148,6.500654220581055,7.95625
7149,6.500275611877441,7.956250000000001
7150,6.498586654663086,7.956250000000001
7151,6.493623733520508,7.956250000000001
7152,6.468789100646973,7.956250000000001
7153,6.4217376708984375,7.956250000000001
7154,6.495821952819824,7.956250000000001
7155,6.503949165344238,7.956250000000001
7156,6.502802848815918,7.956250000000001
7157,6.499137878417969,7.956250000000001
7158,6.4818525314331055,7.956250000000001
7159,6.4560956954956055,7.956250000000001
7160,6.403182029724121,7.956250000000001
7161,6.414032936096191,7.956250000000001
7162,6.413591384887695,7.956250000000001
7163,6.408571243286133,7.956250000000001
7164,6.4053850173950195,7.956250000000001
7165,6.406203269958496,7.956250000000001
7166,6.405523300170898,7.956250000000001
7167,6.399558067321777,7.956250000000001
7168,6.37689208984375,7.956250000000001
7169,6.367582321166992,7.956250000000001
7170,6.381335258483887,7.956250000000001
7171,6.289236068725586,7.956250000000001
7172,6.265682220458984,7.956250000000001
7173,6.156230926513672,7.956250000000001
7174,6.145037651062012,7.956250000000001
7175,6.173165321350098,7.956250000000001
7176,6.1732683181762695,7.956250000000001
7177,6.362116813659668,7.956250000000001
7178,6.375112533569336,7.956250000000001
7179,6.168515205383301,7.956250000000001
7180,6.168440818786621,7.956250000000001
7181,6.25794792175293,7.956250000000001
7182,6.276854515075684,7.956250000000001
7183,6.337747573852539,7.956250000000001
7184,6.27134895324707,7.956250000000001
7185,6.233209609985352,7.956250000000001
7186,6.213443756103516,7.956250000000001
7187,6.153471946716309,7.159375
7188,6.166945457458496,7.159375
7189,6.164677619934082,7.159375
7190,6.157079696655273,7.140625
7191,6.234972953796387,6.90625
7192,6.269439697265625,6.90625
7193,6.504599571228027,6.971875000000001
7194,6.492676734924316,6.971875000000001
7195,6.501003265380859,6.971875000000001
7196,6.502784729003906,6.971875000000001
7197,6.502925872802734,6.971875000000001
7198,6.502928733825684,6.971875000000001
7199,6.502111434936523,6.971875000000001
7200,6.50180721282959,6.971875000000001
7201,6.497405052185059,6.971875000000001
7202,6.372157096862793,6.971875000000001
7203,6.397235870361328,6.971875000000001
7204,6.428638458251953,6.971875000000001
7205,6.446187973022461,6.971875000000001
7206,6.487982749938965,6.971875000000001
7207,6.490011215209961,6.971875000000001
7208,6.497469902038574,6.971875000000001
7209,6.49826717376709,6.971875000000001
7210,6.497920036315918,6.971875000000001
7211,6.497287750244141,6.971875000000001
7212,6.495607376098633,6.971875000000001
7213,6.495718002319336,6.971875000000001
7214,6.490535736083984,6.971875000000001
7215,6.488670349121094,6.971875000000001
7216,6.494926452636719,6.971875000000001
7217,6.492454528808594,6.971875000000001
7218,6.488605499267578,6.971875000000001
7219,6.483457565307617,6.971875000000001
7220,6.48378849029541,6.971875000000001
7221,6.482725143432617,6.971875000000001
7222,6.487809181213379,6.971875000000001
7223,6.481393814086914,6.971875000000001
7224,6.471261978149414,6.971875000000001
7225,6.48452091217041,6.971875000000001
7226,6.470879554748535,6.971875000000001
7227,6.484077453613281,6.971875000000001
7228,6.486586570739746,6.971875000000001
7229,6.502129554748535,6.971875000000001
7230,6.504081726074219,6.971875000000001
7231,6.504441261291504,6.971875000000001
7232,6.5042829513549805,6.971875000000001
7233,6.503005027770996,6.971875000000001
7234,6.36775016784668,6.971875000000001
7235,6.464277267456055,6.971875000000001
7236,6.466001510620117,6.971875000000001
7237,6.466850280761719,6.971875000000001
7238,6.467532157897949,6.971875000000001
7239,6.469762802124023,6.971875000000001
7240,6.474340438842773,6.971875000000001
7241,6.47969913482666,6.971875000000001
7242,6.478676795959473,6.971875000000001
7243,6.476783752441406,6.971875000000001
7244,6.4840192794799805,6.971875000000001
7245,6.501857757568359,6.971875000000001
7246,6.502414703369141,6.971875000000001
7247,6.500475883483887,6.971875000000001
7248,6.500226974487305,6.971875000000001
7249,6.495279312133789,6.971875000000001
7250,6.49453067779541,6.971875000000001
7251,6.488442420959473,6.971875000000001
7252,6.489320755004883,6.971875000000001
7253,6.490142822265625,6.971875000000001
7254,6.490105628967285,6.971875000000001
7255,6.489778518676758,6.971875000000001
7256,6.436432838439941,6.971875000000001
7257,6.383342742919922,6.971875000000001
7258,6.408780097961426,6.971875000000001
7259,6.4884138107299805,6.971875000000001
7260,6.40518856048584,6.971875000000001
7261,6.479066848754883,6.971875000000001
7262,6.480781555175781,6.971875000000001
7263,6.477329254150391,6.971875000000001
7264,6.474989891052246,6.971875000000001
7265,6.484064102172852,6.971875000000001
7266,6.488093376159668,6.971875000000001
7267,6.491133689880371,6.971875000000001
7268,6.497302055358887,6.971875000000001
7269,6.498120307922363,6.971875000000001
7270,6.5056657791137695,6.971875000000001
7271,6.505740165710449,6.971875
7272,6.505671501159668,6.971875000000001
7273,6.505684852600098,6.971875000000001
7274,6.506391525268555,6.971875000000001
7275,6.506734848022461,6.971875000000001
7276,6.505728721618652,6.971875000000001
7277,6.504878044128418,6.971875000000001
7278,6.504671096801758,6.971875000000001
7279,6.506683349609375,6.971875000000001
7280,6.505622863769531,6.971875000000001
7281,6.506481170654297,6.971875000000001
7282,6.505638122558594,6.971875000000001
7283,6.501495361328125,6.971875000000001
7284,6.500236511230469,6.971875000000001
7285,6.495657920837402,6.971875000000001
7286,6.495414733886719,6.971875000000001
7287,6.49593448638916,6.971875000000001
7288,6.411740303039551,6.971875000000001
7289,6.452275276184082,6.971875000000001
7290,6.471117973327637,6.971875000000001
7291,6.47576904296875,6.971875000000001
7292,6.482736587524414,6.971875000000001
7293,6.48403263092041,6.971875000000001
7294,6.488106727600098,6.971875000000001
7295,6.493688583374023,6.971875000000001
7296,6.4938459396362305,6.971875000000001
7297,6.497926712036133,6.971875000000001
7298,6.497960090637207,6.971875000000001
7299,6.499302864074707,6.971875000000001
7300,6.4997453689575195,6.971875000000001
7301,6.501040458679199,6.971875000000001
7302,6.50100040435791,6.971875000000001
7303,6.500993728637695,6.971875000000001
7304,6.491844177246094,6.971875000000001
7305,6.364763259887695,6.971875000000001
7306,6.490154266357422,6.971875000000001
7307,6.4807634353637695,6.971875000000001
7308,6.473596572875977,6.971875000000001
7309,6.462697982788086,6.971875000000001
7310,6.46784782409668,6.971875000000001
7311,6.454653739929199,6.971875000000001
7312,6.466261863708496,6.971875000000001
7313,6.498025894165039,6.971875000000001
7314,6.500297546386719,6.971875000000001
7315,6.433629035949707,6.971875000000001
7316,6.356433868408203,6.971875000000001
7317,6.325883865356445,6.971875000000001
7318,6.334864616394043,6.971875000000001
7319,6.367321968078613,6.971875000000001
7320,6.4308271408081055,6.971875000000001
7321,6.456263542175293,6.971875000000001
7322,6.499444961547852,6.971875000000001
7323,6.506084442138672,6.971875000000001
7324,6.504786491394043,6.971875000000001
7325,6.496647834777832,6.971875000000001
7326,6.494966506958008,6.971875000000001
7327,6.491914749145508,6.971875000000001
7328,6.48117733001709,6.971875000000001
7329,6.480207443237305,6.971875000000001
7330,6.480060577392578,6.971875000000001
7331,6.478476524353027,6.971875000000001
7332,6.476770401000977,6.971875000000001
7333,6.417197227478027,6.971875000000001
7334,6.420502662658691,6.971875000000001
7335,6.463505744934082,6.971875000000001
7336,6.4920244216918945,6.971875000000001
7337,6.484917640686035,6.971875000000001
7338,6.473878860473633,6.971875000000001
7339,6.4339189529418945,6.971875000000001
7340,6.4288482666015625,6.971875000000001
7341,6.403475761413574,6.971875000000001
7342,6.333970069885254,6.971875000000001
7343,6.317580223083496,6.971875000000001
7344,6.261801719665527,6.971875000000001
7345,6.169251441955566,6.971875000000001
7346,6.197187423706055,6.971875000000001
7347,6.224234580993652,6.971875000000001
7348,6.172331809997559,6.971875000000001
7349,6.179289817810059,6.971875000000001
7350,6.199479103088379,6.971875000000001
7351,6.172018051147461,6.971875000000001
7352,6.438240051269531,6.971875000000001
7353,6.414220809936523,6.971875000000001
7354,6.39332389831543,6.971875000000001
7355,6.360843658447266,6.971875000000001
7356,6.440443992614746,6.971875000000001
7357,6.486598014831543,6.971875000000001
7358,6.415947914123535,6.971875000000001
7359,6.463157653808594,6.971875000000001
7360,6.290607452392578,6.971875
7361,6.457204818725586,6.971875000000001
7362,6.455724716186523,6.971875000000001
7363,6.451519966125488,6.971875
7364,6.369458198547363,6.971875000000001
7365,6.394327163696289,6.971875000000001
7366,6.473276138305664,6.971875000000001
7367,6.472638130187988,6.971875000000001
7368,6.476446151733398,6.971875
7369,6.471979141235352,6.971875000000001
7370,6.469654083251953,6.971875000000001
7371,6.451639175415039,6.971875000000001
7372,6.396589279174805,6.971875000000001
7373,6.3476409912109375,6.971875000000001
7374,6.310803413391113,6.971875000000001
7375,6.357169151306152,6.971875000000001
7376,6.397305488586426,6.971875000000001
7377,6.410313606262207,6.971875000000001
7378,6.435833930969238,6.971875000000001
7379,6.454925537109375,6.971875000000001
7380,6.4644269943237305,6.971875
7381,6.450967788696289,6.971875000000001
7382,6.425702095031738,6.971875000000001
7383,6.4217376708984375,6.971875000000001
7384,6.428755760192871,6.971875000000001
7385,6.430994033813477,6.971875000000001
7386,6.476692199707031,6.971875000000001
7387,6.212148666381836,6.971875000000001
7388,6.482837677001953,6.971875000000001
7389,6.492116928100586,6.971875000000001
7390,6.495201110839844,6.971875000000001
7391,6.494871139526367,6.971875000000001
7392,6.494955062866211,6.971875000000001
7393,6.492171287536621,6.971875000000001
7394,6.491332054138184,6.971875000000001
7395,6.486766815185547,6.971875000000001
7396,6.403365135192871,6.971875000000001
7397,6.363298416137695,6.971875000000001
7398,6.430005073547363,6.971875000000001
7399,6.438799858093262,6.971875000000001
7400,6.457576751708984,6.971875000000001
7401,6.460965156555176,6.971875000000001
7402,6.454891204833984,6.971875000000001
7403,6.441108703613281,6.971875000000001
7404,6.417197227478027,6.971875000000001
7405,6.429311752319336,6.971875000000001
7406,6.385266304016113,6.971875000000001
7407,6.3417863845825195,6.971875000000001
7408,6.292218208312988,6.971875000000001
7409,6.236227989196777,6.971875000000001
7410,6.346700668334961,6.971875000000001
7411,6.490394592285156,6.971875000000001
7412,6.504798889160156,6.971875000000001
7413,6.500716209411621,6.971875000000001
7414,6.498358726501465,6.971875000000001
7415,6.495314598083496,6.971875000000001
7416,6.495660781860352,6.971875000000001
7417,6.495621681213379,6.971875000000001
7418,6.494193077087402,6.971875000000001
7419,6.425701141357422,6.971875000000001
7420,6.314449310302734,6.971875000000001
7421,6.348786354064941,6.971875000000001
7422,6.318808555603027,6.971875000000001
7423,6.3631792068481445,6.971875000000001
7424,6.294812202453613,6.971875000000001
7425,6.268435478210449,6.971875000000001
7426,6.262136459350586,6.971875000000001
7427,6.2425689697265625,6.971875000000001
7428,6.274176597595215,6.971875000000001
7429,6.262365341186523,6.971875000000001
7430,6.25468635559082,6.971875000000001
7431,6.174433708190918,6.971875000000001
7432,6.384198188781738,6.971875000000001
7433,6.479608535766602,6.971875000000001
7434,6.4728851318359375,6.971875000000001
7435,6.4747772216796875,6.971875000000001
7436,6.473817825317383,6.971875000000001
7437,6.475795745849609,6.971875000000001
7438,6.466363906860352,6.971875000000001
7439,6.400055885314941,6.971875000000001
7440,6.385193824768066,6.971875
7441,6.386528968811035,6.971875000000001
7442,6.386898040771484,6.971875000000001
7443,6.367474555969238,6.971875000000001
7444,6.385882377624512,6.971875000000001
7445,6.384970664978027,6.971875000000001
7446,6.3902435302734375,6.971875000000001
7447,6.389294624328613,6.971875000000001
7448,6.390538215637207,6.971875000000001
7449,6.399919509887695,6.971875000000001
7450,6.460387229919434,6.971875000000001
7451,6.464117050170898,6.971875000000001
7452,6.488188743591309,6.971875000000001
7453,6.489969253540039,6.971875000000001
7454,6.494087219238281,6.971875000000001
7455,6.484683990478516,6.971875000000001
7456,6.446226119995117,6.971875000000001
7457,6.407100677490234,6.971875000000001
7458,6.408578872680664,6.971875000000001
7459,6.415441513061523,6.971875000000001
7460,6.439756393432617,6.971875000000001
7461,6.467487335205078,6.971875000000001
7462,6.4629106521606445,6.971875000000001
7463,6.338325500488281,6.971875000000001
7464,6.083074569702148,6.971875000000001
7465,6.087053298950195,6.971875000000001
7466,6.2063446044921875,6.971875000000001
7467,6.434118270874023,6.971875000000001
7468,6.476016998291016,6.971875000000001
7469,6.47740364074707,6.971875000000001
7470,6.357731819152832,6.971875000000001
7471,6.305582046508789,6.971875000000001
7472,6.480731010437012,6.971875000000001
7473,6.410368919372559,6.971875000000001
7474,6.469986915588379,6.971875000000001
7475,6.4766082763671875,6.971875000000001
7476,6.472434997558594,6.971875000000001
7477,6.485018730163574,6.971875000000001
7478,6.507765769958496,6.971875000000001
7479,6.302220344543457,6.971875000000001
7480,6.23951530456543,6.971875000000001
7481,6.318687438964844,6.971875000000001
7482,6.349930763244629,6.971875000000001
7483,6.375667572021484,6.971875000000001
7484,6.4284162521362305,6.971875000000001
7485,6.498517990112305,6.971875000000001
7486,6.505712509155273,6.971875000000001
7487,6.5057878494262695,6.971875
7488,6.505646705627441,6.971875000000001
7489,6.504664421081543,6.971875000000001
7490,6.501654624938965,6.971875000000001
7491,6.495863914489746,6.971875000000001
7492,6.222749710083008,6.971875000000001
7493,6.236598968505859,6.971875000000001
7494,6.2022905349731445,6.971875000000001
7495,6.227148056030273,6.971875000000001
7496,6.247213363647461,6.971875000000001
7497,6.373316764831543,6.971875000000001
7498,6.314359664916992,6.971875000000001
7499,6.494790077209473,6.971875000000001
7500,6.47100830078125,6.971875000000001
7501,6.495853424072266,6.971875000000001
7502,6.494565963745117,6.971875000000001
7503,6.494439125061035,6.971875000000001
7504,6.494953155517578,6.971875000000001
7505,6.494880676269531,6.971875000000001
7506,6.494396209716797,6.971875000000001
7507,6.497502326965332,6.971875000000001
7508,6.500240325927734,6.971875000000001
7509,6.506050109863281,6.971875000000001
7510,6.50605583190918,6.971875000000001
7511,6.505680084228516,6.971875000000001
7512,6.503206253051758,6.971875000000001
7513,6.498016357421875,6.971875
7514,6.484413146972656,6.971875000000001
7515,6.484758377075195,6.971875000000001
7516,6.485407829284668,6.971875000000001
7517,6.481313705444336,6.971875000000001
7518,6.470693588256836,6.971875000000001
7519,6.423847198486328,6.971875000000001
7520,6.424202919006348,6.971875000000001
7521,6.5045366287231445,6.971875
7522,6.505912780761719,6.971875000000001
7523,6.493499755859375,6.971875000000001
7524,6.485200881958008,6.971875000000001
7525,6.489286422729492,6.971875000000001
7526,6.504849433898926,6.971875000000001
7527,6.4805707931518555,6.971875000000001
7528,6.469127655029297,6.971875000000001
7529,6.481291770935059,6.971875000000001
7530,6.477680206298828,6.971875000000001
7531,6.46883487701416,6.971875000000001
7532,6.4686174392700195,6.971875000000001
7533,6.465975761413574,6.971875000000001
7534,6.468514442443848,6.971875000000001
7535,6.469731330871582,6.971875000000001
7536,6.47735595703125,6.971875000000001
7537,6.48042106628418,6.971875000000001
7538,6.475405693054199,6.971875000000001
7539,6.474355697631836,6.971875000000001
7540,6.489824295043945,6.971875000000001
7541,6.502678871154785,6.971875000000001
7542,6.499088287353516,6.971875000000001
7543,6.4962158203125,6.971875000000001
7544,6.495180130004883,6.971875
7545,6.469059944152832,6.971875000000001
7546,6.404445648193359,6.971875000000001
7547,6.398652076721191,6.971875000000001
7548,6.461240768432617,6.971875000000001
7549,6.464268684387207,6.971875000000001
7550,6.450490951538086,6.971875000000001
7551,6.447874069213867,6.971875000000001
7552,6.44654655456543,6.971875000000001
7553,6.096500396728516,6.971875000000001
7554,6.05439567565918,6.971875000000001
7555,6.067836761474609,6.971875000000001
7556,6.104979515075684,6.971875000000001
7557,6.121135711669922,6.971875000000001
7558,6.175482749938965,6.971875000000001
7559,6.238137245178223,6.971875000000001
7560,6.33460807800293,6.971875000000001
7561,6.286081314086914,6.971875000000001
7562,6.033905029296875,6.971875000000001
7563,6.199969291687012,6.971875000000001
7564,6.182309150695801,6.971875000000001
7565,6.089789390563965,6.971875
7566,6.294499397277832,6.971875000000001
7567,6.450926780700684,6.971875000000001
7568,6.403775215148926,6.971875000000001
7569,6.415763854980469,6.971875000000001
7570,6.38931941986084,6.971875000000001
7571,6.2525482177734375,6.971875000000001
7572,6.231131553649902,6.971875000000001
7573,6.387668609619141,6.971875000000001
7574,6.463525772094727,6.971875000000001
7575,6.282513618469238,6.971875000000001
7576,6.388959884643555,6.971875000000001
7577,6.381796836853027,6.971875000000001
7578,6.434070587158203,6.971875000000001
7579,6.439072608947754,6.971875000000001
7580,6.464319229125977,6.971875000000001
7581,6.466433525085449,6.971875000000001
7582,6.441323280334473,6.971875000000001
7583,6.424430847167969,6.971875000000001
7584,6.4914045333862305,6.971875000000001
7585,6.491812705993652,6.971875000000001
7586,6.497073173522949,6.971875000000001
7587,6.486700057983398,6.971875000000001
7588,6.459006309509277,6.971875000000001
7589,6.3990936279296875,6.971875000000001
7590,6.437775611877441,6.971875000000001
7591,6.464232444763184,6.971875000000001
7592,6.472794532775879,6.971875000000001
7593,6.481875419616699,6.971875000000001
7594,6.480120658874512,6.971875000000001
7595,6.479118347167969,6.971875000000001
7596,6.483734130859375,6.971875000000001
7597,6.486499786376953,6.971875000000001
7598,6.470362663269043,6.971875000000001
7599,6.4543304443359375,6.971875000000001
7600,6.459905624389648,6.971875000000001
7601,6.475380897521973,6.971875000000001
7602,6.482050895690918,6.971875000000001
7603,6.446978569030762,6.971875000000001
7604,6.368614196777344,6.971875000000001
7605,6.460851669311523,6.971875000000001
7606,6.460450172424316,6.971875000000001
7607,6.462911605834961,6.971875000000001
7608,6.488478660583496,6.971875000000001
7609,6.485226631164551,6.971875000000001
7610,6.484257698059082,6.971875000000001
7611,6.4822587966918945,6.971875000000001
7612,6.480813026428223,6.971875000000001
7613,6.469826698303223,6.971875000000001
7614,6.4668684005737305,6.971875000000001
7615,6.46302604675293,6.971875
7616,6.460418701171875,6.971875000000001
7617,6.454153060913086,6.971875000000001
7618,6.1041059494018555,6.971875000000001
7619,6.048947334289551,6.971875000000001
7620,6.068703651428223,6.971875000000001
7621,6.1196184158325195,6.971875000000001
7622,6.314316749572754,6.971875000000001
7623,6.319771766662598,6.971875000000001
7624,6.4088134765625,6.971875000000001
7625,6.375960350036621,6.971875000000001
7626,6.415130615234375,6.971875000000001
7627,6.4146575927734375,6.971875
7628,6.411364555358887,6.971875000000001
7629,6.330294609069824,6.971875000000001
7630,6.379430770874023,6.971875
7631,6.428108215332031,6.971875000000001
7632,6.45820426940918,6.971875000000001
7633,6.455185890197754,6.971875000000001
7634,6.385836601257324,6.971875000000001
7635,6.312101364135742,6.971875000000001
7636,6.3036699295043945,6.971875000000001
7637,6.257993698120117,6.971875000000001
7638,6.331432342529297,6.971875000000001
7639,6.343321800231934,6.971875000000001
7640,6.353468894958496,6.971875000000001
7641,6.2563276290893555,6.971875000000001
7642,6.325972557067871,6.971875000000001
7643,6.405148506164551,6.971875000000001
7644,6.307554244995117,6.971875000000001
7645,6.321285247802734,6.971875000000001
7646,6.3182268142700195,6.971875000000001
7647,6.278532981872559,6.971875000000001
7648,6.273774147033691,6.971875000000001
7649,6.295686721801758,6.971875000000001
7650,6.346504211425781,6.971875000000001
7651,6.4427385330200195,6.971875000000001
7652,6.443181991577148,6.971875000000001
7653,6.316314697265625,6.971875000000001
7654,6.2971038818359375,6.971875000000001
7655,6.263010025024414,6.971875000000001
7656,6.299944877624512,6.971875000000001
7657,6.363250732421875,6.971875000000001
7658,6.326455116271973,6.971875000000001
7659,6.307430267333984,6.971875000000001
7660,6.458126068115234,6.971875000000001
7661,6.352198600769043,6.971875000000001
7662,6.377349853515625,6.971875000000001
7663,6.391083717346191,6.971875000000001
7664,6.407157897949219,6.971875000000001
7665,6.485858917236328,6.971875000000001
7666,6.482508659362793,6.971875000000001
7667,6.499265670776367,6.971875
7668,6.5027313232421875,6.971875000000001
7669,6.503481864929199,6.971875000000001
7670,6.5015363693237305,6.971875000000001
7671,6.495955467224121,6.971875000000001
7672,6.44627571105957,6.971875000000001
7673,6.452808380126953,6.971875000000001
7674,6.468544006347656,6.971875000000001
7675,6.449919700622559,6.971875000000001
7676,6.391186714172363,6.971875000000001
7677,6.254258155822754,6.971875000000001
7678,6.296692848205566,6.971875000000001
7679,6.38093376159668,6.971875000000001
7680,6.411343574523926,6.971875000000001
7681,6.459973335266113,6.971875000000001
7682,6.481335639953613,6.971875000000001
7683,6.490553855895996,6.971875000000001
7684,6.490363121032715,6.971875000000001
7685,6.437654495239258,6.971875000000001
7686,6.448285102844238,6.971875000000001
7687,6.4843902587890625,6.971875000000001
7688,6.491672515869141,6.971875000000001
7689,6.489953994750977,6.971875000000001
7690,6.462124824523926,6.971875000000001
7691,6.478777885437012,6.971875000000001
7692,6.484583854675293,6.971875000000001
7693,6.500888824462891,6.971875000000001
7694,6.483489990234375,6.971875000000001
7695,6.476466178894043,6.971875
7696,6.460847854614258,6.971875000000001
7697,6.479399681091309,6.971875
7698,6.492148399353027,6.971875000000001
7699,6.467554092407227,6.971875000000001
7700,6.447260856628418,6.971875000000001
7701,6.4933271408081055,6.971875000000001
7702,6.489392280578613,6.971875000000001
7703,6.461371421813965,6.971875000000001
7704,6.463953018188477,6.971875000000001
7705,6.461801528930664,6.971875000000001
7706,6.46158504486084,6.971875000000001
7707,6.469913482666016,6.971875000000001
7708,6.474481582641602,6.971875000000001
7709,6.335874557495117,6.971875000000001
7710,6.455960273742676,6.971875
7711,6.506004333496094,6.971875000000001
7712,6.503780364990234,6.971875000000001
7713,6.502826690673828,6.971875000000001
7714,6.490110397338867,6.971875000000001
7715,6.133667945861816,6.971875000000001
7716,6.067901611328125,6.971875000000001
7717,6.018729209899902,6.971875000000001
7718,6.013731956481934,6.971875000000001
7719,5.97860050201416,6.971875000000001
7720,5.983486175537109,6.971875000000001
7721,5.998200416564941,6.971875
7722,5.986846923828125,6.971875000000001
7723,5.966335296630859,6.971875000000001
7724,5.968405723571777,6.971875000000001
7725,5.965658187866211,6.971875000000001
7726,5.965031623840332,6.971875000000001
7727,5.965924263000488,6.971875000000001
7728,5.966034889221191,6.971875000000001
7729,5.969134330749512,6.971875000000001
7730,6.425082206726074,5.903125
7731,6.435393333435059,5.903125
7732,6.172446250915527,5.903125
7733,5.979787826538086,5.903125
7734,5.976828575134277,5.903125
7735,5.966448783874512,5.903125
7736,5.966338157653809,5.903125
7737,5.964998245239258,5.903125
7738,5.964746475219727,5.903125
7739,5.963911056518555,5.903125
7740,5.9637651443481445,5.903125
7741,5.963839530944824,5.903125
7742,5.964577674865723,5.903125
7743,5.965409278869629,5.903125
7744,5.966211318969727,5.903125
7745,5.9687910079956055,5.903125
7746,5.96602725982666,5.903125
7747,5.966012954711914,5.903125
7748,5.972075462341309,5.903125
7749,5.985689163208008,5.903125
7750,6.070411682128906,5.903125
7751,6.08769416809082,5.903125
7752,6.052779197692871,5.903125
7753,5.9432220458984375,5.903125
7754,5.93592643737793,5.903125
7755,5.907217025756836,5.903125
7756,5.796142578125,5.903125
7757,4.302873611450195,5.903125
7758,4.015561103820801,5.903125
7759,3.9448766708374023,5.903125
7760,3.926788091659546,5.903125
7761,3.8946404457092285,5.903125
7762,4.023500442504883,5.903125
7763,4.084506034851074,5.903125
7764,4.336084365844727,5.903125
7765,4.444566249847412,5.903125
7766,4.415291786193848,5.903125
7767,4.838713645935059,5.903125
7768,4.893869400024414,5.903125
7769,4.901158332824707,5.903125
7770,4.902512550354004,5.903125
7771,3.6949191093444824,5.903125
7772,3.686044931411743,5.903125
7773,3.684009313583374,5.903125
7774,3.7227582931518555,5.903125
7775,3.94012713432312,5.903125
7776,5.231951713562012,5.903125
7777,5.863809585571289,5.903125
7778,5.870594024658203,5.903125
7779,6.496557235717773,5.903125
7780,6.496335983276367,5.903125
7781,6.495800018310547,5.903125
7782,6.466322898864746,5.903125
7783,6.410970687866211,5.903125
7784,6.417682647705078,5.903125
7785,6.448147773742676,5.903125
7786,6.454181671142578,5.903125
7787,6.453946113586426,5.903125
7788,6.4438629150390625,5.903125
7789,6.430724143981934,5.903125
7790,6.363009452819824,5.903125
7791,6.398948669433594,5.903125
7792,6.367588043212891,5.903125
7793,6.3508501052856445,5.903125
7794,6.370670318603516,5.903125
7795,6.400525093078613,5.903125
7796,6.406376838684082,5.903125
7797,6.465513229370117,5.903125
7798,6.466465950012207,5.903125
7799,6.467289924621582,5.903125
7800,6.469534873962402,5.903125
7801,6.469405174255371,5.903125
7802,6.4642229080200195,5.903125
7803,6.455540657043457,5.903125
7804,6.449336051940918,5.903125
7805,6.434897422790527,5.903125
7806,6.444279670715332,5.903125
7807,6.382264137268066,5.903125
7808,6.382326126098633,5.903125
7809,6.390053749084473,5.903125
7810,6.3951416015625,5.903125
7811,6.451251983642578,5.903125
7812,6.482809066772461,5.903125
7813,6.4868574142456055,5.903125
7814,6.488528251647949,5.903125
7815,6.505817413330078,5.903125
7816,6.506706237792969,5.903125
7817,6.505640983581543,5.903125
7818,6.503199577331543,5.903125
7819,6.503312110900879,5.903125
7820,6.497524261474609,5.903125
7821,6.49421501159668,5.903125
7822,6.490326881408691,5.903125
7823,6.477861404418945,5.903125
7824,6.443799018859863,5.903125
7825,6.489205360412598,5.903125
7826,6.497743606567383,5.903125
7827,6.502338409423828,5.903125
7828,6.500313758850098,5.903125
7829,6.501680374145508,5.903125
7830,6.506438255310059,5.903125
7831,6.506946563720703,5.903125
7832,6.506817817687988,5.903125
7833,6.506772041320801,5.903125
7834,6.412824630737305,5.903125
7835,6.392566680908203,5.903125
7836,6.385772705078125,5.903125
7837,6.4601593017578125,5.903125
7838,6.502828598022461,5.903125
7839,6.503314018249512,5.903125
7840,6.507877349853516,5.903125
7841,6.508027076721191,5.903125
7842,6.508164405822754,5.903125
7843,6.505740165710449,5.903125
7844,6.501771926879883,5.903125
7845,6.498908996582031,5.903125
7846,6.500661849975586,5.903125
7847,6.502645492553711,5.903125
7848,6.5034637451171875,5.903125
7849,6.506525993347168,5.903125
7850,6.506923675537109,5.903125
7851,6.5067033767700195,5.903125
7852,6.505640029907227,5.903125
7853,6.505002021789551,5.903125
7854,6.505362510681152,5.903125
7855,6.504178047180176,5.903125
7856,6.494996070861816,5.903125
7857,6.4889373779296875,5.903125
7858,6.468122482299805,5.903125
7859,6.4028215408325195,5.903125
7860,6.386435508728027,5.903125
7861,6.382894515991211,5.903125
7862,6.457100868225098,5.903125
7863,6.394132614135742,5.903125
7864,6.390687942504883,5.903125
7865,6.381272315979004,5.903125
7866,6.44257926940918,5.903125
7867,6.386660575866699,5.903125
7868,6.386175155639648,5.903125
7869,6.396291732788086,5.903125
7870,6.449872970581055,5.903125
7871,6.449776649475098,5.903125
7872,6.448460578918457,5.903125
7873,6.446601867675781,5.903125
7874,6.416156768798828,5.903125
7875,6.414283752441406,5.903125
7876,6.415186882019043,5.903125
7877,6.383957862854004,5.903125
7878,6.436535835266113,5.903125
7879,6.488409042358398,5.903125
7880,6.451040267944336,5.903125
7881,6.422940254211426,5.903125
7882,6.423205375671387,5.903125
7883,6.425447463989258,5.903125
7884,6.433849334716797,5.903125
7885,6.433070182800293,5.903125
7886,6.455052375793457,5.903125
7887,6.462531089782715,5.903125
7888,6.465579032897949,5.903125
7889,6.481432914733887,5.903125
7890,6.486328125,5.903125
7891,6.481620788574219,5.903125
7892,6.437222480773926,5.903125
7893,6.4354047775268555,5.903125
7894,6.448207855224609,5.903125
7895,6.452043533325195,5.903125
7896,6.472299575805664,5.903125
7897,6.484675407409668,5.903125
7898,6.490322113037109,5.903125
7899,6.477958679199219,5.903125
7900,6.457414627075195,5.903125
7901,6.429313659667969,5.903125
7902,6.447327613830566,5.903125
7903,6.476922035217285,5.903125
7904,6.414142608642578,5.903125
7905,6.429805755615234,5.903125
7906,6.433350563049316,5.903125
7907,6.442232131958008,5.903125
7908,6.469139099121094,5.903125
7909,6.477882385253906,5.903125
7910,6.482486724853516,5.903125
7911,6.481910705566406,5.903125
7912,6.481082916259766,5.903125
7913,6.48002815246582,5.903125
7914,6.478487014770508,5.903125
7915,6.467922210693359,5.903125
7916,6.435370445251465,5.903125
7917,6.424717903137207,5.903125
7918,6.387115478515625,5.903125
7919,6.366556167602539,5.903125
7920,6.363859176635742,5.903125
7921,6.402970314025879,5.903125
7922,6.411571502685547,5.903125
7923,6.442643165588379,5.903125
7924,6.457675933837891,5.903125
7925,6.439788818359375,5.903125
7926,6.396618843078613,5.903125
7927,6.398929595947266,5.903125
7928,6.473113059997559,5.903125
7929,6.4802350997924805,5.903125
7930,6.480803489685059,5.903125
7931,6.480830192565918,5.903125
7932,6.477421760559082,5.903125
7933,6.468828201293945,5.903125
7934,6.481959342956543,5.903125
7935,6.493805885314941,5.903125
7936,6.496848106384277,5.903125
7937,6.479321479797363,5.903125
7938,6.476107597351074,5.903125
7939,6.4759368896484375,5.903125
7940,6.474043846130371,5.903125
7941,6.473184585571289,5.903125
7942,6.466687202453613,5.903125
7943,6.466845512390137,5.903125
7944,6.472995758056641,5.903125
7945,6.473505020141602,5.903125
7946,6.469113349914551,5.903125
7947,6.45611572265625,5.903125
7948,6.448816299438477,5.903125
7949,6.393688201904297,5.903125
7950,6.450145721435547,5.903125
7951,6.398403167724609,5.903125
7952,6.379916191101074,5.903125
7953,6.416093826293945,5.903125
7954,6.480280876159668,5.903125
7955,6.482627868652344,5.903125
7956,6.476809501647949,5.903125
7957,6.474159240722656,5.903125
7958,6.453483581542969,5.903125
7959,6.454323768615723,5.903125
7960,6.463838577270508,5.903125
7961,6.470958709716797,5.903125
7962,6.471061706542969,5.903125
7963,6.464951515197754,5.903125
7964,6.467325210571289,5.903125
7965,6.468646049499512,5.903125
7966,6.467491149902344,5.903125
7967,6.466272354125977,5.903125
7968,6.449702262878418,5.903125
7969,6.429268836975098,5.903125
7970,6.430870056152344,5.903125
7971,6.463007926940918,5.903125
7972,6.463719367980957,5.903125
7973,6.440263748168945,5.903125
7974,6.429398536682129,5.903125
7975,6.451997756958008,5.903125
7976,6.4691314697265625,5.903125
7977,6.483356475830078,5.903125
7978,6.479771614074707,5.903125
7979,6.474574089050293,5.903125
7980,6.450247764587402,5.903125
7981,6.505067825317383,5.903125
7982,6.504267692565918,5.903125
7983,6.447504997253418,5.903125
7984,6.428277015686035,5.903125
7985,6.4121904373168945,5.903125
7986,6.431407928466797,5.903125
7987,6.439208984375,5.903125
7988,6.457028388977051,5.903125
7989,6.464319229125977,5.903125
7990,6.467299461364746,5.903125
7991,6.467702865600586,5.903125
7992,6.472328186035156,5.903125
7993,6.470191955566406,5.903125
7994,6.465285301208496,5.903125
7995,6.444986343383789,5.903125
7996,6.49367618560791,5.903125
7997,6.49370002746582,5.903125
7998,6.494361877441406,5.903125
7999,6.495214462280273,5.903125
8000,6.494968414306641,5.903125
8001,6.489239692687988,5.903125
8002,6.4873762130737305,5.903125
8003,6.486029624938965,5.903125
8004,6.455698013305664,5.903125
8005,6.455527305603027,5.903125
8006,6.460619926452637,5.903125
8007,6.466316223144531,5.903125
8008,6.479819297790527,5.903125
8009,6.490898132324219,5.903125
8010,6.497758865356445,5.903125
8011,6.493115425109863,5.903125
8012,6.492748260498047,5.903125
8013,6.491768836975098,5.903125
8014,6.49478816986084,5.903125
8015,6.492561340332031,5.903125
8016,6.492181777954102,5.903125
8017,6.491646766662598,5.903125
8018,6.500896453857422,5.903125
8019,6.503432273864746,5.903125
8020,6.502743721008301,5.903125
8021,6.5024871826171875,5.903125
8022,6.501720428466797,5.903125
8023,6.5011491775512695,5.903125
8024,6.499205589294434,5.903125
8025,6.496807098388672,5.903125
8026,6.4967803955078125,5.903125
8027,6.496024131774902,5.903125
8028,6.494472503662109,5.903125
8029,6.4820356369018555,5.903125
8030,6.488208770751953,5.903125
8031,6.488636016845703,5.903125
8032,6.416050910949707,5.903125
8033,6.427837371826172,5.903125
8034,6.453574180603027,5.903125
8035,6.497142791748047,5.903125
8036,6.498627662658691,5.903125
8037,6.502266883850098,5.903125
8038,6.5034332275390625,5.903125
8039,6.50377082824707,5.903125
8040,6.495587348937988,5.903125
8041,6.491401672363281,5.903125
8042,6.490629196166992,5.903125
8043,6.496041297912598,5.903125
8044,6.473950386047363,5.903125
8045,6.498566627502441,5.903125
8046,6.493813514709473,5.903125
8047,6.4962663650512695,5.903125
8048,6.496015548706055,5.903125
8049,6.500741004943848,5.903125
8050,6.500688552856445,5.903125
8051,6.502303123474121,5.903125
8052,6.501546859741211,5.903125
8053,6.494955062866211,5.903125
8054,6.491781234741211,5.903125
8055,6.4939374923706055,5.903125
8056,6.496247291564941,5.903125
8057,6.4983110427856445,5.903125
8058,6.499075889587402,5.903125
8059,6.5018415451049805,5.903125
8060,6.494510650634766,5.903125
8061,6.494355201721191,5.903125
8062,6.494551658630371,5.903125
8063,6.4965410232543945,5.903125
8064,6.500636100769043,5.903125
8065,6.501801490783691,5.903125
8066,6.505572319030762,5.903125
8067,6.508027076721191,5.903125
8068,6.508254051208496,5.903125
8069,6.508000373840332,5.903125
8070,6.506986618041992,5.903125
8071,6.5060834884643555,5.903125
8072,6.506003379821777,5.903125
8073,6.38511848449707,5.903125
8074,6.4001264572143555,5.903125
8075,6.498116493225098,5.903125
8076,6.5015668869018555,5.903125
8077,6.501631736755371,5.903125
8078,6.469931602478027,5.903125
8079,6.476495742797852,5.903125
8080,6.481325149536133,5.903125
8081,6.486367225646973,5.903125
8082,6.4316911697387695,5.903125
8083,6.477630615234375,5.903125
8084,6.470542907714844,5.903125
8085,6.460168838500977,5.903125
8086,6.46026611328125,5.903125
8087,6.466326713562012,5.903125
8088,6.4659223556518555,5.903125
8089,6.467391014099121,5.903125
8090,6.470278739929199,5.903125
8091,6.466405868530273,5.903125
8092,6.478412628173828,5.903125
8093,6.484233856201172,5.903125
8094,6.348448753356934,5.903125
8095,6.35236930847168,5.903125
8096,6.427728652954102,5.903125
8097,6.468813896179199,5.903125
8098,6.479742050170898,5.903125
8099,6.499137878417969,5.903125
8100,6.492944717407227,5.903125
8101,6.489581108093262,5.903125
8102,6.478550910949707,5.903125
8103,6.453499794006348,5.903125
8104,6.4447736740112305,5.903125
8105,6.4405975341796875,5.903125
8106,6.424802780151367,5.903125
8107,6.421848297119141,5.903125
8108,6.418362617492676,5.903125
8109,6.416180610656738,5.903125
8110,6.3544921875,5.903125
8111,6.329775810241699,5.903125
8112,6.33304500579834,5.903125
8113,6.3496246337890625,5.903125
8114,6.493185997009277,5.903125
8115,6.498316764831543,5.903125
8116,6.50148868560791,5.903125
8117,6.503888130187988,5.903125
8118,6.503820419311523,5.903125
8119,6.505770683288574,5.903125
8120,6.501871109008789,5.903125
8121,6.501076698303223,5.903125
8122,6.499139785766602,5.903125
8123,6.495884895324707,5.903125
8124,6.473390579223633,5.903125
8125,6.468384742736816,5.903125
8126,6.492671012878418,5.903125
8127,6.492678642272949,5.903125
8128,6.493278503417969,5.903125
8129,6.493579864501953,5.903125
8130,6.494302749633789,5.903125
8131,6.494831085205078,5.903125
8132,6.488520622253418,5.903125
8133,6.4510345458984375,5.903125
8134,6.4687604904174805,5.903125
8135,6.46706485748291,5.903125
8136,6.468013763427734,5.903125
8137,6.47599983215332,5.903125
8138,6.473328590393066,5.903125
8139,6.473215103149414,5.903125
8140,6.477300643920898,5.903125
8141,6.467538833618164,5.903125
8142,6.462406158447266,5.903125
8143,6.466814994812012,5.903125
8144,6.465175628662109,5.903125
8145,6.462523460388184,5.903125
8146,6.467487335205078,5.903125
8147,6.478269577026367,5.903125
8148,6.4952239990234375,5.903125
8149,6.494564056396484,5.903125
8150,6.4930219650268555,5.903125
8151,6.490704536437988,5.903125
8152,6.490471839904785,5.903125
8153,6.489199638366699,5.903125
8154,6.486976623535156,5.903125
8155,6.466429710388184,5.903125
8156,6.467008590698242,5.903125
8157,6.46806526184082,5.903125
8158,6.468860626220703,5.903125
8159,6.477532386779785,5.903125
8160,6.4482622146606445,5.903125
8161,6.442421913146973,5.903125
8162,6.459615707397461,5.903125
8163,6.4931230545043945,5.903125
8164,6.497203826904297,5.903125
8165,6.499367713928223,5.903125
8166,6.499632835388184,5.903125
8167,6.499412536621094,5.903125
8168,6.498374938964844,5.903125
8169,6.497591972351074,5.903125
8170,6.49522590637207,5.903125
8171,6.495453834533691,5.903125
8172,6.494261741638184,5.903125
8173,6.49285888671875,5.903125
8174,6.496190071105957,5.903125
8175,6.494020462036133,5.903125
8176,6.46524715423584,5.903125
8177,6.478981018066406,5.903125
8178,6.482452392578125,5.903125
8179,6.429258346557617,5.903125
8180,6.428277015686035,5.903125
8181,6.492127418518066,5.903125
8182,6.494647026062012,5.903125
8183,6.496756553649902,5.903125
8184,6.501461982727051,5.903125
8185,6.499345779418945,5.903125
8186,6.472641944885254,5.903125
8187,6.473113059997559,5.903125
8188,6.259026527404785,5.903125
8189,6.452012062072754,5.903125
8190,6.501046180725098,5.903125
8191,6.439753532409668,5.903125
8192,6.450861930847168,5.903125
8193,6.4451446533203125,5.903125
8194,6.463713645935059,5.903125
8195,6.462833404541016,5.903125
8196,6.445784568786621,5.903125
8197,6.417863845825195,5.903125
8198,6.413972854614258,5.903125
8199,6.406216621398926,5.903125
8200,6.402255058288574,5.903125
8201,6.403303146362305,5.903125
8202,6.423948287963867,5.903125
8203,6.481921195983887,5.903125
8204,6.484766960144043,5.903125
8205,6.4889326095581055,5.903125
8206,6.4883317947387695,5.903125
8207,6.485433578491211,5.903125
8208,6.481074333190918,5.903125
8209,6.450836181640625,5.903125
8210,6.440842628479004,5.903125
8211,6.442493438720703,5.903125
8212,6.4494733810424805,5.903125
8213,6.39747428894043,5.903125
8214,6.45789909362793,5.903125
8215,6.475261688232422,5.903125
8216,6.486907958984375,5.903125
8217,6.488796234130859,5.903125
8218,6.474688529968262,5.903125
8219,6.457828521728516,5.903125
8220,6.286704063415527,5.903125
8221,6.362795829772949,5.903125
8222,6.346229553222656,5.903125
8223,6.344593048095703,5.903125
8224,6.343595504760742,5.903125
8225,6.34541130065918,5.903125
8226,6.385839462280273,5.903125
8227,6.4013776779174805,5.903125
8228,6.406247138977051,5.903125
8229,6.37476921081543,5.903125
8230,6.361446380615234,5.903125
8231,6.303735733032227,5.903125
8232,6.289203643798828,5.903125
8233,6.379239082336426,5.903125
8234,6.464595794677734,5.903125
8235,6.479338645935059,5.903125
8236,6.494755744934082,5.903125
8237,6.484335899353027,5.903125
8238,6.418440818786621,5.903125
8239,6.486085891723633,5.903125
8240,6.432886123657227,5.903125
8241,6.427219390869141,5.903125
8242,6.432411193847656,5.903125
8243,6.430825233459473,5.903125
8244,6.442671775817871,5.903125
8245,6.439326286315918,5.903125
8246,6.460736274719238,5.903125
8247,6.481802940368652,5.903125
8248,6.484112739562988,5.903125
8249,6.418102264404297,5.903125
8250,6.430147171020508,5.903125
8251,6.479576110839844,5.903125
8252,6.471428871154785,5.903125
8253,6.084359169006348,5.903125
8254,6.0808868408203125,5.903125
8255,6.238602638244629,5.903125
8256,6.472966194152832,5.903125
8257,6.409329414367676,5.903125
8258,6.458719253540039,5.903125
8259,6.4754533767700195,5.903125
8260,6.485353469848633,5.903125
8261,6.2834272384643555,5.903125
8262,6.292187690734863,5.903125
8263,6.470931053161621,5.903125
8264,6.475797653198242,5.903125
8265,6.486876487731934,5.903125
8266,6.482114791870117,5.903125
8267,6.408714294433594,5.903125
8268,6.423728942871094,5.903125
8269,6.456661224365234,5.903125
8270,6.4877519607543945,5.903125
8271,6.48648738861084,5.903125
8272,6.487240791320801,5.903125
8273,6.412775039672852,5.903125
8274,6.417726516723633,5.903125
8275,6.457425117492676,5.903125
8276,6.456565856933594,5.903125
8277,6.487797737121582,5.903125
8278,6.4409894943237305,5.903125
8279,6.499294281005859,5.903125
8280,6.499488830566406,5.903125
8281,6.502281188964844,5.903125
8282,6.507735252380371,5.903125
8283,6.505430221557617,5.903125
8284,6.505044937133789,5.903125
8285,6.505057334899902,5.903125
8286,6.505060195922852,5.903125
8287,6.505466461181641,5.903125
8288,6.506664276123047,5.903125
8289,6.507632255554199,5.903125
8290,6.507814407348633,5.903125
8291,6.506234169006348,5.903125
8292,6.504133224487305,5.903125
8293,6.5030412673950195,5.903125
8294,6.501178741455078,5.903125
8295,6.500619888305664,5.903125
8296,6.501474380493164,5.903125
8297,6.500923156738281,5.903125
8298,6.500441551208496,5.903125
8299,6.500136375427246,5.903125
8300,6.495678901672363,5.903125
8301,6.503973960876465,5.903125
8302,6.505845069885254,5.903125
8303,6.506231307983398,5.903125
8304,6.50697135925293,5.903125
8305,6.5050859451293945,5.903125
8306,6.505133628845215,5.903125
8307,6.503554344177246,5.903125
8308,6.496430397033691,5.903125
8309,6.505790710449219,5.903125
8310,6.507050514221191,5.903125
8311,6.5072832107543945,5.903125
8312,6.506786346435547,5.903125
8313,6.5052289962768555,5.903125
8314,6.503547668457031,5.903125
8315,6.503235816955566,5.903125
8316,6.50316047668457,5.903125
8317,6.502655029296875,5.903125
8318,6.50258731842041,5.903125
8319,6.501764297485352,5.903125
8320,6.501125335693359,5.903125
8321,6.4998779296875,5.903125
8322,6.470160484313965,5.903125
8323,6.504083633422852,5.903125
8324,6.50479793548584,5.903125
8325,6.503339767456055,5.903125
8326,6.503348350524902,5.903125
8327,6.497533798217773,5.903125
8328,6.492588996887207,5.903125
8329,6.498273849487305,5.903125
8330,6.499042510986328,5.903125
8331,6.495588302612305,5.903125
8332,6.500276565551758,5.903125
8333,6.501190185546875,5.903125
8334,6.50412654876709,5.903125
8335,6.504976272583008,5.903125
8336,6.502638816833496,5.903125
8337,6.499101638793945,5.903125
8338,6.498193740844727,5.903125
8339,6.49366569519043,5.903125
8340,6.500450134277344,5.903125
8341,6.502599716186523,5.903125
8342,6.505805969238281,5.903125
8343,6.504638671875,5.903125
8344,6.503273010253906,5.903125
8345,6.499719619750977,5.903125
8346,6.498858451843262,5.903125
8347,6.497531890869141,5.903125
8348,6.500263214111328,5.903125
8349,6.504204750061035,5.903125
8350,6.505268096923828,5.903125
8351,6.499300956726074,5.903125
8352,6.49570369720459,5.903125
8353,6.483621597290039,5.903125
8354,6.494852066040039,5.903125
8355,6.489819526672363,5.903125
8356,6.47701358795166,5.903125
8357,6.447192192077637,5.903125
8358,6.482337951660156,5.903125
8359,6.474475860595703,5.903125
8360,6.481666564941406,5.903125
8361,6.4898223876953125,5.903125
8362,6.4890289306640625,5.903125
8363,6.502218246459961,5.903125
8364,6.504966735839844,5.903125
8365,6.503568649291992,5.903125
8366,6.503349304199219,5.903125
8367,6.496280670166016,5.903125
8368,6.482399940490723,5.903125
8369,6.493683815002441,5.903125
8370,6.494514465332031,5.903125
8371,6.504545211791992,5.903125
8372,6.504926681518555,5.903125
8373,6.5041913986206055,5.903125
8374,6.504125595092773,5.903125
8375,6.503371238708496,5.903125
8376,6.503179550170898,5.903125
8377,6.50041389465332,5.903125
8378,6.497119903564453,5.903125
8379,6.4972333908081055,5.903125
8380,6.497991561889648,5.903125
8381,6.497860908508301,5.903125
8382,6.4973602294921875,5.903125
8383,6.500865936279297,5.903125
8384,6.497377395629883,5.903125
8385,6.493319511413574,5.903125
8386,6.492993354797363,5.903125
8387,6.498469352722168,5.903125
8388,6.4641876220703125,5.903125
8389,6.476553916931152,5.903125
8390,6.501448631286621,5.903125
8391,6.503531455993652,5.903125
8392,6.505734443664551,5.903125
8393,6.505135536193848,5.903125
8394,6.505685806274414,5.903125
8395,6.50669002532959,5.903125
8396,6.506913185119629,5.903125
8397,6.506828308105469,5.903125
8398,6.506827354431152,5.903125
8399,6.507661819458008,5.903125
8400,6.5076904296875,5.903125
8401,6.507415771484375,5.903125
8402,6.507415771484375,5.903125
8403,6.506914138793945,5.903125
8404,6.507741928100586,5.903125
8405,6.507062911987305,5.903125
8406,6.507041931152344,5.903125
8407,6.506784439086914,5.903125
8408,6.506878852844238,5.903125
8409,6.506786346435547,5.903125
8410,6.506962776184082,5.903125
8411,6.506669044494629,5.903125
8412,6.506986618041992,5.903125
8413,6.507275581359863,5.903125
8414,6.507279396057129,5.903125
8415,6.507452011108398,5.903125
8416,6.504616737365723,5.903125
8417,6.504919052124023,5.903125
8418,6.505169868469238,5.903125
8419,6.504873275756836,5.903125
8420,6.505427360534668,5.903125
8421,6.5057573318481445,5.903125
8422,6.505694389343262,5.903125
8423,6.506797790527344,5.903125
8424,6.506683349609375,5.903125
8425,6.506631851196289,5.903125
8426,6.507352828979492,5.903125
8427,6.50731086730957,5.903125
8428,6.504513740539551,5.903125
8429,6.501340866088867,5.903125
8430,6.501351356506348,5.903125
8431,6.504029273986816,5.903125
8432,6.50386905670166,5.903125
8433,6.501583099365234,5.903125
8434,6.501084327697754,5.903125
8435,6.498878479003906,5.903125
8436,6.497649192810059,5.903125
8437,6.47780704498291,5.903125
8438,6.4824113845825195,5.903125
8439,6.370412826538086,5.903125
8440,6.130247116088867,5.903125
8441,6.384015083312988,5.903125
8442,6.5085954666137695,5.903125
8443,6.508674621582031,5.903125
8444,6.508724212646484,5.903125
8445,6.508867263793945,5.903125
8446,6.508874893188477,5.903125
8447,6.508872985839844,5.903125
8448,6.508862495422363,5.903125
8449,6.508726119995117,5.903125
8450,6.508726119995117,5.903125
8451,6.508732795715332,5.903125
8452,6.508699417114258,5.903125
8453,6.508676528930664,5.903125
8454,6.508542060852051,5.903125
8455,6.508356094360352,5.903125
8456,6.50810432434082,5.903125
8457,6.507494926452637,5.903125
8458,6.507360458374023,5.903125
8459,6.506539344787598,5.903125
8460,6.506390571594238,5.903125
8461,6.506370544433594,5.903125
8462,6.506134986877441,5.903125
8463,6.5056962966918945,5.903125
8464,6.5057268142700195,5.903125
8465,6.5068254470825195,5.903125
8466,6.507443428039551,5.903125
8467,6.507458686828613,5.903125
8468,6.507667541503906,5.903125
8469,6.507530212402344,5.903125
8470,6.507638931274414,5.903125
8471,6.503478050231934,5.903125
8472,6.506315231323242,5.903125
8473,6.506804466247559,5.903125
8474,6.506831169128418,5.903125
8475,6.5068464279174805,5.903125
8476,6.506877899169922,5.903125
8477,6.506675720214844,5.903125
8478,6.506032943725586,5.903125
8479,6.5069732666015625,5.903125
8480,6.505929946899414,5.903125
8481,6.504461288452148,5.903125
8482,6.504477500915527,5.903125
8483,6.5077409744262695,5.903125
8484,6.508451461791992,5.903125
8485,6.508598327636719,5.903125
8486,6.508610725402832,5.903125
8487,6.508879661560059,5.903125
8488,6.509011268615723,5.903125
8489,6.508966445922852,5.903125
8490,6.508145332336426,5.903125
8491,6.507706642150879,5.903125
8492,6.5076189041137695,5.903125
8493,6.507000923156738,5.903125
8494,6.506967544555664,5.903125
8495,6.507352828979492,5.903125
8496,6.507411003112793,5.903125
8497,6.507299423217773,5.903125
8498,6.507386207580566,5.903125
8499,6.507505416870117,5.903125
8500,6.507415771484375,5.903125
8501,6.507513999938965,5.903125
8502,6.507546424865723,5.903125
8503,6.507992744445801,5.903125
8504,6.50778865814209,5.903125
8505,6.507960319519043,5.903125
8506,6.5079450607299805,5.903125
8507,6.508048057556152,5.903125
8508,6.507861137390137,5.903125
8509,6.508047103881836,5.903125
8510,6.508072853088379,5.903125
8511,6.507758140563965,5.903125
8512,6.5082244873046875,5.903125
8513,6.507987976074219,5.903125
8514,6.506803512573242,5.903125
8515,6.506230354309082,5.903125
8516,6.5081329345703125,5.903125
8517,6.508148193359375,5.903125
8518,6.5081281661987305,5.903125
8519,6.50868034362793,5.903125
8520,6.508659362792969,5.903125
8521,6.508167266845703,5.903125
8522,6.508005142211914,5.903125
8523,6.506954193115234,5.903125
8524,6.507122039794922,5.903125
8525,6.5074968338012695,5.903125
8526,6.5079450607299805,5.903125
8527,6.50685977935791,5.903125
8528,6.507014274597168,5.903125
8529,6.507051467895508,5.903125
8530,6.507067680358887,5.903125
8531,6.507067680358887,5.903125
8532,6.506932258605957,5.903125
8533,6.507013320922852,5.903125
8534,6.507050514221191,5.903125
8535,6.507129669189453,5.903125
8536,6.507020950317383,5.903125
8537,6.506269454956055,5.903125
8538,6.506274223327637,5.903125
8539,6.505092620849609,5.903125
8540,6.505012512207031,5.903125
8541,6.50492000579834,5.903125
8542,6.504364967346191,5.903125
8543,6.504925727844238,5.903125
8544,6.505097389221191,5.903125
8545,6.505101203918457,5.903125
8546,6.504376411437988,5.903125
8547,6.5052690505981445,5.903125
8548,6.50493049621582,5.903125
8549,6.5054473876953125,5.903125
8550,6.5054521560668945,5.903125
8551,6.50578498840332,5.903125
8552,6.505908966064453,5.903125
8553,6.505677223205566,5.903125
8554,6.505707740783691,5.903125
8555,6.504919052124023,5.903125
8556,6.505216598510742,5.903125
8557,6.5052289962768555,5.903125
8558,6.507663726806641,5.903125
8559,6.506861686706543,5.903125
8560,6.506680488586426,5.903125
8561,6.506547927856445,5.903125
8562,6.505814552307129,5.903125
8563,6.505683898925781,5.903125
8564,6.503467559814453,5.903125
8565,6.505807876586914,5.903125
8566,6.507434844970703,5.903125
8567,6.5077009201049805,5.903125
8568,6.507699966430664,5.903125
8569,6.506745338439941,5.903125
8570,6.506824493408203,5.903125
8571,6.506924629211426,5.903125
8572,6.507790565490723,5.903125
8573,6.503791809082031,5.903125
8574,6.503951072692871,5.903125
8575,6.502810478210449,5.903125
8576,6.502527236938477,5.903125
8577,6.502049446105957,5.903125
8578,6.475383758544922,5.903125
8579,6.478847503662109,5.903125
8580,6.475627899169922,5.903125
8581,6.477259635925293,5.903125
8582,6.482735633850098,5.903125
8583,6.48383903503418,5.903125
8584,6.484569549560547,5.903125
8585,6.487344741821289,5.903125
8586,6.492044448852539,5.903125
8587,6.507988929748535,5.903125
8588,6.5075273513793945,5.903125
8589,6.50300407409668,5.903125
8590,6.5033464431762695,5.903125
8591,6.504006385803223,5.903125
8592,6.506068229675293,5.903125
8593,6.497788429260254,5.903125
8594,6.502140998840332,5.903125
8595,6.503968238830566,5.903125
8596,6.4916887283325195,5.903125
8597,6.491172790527344,5.903125
8598,6.491703033447266,5.903125
8599,6.491977691650391,5.903125
8600,6.498843193054199,5.903125
8601,6.5006103515625,5.903125
8602,6.500491142272949,5.903125
8603,6.501943588256836,5.903125
8604,6.502279281616211,5.903125
8605,6.503644943237305,5.903125
8606,6.503636360168457,5.903125
8607,6.502819061279297,5.903125
8608,6.499293327331543,5.903125
8609,6.488215446472168,5.903125
8610,6.504669189453125,5.903125
8611,6.497857093811035,5.903125
8612,6.496143341064453,5.903125
8613,6.495297431945801,5.903125
8614,6.49030876159668,5.903125
8615,6.489513397216797,5.903125
8616,6.483223915100098,5.903125
8617,6.482822418212891,5.903125
8618,6.483437538146973,5.903125
8619,6.484310150146484,5.903125
8620,6.421480178833008,5.903125
8621,6.4026079177856445,5.903125
8622,6.431507110595703,5.903125
8623,6.426862716674805,5.903125
8624,6.413469314575195,5.903125
8625,6.435527801513672,5.903125
8626,6.476616859436035,5.903125
8627,6.487970352172852,5.903125
8628,6.49216365814209,5.903125
8629,6.486854553222656,5.903125
8630,6.470827102661133,5.903125
8631,6.457802772521973,5.903125
8632,6.441880226135254,5.903125
8633,6.485123634338379,5.903125
8634,6.501797676086426,5.903125
8635,6.503353118896484,5.903125
8636,6.4981794357299805,5.903125
8637,6.496578216552734,5.903125
8638,6.496943473815918,5.903125
8639,6.502011299133301,5.903125
8640,6.501599311828613,5.903125
8641,6.4960737228393555,5.903125
8642,6.4983930587768555,5.903125
8643,6.498559951782227,5.903125
8644,6.502801895141602,5.903125
8645,6.503875732421875,5.903125
8646,6.504330635070801,5.903125
8647,6.504561424255371,5.903125
8648,6.504563331604004,5.903125
8649,6.504213333129883,5.903125
8650,6.504228591918945,5.903125
8651,6.500762939453125,5.903125
8652,6.492900848388672,5.903125
8653,6.491630554199219,5.903125
8654,6.500741958618164,5.903125
8655,6.502633094787598,5.903125
8656,6.503085136413574,5.903125
8657,6.501977920532227,5.903125
8658,6.499423027038574,5.903125
8659,6.498529434204102,5.903125
8660,6.499072074890137,5.903125
8661,6.498785972595215,5.903125
8662,6.497591018676758,5.903125
8663,6.504688262939453,5.903125
8664,6.506138801574707,5.903125
8665,6.5058441162109375,5.903125
8666,6.505677223205566,5.903125
8667,6.502735137939453,5.903125
8668,6.503609657287598,5.903125
8669,6.503948211669922,5.903125
8670,6.504456520080566,5.903125
8671,6.501720428466797,5.903125
8672,6.504298210144043,5.903125
8673,6.504945755004883,5.903125
8674,6.496241569519043,5.903125
8675,6.500631332397461,5.903125
8676,6.502423286437988,5.903125
8677,6.500694274902344,5.903125
8678,6.500178337097168,5.903125
8679,6.50148868560791,5.903125
8680,6.502615928649902,5.903125
8681,6.40389347076416,5.903125
8682,6.32219123840332,5.903125
8683,6.093158721923828,5.903125
8684,6.153489112854004,5.903125
8685,6.262331008911133,5.903125
8686,6.24069881439209,5.903125
8687,6.234334945678711,5.903125
8688,6.243867874145508,5.903125
8689,6.21464729309082,5.903125
8690,6.398065567016602,5.903125
8691,6.417767524719238,5.903125
8692,6.453860282897949,5.903125
8693,6.467574119567871,5.903125
8694,6.48908805847168,5.903125
8695,6.4956207275390625,5.903125
8696,6.49421501159668,5.903125
8697,6.493359565734863,5.903125
8698,6.492278099060059,5.903125
8699,6.488885879516602,5.903125
8700,6.484841346740723,5.903125
8701,6.485196113586426,5.903125
8702,6.486415863037109,5.903125
8703,6.485028266906738,5.903125
8704,6.485841751098633,5.903125
8705,6.482891082763672,5.903125
8706,6.476602554321289,5.903125
8707,6.490330696105957,5.903125
8708,6.487492561340332,5.903125
8709,6.485133171081543,5.903125
8710,6.492517471313477,5.903125
8711,6.492677688598633,5.903125
8712,6.494315147399902,5.903125
8713,6.493837356567383,5.903125
8714,6.486425399780273,5.903125
8715,6.491639137268066,5.903125
8716,6.493643760681152,5.903125
8717,6.48990535736084,5.903125
8718,6.488036155700684,5.903125
8719,6.495729446411133,5.903125
8720,6.496868133544922,5.903125
8721,6.489184379577637,5.903125
8722,6.491395950317383,5.903125
8723,6.492070198059082,5.903125
8724,6.491662979125977,5.903125
8725,6.492622375488281,5.903125
8726,6.493274688720703,5.903125
8727,6.507743835449219,5.903125
8728,6.507485389709473,5.903125
8729,6.507847785949707,5.903125
8730,6.5079345703125,5.903125
8731,6.506850242614746,5.903125
8732,6.505012512207031,5.903125
8733,6.505366325378418,5.903125
8734,6.5059309005737305,5.903125
8735,6.505672454833984,5.903125
8736,6.506789207458496,5.903125
8737,6.50676155090332,5.903125
8738,6.507521629333496,5.903125
8739,6.507481575012207,5.903125
8740,6.507716178894043,5.903125
8741,6.507481575012207,5.903125
8742,6.507218360900879,5.903125
8743,6.507228851318359,5.903125
8744,6.507139205932617,5.903125
8745,6.506779670715332,5.903125
8746,6.506009101867676,5.903125
8747,6.506547927856445,5.903125
8748,6.507501602172852,5.903125
8749,6.507167816162109,5.903125
8750,6.506827354431152,5.903125
8751,6.506307601928711,5.903125
8752,6.507654190063477,5.903125
8753,6.507972717285156,5.903125
8754,6.507965087890625,5.903125
8755,6.507023811340332,5.903125
8756,6.506385803222656,5.903125
8757,6.506255149841309,5.903125
8758,6.505964279174805,5.903125
8759,6.507998466491699,5.903125
8760,6.506551742553711,5.903125
8761,6.506414413452148,5.903125
8762,6.507535934448242,5.903125
8763,6.507716178894043,5.903125
8764,6.508094787597656,5.903125
8765,6.508212089538574,5.903125
8766,6.508414268493652,5.903125
8767,6.508347511291504,5.903125
8768,6.508047103881836,5.903125
8769,6.508042335510254,5.903125
8770,6.507753372192383,5.903125
8771,6.5077619552612305,5.903125
8772,6.50849723815918,5.903125
8773,6.508610725402832,5.903125
8774,6.507465362548828,5.903125
8775,6.506863594055176,5.903125
8776,6.507157325744629,5.903125
8777,6.508635520935059,5.903125
8778,6.508637428283691,5.903125
8779,6.507721900939941,5.903125
8780,6.507455825805664,5.903125
8781,6.507325172424316,5.903125
8782,6.507148742675781,5.903125
8783,6.507083892822266,5.903125
8784,6.507132530212402,5.903125
8785,6.504655838012695,5.903125
8786,6.503989219665527,5.903125
8787,6.505173683166504,5.903125
8788,6.507739067077637,5.903125
8789,6.507915496826172,5.903125
8790,6.507976531982422,5.903125
8791,6.507680892944336,5.903125
8792,6.507755279541016,5.903125
8793,6.508305549621582,5.903125
8794,6.508169174194336,5.903125
8795,6.508647918701172,5.903125
8796,6.50860595703125,5.903125
8797,6.507926940917969,5.903125
8798,6.507742881774902,5.903125
8799,6.507821083068848,5.903125
8800,6.508647918701172,5.903125
8801,6.50864315032959,5.903125
8802,6.508674621582031,5.903125
8803,6.5086774826049805,5.903125
8804,6.507706642150879,5.903125
8805,6.5075483322143555,5.903125
8806,6.50567626953125,5.903125
8807,6.506583213806152,5.903125
8808,6.504298210144043,5.903125
8809,6.503837585449219,5.903125
8810,6.500306129455566,5.903125
8811,6.500428199768066,5.903125
8812,6.501805305480957,5.903125
8813,6.5050201416015625,5.903125
8814,6.505021095275879,5.903125
8815,6.5048627853393555,5.903125
8816,6.504964828491211,5.903125
8817,6.505236625671387,5.903125
8818,6.505206108093262,5.903125
8819,6.50434684753418,5.903125
8820,6.5023393630981445,5.903125
8821,6.500443458557129,5.903125
8822,6.500570297241211,5.903125
8823,6.50154972076416,5.903125
8824,6.500679016113281,5.903125
8825,6.497936248779297,5.903125
8826,6.499031066894531,5.903125
8827,6.501651763916016,5.903125
8828,6.496957778930664,5.903125
8829,6.496325492858887,5.903125
8830,6.4981794357299805,5.903125
8831,6.501640319824219,5.903125
8832,6.4883928298950195,5.903125
8833,6.488425254821777,5.903125
8834,6.490097999572754,5.903125
8835,6.500640869140625,5.903125
8836,6.485633850097656,5.903125
8837,6.498478889465332,5.903125
8838,6.479493141174316,5.903125
8839,6.47871208190918,5.903125
8840,6.494624137878418,5.903125
8841,6.499569892883301,5.903125
8842,6.49262809753418,5.903125
8843,6.492058753967285,5.903125
8844,6.490532875061035,5.903125
8845,6.507013320922852,5.903125
8846,6.506743431091309,5.903125
8847,6.508631706237793,5.903125
8848,6.508630752563477,5.903125
8849,6.508626937866211,5.903125
8850,6.508624076843262,5.903125
8851,6.50846004486084,5.903125
8852,6.5044660568237305,5.903125
8853,6.4983110427856445,5.903125
8854,6.503970146179199,5.903125
8855,6.508599281311035,5.903125
8856,6.506584167480469,5.903125
8857,6.158958435058594,5.903125
8858,6.02400016784668,5.903125
8859,5.975510597229004,5.903125
8860,5.9683685302734375,5.903125
8861,5.969343185424805,5.903125
8862,5.970006942749023,5.903125
8863,5.970485687255859,5.903125
8864,5.969420433044434,5.903125
8865,5.9720048904418945,5.903125
8866,5.9749250411987305,5.903125
8867,5.977821350097656,5.903125
8868,5.974360466003418,5.903125
8869,5.964067459106445,5.903125
8870,6.390921592712402,1.1921875000000002
8871,6.265559196472168,1.1921875000000002
8872,6.257784843444824,1.1921875000000002
8873,6.268683433532715,1.1921875000000002
8874,6.46964168548584,1.1921875000000002
8875,6.152562141418457,1.1921875000000002
8876,6.0132598876953125,1.1921875000000002
8877,5.871639251708984,1.1921875000000002
8878,5.869614601135254,1.1921875000000002
8879,5.867671966552734,1.1921875000000002
8880,5.866670608520508,1.1921875000000002
8881,5.866527557373047,1.1921875000000002
8882,5.8664960861206055,1.1921875000000002
8883,5.556399345397949,1.1921875000000002
8884,5.045036315917969,1.1921875000000002
8885,5.1683759689331055,1.1921875000000002
8886,5.0167236328125,1.1921875000000002
8887,4.996125221252441,1.1921875000000002
8888,4.964210510253906,1.1921875000000002
8889,4.958940505981445,1.1921875000000002
8890,4.971203804016113,1.1921875000000002
8891,4.974819183349609,1.1921875000000002
8892,4.967556953430176,1.1921875000000002
8893,4.951118469238281,1.1921875000000002
8894,4.939602851867676,1.1921875000000002
8895,4.933156967163086,1.1921875000000002
8896,4.927578926086426,1.1921875000000002
8897,4.928615570068359,1.1921875000000002
8898,5.865671157836914,1.1921875000000002
8899,4.930122375488281,1.1921875000000002
8900,4.9247589111328125,1.1921875000000002
8901,4.924330711364746,1.1921875000000002
8902,4.924383163452148,1.1921875000000002
8903,4.924386024475098,1.1921875000000002
8904,4.924378395080566,1.1921875000000002
8905,4.924383163452148,1.1921875000000002
8906,4.924956321716309,1.1921875000000002
8907,4.928655624389648,1.1921875000000002
8908,4.990410804748535,1.1921875000000002
8909,4.963564872741699,1.1921875000000002
8910,4.952844619750977,1.1921875000000002
8911,4.962903022766113,1.1921875000000002
8912,4.987565994262695,1.1921875000000002
8913,5.203557968139648,1.1921875000000002
8914,5.350968360900879,1.1921875000000002
8915,5.6577301025390625,1.1921875000000002
8916,5.700639724731445,1.1921875000000002
8917,5.862909317016602,1.1921875000000002
8918,5.865365028381348,1.1921875000000002
8919,5.866076469421387,1.1921875000000002
8920,5.866415023803711,1.1921875000000002
8921,6.433335304260254,10.0
8922,6.505182266235352,10.0
8923,6.507368087768555,10.0
8924,6.508343696594238,10.0
8925,6.508322715759277,10.0
8926,6.505109786987305,10.0
8927,6.50263786315918,10.0
8928,6.503232002258301,10.0
8929,6.503778457641602,10.0
8930,6.508487701416016,10.0
8931,6.508800506591797,10.0
8932,6.508702278137207,10.0
8933,6.507377624511719,10.0
8934,6.473546028137207,10.0
8935,6.479047775268555,10.0
8936,6.491167068481445,10.0
8937,6.505298614501953,10.0
8938,6.507987976074219,10.0
8939,6.508615493774414,10.0
8940,6.508050918579102,10.0
8941,6.505855560302734,10.0
8942,6.497442245483398,10.0
8943,6.475935935974121,10.0
8944,6.457794189453125,10.0
8945,6.459417343139648,10.0
8946,6.455419540405273,10.0
8947,6.45408821105957,10.0
8948,6.455623626708984,10.0
8949,6.461183547973633,10.0
8950,6.483654975891113,10.0
8951,6.474236488342285,10.0
8952,6.47336483001709,10.0
8953,6.47266960144043,10.0
8954,6.4759626388549805,10.0
8955,6.4642438888549805,10.0
8956,6.456053733825684,10.0
8957,6.456565856933594,10.0
8958,6.447722434997559,10.0
8959,6.445588111877441,10.0
8960,6.467339515686035,10.0
8961,6.457779884338379,10.0
8962,6.449219703674316,10.0
8963,6.452640533447266,10.0
8964,6.453578948974609,10.0
8965,6.449397087097168,10.0
8966,6.448854446411133,10.0
8967,6.448646545410156,10.0
8968,6.44240665435791,10.0
8969,6.442437171936035,10.0
8970,6.45180606842041,10.0
8971,6.449216842651367,10.0
8972,6.4473066329956055,10.0
8973,6.447714805603027,10.0
8974,6.454978942871094,10.0
8975,6.4588623046875,10.0
8976,6.458754539489746,10.0
8977,6.456915855407715,10.0
8978,6.449593544006348,10.0
8979,6.4506025314331055,10.0
8980,6.451157569885254,10.0
8981,6.455000877380371,10.0
8982,6.4548234939575195,10.0
8983,6.459959030151367,10.0
8984,6.459136962890625,10.0
8985,6.459064483642578,10.0
8986,6.458551406860352,10.0
8987,6.458349227905273,10.0
8988,6.457912445068359,10.0
8989,6.448643684387207,10.0
8990,6.447702407836914,10.0
8991,6.44349479675293,10.0
8992,6.44533634185791,10.0
8993,6.452618598937988,8.28203125
8994,6.473539352416992,6.8640625
8995,6.473451614379883,6.50546875
8996,6.454470634460449,6.137499999999999
8997,6.453607559204102,6.137499999999999
8998,6.452779769897461,6.137499999999999
8999,6.452441215515137,6.137499999999999
9000,6.452406883239746,6.137499999999999
9001,6.450498580932617,6.137499999999999
9002,6.451337814331055,6.137499999999999
9003,6.45362663269043,6.737500000000001
9004,6.439949035644531,9.025
9005,6.431436538696289,9.278125
9006,6.431310653686523,9.278125
9007,6.431962013244629,9.25
9008,6.437037467956543,8.03125
9009,6.439964294433594,8.03125
9010,6.4403181076049805,8.03125
9011,6.441961288452148,8.03125
9012,6.444623947143555,8.03125
9013,6.447660446166992,8.03125
9014,6.447737693786621,8.03125
9015,6.451235771179199,8.03125
9016,6.451507568359375,8.03125
9017,6.452089309692383,8.03125
9018,6.454205513000488,8.03125
9019,6.453492164611816,8.03125
9020,6.451516151428223,8.03125
9021,6.45382022857666,8.03125
9022,6.454103469848633,8.03125
9023,6.450490951538086,8.03125
9024,6.4504594802856445,8.03125
9025,6.4501953125,8.03125
9026,6.450468063354492,8.03125
9027,6.448663711547852,8.03125
9028,6.452014923095703,8.03125
9029,6.45164680480957,8.03125
9030,6.451748847961426,9.69765625
9031,6.456857681274414,9.8546875
9032,6.456911087036133,9.8546875
9033,6.457104682922363,9.8546875
9034,6.455033302307129,9.8546875
9035,6.456052780151367,9.8546875
9036,6.4568986892700195,9.8546875
9037,6.461160659790039,9.8546875
9038,6.471953392028809,9.8546875
9039,6.470861434936523,9.8546875
9040,6.452901840209961,9.8546875
9041,6.454790115356445,9.8546875
9042,6.454564094543457,9.8546875
9043,6.452659606933594,9.8546875
9044,6.455080032348633,9.8546875
9045,6.45550537109375,9.8546875
9046,6.4547929763793945,9.8546875
9047,6.453603744506836,9.8546875
9048,6.453273773193359,9.8546875
9049,6.446408271789551,9.8546875
9050,6.445897102355957,9.8546875
9051,6.448193550109863,9.8546875
9052,6.4477081298828125,9.8546875
9053,6.446722984313965,9.8546875
9054,6.449733734130859,9.8546875
9055,6.448849678039551,9.8546875
9056,6.451166152954102,9.596875
9057,6.454218864440918,9.896875
9058,6.4545698165893555,9.896875
9059,6.45466423034668,9.896875
9060,6.454525947570801,9.896875
9061,6.453411102294922,9.896875
9062,6.453587532043457,9.896875
9063,6.4535932540893555,9.896875
9064,6.453597068786621,9.896875
9065,6.449440956115723,9.3953125
9066,6.452709197998047,8.191796875000001
9067,6.453056335449219,7.863671875
9068,6.454769134521484,7.829687499999999
9069,6.455818176269531,7.829687499999999
9070,6.455137252807617,7.829687499999999
9071,6.45648193359375,7.829687499999999
9072,6.455447196960449,7.829687499999999
9073,6.455422401428223,7.829687499999999
9074,6.454789161682129,7.829687499999999
9075,6.455004692077637,7.829687499999999
9076,6.450033187866211,7.829687499999999
9077,6.452522277832031,7.829687499999999
9078,6.45792293548584,7.829687499999999
9079,6.457939147949219,7.829687499999999
9080,6.458769798278809,7.829687499999999
9081,6.459970474243164,7.829687499999999
9082,6.458791732788086,7.829687499999999
9083,6.454773902893066,7.829687499999999
9084,6.453742980957031,7.829687499999999
9085,6.452472686767578,7.829687499999999
9086,6.466809272766113,7.829687499999999
9087,6.449872016906738,7.829687499999999
9088,6.446220397949219,7.829687499999999
9089,6.4501543045043945,7.829687499999999
9090,6.451698303222656,7.829687499999999
9091,6.443089485168457,7.829687499999999
9092,6.4437408447265625,7.829687499999999
9093,6.449328422546387,7.829687499999999
9094,6.451154708862305,7.829687499999999
9095,6.451841354370117,7.829687499999999
9096,6.4523773193359375,7.829687499999999
9097,6.452442169189453,7.829687499999999
9098,6.453151702880859,7.829687499999999
9099,6.453100204467773,7.829687499999999
9100,6.4537553787231445,7.829687499999999
9101,6.4542236328125,7.829687499999999
9102,6.453305244445801,7.829687499999999
9103,6.453051567077637,7.829687499999999
9104,6.453596115112305,7.829687499999999
9105,6.4535980224609375,7.829687499999999
9106,6.440755844116211,7.829687499999999
9107,6.445119857788086,7.829687499999999
9108,6.446555137634277,7.829687499999999
9109,6.447720527648926,7.829687499999999
9110,6.44815731048584,7.829687499999999
9111,6.448550224304199,7.829687499999999
9112,6.449338912963867,7.829687499999999
9113,6.451216697692871,7.829687499999999
9114,6.451093673706055,7.829687499999999
9115,6.453198432922363,7.829687499999999
9116,6.453542709350586,7.829687499999999
9117,6.449578285217285,7.829687499999999
9118,6.447673797607422,7.829687499999999
9119,6.444546699523926,7.829687499999999
9120,6.4445648193359375,7.829687499999999
9121,6.4454803466796875,7.829687499999999
9122,6.445535659790039,7.829687499999999
9123,6.443272590637207,7.829687499999999
9124,6.456820487976074,7.829687499999999
9125,6.456223487854004,7.829687499999999
9126,6.460007667541504,7.829687499999999
9127,6.45279598236084,7.829687499999999
9128,6.444551467895508,7.829687499999999
9129,6.440193176269531,7.829687499999999
9130,6.440513610839844,7.829687499999999
9131,6.441281318664551,7.829687499999999
9132,6.441559791564941,7.829687499999999
9133,6.443093299865723,7.829687499999999
9134,6.441653251647949,7.829687499999999
9135,6.442147254943848,7.829687499999999
9136,6.4399919509887695,7.829687499999999
9137,6.447353363037109,7.829687499999999
9138,6.450692176818848,7.829687499999999
9139,6.4565887451171875,7.829687499999999
9140,6.440999984741211,7.829687499999999
9141,6.449183464050293,7.829687499999999
9142,6.4590559005737305,7.829687499999999
9143,6.458906173706055,7.829687499999999
9144,6.474081039428711,7.829687499999999
9145,6.472956657409668,7.829687499999999
9146,6.474503517150879,7.829687499999999
9147,6.4686174392700195,7.829687499999999
9148,6.465867042541504,7.829687499999999
9149,6.461008071899414,7.829687499999999
9150,6.453835487365723,7.829687499999999
9151,6.453425407409668,7.829687499999999
9152,6.452452659606934,7.829687499999999
9153,6.452787399291992,7.829687499999999
9154,6.465446472167969,7.829687499999999
9155,6.476675987243652,7.829687499999999
9156,6.456571578979492,7.829687499999999
9157,6.457023620605469,7.829687499999999
9158,6.457553863525391,7.829687499999999
9159,6.459256172180176,7.829687499999999
9160,6.481175422668457,7.829687499999999
9161,6.4587202072143555,7.829687499999999
9162,6.4577741622924805,7.829687499999999
9163,6.457609176635742,7.829687499999999
9164,6.455561637878418,7.829687499999999
9165,6.458478927612305,7.829687499999999
9166,6.459101676940918,7.829687499999999
9167,6.460314750671387,7.829687499999999
9168,6.464345932006836,7.829687499999999
9169,6.465184211730957,7.829687499999999
9170,6.465150833129883,7.829687499999999
9171,6.466030120849609,7.829687499999999
9172,6.4658613204956055,7.829687499999999
9173,6.465141296386719,7.829687499999999
9174,6.455503463745117,8.9734375
9175,6.451559066772461,8.9875
9176,6.453038215637207,8.9875
9177,6.453071594238281,8.9875
9178,6.453167915344238,8.9875
9179,6.458734512329102,9.878125
9180,6.45997428894043,9.878125
9181,6.463539123535156,9.878125
9182,6.464210510253906,9.878125
9183,6.463430404663086,9.878125
9184,6.463208198547363,9.878125
9185,6.4595232009887695,9.878125
9186,6.456896781921387,9.878125
9187,6.461127281188965,9.878125
9188,6.462703704833984,9.878125
9189,6.46402645111084,9.878125
9190,6.463441848754883,9.878125
9191,6.463436126708984,9.878125
9192,6.463558197021484,9.878125
9193,6.463423728942871,9.878125
9194,6.458758354187012,9.878125
9195,6.45997428894043,9.878125
9196,6.459171295166016,9.878125
9197,6.459967613220215,9.878125
9198,6.461032867431641,9.878125
9199,6.458154678344727,9.65546875
9200,6.455972671508789,9.04609375
9201,6.4532012939453125,8.04296875
9202,6.453621864318848,8.003125
9203,6.459176063537598,8.003125
9204,6.457679748535156,8.003125
9205,6.457756996154785,8.003125
9206,6.457816123962402,8.003125
9207,6.456633567810059,8.003125
9208,6.456348419189453,8.003125
9209,6.453583717346191,8.003125
9210,6.454780578613281,8.003125
9211,6.457505226135254,8.003125
9212,6.458291053771973,8.003125
9213,6.4612274169921875,8.003125
9214,6.4611005783081055,8.003125
9215,6.460550308227539,8.003125
9216,6.454795837402344,8.003125
9217,6.452162742614746,8.003125
9218,6.4500837326049805,8.003125
9219,6.448308944702148,8.003125
9220,6.4465532302856445,8.003125
9221,6.449244499206543,8.003125
9222,6.4517927169799805,8.003125
9223,6.452380180358887,8.003125
9224,6.464452743530273,8.003125
9225,6.463705062866211,8.003125
9226,6.463376998901367,8.003125
9227,6.4655914306640625,8.003125
9228,6.465262413024902,8.003125
9229,6.464045524597168,8.003125
9230,6.4645843505859375,8.003125
9231,6.4653778076171875,8.003125
9232,6.466435432434082,8.003125
9233,6.467379570007324,8.003125
9234,6.461739540100098,8.003125
9235,6.462712287902832,8.003125
9236,6.462883949279785,8.003125
9237,6.464363098144531,8.003125
9238,6.465217590332031,8.003125
9239,6.464114189147949,8.003125
9240,6.461116790771484,8.003125
9241,6.462409973144531,8.003125
9242,6.461858749389648,8.003125
9243,6.459137916564941,8.003125
9244,6.459956169128418,8.01484375
9245,6.459997177124023,9.24765625
9246,6.459917068481445,9.3390625
9247,6.460057258605957,9.353125
9248,6.4599151611328125,9.54765625
9249,6.459499359130859,9.55
9250,6.459951400756836,9.4890625
9251,6.460705757141113,8.75078125
9252,6.460963249206543,8.8
9253,6.459990501403809,8.8
9254,6.459761619567871,8.8
9255,6.457868576049805,8.8
9256,6.455921173095703,8.8
9257,6.452350616455078,8.8
9258,6.454798698425293,8.8
9259,6.457131385803223,8.8
9260,6.459928512573242,8.8984375
9261,6.4586286544799805,9.640234375
9262,6.460860252380371,9.712890625
9263,6.4599504470825195,9.8828125
9264,6.459985733032227,9.8828125
9265,6.460007667541504,9.8828125
9266,6.460000991821289,9.8828125
9267,6.459133148193359,9.8828125
9268,6.456624984741211,9.8828125
9269,6.4462385177612305,9.8828125
9270,6.447319984436035,9.8828125
9271,6.44765567779541,9.8828125
9272,6.448415756225586,9.8828125
9273,6.454315185546875,9.8828125
9274,6.4542951583862305,9.8828125
9275,6.454960823059082,9.8828125
9276,6.454799652099609,9.8828125
9277,6.457222938537598,9.8828125
9278,6.457221984863281,9.8828125
9279,6.453207015991211,9.8828125
9280,6.454256057739258,9.8828125
9281,6.457466125488281,9.8828125
9282,6.458770751953125,9.8828125
9283,6.458622932434082,9.8828125
9284,6.4588775634765625,9.8828125
9285,6.458873748779297,9.8828125
9286,6.459163665771484,9.8828125
9287,6.458531379699707,9.8828125
9288,6.458728790283203,9.8828125
9289,6.458576202392578,9.8828125
9290,6.459451675415039,9.8828125
9291,6.461857795715332,9.8828125
9292,6.457594871520996,9.8828125
9293,6.458810806274414,9.8828125
9294,6.459139823913574,9.8828125
9295,6.457917213439941,9.8828125
9296,6.457740783691406,9.8828125
9297,6.456295967102051,9.8828125
9298,6.451682090759277,9.8828125
9299,6.454390525817871,9.8828125
9300,6.4554443359375,9.8828125
9301,6.457196235656738,9.8828125
9302,6.455317497253418,9.8828125
9303,6.453789710998535,9.8828125
9304,6.451545715332031,9.8828125
9305,6.451897621154785,9.8828125
9306,6.460394859313965,9.8828125
9307,6.460122108459473,9.8828125
9308,6.4608564376831055,9.8828125
9309,6.46015739440918,9.8828125
9310,6.4611101150512695,9.8828125
9311,6.461027145385742,9.8828125
9312,6.461851119995117,9.8828125
9313,6.462282180786133,9.8828125
9314,6.462111473083496,9.8828125
9315,6.463953971862793,9.8828125
9316,6.470842361450195,9.8828125
9317,6.459965705871582,9.8828125
9318,6.455395698547363,9.8828125
9319,6.453322410583496,9.71640625
9320,6.452754974365234,9.41875
9321,6.455815315246582,7.553125
9322,6.456465721130371,7.553125
9323,6.456433296203613,7.553125
9324,6.459805488586426,7.553125
9325,6.459715843200684,7.553125
9326,6.459336280822754,7.553125
9327,6.459336280822754,7.553125
9328,6.459160804748535,7.553125
9329,6.459750175476074,7.553125
9330,6.459962844848633,7.553125
9331,6.4578046798706055,5.7625
9332,6.452304840087891,5.715624999999999
9333,6.45913028717041,5.715624999999999
9334,6.457370758056641,5.715624999999999
9335,6.453943252563477,5.715624999999999
9336,6.453886985778809,5.715624999999999
9337,6.457625389099121,5.715624999999999
9338,6.458152770996094,5.715624999999999
9339,6.46143913269043,5.715624999999999
9340,6.462061882019043,5.715624999999999
9341,6.462289810180664,5.715624999999999
9342,6.462152481079102,5.715624999999999
9343,6.46185302734375,5.715624999999999
9344,6.461003303527832,5.715624999999999
9345,6.463138580322266,5.715624999999999
9346,6.463016510009766,5.715624999999999
9347,6.463020324707031,5.715624999999999
9348,6.463190078735352,5.715624999999999
9349,6.461983680725098,5.715624999999999
9350,6.461098670959473,5.715624999999999
9351,6.461175918579102,5.715624999999999
9352,6.462148666381836,5.715624999999999
9353,6.4535017013549805,5.715624999999999
9354,6.458444595336914,5.715624999999999
9355,6.462143898010254,5.715624999999999
9356,6.462249755859375,5.715624999999999
9357,6.4603071212768555,5.715624999999999
9358,6.462782859802246,5.715624999999999
9359,6.463397026062012,5.715624999999999
9360,6.463186264038086,5.715624999999999
9361,6.463234901428223,5.715624999999999
9362,6.462368965148926,5.715624999999999
9363,6.462316513061523,5.715624999999999
9364,6.46231746673584,5.715624999999999
9365,6.46354866027832,5.715624999999999
9366,6.464583396911621,5.715624999999999
9367,6.463130950927734,5.715624999999999
9368,6.462535858154297,5.715624999999999
9369,6.460674285888672,5.715624999999999
9370,6.461021423339844,5.715624999999999
9371,6.443753242492676,5.715624999999999
9372,6.428940773010254,5.715624999999999
9373,6.434961318969727,7.28359375
9374,6.439640998840332,8.187109375
9375,6.4520111083984375,8.50703125
9376,6.451096534729004,8.577343749999999
9377,6.446219444274902,8.79765625
9378,6.433870315551758,8.959375000000001
9379,6.432476997375488,8.959375000000001
9380,6.432084083557129,8.959375000000001
9381,6.431183815002441,10.0
9382,6.433420181274414,10.0
9383,6.433405876159668,10.0
9384,6.434978485107422,10.0
9385,6.435751914978027,10.0
9386,6.4464111328125,10.0
9387,6.4600629806518555,10.0
9388,6.467325210571289,10.0
9389,6.470044136047363,10.0
9390,6.4699907302856445,10.0
9391,6.468631744384766,10.0
9392,6.466464042663574,10.0
9393,6.464768409729004,10.0
9394,6.462915420532227,10.0
9395,6.463226318359375,10.0
9396,6.4614057540893555,10.0
9397,6.457256317138672,10.0
9398,6.455803871154785,10.0
9399,6.450462341308594,10.0
9400,6.449579238891602,10.0
9401,6.455122947692871,10.0
9402,6.454310417175293,10.0
9403,6.454842567443848,10.0
9404,6.454314231872559,10.0
9405,6.454412460327148,10.0
9406,6.454141616821289,10.0
9407,6.452784538269043,10.0
9408,6.4515886306762695,8.676953125
9409,6.450767517089844,8.5609375
9410,6.452445030212402,8.290234375
9411,6.455440521240234,7.455859374999999
9412,6.455589294433594,7.242578124999999
9413,6.455955505371094,6.872265625
9414,6.455903053283691,6.499609375
9415,6.455418586730957,6.23359375
9416,6.454109191894531,6.071875
9417,6.450185775756836,6.0484375
9418,6.450193405151367,6.0484375
9419,6.452419281005859,6.0484375
9420,6.454273223876953,6.0484375
9421,6.455004692077637,6.4234375
9422,6.455315589904785,6.83359375
9423,6.455072402954102,6.944921875
9424,6.454239845275879,7.548437499999999
9425,6.454037666320801,7.7921875
9426,6.45396614074707,7.7921875
9427,6.451841354370117,7.7921875
9428,6.4533233642578125,7.7921875
9429,6.453586578369141,7.7921875
9430,6.453423500061035,7.7921875
9431,6.453413009643555,7.7921875
9432,6.4534149169921875,7.7921875
9433,6.451855659484863,7.7921875
9434,6.451580047607422,7.7921875
9435,6.451866149902344,7.7921875
9436,6.450498580932617,8.6078125
9437,6.445648193359375,10.0
9438,6.446255683898926,10.0
9439,6.448180198669434,10.0
9440,6.4518537521362305,10.0
9441,6.4520158767700195,10.0
9442,6.451855659484863,10.0
9443,6.453624725341797,10.0
9444,6.451407432556152,10.0
9445,6.450503349304199,10.0
9446,6.450033187866211,10.0
9447,6.44815731048584,10.0
9448,6.451726913452148,10.0
9449,6.453409194946289,10.0
9450,6.462506294250488,10.0
9451,6.488971710205078,10.0
9452,6.498932838439941,10.0
9453,6.503781318664551,10.0
9454,6.506834983825684,10.0
9455,6.499425888061523,10.0
9456,6.491843223571777,10.0
9457,6.475261688232422,10.0
9458,6.476687431335449,10.0
9459,6.478057861328125,10.0
9460,6.478734970092773,10.0
9461,6.481812477111816,10.0
9462,6.482132911682129,10.0
9463,6.488293647766113,10.0
9464,6.49018669128418,10.0
9465,6.498898506164551,10.0
9466,6.501308441162109,10.0
9467,6.502236366271973,10.0
9468,6.502781867980957,10.0
9469,6.504419326782227,10.0
9470,6.504704475402832,10.0
9471,6.506025314331055,10.0
9472,6.490991592407227,10.0
9473,6.487565994262695,10.0
9474,6.494072914123535,10.0
9475,6.497527122497559,10.0
9476,6.419557571411133,10.0
9477,6.418024063110352,10.0
9478,6.417140960693359,10.0
9479,6.417104721069336,10.0
9480,6.415927886962891,10.0
9481,6.415859222412109,10.0
9482,6.416723251342773,10.0
9483,6.432957649230957,10.0
9484,6.436117172241211,10.0
9485,6.436183929443359,10.0
9486,6.431251525878906,10.0
9487,6.435237884521484,10.0
9488,6.431363105773926,10.0
9489,6.430566787719727,10.0
9490,6.431487083435059,10.0
9491,6.430402755737305,10.0
9492,6.4312591552734375,10.0
9493,6.431078910827637,10.0
9494,6.430764198303223,10.0
9495,6.430882453918457,10.0
9496,6.4302873611450195,10.0
9497,6.43033504486084,10.0
9498,6.431461334228516,10.0
9499,6.432153701782227,10.0
9500,6.431066513061523,10.0
9501,6.430197715759277,10.0
9502,6.430397033691406,10.0
9503,6.430932998657227,10.0
9504,6.431299209594727,10.0
9505,6.433000564575195,10.0
9506,6.432621002197266,10.0
9507,6.432518005371094,10.0
9508,6.4327287673950195,10.0
9509,6.432321548461914,10.0
9510,6.4308671951293945,10.0
9511,6.428252220153809,10.0
9512,6.428645133972168,10.0
9513,6.429243087768555,10.0
9514,6.429208755493164,10.0
9515,6.429239273071289,10.0
9516,6.430574417114258,10.0
9517,6.43093204498291,10.0
9518,6.4311933517456055,10.0
9519,6.430948257446289,10.0
9520,6.430938720703125,10.0
9521,6.430943489074707,10.0
9522,6.4305419921875,10.0
9523,6.430537223815918,10.0
9524,6.430691719055176,10.0
9525,6.430273056030273,10.0
9526,6.430169105529785,10.0
9527,6.428529739379883,10.0
9528,6.430083274841309,10.0
9529,6.430156707763672,10.0
9530,6.430377006530762,10.0
9531,6.430938720703125,10.0
9532,6.432163238525391,10.0
9533,6.432143211364746,10.0
9534,6.432229995727539,10.0
9535,6.430131912231445,10.0
9536,6.429224967956543,10.0
9537,6.429594039916992,10.0
9538,6.430971145629883,10.0
9539,6.431301116943359,10.0
9540,6.431674957275391,10.0
9541,6.432497978210449,10.0
9542,6.432472229003906,10.0
9543,6.432308197021484,10.0
9544,6.43216609954834,10.0
9545,6.431754112243652,10.0
9546,6.432338714599609,10.0
9547,6.431745529174805,10.0
9548,6.430859565734863,10.0
9549,6.431327819824219,10.0
9550,6.431197166442871,10.0
9551,6.430768966674805,10.0
9552,6.430390357971191,10.0
9553,6.429714202880859,10.0
9554,6.429989814758301,10.0
9555,6.429988861083984,10.0
9556,6.42972469329834,10.0
9557,6.429668426513672,10.0
9558,6.428336143493652,10.0
9559,6.42842960357666,10.0
9560,6.42922306060791,10.0
9561,6.429630279541016,10.0
9562,6.430168151855469,10.0
9563,6.429588317871094,10.0
9564,6.429245948791504,10.0
9565,6.429244041442871,10.0
9566,6.429374694824219,10.0
9567,6.429245948791504,10.0
9568,6.429154396057129,10.0
9569,6.429103851318359,10.0
9570,6.429105758666992,10.0
9571,6.429213523864746,10.0
9572,6.429465293884277,10.0
9573,6.430137634277344,10.0
9574,6.430293083190918,10.0
9575,6.430912017822266,10.0
9576,6.431305885314941,10.0
9577,6.431327819824219,10.0
9578,6.432912826538086,10.0
9579,6.442944526672363,10.0
9580,6.4624481201171875,10.0
9581,6.446924209594727,10.0
9582,6.438880920410156,10.0
9583,6.425213813781738,10.0
9584,6.412344932556152,10.0
9585,6.221897125244141,10.0
9586,6.210027694702148,10.0
9587,6.254377365112305,10.0
9588,6.181611061096191,10.0
9589,6.213082313537598,10.0
9590,6.308653831481934,10.0
9591,6.4255523681640625,10.0
9592,6.4266815185546875,10.0
9593,6.425353050231934,10.0
9594,6.425087928771973,10.0
9595,6.423816680908203,10.0
9596,6.425516128540039,10.0
9597,6.428709030151367,10.0
9598,6.4288787841796875,10.0
9599,6.432834625244141,10.0
9600,6.433771133422852,10.0
9601,6.434206962585449,10.0
9602,6.434893608093262,10.0
9603,6.445667266845703,10.0
9604,6.448577880859375,10.0
9605,6.447726249694824,10.0
9606,6.436775207519531,10.0
9607,6.423561096191406,10.0
9608,6.424678802490234,10.0
9609,6.4246931076049805,10.0
9610,6.42574405670166,10.0
9611,6.428802490234375,10.0
9612,6.430407524108887,10.0
9613,6.430728912353516,10.0
9614,6.439348220825195,10.0
9615,6.427480697631836,10.0
9616,6.427867889404297,10.0
9617,6.432716369628906,10.0
9618,6.436110496520996,10.0
9619,6.433636665344238,10.0
9620,6.433839797973633,10.0
9621,6.431570053100586,10.0
9622,6.431605339050293,10.0
9623,6.4321393966674805,10.0
9624,6.431211471557617,10.0
9625,6.423770904541016,8.0546875
9626,6.424795150756836,5.93359375
9627,6.424802780151367,5.81875
9628,6.426739692687988,5.6171875
9629,6.428729057312012,5.6171875
9630,6.428352355957031,5.6171875
9631,6.429202079772949,5.6171875
9632,6.426706314086914,5.2703125
9633,6.425166130065918,5.2703125
9634,6.425393104553223,5.35703125
9635,6.426724433898926,5.548046875
9636,6.426756858825684,5.606640625
9637,6.428280830383301,5.6875
9638,6.429235458374023,5.6875
9639,6.429494857788086,5.6875
9640,6.429177284240723,5.6875
9641,6.429172515869141,5.6875
9642,6.426898956298828,5.6875
9643,6.426364898681641,5.6875
9644,6.425750732421875,5.6875
9645,6.4252729415893555,5.6875
9646,6.425588607788086,5.6875
9647,6.425765037536621,5.6875
9648,6.427365303039551,5.6875
9649,6.427944183349609,5.6875
9650,6.429300308227539,5.6875
9651,6.4289751052856445,5.6875
9652,6.4292144775390625,5.6875
9653,6.427763938903809,5.6875
9654,6.428973197937012,5.6875
9655,6.426403999328613,5.6875
9656,6.427947998046875,7.2671875
9657,6.428332328796387,7.675000000000001
9658,6.428586006164551,8.127343750000001
9659,6.4283647537231445,8.1390625
9660,6.428332328796387,8.1390625
9661,6.428437232971191,8.1390625
9662,6.42794132232666,8.1390625
9663,6.429189682006836,8.1390625
9664,6.42739200592041,8.474218749999999
9665,6.426173210144043,8.603124999999999
9666,6.425122261047363,8.603124999999999
9667,6.424981117248535,8.64296875
9668,6.426487922668457,8.659375
9669,6.428502082824707,8.7765625
9670,6.427646636962891,8.7765625
9671,6.428615570068359,8.7765625
9672,6.428271293640137,8.7765625
9673,6.423290252685547,8.7765625
9674,6.419707298278809,8.7765625
9675,6.419266700744629,8.7765625
9676,6.420295715332031,8.7765625
9677,6.421468734741211,8.7765625
9678,6.425249099731445,8.7765625
9679,6.427393913269043,8.7765625
9680,6.428114891052246,8.7765625
9681,6.42840576171875,8.7765625
9682,6.4287109375,8.7765625
9683,6.428591728210449,8.7765625
9684,6.4289045333862305,8.7765625
9685,6.4279937744140625,8.7765625
9686,6.423839569091797,8.7765625
9687,6.42330265045166,8.7765625
9688,6.424002647399902,8.7765625
9689,6.427920341491699,8.7765625
9690,6.42683219909668,8.7765625
9691,6.426901817321777,8.7765625
9692,6.425777435302734,8.7765625
9693,6.426839828491211,8.7765625
9694,6.426519393920898,8.7765625
9695,6.425845146179199,8.7765625
9696,6.425851821899414,8.7765625
9697,6.427650451660156,8.7765625
9698,6.427219390869141,8.7765625
9699,6.4288434982299805,8.7765625
9700,6.429083824157715,8.7765625
9701,6.429299354553223,8.7765625
9702,6.428662300109863,8.7765625
9703,6.42698860168457,8.7765625
9704,6.428264617919922,8.7765625
9705,6.427310943603516,8.7765625
9706,6.423618316650391,8.7765625
9707,6.423565864562988,8.7765625
9708,6.423540115356445,8.7765625
9709,6.424002647399902,8.7765625
9710,6.427095413208008,8.7765625
9711,6.427445411682129,8.7765625
9712,6.4283246994018555,8.7765625
9713,6.427603721618652,8.7765625
9714,6.4270124435424805,8.7765625
9715,6.426567077636719,8.7765625
9716,6.42557430267334,8.7765625
9717,6.426216125488281,8.7765625
9718,6.4285478591918945,8.7765625
9719,6.428566932678223,8.7765625
9720,6.4285888671875,8.7765625
9721,6.428772926330566,8.7765625
9722,6.428576469421387,8.7765625
9723,6.428628921508789,8.7765625
9724,6.428628921508789,8.7765625
9725,6.428902626037598,8.7765625
9726,6.4286298751831055,8.7765625
9727,6.4280548095703125,8.7765625
9728,6.427807807922363,8.7765625
9729,6.427796363830566,8.7765625
9730,6.42723274230957,8.7765625
9731,6.427036285400391,8.7765625
9732,6.42781925201416,8.7765625
9733,6.428265571594238,8.7765625
9734,6.428371429443359,8.7765625
9735,6.429008483886719,8.7765625
9736,6.4292144775390625,8.7765625
9737,6.429566383361816,8.7765625
9738,6.4295854568481445,8.7765625
9739,6.429083824157715,8.7765625
9740,6.428857803344727,8.7765625
9741,6.427985191345215,8.7765625
9742,6.427262306213379,8.7765625
9743,6.427145004272461,8.7765625
9744,6.426853179931641,8.7765625
9745,6.425920486450195,8.7765625
9746,6.425933837890625,8.7765625
9747,6.430290222167969,8.7765625
9748,6.430506706237793,8.7765625
9749,6.4314165115356445,8.7765625
9750,6.43294620513916,8.7765625
9751,6.4332075119018555,8.7765625
9752,6.433174133300781,8.7765625
9753,6.433088302612305,8.7765625
9754,6.432590484619141,8.7765625
9755,6.432467460632324,8.7765625
9756,6.431825637817383,8.7765625
9757,6.430473327636719,8.7765625
9758,6.42916202545166,8.7765625
9759,6.429218292236328,8.7765625
9760,6.429574012756348,8.7765625
9761,6.432147026062012,8.7765625
9762,6.432512283325195,8.7765625
9763,6.431196212768555,8.7765625
9764,6.430568695068359,8.7765625
9765,6.430262565612793,8.7765625
9766,6.430248260498047,8.7765625
9767,6.430119514465332,8.7765625
9768,6.428713798522949,8.7765625
9769,6.428401947021484,8.7765625
9770,6.427224159240723,8.7765625
9771,6.429814338684082,8.7765625
9772,6.429255485534668,8.7765625
9773,6.429253578186035,8.7765625
9774,6.42781925201416,8.7765625
9775,6.426025390625,8.7765625
9776,6.423162460327148,8.7765625
9777,6.422700881958008,8.7765625
9778,6.428693771362305,8.7765625
9779,6.428860664367676,8.7765625
9780,6.427473068237305,8.7765625
9781,6.426220893859863,8.7765625
9782,6.42586612701416,8.7765625
9783,6.425624847412109,8.7765625
9784,6.425341606140137,8.7765625
9785,6.425564765930176,8.7765625
9786,6.424805641174316,8.7765625
9787,6.424745559692383,8.7765625
9788,6.423850059509277,8.7765625
9789,6.423801422119141,8.7765625
9790,6.423884391784668,8.7765625
9791,6.424729347229004,8.7765625
9792,6.424810409545898,8.7765625
9793,6.4249162673950195,8.7765625
9794,6.424830436706543,8.7765625
9795,6.42574405670166,8.7765625
9796,6.426082611083984,8.7765625
9797,6.425565719604492,8.7765625
9798,6.425790786743164,8.7765625
9799,6.424372673034668,8.7765625
9800,6.423521995544434,8.7765625
9801,6.424440383911133,8.7765625
9802,6.424701690673828,8.7765625
9803,6.4247941970825195,8.7765625
9804,6.426936149597168,8.7765625
9805,6.427175521850586,8.7765625
9806,6.428182601928711,8.7765625
9807,6.427926063537598,8.7765625
9808,6.427730560302734,8.7765625
9809,6.426226615905762,8.7765625
9810,6.426749229431152,8.7765625
9811,6.427004814147949,8.7765625
9812,6.426887512207031,8.7765625
9813,6.424755096435547,8.7765625
9814,6.426217079162598,8.7765625
9815,6.427116394042969,8.7765625
9816,6.426959991455078,8.7765625
9817,6.427211761474609,8.7765625
9818,6.427155494689941,8.7765625
9819,6.424729347229004,8.7765625
9820,6.42473030090332,8.7765625
9821,6.4239959716796875,8.7765625
9822,6.425224304199219,8.7765625
9823,6.426551818847656,8.7765625
9824,6.428770065307617,8.7765625
9825,6.429512023925781,8.7765625
9826,6.429408073425293,8.7765625
9827,6.428581237792969,8.7765625
9828,6.428139686584473,8.7765625
9829,6.426241874694824,8.7765625
9830,6.426355361938477,8.77890625
9831,6.426753997802734,8.882031249999999
9832,6.426850318908691,8.935937500000001
9833,6.42728328704834,8.935937500000001
9834,6.427853584289551,8.935937500000001
9835,6.4277191162109375,8.935937500000001
9836,6.428118705749512,8.935937500000001
9837,6.423527717590332,8.935937500000001
9838,6.423559188842773,8.935937500000001
9839,6.428749084472656,8.935937500000001
9840,6.429821968078613,8.935937500000001
9841,6.429832458496094,8.935937500000001
9842,6.430069923400879,8.935937500000001
9843,6.426763534545898,8.935937500000001
9844,6.426133155822754,8.935937500000001
9845,6.424012184143066,8.935937500000001
9846,6.423306465148926,8.935937500000001
9847,6.425760269165039,8.935937500000001
9848,6.426126480102539,8.935937500000001
9849,6.428730010986328,8.935937500000001
9850,6.428956985473633,8.935937500000001
9851,6.428888320922852,8.935937500000001
9852,6.429262161254883,8.935937500000001
9853,6.429174423217773,8.935937500000001
9854,6.429235458374023,8.935937500000001
9855,6.428908348083496,8.935937500000001
9856,6.428910255432129,8.935937500000001
9857,6.428349494934082,8.935937500000001
9858,6.427637100219727,8.935937500000001
9859,6.424607276916504,8.935937500000001
9860,6.42507266998291,8.935937500000001
9861,6.425104141235352,8.935937500000001
9862,6.425619125366211,8.935937500000001
9863,6.427779197692871,8.935937500000001
9864,6.428346633911133,8.935937500000001
9865,6.4223480224609375,8.935937500000001
9866,6.406468391418457,8.935937500000001
9867,6.406131744384766,8.935937500000001
9868,6.427582740783691,8.935937500000001
9869,6.4258222579956055,8.935937500000001
9870,6.425354957580566,8.935937500000001
9871,6.425957679748535,8.935937500000001
9872,6.426189422607422,8.935937500000001
9873,6.4279937744140625,8.935937500000001
9874,6.427778244018555,8.935937500000001
9875,6.429237365722656,8.935937500000001
9876,6.429218292236328,8.935937500000001
9877,6.429204940795898,8.935937500000001
9878,6.427865028381348,8.935937500000001
9879,6.427890777587891,8.935937500000001
9880,6.4279327392578125,8.935937500000001
9881,6.428625106811523,8.935937500000001
9882,6.429033279418945,8.935937500000001
9883,6.42575740814209,8.935937500000001
9884,6.425748825073242,8.935937500000001
9885,6.4271345138549805,8.935937500000001
9886,6.427385330200195,8.935937500000001
9887,6.427629470825195,8.935937500000001
9888,6.427254676818848,8.935937500000001
9889,6.427752494812012,8.935937500000001
9890,6.4281206130981445,8.935937500000001
9891,6.42922306060791,8.935937500000001
9892,6.428861618041992,8.935937500000001
9893,6.428728103637695,8.935937500000001
9894,6.428865432739258,8.935937500000001
9895,6.428603172302246,8.935937500000001
9896,6.428725242614746,8.935937500000001
9897,6.428679466247559,8.935937500000001
9898,6.428674697875977,8.935937500000001
9899,6.427131652832031,8.935937500000001
9900,6.426985740661621,8.935937500000001
9901,6.4254961013793945,8.935937500000001
9902,6.427107810974121,8.935937500000001
9903,6.42728328704834,8.935937500000001
9904,6.430332183837891,8.935937500000001
9905,6.430182456970215,8.935937500000001
9906,6.430087089538574,8.935937500000001
9907,6.430153846740723,8.935937500000001
9908,6.430192947387695,8.935937500000001
9909,6.430233955383301,8.935937500000001
9910,6.429645538330078,8.935937500000001
9911,6.42963981628418,8.935937500000001
9912,6.42800235748291,8.935937500000001
9913,6.428327560424805,8.935937500000001
9914,6.427999496459961,8.935937500000001
9915,6.425845146179199,8.935937500000001
9916,6.425724983215332,8.935937500000001
9917,6.42397403717041,8.935937500000001
9918,6.423913955688477,8.935937500000001
9919,6.424222946166992,8.935937500000001
9920,6.423952102661133,8.935937500000001
9921,6.423984527587891,8.935937500000001
9922,6.424524307250977,8.935937500000001
9923,6.423830032348633,8.935937500000001
9924,6.424410820007324,8.935937500000001
9925,6.422628402709961,8.935937500000001
9926,6.422606468200684,8.935937500000001
9927,6.422313690185547,8.935937500000001
9928,6.422340393066406,8.935937500000001
9929,6.423552513122559,8.935937500000001
9930,6.4247541427612305,8.935937500000001
9931,6.432765960693359,8.935937500000001
9932,6.426976203918457,8.935937500000001
9933,6.393970489501953,8.935937500000001
9934,6.388787269592285,8.935937500000001
9935,6.392141342163086,8.935937500000001
9936,6.412275314331055,8.935937500000001
9937,6.415775299072266,8.935937500000001
9938,6.4097394943237305,8.935937500000001
9939,6.387225151062012,5.4578125
9940,6.385499954223633,5.2328125000000005
9941,6.3895111083984375,5.2328125000000005
9942,6.338212966918945,5.2328125000000005
9943,6.290712356567383,5.2328125000000005
9944,6.048933982849121,5.2328125000000005
9945,6.035490989685059,5.2328125000000005
9946,5.980196952819824,5.2328125000000005
9947,6.040726661682129,5.2328125000000005
9948,6.096353530883789,5.2328125000000005
9949,6.281546592712402,5.2328125000000005
9950,6.201349258422852,7.3984375
9951,6.242505073547363,7.3984375
9952,6.316429138183594,7.3984375
9953,6.326314926147461,7.3984375
9954,6.45943546295166,7.3984375
9955,6.449387550354004,7.3984375
9956,6.484374046325684,7.3984375
9957,6.474815368652344,7.3984375
9958,6.466002464294434,7.3984375
9959,6.455379486083984,7.3984375
9960,6.446111679077148,7.3984375
9961,6.416455268859863,7.3984375
9962,6.3977155685424805,7.3984375
9963,6.172735214233398,7.3984375
9964,5.868581771850586,7.3984375
9965,4.939645767211914,7.3984375
9966,4.926671981811523,7.3984375
9967,4.925030708312988,7.3984375
9968,4.925079345703125,7.3984375
9969,4.925069808959961,7.3984375
9970,4.925004959106445,7.3984375
9971,4.924846649169922,7.3984375
9972,4.924900054931641,7.3984375
9973,4.924802780151367,7.3984375
9974,4.924761772155762,7.3984375
9975,4.924786567687988,7.3984375
9976,4.924785614013672,7.3984375
9977,4.924596786499023,7.3984375
9978,4.92447566986084,7.3984375
9979,4.92445182800293,7.3984375
9980,4.924455642700195,7.3984375
9981,4.926047325134277,7.3984375
9982,4.928154945373535,7.3984375
9983,4.92619514465332,7.3984375
9984,4.924944877624512,7.3984375
9985,4.9249067306518555,7.3984375
9986,4.924903869628906,7.3984375
9987,4.92491340637207,7.3984375
9988,4.925075531005859,7.3984375
9989,4.925073623657227,7.3984375
9990,4.924960136413574,7.3984375
9991,4.924960136413574,7.3984375
9992,4.925382614135742,7.3984375
9993,4.925305366516113,7.3984375
9994,4.925889015197754,7.3984375
9995,5.627403259277344,7.3984375
9996,5.295785903930664,7.3984375
9997,5.03199577331543,7.3984375
9998,4.940389633178711,7.3984375
9999,4.929877281188965,7.3984375
10000,4.924945831298828,7.3984375
10001,4.9249372482299805,7.3984375
10002,4.924943923950195,7.3984375
10003,4.924962043762207,7.3984375
10004,4.927066802978516,7.3984375
10005,4.928857803344727,7.3984375
10006,4.936807632446289,7.3984375
10007,4.970484733581543,7.3984375
10008,5.094121932983398,7.3984375
10009,5.356348991394043,7.3984375
10010,5.868779182434082,7.3984375
10011,6.431857109069824,7.3984375
10012,6.494157791137695,7.3984375
10013,6.482874870300293,7.3984375
10014,6.478837013244629,7.3984375
10015,6.463266372680664,7.3984375
10016,6.4600725173950195,7.3984375
10017,6.460990905761719,7.3984375
10018,6.462698936462402,7.3984375
10019,6.472826957702637,7.3984375
10020,6.470154762268066,7.3984375
10021,6.469331741333008,7.3984375
10022,6.4649152755737305,7.3984375
10023,6.461627960205078,7.3984375
10024,6.4586992263793945,7.3984375
10025,6.458475112915039,7.3984375
10026,6.458711624145508,7.3984375
10027,6.459977149963379,7.3984375
10028,6.461052894592285,7.3984375
10029,6.461077690124512,7.3984375
10030,6.468276023864746,7.816796875
10031,6.465207099914551,7.9515625
10032,6.464625358581543,7.952734375
10033,6.465005874633789,7.970312499999999
10034,6.464058876037598,8.162500000000001
10035,6.462794303894043,8.162500000000001
10036,6.462985992431641,8.162500000000001
10037,6.463207244873047,8.162500000000001
10038,6.464618682861328,8.162500000000001
10039,6.46462345123291,8.162500000000001
10040,6.471987724304199,8.162500000000001
10041,6.471620559692383,8.162500000000001
10042,6.470391273498535,8.162500000000001
10043,6.464755058288574,8.162500000000001
10044,6.461111068725586,8.162500000000001
10045,6.458785057067871,8.162500000000001
10046,6.458733558654785,8.162500000000001
10047,6.461167335510254,8.162500000000001
10048,6.461729049682617,8.162500000000001
10049,6.463283538818359,8.162500000000001
10050,6.463370323181152,8.162500000000001
10051,6.463473320007324,8.162500000000001
10052,6.463605880737305,8.162500000000001
10053,6.463492393493652,8.162500000000001
10054,6.46405029296875,8.162500000000001
10055,6.464044570922852,8.162500000000001
10056,6.4640092849731445,8.162500000000001
10057,6.46408748626709,8.162500000000001
10058,6.464035987854004,8.162500000000001
10059,6.462276458740234,8.162500000000001
10060,6.465827941894531,8.162500000000001
10061,6.465575218200684,8.162500000000001
10062,6.465612411499023,8.162500000000001
10063,6.462497711181641,8.162500000000001
10064,6.4631853103637695,8.162500000000001
10065,6.462451934814453,8.162500000000001
10066,6.433249473571777,8.162500000000001
10067,6.43222713470459,8.162500000000001
10068,6.431279182434082,8.162500000000001
10069,6.431221008300781,8.162500000000001
10070,6.43107795715332,8.162500000000001
10071,6.43096923828125,8.162500000000001
10072,6.431074142456055,8.162500000000001
10073,6.443326950073242,8.162500000000001
10074,6.458606719970703,8.162500000000001
10075,6.456171989440918,8.162500000000001
10076,6.45721435546875,8.162500000000001
10077,6.467008590698242,8.162500000000001
10078,6.467479705810547,8.162500000000001
10079,6.469099044799805,8.162500000000001
10080,6.466087341308594,8.162500000000001
10081,6.462827682495117,8.162500000000001
10082,6.467903137207031,8.162500000000001
10083,6.4667158126831055,8.162500000000001
10084,6.4662017822265625,8.162500000000001
10085,6.46584415435791,8.162500000000001
10086,6.46571159362793,8.162500000000001
10087,6.464200019836426,8.162500000000001
10088,6.463086128234863,8.162500000000001
10089,6.464517593383789,8.162500000000001
10090,6.463208198547363,8.162500000000001
10091,6.463910102844238,8.162500000000001
10092,6.460301399230957,8.162500000000001
10093,6.462952613830566,8.162500000000001
10094,6.465629577636719,8.162500000000001
10095,6.463863372802734,8.162500000000001
10096,6.463192939758301,8.162500000000001
10097,6.462075233459473,8.162500000000001
10098,6.461512565612793,8.162500000000001
10099,6.45542049407959,8.162500000000001
10100,6.449535369873047,8.162500000000001
10101,6.458746910095215,8.162500000000001
10102,6.4613142013549805,8.162500000000001
10103,6.461124420166016,8.162500000000001
10104,6.461008071899414,8.162500000000001
10105,6.459578514099121,8.162500000000001
10106,6.458965301513672,8.162500000000001
10107,6.461641311645508,8.162500000000001
10108,6.464042663574219,8.162500000000001
10109,6.461203575134277,8.162500000000001
10110,6.461260795593262,8.162500000000001
10111,6.462169647216797,8.162500000000001
10112,6.462939262390137,8.162500000000001
10113,6.462924003601074,8.162500000000001
10114,6.463940620422363,8.162500000000001
10115,6.469033241271973,8.63359375
10116,6.4691057205200195,8.7203125
10117,6.464550971984863,9.0296875
10118,6.453799247741699,9.0296875
10119,6.454019546508789,9.0296875
10120,6.457490921020508,9.0296875
10121,6.463613510131836,9.0296875
10122,6.463191986083984,9.0296875
10123,6.46059513092041,9.0296875
10124,6.465389251708984,9.0296875
10125,6.467836380004883,9.0296875
10126,6.4683122634887695,9.0296875
10127,6.462928771972656,9.998828125
10128,6.466921806335449,10.0
10129,6.471253395080566,10.0
10130,6.468811988830566,10.0
10131,6.463242530822754,10.0
10132,6.463336944580078,10.0
10133,6.463693618774414,10.0
10134,6.463248252868652,10.0
10135,6.463021278381348,10.0
10136,6.463410377502441,10.0
10137,6.462838172912598,10.0
10138,6.462856292724609,10.0
10139,6.462131500244141,10.0
10140,6.4620256423950195,10.0
10141,6.461462020874023,10.0
10142,6.461872100830078,10.0
10143,6.462124824523926,10.0
10144,6.462305068969727,10.0
10145,6.462029457092285,10.0
10146,6.462002754211426,10.0
10147,6.462252616882324,10.0
10148,6.462597846984863,10.0
10149,6.4625139236450195,10.0
10150,6.460084915161133,10.0
10151,6.465910911560059,10.0
10152,6.465912818908691,10.0
10153,6.465095520019531,10.0
10154,6.465798377990723,10.0
10155,6.461002349853516,10.0
10156,6.463343620300293,10.0
10157,6.463579177856445,10.0
10158,6.4631805419921875,10.0
10159,6.46403694152832,10.0
10160,6.462175369262695,10.0
10161,6.474361419677734,10.0
10162,6.474658012390137,10.0
10163,6.484694480895996,10.0
10164,6.484408378601074,10.0
10165,6.48423957824707,10.0
10166,6.483777046203613,10.0
10167,6.487421989440918,10.0
10168,6.489191055297852,10.0
10169,6.49111270904541,10.0
10170,6.4910125732421875,10.0
10171,6.488999366760254,10.0
10172,6.485503196716309,10.0
10173,6.473649024963379,10.0
10174,6.4540605545043945,10.0
10175,6.415755271911621,10.0
10176,6.414797782897949,10.0
10177,6.419093132019043,10.0
10178,6.424574851989746,10.0
10179,6.433773994445801,10.0
10180,6.463150978088379,10.0
10181,6.489278793334961,10.0
10182,6.491294860839844,10.0
10183,6.492090225219727,10.0
10184,6.440652847290039,10.0
10185,6.435637474060059,10.0
10186,6.42901611328125,10.0
10187,6.427430152893066,10.0
10188,6.444551467895508,10.0
10189,6.431414604187012,10.0
10190,6.4314470291137695,10.0
10191,6.432589530944824,10.0
10192,6.4382429122924805,10.0
10193,6.417698860168457,10.0
10194,6.354528427124023,10.0
10195,6.346210479736328,10.0
10196,6.428410530090332,10.0
10197,6.428658485412598,10.0
10198,6.411341667175293,10.0
10199,6.380621910095215,8.0078125
10200,6.369284629821777,7.209765625
10201,6.288135528564453,6.1703125
10202,6.255274772644043,6.1703125
10203,6.278185844421387,6.175
10204,6.388632774353027,6.1796875
10205,6.413846969604492,6.1796875
10206,6.4183549880981445,6.1796875
10207,6.419133186340332,6.1796875
10208,6.426093101501465,6.1796875
10209,6.42008113861084,6.1796875
10210,6.394288063049316,6.1796875
10211,6.397856712341309,6.1796875
10212,6.398012161254883,6.1796875
10213,6.410907745361328,6.1796875
10214,6.416477203369141,6.1796875
10215,6.417722702026367,6.1796875
10216,6.415275573730469,6.1796875
10217,6.411369323730469,6.1796875
10218,6.410915374755859,6.1796875
10219,6.408932685852051,6.1796875
10220,6.4100751876831055,6.1796875
10221,6.41295051574707,6.1796875
10222,6.415520668029785,6.1796875
10223,6.418514251708984,6.1796875
10224,6.418882369995117,6.025
10225,6.419041633605957,5.715625
10226,6.4185791015625,5.39453125
10227,6.416775703430176,4.8953125
10228,6.404356956481934,4.834375
10229,6.395357131958008,4.834375
10230,6.396878242492676,4.834375
10231,6.409566879272461,4.834375
10232,6.410439491271973,4.834375
10233,6.413083076477051,4.834375
10234,6.4033355712890625,4.834375
10235,6.398568153381348,4.834375
10236,6.398442268371582,4.834375
10237,6.399420738220215,4.834375
10238,6.4053449630737305,4.834375
10239,6.406262397766113,4.834375
10240,6.410762786865234,4.834375
10241,6.411379814147949,4.834375
10242,6.41434383392334,4.834375
10243,6.416520118713379,4.834375
10244,6.4131622314453125,4.834375
10245,6.4023895263671875,4.834375
10246,6.401871681213379,4.834375
10247,6.40534782409668,4.834375
10248,6.399698257446289,4.834375
10249,6.396981239318848,4.834375
10250,6.401646614074707,4.834375
10251,6.401754379272461,4.834375
10252,6.401453971862793,4.834375
10253,6.405352592468262,4.834375
10254,6.412957191467285,4.834375
10255,6.414482116699219,4.834375
10256,6.3905229568481445,4.834375
10257,6.3797101974487305,4.834375
10258,6.381533622741699,4.834375
10259,6.395242691040039,4.834375
10260,6.39399528503418,4.834375
10261,6.398209571838379,4.834375
10262,6.406105995178223,4.834375
10263,6.415417671203613,4.834375
10264,6.382355690002441,4.834375
10265,6.38056755065918,4.834375
10266,6.379150390625,4.834375
10267,6.380565643310547,4.834375
10268,6.3825883865356445,4.834375
10269,6.386460304260254,4.834375
10270,6.387469291687012,4.834375
10271,6.387476921081543,4.834375
10272,6.386872291564941,4.834375
10273,6.386558532714844,4.834375
10274,6.388016700744629,4.834375
10275,6.393105506896973,4.4593750000000005
10276,6.414214134216309,3.9953125
10277,6.404157638549805,3.9953125
10278,6.383054733276367,3.9953125
10279,6.384783744812012,3.9953125
10280,6.387520790100098,3.9953125
10281,6.393825531005859,3.9953125
10282,6.393986701965332,3.9953125
10283,6.397721290588379,3.9953125
10284,6.409690856933594,3.9953125
10285,6.414453506469727,3.9953125
10286,6.402021408081055,3.9953125
10287,6.381117820739746,3.9953125
10288,6.386159896850586,3.9953125
10289,6.386238098144531,3.9953125
10290,6.389452934265137,3.9953125
10291,6.390501022338867,3.9953125
10292,6.413433074951172,3.9953125
10293,6.413871765136719,3.9953125
10294,6.396446228027344,3.9953125
10295,6.377015113830566,3.9953125
10296,6.391595840454102,3.9953125
10297,6.392446517944336,3.9953125
10298,6.394869804382324,3.9953125
10299,6.381106376647949,3.9953125
10300,6.381075859069824,3.9953125
10301,6.381183624267578,3.9953125
10302,6.380736351013184,3.9953125
10303,6.402358055114746,3.9953125
10304,6.408832550048828,3.9953125
10305,6.415306091308594,3.9953125
10306,6.414994239807129,3.9953125
10307,6.4134016036987305,3.9953125
10308,6.407754898071289,3.9953125
10309,6.402923583984375,3.9953125
10310,6.399799346923828,3.9953125
10311,6.392122268676758,3.9953125
10312,6.3770551681518555,3.9953125
10313,6.377264976501465,3.9953125
10314,6.377337455749512,3.9953125
10315,6.376869201660156,3.9953125
10316,6.376654624938965,3.9953125
10317,6.3773651123046875,3.9953125
10318,6.380385398864746,3.9953125
10319,6.382137298583984,3.9953125
10320,6.386317253112793,3.9953125
10321,6.387801170349121,3.9953125
10322,6.388095855712891,3.9953125
10323,6.390027046203613,3.9953125
10324,6.391308784484863,3.9953125
10325,6.415628433227539,3.9953125
10326,6.392179489135742,3.9953125
10327,6.380620002746582,3.9953125
10328,6.381768226623535,3.9953125
10329,6.385662078857422,3.9953125
10330,6.413225173950195,3.9953125
10331,6.404819488525391,3.9953125
10332,6.402462005615234,3.9953125
10333,6.394783020019531,3.9953125
10334,6.391818046569824,3.9953125
10335,6.36478328704834,3.9953125
10336,6.368310928344727,3.9953125
10337,6.3740997314453125,3.9953125
10338,6.385368347167969,3.9953125
10339,6.386564254760742,3.9953125
10340,6.384324073791504,3.9953125
10341,6.3848676681518555,3.9953125
10342,6.384799003601074,3.9953125
10343,6.399442672729492,3.9953125
10344,6.398055076599121,3.9953125
10345,6.39653205871582,3.9953125
10346,6.392046928405762,3.9953125
10347,6.387706756591797,3.9953125
10348,6.386178970336914,3.9953125
10349,6.386080741882324,3.9953125
10350,6.391044616699219,3.9953125
10351,6.386871337890625,3.9953125
10352,6.3977766036987305,3.9953125
10353,6.402438163757324,3.9953125
10354,6.40378475189209,3.9953125
10355,6.3951568603515625,3.9953125
10356,6.396303176879883,3.9953125
10357,6.396354675292969,3.9953125
10358,6.408596992492676,3.9953125
10359,6.394861221313477,3.9953125
10360,6.3905534744262695,3.9953125
10361,6.393187522888184,3.9953125
10362,6.402505874633789,3.9953125
10363,6.411945343017578,3.9953125
10364,6.4102067947387695,3.9953125
10365,6.389850616455078,3.9953125
10366,6.41501522064209,3.9953125
10367,6.414778709411621,3.9953125
10368,6.411397933959961,3.9953125
10369,6.401918411254883,3.9953125
10370,6.396193504333496,3.9953125
10371,6.369150161743164,3.9953125
10372,6.3817548751831055,3.9953125
10373,6.381709098815918,3.9953125
10374,6.382081031799316,3.9953125
10375,6.383491516113281,3.9953125
10376,6.385629653930664,3.9953125
10377,6.390283584594727,3.9953125
10378,6.386147499084473,3.9953125
10379,6.385359764099121,3.9953125
10380,6.389137268066406,3.9953125
10381,6.390247344970703,3.9953125
10382,6.390353202819824,3.9953125
10383,6.4145307540893555,3.9953125
10384,6.412017822265625,3.9953125
10385,6.388151168823242,3.9953125
10386,6.385761260986328,3.9953125
10387,6.376495361328125,3.9953125
10388,6.375739097595215,3.9953125
10389,6.373034477233887,3.9953125
10390,6.370624542236328,3.9953125
10391,6.384739875793457,3.9953125
10392,6.385080337524414,3.9953125
10393,6.385660171508789,3.9953125
10394,6.386512756347656,3.9953125
10395,6.385729789733887,3.9953125
10396,6.385725975036621,3.9953125
10397,6.397523880004883,4.1078125
10398,6.391797065734863,4.1078125
10399,6.3911027908325195,4.1078125
10400,6.389945983886719,4.1078125
10401,6.3876953125,4.1078125
10402,6.403016090393066,4.1078125
10403,6.414350509643555,2.903125
10404,6.412322044372559,2.903125
10405,6.409538269042969,2.80234375
10406,6.410243034362793,2.5609375
10407,6.402157783508301,2.5609375
10408,6.39774227142334,2.5609375
10409,6.397090911865234,2.8375
10410,6.3951263427734375,2.8375
10411,6.396662712097168,2.8375
10412,6.39512825012207,2.8375
10413,6.392300605773926,2.8375
10414,6.388535499572754,2.8375
10415,6.386324882507324,2.8375
10416,6.387633323669434,2.8375
10417,6.390039443969727,2.8375
10418,6.3974714279174805,2.8375
10419,6.398858070373535,2.8375
10420,6.396219253540039,2.8375
10421,6.392064094543457,2.8375
10422,6.389198303222656,2.8375
10423,6.389035224914551,2.8375
10424,6.385065078735352,2.8375
10425,6.415761947631836,2.8375
10426,6.415719032287598,2.8375
10427,6.403171539306641,2.8375
10428,6.402490615844727,2.8375
10429,6.393160820007324,2.8375
10430,6.391183853149414,2.8375
10431,6.384965896606445,2.8375
10432,6.384273529052734,2.8375
10433,6.386744499206543,2.8375
10434,6.38686466217041,2.8375
10435,6.384222030639648,2.8375
10436,6.3841142654418945,2.8375
10437,6.386558532714844,2.8375
10438,6.396482467651367,2.8375
10439,6.41356086730957,2.8375
10440,6.408625602722168,2.8375
10441,6.40781307220459,2.8375
10442,6.380387306213379,2.8375
10443,6.380735397338867,2.8375
10444,6.381847381591797,2.8375
10445,6.384463310241699,2.8375
10446,6.394443511962891,2.8375
10447,6.396426200866699,2.8375
10448,6.396418571472168,2.8375
10449,6.396807670593262,2.8375
10450,6.396223068237305,2.8375
10451,6.397586822509766,2.8375
10452,6.414669036865234,2.8375
10453,6.387221336364746,2.8375
10454,6.372097969055176,2.8375
10455,6.375188827514648,2.8375
10456,6.3799943923950195,2.8375
10457,6.380825042724609,2.8375
10458,6.38200569152832,2.8375
10459,6.386326789855957,2.8375
10460,6.39207649230957,2.8375
10461,6.392294883728027,2.8375
10462,6.39176082611084,2.8375
10463,6.391963958740234,2.8375
10464,6.395374298095703,2.8375
10465,6.39619255065918,2.8375
10466,6.409628868103027,2.8375
10467,6.410470962524414,2.8375
10468,6.4143476486206055,2.8375
10469,6.412240982055664,2.8375
10470,6.409322738647461,2.8375
10471,6.405732154846191,2.8375
10472,6.399349212646484,2.8375
10473,6.381688117980957,2.8375
10474,6.3809614181518555,2.8375
10475,6.381748199462891,2.8375
10476,6.38690185546875,2.8375
10477,6.388762474060059,2.8375
10478,6.389176368713379,2.8375
10479,6.413280487060547,2.8375
10480,6.410723686218262,2.8375
10481,6.408757209777832,2.8375
10482,6.4000701904296875,2.8375
10483,6.383981704711914,2.8375
10484,6.380861282348633,2.8375
10485,6.381263732910156,2.8375
10486,6.392153739929199,2.8375
10487,6.4114227294921875,2.8375
10488,6.413582801818848,2.8375
10489,6.410473823547363,2.8375
10490,6.40172004699707,2.8375
10491,6.380409240722656,2.8375
10492,6.374887466430664,2.8375
10493,6.3780517578125,2.8375
10494,6.378438949584961,2.8375
10495,6.386837005615234,2.8375
10496,6.393917083740234,2.8375
10497,6.393739700317383,2.8375
10498,6.39372444152832,2.8375
10499,6.393179893493652,2.8375
10500,6.393028259277344,2.8375
10501,6.401462554931641,2.8375
10502,6.402736663818359,2.8375
10503,6.404177665710449,2.8375
10504,6.4102582931518555,2.8375
10505,6.411775588989258,2.8375
10506,6.412827491760254,2.8375
10507,6.407959938049316,2.8375
10508,6.406991004943848,2.8375
10509,6.405020713806152,2.8375
10510,6.399828910827637,2.8375
10511,6.390840530395508,2.8375
10512,6.384772300720215,2.8375
10513,6.382074356079102,2.8375
10514,6.38814640045166,2.8375
10515,6.391753196716309,2.8375
10516,6.412572860717773,2.8375
10517,6.411404609680176,2.8375
10518,6.396961212158203,2.8375
10519,6.374787330627441,2.8375
10520,6.375255584716797,2.8375
10521,6.3864946365356445,2.8375
10522,6.3850860595703125,2.8375
10523,6.385414123535156,2.8375
10524,6.391157150268555,2.8375
10525,6.390407562255859,2.8375
10526,6.390809059143066,2.8375
10527,6.396364212036133,2.8375
10528,6.417901039123535,2.8375
10529,6.420131683349609,2.8375
10530,6.4202775955200195,2.8375
10531,6.418911933898926,2.8375
10532,6.405494689941406,2.8375
10533,6.363389015197754,2.8375
10534,6.1884050369262695,2.8375
10535,6.145864486694336,2.8375
10536,6.180380821228027,2.8375
10537,6.190732002258301,2.8375
10538,6.385666847229004,2.8375
10539,6.394394874572754,2.8375
10540,6.416143417358398,2.8375
10541,6.414619445800781,2.8375
10542,6.413969993591309,2.8375
10543,6.413644790649414,2.8375
10544,6.375158309936523,2.8375
10545,6.366599082946777,2.8375
10546,6.361015319824219,2.8375
10547,6.343426704406738,2.8375
10548,6.344181060791016,2.8375
10549,6.359147071838379,2.8375
10550,6.369030952453613,2.8375
10551,6.369519233703613,2.8375
10552,6.383106231689453,2.8375
10553,6.394380569458008,2.8375
10554,6.410816192626953,2.8375
10555,6.3759918212890625,2.8375
10556,6.377104759216309,2.8375
10557,6.379652976989746,2.8375
10558,6.402092933654785,2.8375
10559,6.394347190856934,2.8375
10560,6.379864692687988,2.8375
10561,6.38062858581543,2.8375
10562,6.401765823364258,2.8375
10563,6.414307594299316,2.8375
10564,6.414306640625,2.8375
10565,6.414362907409668,2.8375
10566,6.37303352355957,2.8375
10567,6.363697052001953,2.8375
10568,6.357545852661133,2.8375
10569,6.353766441345215,2.8375
10570,6.368503570556641,2.8375
10571,6.369211196899414,2.8375
10572,6.369140625,2.8375
10573,6.372565269470215,2.8375
10574,6.373856544494629,2.8375
10575,6.375234603881836,2.8375
10576,6.374855041503906,2.8375
10577,6.371864318847656,2.8375
10578,6.374855041503906,2.8375
10579,6.377466201782227,2.8375
10580,6.378543853759766,2.8375
10581,6.404271125793457,3.0015625000000004
10582,6.40966796875,3.0296875
10583,6.410826683044434,3.0296875
10584,6.409824371337891,3.0296875
10585,6.379781723022461,3.165625
10586,6.372830390930176,3.165625
10587,6.380337715148926,4.01171875
10588,6.38294792175293,4.135937500000001
10589,6.384130477905273,4.135937500000001
10590,6.384731292724609,4.135937500000001
10591,6.40519905090332,4.135937500000001
10592,6.401165962219238,4.135937500000001
10593,6.381987571716309,4.135937500000001
10594,6.381905555725098,4.135937500000001
10595,6.402276992797852,4.135937500000001
10596,6.4151763916015625,4.135937500000001
10597,6.396023750305176,4.135937500000001
10598,6.387402534484863,4.135937500000001
10599,6.381289482116699,4.135937500000001
10600,6.385639190673828,4.135937500000001
10601,6.399487495422363,4.135937500000001
10602,6.409790992736816,4.135937500000001
10603,6.416171073913574,4.135937500000001
10604,6.414843559265137,4.135937500000001
10605,6.414421081542969,4.135937500000001
10606,6.366151809692383,4.135937500000001
10607,6.415650367736816,4.135937500000001
10608,6.409610748291016,4.135937500000001
10609,6.405688285827637,4.135937500000001
10610,6.405488967895508,4.135937500000001
10611,6.406499862670898,4.135937500000001
10612,6.4069061279296875,4.135937500000001
10613,6.407631874084473,4.135937500000001
10614,6.407822608947754,4.135937500000001
10615,6.408809661865234,4.135937500000001
10616,6.412079811096191,4.135937500000001
10617,6.412109375,4.135937500000001
10618,6.412029266357422,4.135937500000001
10619,6.412111282348633,4.135937500000001
10620,6.410901069641113,4.135937500000001
10621,6.410643577575684,4.135937500000001
10622,6.410146713256836,4.135937500000001
10623,6.410078048706055,4.135937500000001
10624,6.411888122558594,4.135937500000001
10625,6.414529800415039,4.135937500000001
10626,6.41632080078125,4.135937500000001
10627,6.415683746337891,4.135937500000001
10628,6.414626121520996,4.135937500000001
10629,6.408946990966797,4.135937500000001
10630,6.407975196838379,4.135937500000001
10631,6.346644401550293,4.135937500000001
10632,6.321490287780762,4.135937500000001
10633,6.223468780517578,4.135937500000001
10634,5.957100868225098,4.135937500000001
10635,5.917856216430664,4.135937500000001
10636,6.153189659118652,4.135937500000001
10637,6.218804359436035,4.135937500000001
10638,6.294886589050293,4.135937500000001
10639,6.323968887329102,4.135937500000001
10640,6.320798873901367,4.135937500000001
10641,6.324041366577148,4.135937500000001
10642,6.364313125610352,4.135937500000001
10643,6.413537979125977,4.135937500000001
10644,6.413058280944824,4.135937500000001
10645,6.401817321777344,4.135937500000001
10646,6.337558746337891,4.135937500000001
10647,6.330739974975586,4.135937500000001
10648,6.34172248840332,4.135937500000001
10649,6.326438903808594,4.135937500000001
10650,6.331330299377441,4.135937500000001
10651,6.336271286010742,4.135937500000001
10652,6.345525741577148,4.135937500000001
10653,6.280182838439941,4.135937500000001
10654,6.354463577270508,4.135937500000001
10655,6.392878532409668,4.135937500000001
10656,6.383759498596191,4.135937500000001
10657,6.325350761413574,4.135937500000001
10658,6.240760803222656,4.135937500000001
10659,6.192961692810059,4.135937500000001
10660,6.116754531860352,4.135937500000001
10661,6.104437828063965,4.135937500000001
10662,6.317261695861816,4.135937500000001
10663,6.136609077453613,4.135937500000001
10664,6.397607803344727,4.135937500000001
10665,6.406668663024902,4.135937500000001
10666,6.407448768615723,4.135937500000001
10667,6.378070831298828,4.135937500000001
10668,6.3867340087890625,4.135937500000001
10669,6.389788627624512,4.135937500000001
10670,6.398423194885254,4.135937500000001
10671,6.408805847167969,4.135937500000001
10672,6.39982795715332,4.135937500000001
10673,6.410923004150391,4.135937500000001
10674,6.413204193115234,4.135937500000001
10675,6.413352012634277,4.135937500000001
10676,6.414567947387695,4.135937500000001
10677,6.414517402648926,4.135937500000001
10678,6.414577484130859,4.135937500000001
10679,6.414649963378906,4.135937500000001
10680,6.414582252502441,4.135937500000001
10681,6.4079790115356445,4.135937500000001
10682,6.406284332275391,4.135937500000001
10683,6.400445938110352,4.135937500000001
10684,6.385075569152832,4.135937500000001
10685,6.375727653503418,4.135937500000001
10686,6.3738603591918945,4.135937500000001
10687,6.376498222351074,4.135937500000001
10688,6.369706153869629,4.135937500000001
10689,6.361658096313477,4.135937500000001
10690,6.370715141296387,4.135937500000001
10691,6.370367050170898,4.135937500000001
10692,6.374030113220215,4.135937500000001
10693,6.379707336425781,4.135937500000001
10694,6.381304740905762,4.135937500000001
10695,6.409059524536133,4.135937500000001
10696,6.378958702087402,4.135937500000001
10697,6.375292778015137,4.135937500000001
10698,6.380143165588379,4.135937500000001
10699,6.381413459777832,4.135937500000001
10700,6.39362907409668,4.135937500000001
10701,6.415495872497559,4.135937500000001
10702,6.415449142456055,4.135937500000001
10703,6.415286064147949,4.135937500000001
10704,6.415321350097656,4.135937500000001
10705,6.415321350097656,4.135937500000001
10706,6.415321350097656,4.135937500000001
10707,6.415449142456055,4.135937500000001
10708,6.415497779846191,4.135937500000001
10709,6.414680480957031,4.93984375
10710,6.4072723388671875,6.500781249999999
10711,6.405168533325195,6.5125
10712,6.401731491088867,6.5125
10713,6.397276878356934,6.654296875
10714,6.392158508300781,6.7234375
10715,6.389761924743652,6.729296875
10716,6.385002136230469,6.7796875000000005
10717,6.381104469299316,6.495625000000001
10718,6.381270408630371,6.49375
10719,6.368431091308594,6.49375
10720,6.353145599365234,6.49375
10721,6.340091705322266,6.49375
10722,6.350165367126465,6.49375
10723,6.3550920486450195,6.49375
10724,6.347039222717285,6.49375
10725,6.348919868469238,6.493750000000001
10726,6.349489212036133,6.49375
10727,6.275368690490723,6.49375
10728,6.2752485275268555,6.49375
10729,6.240078926086426,6.49375
10730,6.204967498779297,6.49375
10731,6.253731727600098,6.49375
10732,6.288809776306152,6.49375
10733,6.302203178405762,6.49375
10734,6.310276985168457,6.49375
10735,6.334307670593262,6.49375
10736,6.3378190994262695,6.49375
10737,6.356686592102051,6.49375
10738,6.350235939025879,6.49375
10739,6.36500358581543,6.49375
10740,6.376112937927246,6.49375
10741,6.376082420349121,6.49375
10742,6.379114151000977,6.49375
10743,6.380649566650391,6.49375
10744,6.386212348937988,6.49375
10745,6.386381149291992,6.49375
10746,6.386205673217773,6.49375
10747,6.388123512268066,6.49375
10748,6.3829803466796875,6.49375
10749,6.397749900817871,6.49375
10750,6.395968437194824,6.49375
10751,6.396455764770508,6.49375
10752,6.3964338302612305,6.49375
10753,6.394277572631836,6.49375
10754,6.397312164306641,6.49375
10755,6.397994041442871,6.49375
10756,6.399960517883301,6.49375
10757,6.400345802307129,6.493750000000001
10758,6.394115447998047,6.49375
10759,6.389798164367676,6.49375
10760,6.391107559204102,6.49375
10761,6.399686813354492,6.49375
10762,6.396846771240234,6.49375
10763,6.383007049560547,6.49375
10764,6.3666486740112305,6.49375
10765,6.313445091247559,6.49375
10766,6.296504020690918,6.49375
10767,6.341196060180664,6.49375
10768,6.347417831420898,6.49375
10769,6.345486640930176,6.49375
10770,6.350150108337402,6.49375
10771,6.338767051696777,6.49375
10772,6.344789505004883,6.49375
10773,6.345870018005371,6.49375
10774,6.35157585144043,6.49375
10775,6.353338241577148,6.49375
10776,6.352916717529297,6.49375
10777,6.3548784255981445,6.49375
10778,6.358302116394043,6.49375
10779,6.359871864318848,6.49375
10780,6.363405227661133,6.49375
10781,6.383031845092773,6.49375
10782,6.369828224182129,6.49375
10783,6.34000301361084,6.49375
10784,6.351296424865723,6.49375
10785,6.352821350097656,6.49375
10786,6.355328559875488,6.49375
10787,6.402402877807617,6.49375
10788,6.411567687988281,6.49375
10789,6.411044120788574,6.49375
10790,6.344011306762695,6.49375
10791,6.314289093017578,6.49375
10792,6.322007179260254,6.49375
10793,6.325559616088867,6.49375
10794,6.3279218673706055,6.49375
10795,6.3307294845581055,6.49375
10796,6.374841690063477,6.49375
10797,6.414285659790039,6.49375
10798,6.413801193237305,6.49375
10799,6.413182258605957,6.49375
10800,6.406655311584473,6.49375
10801,6.39923095703125,6.49375
10802,6.370260238647461,6.49375
10803,6.324379920959473,6.49375
10804,6.2960309982299805,6.49375
10805,6.383362770080566,6.49375
10806,6.410819053649902,6.49375
10807,6.410991668701172,6.49375
10808,6.40388298034668,6.49375
10809,6.3997955322265625,6.49375
10810,6.402985572814941,6.49375
10811,6.403667449951172,6.49375
10812,6.406790733337402,6.49375
10813,6.400871276855469,6.49375
10814,6.398097038269043,6.49375
10815,6.396154403686523,6.49375
10816,6.398987770080566,6.49375
10817,6.402164459228516,6.49375
10818,6.402011871337891,6.49375
10819,6.40034294128418,6.49375
10820,6.413545608520508,6.49375
10821,6.415483474731445,6.49375
10822,6.414661407470703,6.49375
10823,6.413556098937988,6.49375
10824,6.413537979125977,6.49375
10825,6.413294792175293,6.49375
10826,6.406983375549316,6.49375
10827,6.400622367858887,6.49375
10828,6.399348258972168,6.49375
10829,6.393265724182129,6.49375
10830,6.391445159912109,6.49375
10831,6.39213752746582,6.49375
10832,6.4038801193237305,6.49375
10833,6.414374351501465,4.86015625
10834,6.4154863357543945,3.953125
10835,6.415637969970703,3.953125
10836,6.415635108947754,3.953125
10837,6.415637016296387,3.953125
10838,6.414364814758301,3.953125
10839,6.39933967590332,3.953125
10840,6.41323184967041,3.953125
10841,6.414324760437012,3.953125
10842,6.4145002365112305,3.953125
10843,6.415041923522949,3.953125
10844,6.408182144165039,3.953125
10845,6.327274322509766,3.953125
10846,6.303837776184082,3.953125
10847,6.05169677734375,3.953125
10848,6.04390811920166,3.953125
10849,6.0658721923828125,3.953125
10850,6.328433990478516,3.953125
10851,6.322166442871094,3.953125
10852,6.3034467697143555,3.953125
10853,6.346867561340332,3.953125
10854,6.333504676818848,3.953125
10855,6.332179069519043,3.953125
10856,6.332003593444824,3.953125
10857,6.379860877990723,3.953125
10858,6.384617805480957,3.953125
10859,6.3898725509643555,3.953125
10860,6.401675224304199,3.953125
10861,6.414435386657715,3.953125
10862,6.414681434631348,3.953125
10863,6.415299415588379,3.953125
10864,6.415276527404785,3.953125
10865,6.41444206237793,3.953125
10866,6.3878326416015625,3.953125
10867,6.4078826904296875,3.953125
10868,6.399813652038574,3.953125
10869,6.390872001647949,3.953125
10870,6.327444076538086,3.953125
10871,6.322149276733398,3.953125
10872,6.305784225463867,3.953125
10873,6.285406112670898,3.953125
10874,6.278273582458496,3.953125
10875,6.276965141296387,3.953125
10876,6.2923994064331055,3.953125
10877,6.336983680725098,3.953125
10878,6.414422988891602,3.953125
10879,6.415633201599121,3.953125
10880,6.415700912475586,3.953125
10881,6.415637969970703,3.953125
10882,6.405815124511719,3.953125
10883,6.374880790710449,3.953125
10884,6.351593971252441,3.953125
10885,6.348232269287109,3.953125
10886,6.345450401306152,3.953125
10887,6.326511383056641,3.953125
10888,6.306187629699707,3.953125
10889,6.304492950439453,3.953125
10890,6.318258285522461,3.953125
10891,6.333196640014648,3.953125
10892,6.412850379943848,3.953125
10893,6.412425994873047,3.953125
10894,6.404884338378906,3.953125
10895,6.385191917419434,3.953125
10896,6.383955001831055,3.953125
10897,6.377167701721191,3.953125
10898,6.374756813049316,3.953125
10899,6.352570533752441,3.953125
10900,6.361239433288574,3.94375
10901,6.365349769592285,3.94375
10902,6.368537902832031,3.94375
10903,6.401375770568848,3.94375
10904,6.411749839782715,3.94375
10905,6.41329288482666,3.94375
10906,6.402904510498047,3.94375
10907,6.375284194946289,3.94375
10908,6.373055458068848,3.94375
10909,6.357324600219727,3.94375
10910,6.371711730957031,3.94375
10911,6.376689910888672,3.94375
10912,6.382665634155273,3.94375
10913,6.41323184967041,3.94375
10914,6.412382125854492,3.94375
10915,6.411426544189453,3.94375
10916,6.406719207763672,3.94375
10917,6.4051313400268555,3.94375
10918,6.395564079284668,3.94375
10919,6.395109176635742,3.94375
10920,6.386116981506348,3.94375
10921,6.385714530944824,3.94375
10922,6.391218185424805,3.94375
10923,6.396489143371582,3.94375
10924,6.414472579956055,3.94375
10925,6.4131059646606445,3.94375
10926,6.395266532897949,3.94375
10927,6.367192268371582,3.94375
10928,6.327156066894531,3.94375
10929,6.338411331176758,3.94375
10930,6.348395347595215,3.94375
10931,6.339882850646973,3.94375
10932,6.387815475463867,3.94375
10933,6.393352508544922,3.94375
10934,6.405130386352539,3.94375
10935,6.407757759094238,3.94375
10936,6.408764839172363,3.94375
10937,6.412249565124512,3.94375
10938,6.412293434143066,3.94375
10939,6.407458305358887,3.94375
10940,6.386436462402344,3.94375
10941,6.330068588256836,3.94375
10942,6.297060012817383,3.94375
10943,6.300107955932617,3.94375
10944,6.314549446105957,3.94375
10945,6.318178176879883,3.94375
10946,6.350273132324219,3.94375
10947,6.356388092041016,3.94375
10948,6.373699188232422,3.94375
10949,6.410914421081543,3.94375
10950,6.4054412841796875,3.94375
10951,6.402986526489258,3.94375
10952,6.36103630065918,3.94375
10953,6.255819320678711,3.94375
10954,6.277703285217285,3.94375
10955,6.315230369567871,3.94375
10956,6.3313446044921875,3.94375
10957,6.370673179626465,3.94375
10958,6.376212120056152,3.94375
10959,6.399321556091309,3.94375
10960,6.3245038986206055,3.94375
10961,6.334050178527832,3.94375
10962,6.339669227600098,3.94375
10963,6.395481109619141,3.94375
10964,6.405228614807129,3.94375
10965,6.408923149108887,3.94375
10966,6.404090881347656,3.94375
10967,6.392609596252441,3.94375
10968,6.359127998352051,3.94375
10969,6.354424476623535,3.94375
10970,6.361188888549805,3.94375
10971,6.349211692810059,3.94375
10972,6.347044944763184,3.94375
10973,6.346458435058594,3.94375
10974,6.344944953918457,3.94375
10975,6.3442487716674805,3.94375
10976,6.345084190368652,3.94375
10977,6.349902153015137,3.94375
10978,6.354642868041992,3.94375
10979,6.362959861755371,3.94375
10980,6.368547439575195,3.94375
10981,6.368954658508301,3.94375
10982,6.400385856628418,3.94375
10983,6.404412269592285,3.94375
10984,6.411965370178223,3.94375
10985,6.413931846618652,3.94375
10986,6.4027605056762695,3.94375
10987,6.4023542404174805,3.94375
10988,6.378365516662598,3.94375
10989,6.372454643249512,3.94375
10990,6.371142387390137,3.94375
10991,6.373144149780273,3.94375
10992,6.414801597595215,3.94375
10993,6.412863731384277,3.94375
10994,6.410775184631348,3.94375
10995,6.399575233459473,3.94375
10996,6.382833480834961,3.94375
10997,6.291324615478516,3.94375
10998,6.303437232971191,3.94375
10999,6.383516311645508,3.94375
11000,6.398660659790039,3.94375
11001,6.414210319519043,3.94375
11002,6.339109420776367,3.94375
11003,6.326186180114746,3.94375
11004,6.336239814758301,3.94375
11005,6.334944725036621,3.94375
11006,6.335166931152344,3.94375
11007,6.36186408996582,4.772265625
11008,6.413188934326172,5.721484375
11009,6.414422035217285,5.790625
11010,6.41419792175293,5.845312500000001
11011,6.413570404052734,5.85625
11012,6.41230583190918,5.89375
11013,6.401806831359863,5.903125
11014,6.359079360961914,5.903125
11015,6.348138809204102,5.903125
11016,6.376265525817871,5.903125
11017,6.370954513549805,5.903125
11018,6.383459091186523,5.903125
11019,6.408866882324219,5.903125
11020,6.414508819580078,5.903125
11021,6.415827751159668,5.903125
11022,6.415959358215332,5.903125
11023,6.408868789672852,5.903125
11024,6.402085304260254,5.903125
11025,6.391042709350586,5.903125
11026,6.385800361633301,5.903125
11027,6.372500419616699,5.903125
11028,6.346396446228027,5.903125
11029,6.335487365722656,5.903125
11030,6.3277177810668945,5.903125
11031,6.323676109313965,5.903125
11032,6.375951766967773,5.903125
11033,6.3970136642456055,5.903125
11034,6.408913612365723,5.903125
11035,6.395730018615723,5.903125
11036,6.365257263183594,5.903125
11037,6.339901924133301,5.903125
11038,6.333108901977539,5.903125
11039,6.338701248168945,5.903125
11040,6.367152214050293,5.903125
11041,6.369729995727539,5.903125
11042,6.373427391052246,5.903125
11043,6.3750410079956055,5.903125
11044,6.381547927856445,5.903125
11045,6.413722991943359,5.903125
11046,6.420942306518555,5.903125
11047,6.421787261962891,5.903125
11048,6.419086456298828,5.903125
11049,6.419529914855957,5.903125
11050,6.417869567871094,3.14921875
11051,6.290494918823242,1.0
11052,6.288400650024414,1.0
11053,6.1197509765625,1.0
11054,6.213893890380859,1.0
11055,6.180909156799316,1.0
11056,6.159018516540527,1.0
11057,6.056916236877441,1.0
11058,6.048059463500977,1.0
11059,6.016851425170898,1.0
11060,6.042774200439453,1.0
11061,6.078832626342773,1.0
11062,6.077045440673828,1.0
11063,6.116805076599121,1.0
11064,6.183650016784668,1.0
11065,6.341302871704102,1.0
11066,6.447620391845703,5.926562499999999
11067,6.465561866760254,5.926562499999999
11068,6.500965118408203,5.926562499999999
11069,6.501789093017578,5.926562499999999
11070,6.501955986022949,5.926562499999999
11071,6.502841949462891,5.926562499999999
11072,6.499752998352051,5.926562499999999
11073,6.461469650268555,5.926562499999999
11074,6.359330177307129,5.926562499999999
11075,6.138246536254883,5.926562499999999
11076,5.953376770019531,5.926562499999999
11077,5.889427185058594,5.926562499999999
11078,5.880058288574219,5.926562499999999
11079,5.870916366577148,5.926562499999999
11080,5.866838455200195,5.926562499999999
11081,5.866530418395996,5.926562499999999
11082,5.866347312927246,5.926562499999999
11083,5.865894317626953,5.926562499999999
11084,5.865718841552734,5.926562499999999
11085,5.865686416625977,5.926562499999999
11086,5.865711212158203,5.926562499999999
11087,5.865483283996582,5.926562499999999
11088,5.865160942077637,5.926562499999999
11089,5.865139007568359,5.926562499999999
11090,5.863061904907227,5.926562499999999
11091,5.857906341552734,5.926562499999999
11092,5.858732223510742,5.926562499999999
11093,5.856505393981934,5.926562499999999
11094,5.856410026550293,5.926562499999999
11095,5.85848331451416,5.926562499999999
11096,5.819361686706543,5.926562499999999
11097,5.760232925415039,5.926562499999999
11098,5.630768775939941,5.926562499999999
11099,4.944798469543457,5.926562499999999
11100,4.9289140701293945,5.926562499999999
11101,4.925477981567383,5.926562499999999
11102,4.9245758056640625,5.926562499999999
11103,4.924531936645508,5.926562499999999
11104,4.9245147705078125,5.926562499999999
11105,4.925022125244141,5.926562499999999
11106,4.927050590515137,5.926562499999999
11107,4.927125930786133,5.926562499999999
11108,4.928635597229004,5.926562499999999
11109,4.925981521606445,5.926562499999999
11110,4.924571990966797,5.926562499999999
11111,4.924542427062988,5.926562499999999
11112,4.924546241760254,5.926562499999999
11113,4.924558639526367,5.926562499999999
11114,4.924556732177734,5.926562499999999
11115,4.924565315246582,5.926562499999999
11116,4.924559593200684,5.926562499999999
11117,4.92454719543457,5.926562499999999
11118,4.924568176269531,5.926562499999999
11119,4.92454719543457,5.926562499999999
11120,4.924123764038086,5.926562499999999
11121,4.924117088317871,5.926562499999999
11122,4.9240217208862305,5.926562499999999
11123,4.924520492553711,5.926562499999999
11124,4.924495697021484,5.926562499999999
11125,4.924490928649902,5.926562499999999
11126,4.924515724182129,5.926562499999999
11127,4.924430847167969,5.926562499999999
11128,4.924406051635742,5.926562499999999
11129,4.924404144287109,5.926562499999999
11130,4.924349784851074,5.926562499999999
11131,4.924178123474121,5.926562499999999
11132,4.924187660217285,5.926562499999999
11133,4.924192428588867,5.926562499999999
11134,4.924221992492676,5.926562499999999
11135,4.924213409423828,5.926562499999999
11136,4.92415714263916,5.926562499999999
11137,4.924010276794434,5.926562499999999
11138,4.924263000488281,5.926562499999999
11139,4.924263954162598,5.926562499999999
11140,4.924264907836914,5.926562499999999
11141,4.924343109130859,5.926562499999999
11142,4.924314498901367,5.926562499999999
11143,4.924341201782227,5.926562499999999
11144,4.924346923828125,5.926562499999999
11145,4.924367904663086,5.926562499999999
11146,4.924522399902344,5.926562499999999
11147,4.9245758056640625,5.926562499999999
11148,4.92457389831543,5.926562499999999
11149,4.924592971801758,5.926562499999999
11150,4.924559593200684,5.926562499999999
11151,4.924427032470703,5.926562499999999
11152,4.9244184494018555,5.926562499999999
11153,4.924411773681641,5.926562499999999
11154,4.924426078796387,5.926562499999999
11155,4.924426078796387,5.926562499999999
11156,4.924551010131836,5.926562499999999
11157,4.9245405197143555,5.926562499999999
11158,4.924553871154785,5.926562499999999
11159,4.924543380737305,5.926562499999999
11160,4.929074287414551,5.926562499999999
11161,4.9254350662231445,5.926562499999999
11162,4.925394058227539,5.926562499999999
11163,4.924187660217285,5.926562499999999
11164,4.924191474914551,5.926562499999999
11165,4.924184799194336,5.926562499999999
11166,4.924983978271484,5.926562499999999
11167,4.924996376037598,5.926562499999999
11168,4.924726486206055,5.926562499999999
11169,4.92478084564209,5.926562499999999
11170,4.924854278564453,5.926562499999999
11171,4.924843788146973,5.926562499999999
11172,4.924830436706543,5.926562499999999
11173,4.924924850463867,5.926562499999999
11174,4.926562309265137,5.926562499999999
11175,4.965343475341797,5.926562499999999
11176,4.97609806060791,5.926562499999999
11177,4.9904584884643555,5.926562499999999
11178,4.924873352050781,5.926562499999999
11179,4.924766540527344,5.926562499999999
11180,4.923982620239258,5.926562499999999
11181,4.9239044189453125,5.926562499999999
11182,4.923969268798828,5.926562499999999
11183,4.924010276794434,5.926562499999999
11184,4.9240007400512695,5.926562499999999
11185,4.924671173095703,5.926562499999999
11186,4.924578666687012,5.926562499999999
11187,4.9240875244140625,5.926562499999999
11188,4.924633979797363,5.926562499999999
11189,4.924736022949219,5.926562499999999
11190,4.925193786621094,5.926562499999999
11191,4.92484188079834,5.926562499999999
11192,4.925426483154297,5.926562499999999
11193,4.927003860473633,5.926562499999999
11194,4.92756462097168,5.926562499999999
11195,4.92861270904541,5.926562499999999
11196,4.928483009338379,5.926562499999999
11197,4.924556732177734,5.926562499999999
11198,4.924508094787598,5.926562499999999
11199,4.924529075622559,5.926562499999999
11200,4.924524307250977,5.926562499999999
11201,4.924556732177734,5.926562499999999
11202,4.924490928649902,5.926562499999999
11203,4.924558639526367,5.926562499999999
11204,4.924552917480469,5.926562499999999
11205,4.924502372741699,5.926562499999999
11206,4.924541473388672,5.926562499999999
11207,4.924538612365723,5.926562499999999
11208,4.924679756164551,5.926562499999999
11209,4.924647331237793,5.926562499999999
11210,4.924647331237793,5.926562499999999
11211,4.924674987792969,5.926562499999999
11212,4.924700736999512,5.926562499999999
11213,4.924670219421387,5.926562499999999
11214,4.9246673583984375,5.926562499999999
11215,4.924345016479492,5.926562499999999
11216,4.92439079284668,5.926562499999999
11217,4.924467086791992,5.926562499999999
11218,4.924485206604004,5.926562499999999
11219,4.924507141113281,5.926562499999999
11220,4.924551010131836,5.926562499999999
11221,4.925010681152344,5.926562499999999
11222,4.9245405197143555,5.926562499999999
11223,4.924509048461914,5.926562499999999
11224,4.924485206604004,5.926562499999999
11225,4.924363136291504,5.926562499999999
11226,4.924396514892578,5.926562499999999
11227,4.9243879318237305,5.926562499999999
11228,4.924528121948242,5.926562499999999
11229,4.924488067626953,5.926562499999999
11230,4.924565315246582,5.926562499999999
11231,4.924563407897949,5.926562499999999
11232,4.92457389831543,5.926562499999999
11233,4.924568176269531,5.926562499999999
11234,4.924277305603027,5.926562499999999
11235,4.924111366271973,5.926562499999999
11236,4.924252510070801,5.926562499999999
11237,4.924025535583496,5.926562499999999
11238,4.924368858337402,5.926562499999999
11239,4.9244890213012695,5.926562499999999
11240,4.924508094787598,5.926562499999999
11241,4.924502372741699,5.926562499999999
11242,4.924554824829102,5.926562499999999
11243,4.924491882324219,5.926562499999999
11244,4.928079605102539,5.926562499999999
11245,4.924488067626953,5.926562499999999
11246,4.924572944641113,5.926562499999999
11247,4.924533843994141,5.926562499999999
11248,4.9245147705078125,5.926562499999999
11249,4.924546241760254,5.926562499999999
11250,4.924569129943848,5.926562499999999
11251,4.924578666687012,5.926562499999999
11252,4.924501419067383,5.926562499999999
11253,4.924578666687012,5.926562499999999
11254,4.924564361572266,5.926562499999999
11255,4.924572944641113,5.926562499999999
11256,4.924566268920898,5.926562499999999
11257,4.924516677856445,5.926562499999999
11258,4.924513816833496,5.926562499999999
11259,4.92457389831543,5.926562499999999
11260,4.9245805740356445,5.926562499999999
11261,4.924589157104492,5.926562499999999
11262,4.924578666687012,5.926562499999999
11263,4.924579620361328,5.926562499999999
11264,4.924565315246582,5.926562499999999
11265,4.92457389831543,5.926562499999999
11266,4.924503326416016,5.926562499999999
11267,4.9245710372924805,5.926562499999999
11268,4.924569129943848,5.926562499999999
11269,4.92457389831543,5.926562499999999
11270,4.92458438873291,5.926562499999999
11271,4.92458438873291,5.926562499999999
11272,4.9245758056640625,5.926562499999999
11273,4.924562454223633,5.926562499999999
11274,4.924581527709961,5.926562499999999
11275,4.924574851989746,5.926562499999999
11276,4.924562454223633,5.926562499999999
11277,4.9245147705078125,5.926562499999999
11278,4.924860000610352,5.926562499999999
11279,4.924197196960449,5.926562499999999
11280,4.924141883850098,5.926562499999999
11281,4.92473030090332,5.926562499999999
11282,4.924360275268555,5.926562499999999
11283,4.924307823181152,5.926562499999999
11284,4.924003601074219,5.926562499999999
11285,4.924076080322266,5.926562499999999
11286,4.924848556518555,5.926562499999999
11287,4.924219131469727,5.926562499999999
11288,4.924227714538574,5.926562499999999
11289,4.924225807189941,5.926562499999999
11290,4.924774169921875,5.926562499999999
11291,4.924692153930664,5.926562499999999
11292,4.924842834472656,5.926562499999999
11293,4.924923896789551,5.926562499999999
11294,4.924930572509766,5.926562499999999
11295,4.92491340637207,5.926562499999999
11296,4.924960136413574,5.926562499999999
11297,4.930088043212891,5.926562499999999
11298,4.925426483154297,5.926562499999999
11299,4.924827575683594,5.926562499999999
11300,4.924765586853027,5.926562499999999
11301,4.924869537353516,5.926562499999999
11302,4.924863815307617,5.926562499999999
11303,4.924831390380859,5.926562499999999
11304,4.924842834472656,5.926562499999999
11305,4.924846649169922,5.926562499999999
11306,4.924844741821289,5.926562499999999
11307,4.924851417541504,5.926562499999999
11308,4.924851417541504,5.926562499999999
11309,4.924777030944824,5.926562499999999
11310,4.9247541427612305,5.926562499999999
11311,4.925188064575195,5.926562499999999
11312,4.925197601318359,5.926562499999999
11313,4.924859046936035,5.926562499999999
11314,4.926387786865234,5.926562499999999
11315,4.92596435546875,5.926562499999999
11316,4.924555778503418,5.926562499999999
11317,4.924549102783203,5.926562499999999
11318,4.924554824829102,5.926562499999999
11319,4.924552917480469,5.926562499999999
11320,4.9246416091918945,5.926562499999999
11321,4.924577713012695,5.926562499999999
11322,4.92466926574707,5.926562499999999
11323,4.924564361572266,5.926562499999999
11324,4.924674034118652,5.926562499999999
11325,4.925195693969727,5.926562499999999
11326,4.925286293029785,5.926562499999999
11327,4.925212860107422,5.926562499999999
11328,4.925210952758789,5.926562499999999
11329,4.924557685852051,5.926562499999999
11330,4.924553871154785,5.926562499999999
11331,4.924648284912109,5.926562499999999
11332,4.924553871154785,5.926562499999999
11333,4.924552917480469,5.926562499999999
11334,4.924542427062988,5.926562499999999
11335,4.924745559692383,5.926562499999999
11336,4.924729347229004,5.926562499999999
11337,4.93308162689209,5.926562499999999
11338,4.928430557250977,5.926562499999999
11339,4.9258623123168945,5.926562499999999
11340,4.925214767456055,5.926562499999999
11341,4.924741744995117,5.926562499999999
11342,4.924559593200684,5.926562499999999
11343,4.924660682678223,5.926562499999999
11344,4.924589157104492,5.926562499999999
11345,4.924627304077148,5.926562499999999
11346,4.924625396728516,5.926562499999999
11347,4.924676895141602,5.926562499999999
11348,4.92473030090332,5.926562499999999
11349,4.924749374389648,5.926562499999999
11350,4.925843238830566,5.926562499999999
11351,4.925281524658203,5.926562499999999
11352,4.925225257873535,5.926562499999999
11353,4.925131797790527,5.926562499999999
11354,4.924661636352539,5.926562499999999
11355,4.92686653137207,5.926562499999999
11356,4.933623313903809,5.926562499999999
11357,4.934065818786621,5.926562499999999
11358,4.964174270629883,5.926562499999999
11359,4.983864784240723,5.926562499999999
11360,4.933568000793457,5.926562499999999
11361,4.925884246826172,5.926562499999999
11362,4.925202369689941,5.926562499999999
11363,4.925187110900879,5.926562499999999
11364,4.924863815307617,5.926562499999999
11365,4.924738883972168,5.926562499999999
11366,4.926539421081543,5.926562499999999
11367,4.9265241622924805,5.926562499999999
11368,4.925325393676758,5.926562499999999
11369,4.925342559814453,5.926562499999999
11370,4.945899963378906,5.926562499999999
11371,4.925115585327148,5.926562499999999
11372,4.925249099731445,5.926562499999999
11373,4.9258317947387695,5.926562499999999
11374,4.925824165344238,5.926562499999999
11375,4.925837516784668,5.926562499999999
11376,4.925651550292969,5.926562499999999
11377,4.92558479309082,5.926562499999999
11378,4.92668342590332,5.926562499999999
11379,4.925488471984863,5.926562499999999
11380,4.925078392028809,5.926562499999999
11381,4.925577163696289,5.926562499999999
11382,4.926165580749512,5.926562499999999
11383,4.926158905029297,5.926562499999999
11384,4.925577163696289,5.926562499999999
11385,4.925225257873535,5.926562499999999
11386,4.924786567687988,5.926562499999999
11387,4.924829483032227,5.926562499999999
11388,4.924833297729492,5.926562499999999
11389,4.924941062927246,5.926562499999999
11390,4.9249420166015625,5.926562499999999
11391,4.926534652709961,5.926562499999999
11392,5.016086578369141,5.926562499999999
11393,5.451728820800781,5.926562499999999
11394,5.761879920959473,5.926562499999999
11395,4.94935417175293,5.926562499999999
11396,4.935124397277832,5.926562499999999
11397,4.9301042556762695,5.926562499999999
11398,4.928985595703125,5.926562499999999
11399,4.925405502319336,5.926562499999999
11400,4.9245195388793945,5.926562499999999
11401,4.924589157104492,5.926562499999999
11402,4.924578666687012,5.926562499999999
11403,4.924579620361328,5.926562499999999
11404,4.924521446228027,5.926562499999999
11405,4.924562454223633,5.926562499999999
11406,4.924589157104492,5.926562499999999
11407,4.924574851989746,5.926562499999999
11408,4.924966812133789,5.926562499999999
11409,4.924959182739258,5.926562499999999
11410,4.924952507019043,5.926562499999999
11411,4.924939155578613,5.926562499999999
11412,4.924522399902344,5.926562499999999
11413,4.924318313598633,5.926562499999999
11414,4.924320220947266,5.926562499999999
11415,4.924317359924316,5.926562499999999
11416,4.924311637878418,5.926562499999999
11417,4.924322128295898,5.926562499999999
11418,4.924386978149414,5.926562499999999
11419,4.924932479858398,5.926562499999999
11420,4.924881935119629,5.926562499999999
11421,4.924232482910156,5.926562499999999
11422,4.924684524536133,5.926562499999999
11423,4.924223899841309,5.926562499999999
11424,4.924558639526367,5.926562499999999
11425,4.924551010131836,5.926562499999999
11426,4.92465877532959,5.926562499999999
11427,4.924734115600586,5.926562499999999
11428,4.924832344055176,5.926562499999999
11429,4.924832344055176,5.926562499999999
11430,4.92476749420166,5.926562499999999
11431,4.924777984619141,5.926562499999999
11432,4.924679756164551,5.926562499999999
11433,4.924744606018066,5.926562499999999
11434,4.9249114990234375,5.926562499999999
11435,4.925315856933594,5.926562499999999
11436,4.924862861633301,5.926562499999999
11437,4.92485237121582,5.926562499999999
11438,4.92524528503418,5.926562499999999
11439,4.925244331359863,5.926562499999999
11440,4.926319122314453,5.926562499999999
11441,4.925814628601074,5.926562499999999
11442,4.924859046936035,5.926562499999999
11443,4.924777030944824,5.926562499999999
11444,4.924861907958984,5.926562499999999
11445,4.9248456954956055,5.926562499999999
11446,4.924866676330566,5.926562499999999
11447,4.924867630004883,5.926562499999999
11448,4.924184799194336,5.926562499999999
11449,4.924227714538574,5.926562499999999
11450,4.924219131469727,5.926562499999999
11451,4.924861907958984,5.926562499999999
11452,4.924860000610352,5.926562499999999
11453,4.924764633178711,5.926562499999999
11454,4.924777030944824,5.926562499999999
11455,4.924836158752441,5.926562499999999
11456,4.924838066101074,5.926562499999999
11457,4.924834251403809,5.926562499999999
11458,4.924769401550293,5.926562499999999
11459,4.924769401550293,5.926562499999999
11460,4.924856185913086,5.926562499999999
11461,4.924761772155762,5.926562499999999
11462,4.924766540527344,5.926562499999999
11463,4.924864768981934,5.926562499999999
11464,4.924858093261719,5.926562499999999
11465,4.924779891967773,5.926562499999999
11466,4.924678802490234,5.926562499999999
11467,4.927037239074707,5.926562499999999
11468,4.924130439758301,5.926562499999999
11469,4.924195289611816,5.926562499999999
11470,4.924210548400879,5.926562499999999
11471,4.924285888671875,5.926562499999999
11472,4.924222946166992,5.926562499999999
11473,4.924202919006348,5.926562499999999
11474,4.924208641052246,5.926562499999999
11475,4.925036430358887,5.926562499999999
11476,4.926963806152344,5.926562499999999
11477,4.9258270263671875,5.926562499999999
11478,4.92447566986084,5.926562499999999
11479,4.924555778503418,5.926562499999999
11480,4.924568176269531,5.926562499999999
11481,4.924555778503418,5.926562499999999
11482,4.928511619567871,5.926562499999999
11483,4.925989151000977,5.926562499999999
11484,4.924846649169922,5.926562499999999
11485,4.924089431762695,5.926562499999999
11486,4.924189567565918,5.926562499999999
11487,4.924036026000977,5.926562499999999
11488,4.924041748046875,5.926562499999999
11489,4.924751281738281,5.926562499999999
11490,4.924161911010742,5.926562499999999
11491,4.924182891845703,5.926562499999999
11492,4.924863815307617,5.926562499999999
11493,4.924215316772461,5.926562499999999
11494,4.924503326416016,5.926562499999999
11495,4.924533843994141,5.926562499999999
11496,4.924321174621582,5.926562499999999
11497,4.924395561218262,5.926562499999999
11498,4.924396514892578,5.926562499999999
11499,4.92439079284668,5.926562499999999
11500,4.924314498901367,5.926562499999999
11501,4.924318313598633,5.926562499999999
11502,4.924263000488281,5.926562499999999
11503,4.924202919006348,5.926562499999999
11504,4.924225807189941,5.926562499999999
11505,4.924212455749512,5.926562499999999
11506,4.924312591552734,5.926562499999999
11507,4.924236297607422,5.926562499999999
11508,4.924263954162598,5.926562499999999
11509,4.924918174743652,5.926562499999999
11510,4.924917221069336,5.926562499999999
11511,4.9249162673950195,5.926562499999999
11512,4.9251298904418945,5.926562499999999
11513,4.924675941467285,5.926562499999999
11514,4.924661636352539,5.926562499999999
11515,4.9249162673950195,5.926562499999999
11516,4.9243879318237305,5.926562499999999
11517,4.924334526062012,5.926562499999999
11518,4.924310684204102,5.926562499999999
11519,4.924212455749512,5.926562499999999
11520,4.924211502075195,5.926562499999999
11521,4.9242095947265625,5.926562499999999
11522,4.924217224121094,5.926562499999999
11523,4.924226760864258,5.926562499999999
11524,4.92421817779541,5.926562499999999
11525,4.924385070800781,5.926562499999999
11526,4.929125785827637,5.926562499999999
11527,4.927048683166504,5.926562499999999
11528,4.92664909362793,5.926562499999999
11529,4.924928665161133,5.926562499999999
11530,4.924314498901367,5.926562499999999
11531,4.924300193786621,5.926562499999999
11532,4.924343109130859,5.926562499999999
11533,4.924839019775391,5.926562499999999
11534,4.924844741821289,5.926562499999999
11535,4.924321174621582,5.926562499999999
11536,4.924917221069336,5.926562499999999
11537,4.924897193908691,5.926562499999999
11538,4.924341201782227,5.926562499999999
11539,4.924343109130859,5.926562499999999
11540,4.92426872253418,5.926562499999999
11541,4.924306869506836,5.926562499999999
11542,4.924324989318848,5.926562499999999
11543,4.9243879318237305,5.926562499999999
11544,4.92439079284668,5.926562499999999
11545,4.924351692199707,5.926562499999999
11546,4.924339294433594,5.926562499999999
11547,4.924827575683594,5.926562499999999
11548,4.924381256103516,5.926562499999999
11549,4.924839973449707,5.926562499999999
11550,4.924830436706543,5.926562499999999
11551,4.924840927124023,5.926562499999999
11552,4.924917221069336,5.926562499999999
11553,4.92491340637207,5.926562499999999
11554,4.924908638000488,5.926562499999999
11555,4.924311637878418,5.926562499999999
11556,4.924317359924316,5.926562499999999
11557,4.924196243286133,5.926562499999999
11558,4.924188613891602,5.926562499999999
11559,4.92417049407959,5.926562499999999
11560,4.924198150634766,5.926562499999999
11561,4.924213409423828,5.926562499999999
11562,4.924228668212891,5.926562499999999
11563,4.924320220947266,5.926562499999999
11564,4.924312591552734,5.926562499999999
11565,4.924314498901367,5.926562499999999
11566,4.924643516540527,5.926562499999999
11567,4.924612998962402,5.926562499999999
11568,4.924602508544922,5.926562499999999
11569,4.924660682678223,5.926562499999999
11570,4.925078392028809,5.926562499999999
11571,4.925065994262695,5.926562499999999
11572,4.925073623657227,5.926562499999999
11573,4.924610137939453,5.926562499999999
11574,4.924839973449707,5.926562499999999
11575,4.924765586853027,5.926562499999999
11576,4.924756050109863,5.926562499999999
11577,4.924176216125488,5.926562499999999
11578,4.924736976623535,5.926562499999999
11579,4.925075531005859,5.926562499999999
11580,4.925078392028809,5.926562499999999
11581,4.9249267578125,5.926562499999999
11582,4.924846649169922,5.926562499999999
11583,4.924840927124023,5.926562499999999
11584,4.924226760864258,5.926562499999999
11585,4.924263000488281,5.926562499999999
11586,4.924317359924316,5.926562499999999
11587,4.924849510192871,5.926562499999999
11588,4.924848556518555,5.926562499999999
11589,4.924835205078125,5.926562499999999
11590,4.924862861633301,5.926562499999999
11591,4.924862861633301,5.926562499999999
11592,4.925016403198242,5.926562499999999
11593,4.925012588500977,5.926562499999999
11594,4.925027847290039,5.926562499999999
11595,4.9250078201293945,5.926562499999999
11596,4.924995422363281,5.926562499999999
11597,4.92502498626709,5.926562499999999
11598,4.9252424240112305,5.926562499999999
11599,4.924734115600586,5.926562499999999
11600,4.924739837646484,5.926562499999999
11601,4.92486572265625,5.926562499999999
11602,4.924312591552734,5.926562499999999
11603,4.9241743087768555,5.926562499999999
11604,4.92454719543457,5.926562499999999
11605,4.924541473388672,5.926562499999999
11606,4.924503326416016,5.926562499999999
11607,4.924870491027832,5.926562499999999
11608,4.924970626831055,5.926562499999999
11609,4.9249467849731445,5.926562499999999
11610,4.924777030944824,5.926562499999999
11611,4.927999496459961,5.926562499999999
11612,4.929538726806641,5.926562499999999
11613,4.931136131286621,5.926562499999999
11614,5.010769844055176,5.926562499999999
11615,4.928476333618164,5.926562499999999
11616,4.925868988037109,5.926562499999999
11617,5.053922653198242,5.926562499999999
11618,5.079837799072266,5.926562499999999
11619,4.925414085388184,5.926562499999999
11620,4.924933433532715,5.926562499999999
11621,4.926570892333984,5.926562499999999
11622,4.9276838302612305,5.926562499999999
11623,4.927363395690918,5.926562499999999
11624,4.9254255294799805,5.926562499999999
11625,4.9254913330078125,5.926562499999999
11626,4.926292419433594,5.926562499999999
11627,4.925869941711426,5.926562499999999
11628,4.926541328430176,5.926562499999999
11629,4.926120758056641,5.926562499999999
11630,4.925145149230957,5.926562499999999
11631,4.924511909484863,5.926562499999999
11632,4.924394607543945,5.926562499999999
11633,4.924342155456543,5.926562499999999
11634,4.924341201782227,5.926562499999999
11635,4.924334526062012,5.926562499999999
11636,4.924304008483887,5.926562499999999
11637,4.924342155456543,5.926562499999999
11638,4.924840927124023,5.926562499999999
11639,4.924844741821289,5.926562499999999
11640,4.924842834472656,5.926562499999999
11641,4.924842834472656,5.926562499999999
11642,4.924388885498047,5.926562499999999
11643,4.924917221069336,5.926562499999999
11644,4.925145149230957,5.926562499999999
11645,4.924630165100098,5.926562499999999
11646,4.924785614013672,5.926562499999999
11647,4.924857139587402,5.926562499999999
11648,4.924768447875977,5.926562499999999
11649,4.92484188079834,5.926562499999999
11650,4.924410820007324,5.926562499999999
11651,4.924610137939453,5.926562499999999
11652,4.924628257751465,5.926562499999999
11653,4.924657821655273,5.926562499999999
11654,4.924630165100098,5.926562499999999
11655,4.924698829650879,5.926562499999999
11656,4.925149917602539,5.926562499999999
11657,4.925114631652832,5.926562499999999
11658,4.92513370513916,5.926562499999999
11659,4.924692153930664,5.926562499999999
11660,4.924578666687012,5.926562499999999
11661,4.924566268920898,5.926562499999999
11662,4.924562454223633,5.926562499999999
11663,4.9245710372924805,5.926562499999999
11664,4.924958229064941,5.926562499999999
11665,4.9251508712768555,5.926562499999999
11666,4.925158500671387,5.926562499999999
11667,4.925139427185059,5.926562499999999
11668,4.925145149230957,5.926562499999999
11669,4.925161361694336,5.926562499999999
11670,4.925119400024414,5.926562499999999
11671,4.925134658813477,5.926562499999999
11672,4.925145149230957,5.926562499999999
11673,4.925148963928223,5.926562499999999
11674,4.925137519836426,5.926562499999999
11675,4.925146102905273,5.926562499999999
11676,4.936702728271484,5.926562499999999
11677,4.925884246826172,5.926562499999999
11678,4.924317359924316,5.926562499999999
11679,4.924219131469727,5.926562499999999
11680,4.924263000488281,5.926562499999999
11681,4.924267768859863,5.846875000000001
11682,4.925081253051758,6.1937500000000005
11683,4.92619514465332,6.203125
11684,4.92533016204834,6.561718750000001
11685,4.924591064453125,6.770312499999999
11686,4.92460823059082,6.770312499999999
11687,4.924319267272949,6.770312499999999
11688,4.924322128295898,6.770312499999999
11689,4.924829483032227,6.770312499999999
11690,4.925081253051758,6.770312499999999
11691,4.924847602844238,6.770312499999999
11692,4.924917221069336,6.770312499999999
11693,4.92484188079834,6.770312499999999
11694,4.925083160400391,6.770312499999999
11695,4.925362586975098,6.7703125
11696,4.925772666931152,6.770312499999999
11697,4.926213264465332,6.770312499999999
11698,4.926179885864258,6.770312499999999
11699,4.925407409667969,6.7703125
11700,4.924823760986328,6.770312499999999
11701,4.925344467163086,6.770312499999999
11702,4.925334930419922,6.770312499999999
11703,4.9253950119018555,6.770312499999999
11704,4.9253435134887695,6.7703125
11705,4.925283432006836,6.770312499999999
11706,4.925148963928223,6.770312499999999
11707,4.924810409545898,6.770312499999999
11708,4.92448616027832,6.7703125
11709,4.924534797668457,6.770312499999999
11710,4.924833297729492,6.770312499999999
11711,4.924820899963379,6.770312499999999
11712,4.924971580505371,6.770312499999999
11713,4.924953460693359,6.770312499999999
11714,4.924660682678223,6.770312499999999
11715,4.924686431884766,6.7703125
11716,4.925058364868164,6.770312499999999
11717,4.925337791442871,6.770312499999999
11718,4.924839019775391,6.770312499999999
11719,4.925071716308594,6.770312499999999
11720,4.925997734069824,6.770312499999999
11721,4.925290107727051,6.770312499999999
11722,4.925848007202148,6.770312499999999
11723,4.925844192504883,6.770312499999999
11724,4.926203727722168,6.770312499999999
11725,4.925410270690918,6.770312499999999
11726,4.925527572631836,6.7703125
11727,4.925651550292969,6.770312499999999
11728,4.92542839050293,6.770312499999999
11729,4.925361633300781,6.770312499999999
11730,4.925705909729004,6.770312499999999
11731,4.925383567810059,6.770312499999999
11732,4.925412178039551,6.770312499999999
11733,4.92509651184082,6.770312499999999
11734,4.92506217956543,6.770312499999999
11735,4.925088882446289,6.770312499999999
11736,4.925440788269043,6.770312499999999
11737,4.9254045486450195,6.770312499999999
11738,4.925443649291992,6.770312499999999
11739,4.925786972045898,6.770312499999999
11740,4.92543888092041,6.770312499999999
11741,4.925405502319336,6.770312499999999
11742,4.92471981048584,6.770312499999999
11743,4.92447566986084,6.770312499999999
11744,4.924687385559082,6.770312499999999
11745,4.924725532531738,6.770312499999999
11746,4.924497604370117,6.770312499999999
11747,4.924495697021484,6.770312499999999
11748,4.924538612365723,6.770312499999999
11749,4.92454719543457,6.770312499999999
11750,4.924492835998535,6.770312499999999
11751,4.925071716308594,6.770312499999999
11752,4.925317764282227,6.770312499999999
11753,4.9253950119018555,6.770312499999999
11754,4.925409317016602,6.770312499999999
11755,5.739272117614746,6.770312499999999
11756,5.809762001037598,6.770312499999999
11757,5.867109298706055,6.770312499999999
11758,5.867044448852539,6.770312499999999
11759,5.866847991943359,6.770312499999999
11760,4.925164222717285,6.770312499999999
11761,4.925161361694336,6.770312499999999
11762,4.924497604370117,6.770312499999999
11763,4.924650192260742,6.770312499999999
11764,4.924546241760254,6.770312499999999
11765,4.924304962158203,6.770312499999999
11766,4.924518585205078,6.770312499999999
11767,4.924515724182129,6.770312499999999
11768,4.924687385559082,6.770312499999999
11769,4.924737930297852,6.770312499999999
11770,4.924727439880371,6.770312499999999
11771,4.924778938293457,6.770312499999999
11772,4.924692153930664,6.770312499999999
11773,4.924622535705566,6.770312499999999
11774,4.924487113952637,6.770312499999999
11775,4.9245805740356445,6.770312499999999
11776,4.924040794372559,6.770312499999999
11777,4.924022674560547,6.770312499999999
11778,4.924646377563477,6.770312499999999
11779,4.924897193908691,6.7703125
11780,4.924954414367676,6.770312499999999
11781,4.9252166748046875,6.770312499999999
11782,4.924952507019043,6.770312499999999
11783,4.925220489501953,6.770312499999999
11784,4.925232887268066,6.770312499999999
11785,4.9252214431762695,6.770312499999999
11786,4.924953460693359,6.770312499999999
11787,4.924951553344727,6.770312499999999
11788,4.924983024597168,6.770312499999999
11789,4.924975395202637,6.770312499999999
11790,4.924957275390625,6.770312499999999
11791,4.9257307052612305,6.770312499999999
11792,4.925990104675293,6.770312499999999
11793,4.925821304321289,6.770312499999999
11794,4.925414085388184,6.770312499999999
11795,4.925360679626465,6.770312499999999
11796,4.925075531005859,6.770312499999999
11797,4.924812316894531,6.770312499999999
11798,4.925078392028809,6.770312499999999
11799,4.925172805786133,6.770312499999999
11800,4.92520809173584,6.770312499999999
11801,4.925376892089844,6.770312499999999
11802,4.925345420837402,6.770312499999999
11803,4.925397872924805,6.770312499999999
11804,4.925536155700684,6.770312499999999
11805,4.925998687744141,6.770312499999999
11806,4.92594051361084,6.770312499999999
11807,4.925154685974121,6.770312499999999
11808,4.924949645996094,6.770312499999999
11809,4.924949645996094,6.770312499999999
11810,4.924816131591797,6.770312499999999
11811,4.924914360046387,6.770312499999999
11812,4.924829483032227,6.770312499999999
11813,4.924469947814941,6.770312499999999
11814,4.9244890213012695,6.770312499999999
11815,4.9245405197143555,6.770312499999999
11816,4.924492835998535,6.770312499999999
11817,4.924489974975586,6.770312499999999
11818,4.924554824829102,6.7703125
11819,4.924205780029297,6.770312499999999
11820,4.9243011474609375,6.770312499999999
11821,4.9243059158325195,6.770312499999999
11822,4.924321174621582,6.770312499999999
11823,4.924521446228027,6.770312499999999
11824,4.924513816833496,6.770312499999999
11825,4.924230575561523,6.770312499999999
11826,4.924590110778809,6.770312499999999
11827,4.924583435058594,6.770312499999999
11828,4.9246110916137695,6.770312499999999
11829,4.9244842529296875,6.770312499999999
11830,4.92421817779541,6.770312499999999
11831,4.924202919006348,6.770312499999999
11832,4.924228668212891,6.770312499999999
11833,4.924213409423828,6.770312499999999
11834,4.924189567565918,6.770312499999999
11835,4.92491340637207,6.770312499999999
11836,4.924313545227051,6.770312499999999
11837,4.924373626708984,6.770312499999999
11838,4.924325942993164,6.770312499999999
11839,4.924281120300293,6.770312499999999
11840,4.924211502075195,6.770312499999999
11841,4.924386978149414,6.770312499999999
11842,4.924959182739258,6.770312499999999
11843,4.924217224121094,6.770312499999999
11844,4.924152374267578,6.770312499999999
11845,4.924378395080566,6.770312499999999
11846,4.9246625900268555,6.770312499999999
11847,4.92478084564209,6.770312499999999
11848,4.9246063232421875,6.72578125
11849,4.924609184265137,6.5101562500000005
11850,4.924472808837891,6.36484375
11851,4.9246063232421875,6.3625
11852,4.924615859985352,6.33671875
11853,4.924516677856445,6.2734375
11854,4.9245147705078125,6.2734375
11855,4.92470645904541,6.2734375
11856,4.924731254577637,6.2734375
11857,4.92502498626709,6.2734375
11858,4.92496395111084,6.2734375
11859,4.924921989440918,6.2734375
11860,4.924595832824707,6.2734375
11861,4.924503326416016,6.2734375
11862,4.92448616027832,6.2734375
11863,4.9241743087768555,6.2734375
11864,4.924187660217285,6.2734375
11865,4.924206733703613,6.2734375
11866,4.924188613891602,6.2734375
11867,4.924003601074219,6.2734375
11868,4.9240217208862305,6.2734375
11869,4.924013137817383,6.2734375
11870,4.9242095947265625,6.2734375
11871,4.924217224121094,6.2734375
11872,4.92471981048584,6.2734375
11873,4.924714088439941,6.2734375
11874,4.925004005432129,6.2734375
11875,4.924982070922852,6.2734375
11876,4.924980163574219,6.2734375
11877,4.925846099853516,6.2734375
11878,4.926151275634766,6.2734375
11879,4.926546096801758,6.2734375
11880,4.927072525024414,6.2734375
11881,4.925752639770508,6.2734375
11882,4.925622940063477,6.2734375
11883,4.925291061401367,6.2734375
11884,4.9252824783325195,6.2734375
11885,4.925283432006836,6.2734375
11886,4.925320625305176,6.2734375
11887,4.925327301025391,6.2734375
11888,4.925240516662598,6.2734375
11889,4.925314903259277,6.2734375
11890,4.925287246704102,6.2734375
11891,4.9252777099609375,6.2734375
11892,4.925268173217773,6.2734375
11893,4.925294876098633,6.2734375
11894,4.9252824783325195,6.2734375
11895,4.925298690795898,6.2734375
11896,4.9252729415893555,6.2734375
11897,4.924834251403809,6.2734375
11898,4.925295829772949,6.2734375
11899,4.9253387451171875,6.2734375
11900,4.925373077392578,6.2734375
11901,4.925333023071289,6.2734375
11902,4.925384521484375,6.2734375
11903,4.925414085388184,6.2734375
11904,4.925480842590332,6.2734375
11905,4.925265312194824,6.2734375
11906,4.925259590148926,6.2734375
11907,4.925287246704102,6.2734375
11908,4.925617218017578,6.2734375
11909,4.925264358520508,6.2734375
11910,4.98533821105957,6.2734375
11911,4.9536848068237305,6.2734375
11912,4.940995216369629,6.2734375
11913,4.930667877197266,6.2734375
11914,4.927148818969727,6.2734375
11915,4.927434921264648,6.2734375
11916,4.9270524978637695,6.2734375
11917,4.928545951843262,6.2734375
11918,4.927115440368652,6.2734375
11919,4.925734519958496,6.2734375
11920,4.925293922424316,6.2734375
11921,4.925267219543457,6.2734375
11922,4.925641059875488,6.2734375
11923,4.925305366516113,6.2734375
11924,4.925248146057129,6.2734375
11925,4.924994468688965,6.2734375
11926,4.925602912902832,6.2734375
11927,4.925601005554199,6.2734375
11928,4.925833702087402,6.2734375
11929,4.9256439208984375,6.2734375
11930,4.925625801086426,6.2734375
11931,4.925249099731445,6.2734375
11932,4.931079864501953,6.2734375
11933,4.943140983581543,6.2734375
11934,5.818253517150879,6.2734375
11935,5.847390174865723,6.2734375
11936,4.931036949157715,6.2734375
11937,4.929622650146484,6.2734375
11938,4.926999092102051,6.2734375
11939,4.925278663635254,6.2734375
11940,4.924613952636719,6.2734375
11941,4.92451286315918,6.2734375
11942,4.924470901489258,6.2734375
11943,4.924650192260742,6.2734375
11944,4.92561149597168,6.2734375
11945,4.925325393676758,6.2734375
11946,4.925307273864746,6.2734375
11947,4.924600601196289,6.2734375
11948,4.924661636352539,6.2734375
11949,4.924657821655273,6.2734375
11950,4.924579620361328,6.2734375
11951,4.924604415893555,6.2734375
11952,4.925561904907227,6.2734375
11953,4.92527961730957,6.2734375
11954,4.925004005432129,6.2734375
11955,4.925617218017578,6.2734375
11956,4.925482749938965,6.2734375
11957,4.92543888092041,6.2734375
11958,4.925177574157715,6.2734375
11959,4.925179481506348,6.2734375
11960,4.925396919250488,6.2734375
11961,4.9251708984375,6.2734375
11962,4.9247894287109375,6.2734375
11963,4.924783706665039,6.2734375
11964,4.924783706665039,6.2734375
11965,4.924781799316406,6.2734375
11966,4.924992561340332,6.2734375
11967,4.9252777099609375,6.2734375
11968,4.925271034240723,6.2734375
11969,4.925285339355469,6.2734375
11970,4.925283432006836,6.2734375
11971,4.92526912689209,6.2734375
11972,4.925848007202148,6.2734375
11973,4.925893783569336,6.2734375
11974,4.925856590270996,6.2734375
11975,4.92585563659668,6.2734375
11976,4.926456451416016,6.2734375
11977,4.926912307739258,6.2734375
11978,4.927309036254883,6.2734375
11979,4.927268981933594,6.2734375
11980,4.92887020111084,6.2734375
11981,4.927297592163086,6.2734375
11982,4.926883697509766,6.2734375
11983,4.926887512207031,6.2734375
11984,4.926936149597168,6.2734375
11985,4.926923751831055,6.2734375
11986,4.925856590270996,6.2734375
11987,4.925741195678711,6.2734375
11988,4.925762176513672,6.2734375
11989,4.925756454467773,6.2734375
11990,4.92574405670166,6.2734375
11991,4.925745964050293,6.2734375
11992,4.927250862121582,6.2734375
11993,4.925278663635254,6.2734375
11994,4.925271034240723,6.2734375
11995,4.9251861572265625,6.2734375
11996,4.92575740814209,6.2734375
11997,4.925821304321289,6.2734375
11998,4.925789833068848,6.2734375
11999,4.925266265869141,6.2734375
12000,4.9252729415893555,6.2734375
12001,4.926523208618164,6.2734375
12002,4.926511764526367,6.2734375
12003,4.925271034240723,6.2734375
12004,4.925844192504883,6.2734375
12005,4.929998397827148,6.2734375
12006,4.931667327880859,6.2734375
12007,4.933025360107422,6.2734375
12008,4.926983833312988,6.2734375
12009,4.925326347351074,6.2734375
12010,4.92524528503418,6.2734375
12011,4.92526912689209,6.2734375
12012,4.925248146057129,6.2734375
12013,4.92524528503418,6.2734375
12014,4.9253129959106445,6.2734375
12015,4.925258636474609,6.2734375
12016,4.925317764282227,6.2734375
12017,4.9253339767456055,6.2734375
12018,4.925300598144531,6.2734375
12019,5.018938064575195,6.2734375
12020,4.9252471923828125,6.2734375
12021,4.925250053405762,6.2734375
12022,4.924676895141602,6.2734375
12023,4.925238609313965,6.2734375
12024,4.924671173095703,6.2734375
12025,4.925214767456055,6.2734375
12026,4.925751686096191,6.2734375
12027,4.925752639770508,6.2734375
12028,4.925732612609863,6.2734375
12029,4.925029754638672,6.2734375
12030,4.925185203552246,6.2734375
12031,4.925711631774902,6.2734375
12032,4.925237655639648,6.2734375
12033,4.92518424987793,6.2734375
12034,4.925178527832031,6.2734375
12035,4.925738334655762,6.2734375
12036,4.925751686096191,6.2734375
12037,4.925729751586914,6.2734375
12038,4.925738334655762,6.2734375
12039,4.9250946044921875,6.2734375
12040,4.92523193359375,6.2734375
12041,4.925268173217773,6.2734375
12042,4.925268173217773,6.2734375
12043,4.925284385681152,6.2734375
12044,4.925260543823242,6.2734375
12045,4.925259590148926,6.2734375
12046,4.925267219543457,6.2734375
12047,4.926459312438965,6.2734375
12048,4.925864219665527,6.2734375
12049,4.925863265991211,6.2734375
12050,4.925268173217773,6.2734375
12051,4.925176620483398,6.2734375
12052,4.92525577545166,6.2734375
12053,4.926607131958008,6.2734375
12054,4.925555229187012,6.2734375
12055,4.925595283508301,6.2734375
12056,4.925324440002441,6.2734375
12057,4.925188064575195,6.2734375
12058,4.925182342529297,6.2734375
12059,4.925196647644043,6.2734375
12060,4.925210952758789,6.2734375
12061,4.9252519607543945,6.2734375
12062,4.925219535827637,6.2734375
12063,4.925148963928223,6.2734375
12064,4.92574405670166,6.2734375
12065,4.925783157348633,6.2734375
12066,4.925253868103027,6.2734375
12067,4.9257307052612305,6.2734375
12068,4.925754547119141,6.2734375
12069,4.925745964050293,6.2734375
12070,4.925756454467773,6.2734375
12071,4.925466537475586,6.2734375
12072,4.925728797912598,6.2734375
12073,4.92575740814209,6.2734375
12074,4.92575740814209,6.2734375
12075,4.925225257873535,6.2734375
12076,4.925271987915039,6.2734375
12077,4.925179481506348,6.2734375
12078,4.925173759460449,6.2734375
12079,4.926087379455566,6.2734375
12080,4.926089286804199,6.2734375
12081,4.926300048828125,6.2734375
12082,4.925747871398926,6.2734375
12083,4.925252914428711,6.2734375
12084,4.925252914428711,6.2734375
12085,4.925239562988281,6.2734375
12086,4.926906585693359,6.2734375
12087,4.927654266357422,6.2734375
12088,4.955618858337402,6.2734375
12089,4.955624580383301,6.2734375
12090,4.950037002563477,6.2734375
12091,4.928736686706543,6.2734375
12092,4.932839393615723,6.2734375
12093,4.937953948974609,6.2734375
12094,4.942544937133789,6.2734375
12095,4.932015419006348,6.2734375
12096,4.9268693923950195,6.2734375
12097,4.925870895385742,6.2734375
12098,4.925848960876465,6.2734375
12099,4.924685478210449,6.2734375
12100,4.925206184387207,6.2734375
12101,4.925419807434082,6.2734375
12102,4.9258832931518555,6.2734375
12103,4.9279022216796875,6.2734375
12104,4.924985885620117,6.2734375
12105,4.925219535827637,6.2734375
12106,4.92518424987793,6.2734375
12107,4.925743103027344,6.2734375
12108,4.926923751831055,6.2734375
12109,4.926351547241211,6.2734375
12110,4.925289154052734,6.2734375
12111,4.9252119064331055,6.2734375
12112,4.925965309143066,6.910937499999999
12113,5.21232795715332,7.09609375
12114,5.320788383483887,7.0984375
12115,5.561836242675781,7.0984375
12116,5.613916397094727,7.0984375
12117,5.125462532043457,7.0984375
12118,5.257599830627441,7.0984375
12119,4.933150291442871,7.0984375
12120,4.925411224365234,7.0984375
12121,4.92540168762207,7.0984375
12122,4.9247236251831055,7.0984375
12123,4.924684524536133,7.0984375
12124,4.92470645904541,7.0984375
12125,4.924721717834473,7.0984375
12126,4.924725532531738,7.0984375
12127,4.92491340637207,7.0984375
12128,4.925077438354492,7.0984375
12129,4.9249982833862305,7.0984375
12130,4.9249267578125,7.0984375
12131,4.924945831298828,7.0984375
12132,4.924983978271484,7.0984375
12133,4.925117492675781,7.0984375
12134,4.92513370513916,7.0984375
12135,4.925130844116211,7.0984375
12136,4.925320625305176,7.0984375
12137,4.926566123962402,7.0984375
12138,4.939643859863281,7.0984375
12139,4.943099021911621,7.0984375
12140,4.943717956542969,7.0984375
12141,4.945975303649902,7.0984375
12142,5.134540557861328,7.0984375
12143,5.084174156188965,7.0984375
12144,4.971231460571289,7.0984375
12145,4.932724952697754,7.0984375
12146,4.928619384765625,7.0984375
12147,4.92500114440918,7.0984375
12148,4.924930572509766,7.0984375
12149,4.924690246582031,7.0984375
12150,4.924633026123047,7.0984375
12151,4.924491882324219,7.0984375
12152,4.924518585205078,7.0984375
12153,4.924468040466309,7.0984375
12154,4.9242095947265625,7.0984375
12155,4.923901557922363,7.0984375
12156,4.923667907714844,7.0984375
12157,4.9236955642700195,7.0984375
12158,4.928661346435547,7.0984375
12159,4.94650936126709,7.0984375
12160,4.929536819458008,7.0984375
12161,4.924917221069336,7.0984375
12162,4.930572509765625,7.0984375
12163,4.952877044677734,7.0984375
12164,5.816922187805176,7.0984375
12165,5.847324371337891,7.0984375
12166,5.8556976318359375,7.0984375
12167,5.8632049560546875,7.0984375
12168,6.130088806152344,7.0984375
12169,6.419196128845215,7.0984375
12170,6.425821304321289,7.0984375
12171,6.432811737060547,7.0984375
12172,6.4384660720825195,7.0984375
12173,6.436191558837891,7.0984375
12174,6.430255889892578,7.0984375
12175,6.426487922668457,7.0984375
12176,6.410219192504883,7.0984375
12177,6.4038591384887695,7.0984375
12178,6.400321006774902,7.0984375
12179,6.3906965255737305,7.0984375
12180,6.409574508666992,7.0984375
12181,6.414643287658691,7.0984375
12182,6.416900634765625,7.0984375
12183,6.417289733886719,7.0984375
12184,6.419188499450684,7.0984375
12185,6.426644325256348,6.0062500000000005
12186,6.427855491638184,6.0062500000000005
12187,6.4279584884643555,6.0062500000000005
12188,6.438401222229004,6.0062500000000005
12189,6.463802337646484,6.0062500000000005
12190,6.490541458129883,6.0062500000000005
12191,6.4897050857543945,6.0062500000000005
12192,5.902242660522461,6.0062500000000005
12193,5.866870880126953,6.0062500000000005
12194,5.1123247146606445,6.0062500000000005
12195,5.029217720031738,6.0062500000000005
12196,4.978998184204102,6.0062500000000005
12197,4.926884651184082,6.0062500000000005
12198,4.925448417663574,6.0062500000000005
12199,4.925227165222168,6.0062500000000005
12200,4.924907684326172,6.0062500000000005
12201,4.927089691162109,6.0062500000000005
12202,5.5734710693359375,6.0062500000000005
12203,5.571497917175293,6.0062500000000005
12204,4.9260053634643555,6.0062500000000005
12205,4.925623893737793,6.0062500000000005
12206,4.925047874450684,6.0062500000000005
12207,4.92681884765625,6.0062500000000005
12208,4.930810928344727,6.0062500000000005
12209,4.927375793457031,6.0062500000000005
12210,4.9241838455200195,6.0062500000000005
12211,4.9234466552734375,6.0062500000000005
12212,4.923344612121582,6.0062500000000005
12213,4.923718452453613,6.0062500000000005
12214,4.92399787902832,6.0062500000000005
12215,4.924494743347168,6.0062500000000005
12216,4.924603462219238,6.0062500000000005
12217,4.924212455749512,6.0062500000000005
12218,4.924192428588867,6.0062500000000005
12219,4.925027847290039,6.0062500000000005
12220,4.925992965698242,6.0062500000000005
12221,4.924901008605957,6.0062500000000005
12222,4.92469596862793,6.0062500000000005
12223,4.924692153930664,6.0062500000000005
12224,4.924203872680664,6.0062500000000005
12225,4.924995422363281,6.0062500000000005
12226,4.925602912902832,6.0062500000000005
12227,4.925847053527832,6.0062500000000005
12228,4.926914215087891,6.0062500000000005
12229,4.926918029785156,6.0062500000000005
12230,4.926340103149414,6.0062500000000005
12231,4.9265851974487305,6.0062500000000005
12232,4.926067352294922,6.0062500000000005
12233,4.926094055175781,6.0062500000000005
12234,4.925534248352051,6.0062500000000005
12235,4.926043510437012,6.0062500000000005
12236,4.927940368652344,6.0062500000000005
12237,4.926553726196289,6.0062500000000005
12238,4.925932884216309,6.0062500000000005
12239,4.925895690917969,6.0062500000000005
12240,4.9266862869262695,6.0062500000000005
12241,4.926342964172363,6.0062500000000005
12242,4.925690650939941,6.0062500000000005
12243,4.925233840942383,6.0062500000000005
12244,4.924995422363281,6.0062500000000005
12245,4.925008773803711,6.0062500000000005
12246,4.925074577331543,6.0062500000000005
12247,4.925076484680176,6.0062500000000005
12248,4.9250688552856445,6.0062500000000005
12249,4.925075531005859,6.0062500000000005
12250,4.925004005432129,6.0062500000000005
12251,4.925075531005859,6.0062500000000005
12252,4.925265312194824,6.0062500000000005
12253,4.925319671630859,6.0062500000000005
12254,4.925567626953125,6.0062500000000005
12255,4.925566673278809,6.0062500000000005
12256,4.92523193359375,6.0062500000000005
12257,4.925199508666992,6.0062500000000005
12258,4.9246015548706055,6.0062500000000005
12259,4.924612998962402,6.0062500000000005
12260,4.924630165100098,6.0062500000000005
12261,4.924953460693359,6.0062500000000005
12262,4.9248809814453125,6.0062500000000005
12263,4.924654006958008,6.0062500000000005
12264,4.924648284912109,6.0062500000000005
12265,4.924649238586426,6.0062500000000005
12266,4.92464542388916,6.0062500000000005
12267,4.925148010253906,6.0062500000000005
12268,4.9245147705078125,6.0062500000000005
12269,4.925023078918457,6.0062500000000005
12270,4.924595832824707,6.0062500000000005
12271,4.924592971801758,6.0062500000000005
12272,4.924480438232422,6.0062500000000005
12273,4.924468040466309,6.0062500000000005
12274,4.924017906188965,6.0062500000000005
12275,4.924108505249023,6.0062500000000005
12276,4.924433708190918,6.0062500000000005
12277,4.924488067626953,6.0062500000000005
12278,4.924459457397461,6.0062500000000005
12279,4.924467086791992,6.0062500000000005
12280,4.924468040466309,6.0062500000000005
12281,4.924488067626953,6.0062500000000005
12282,4.92449951171875,6.0062500000000005
12283,4.924659729003906,6.0062500000000005
12284,4.9249372482299805,6.0062500000000005
12285,4.925152778625488,6.0062500000000005
12286,4.925112724304199,6.0062500000000005
12287,4.925140380859375,6.0062500000000005
12288,4.92514705657959,6.0062500000000005
12289,4.9251556396484375,6.0062500000000005
12290,4.925154685974121,6.0062500000000005
12291,4.925153732299805,6.0062500000000005
12292,4.925166130065918,6.0062500000000005
12293,4.925151824951172,6.0062500000000005
12294,4.925163269042969,6.0062500000000005
12295,4.925165176391602,6.0062500000000005
12296,4.925165176391602,6.0062500000000005
12297,4.925165176391602,6.0062500000000005
12298,4.925165176391602,6.0062500000000005
12299,4.925159454345703,6.0062500000000005
12300,4.925204277038574,6.0062500000000005
12301,4.925151824951172,6.0062500000000005
12302,4.925151824951172,6.0062500000000005
12303,4.925163269042969,6.0062500000000005
12304,4.924617767333984,6.0062500000000005
12305,4.924602508544922,6.0062500000000005
12306,4.924663543701172,6.0062500000000005
12307,4.924617767333984,6.0062500000000005
12308,4.924654960632324,6.0062500000000005
12309,4.925146102905273,6.0062500000000005
12310,4.924389839172363,6.0062500000000005
12311,4.9243621826171875,6.0062500000000005
12312,4.924839973449707,6.0062500000000005
12313,4.923905372619629,6.0062500000000005
12314,4.924226760864258,6.0062500000000005
12315,4.924227714538574,6.0062500000000005
12316,4.924222946166992,6.0062500000000005
12317,4.924217224121094,6.0062500000000005
12318,4.924151420593262,6.0062500000000005
12319,4.924139976501465,6.0062500000000005
12320,4.924267768859863,6.0062500000000005
12321,4.924283981323242,6.0062500000000005
12322,4.924395561218262,6.0062500000000005
12323,4.924344062805176,6.0062500000000005
12324,4.924339294433594,7.1171875
12325,4.924351692199707,7.703125
12326,4.924342155456543,7.7171875
12327,4.924344062805176,7.735937499999999
12328,4.9243364334106445,7.735937499999999
12329,4.924985885620117,7.735937499999999
12330,4.924942970275879,7.735937499999999
12331,4.924929618835449,7.735937499999999
12332,4.924352645874023,7.735937499999999
12333,4.9243574142456055,7.735937499999999
12334,4.924361228942871,7.735937499999999
12335,4.9243364334106445,7.735937499999999
12336,4.924346923828125,7.735937499999999
12337,4.924345970153809,7.735937499999999
12338,4.924342155456543,7.735937499999999
12339,4.924343109130859,7.735937499999999
12340,4.92430305480957,7.735937499999999
12341,4.924343109130859,7.735937499999999
12342,4.924341201782227,7.735937499999999
12343,4.92435359954834,7.735937499999999
12344,4.924342155456543,7.735937499999999
12345,4.924347877502441,7.735937499999999
12346,4.9243316650390625,7.735937499999999
12347,4.924394607543945,7.735937499999999
12348,4.924338340759277,7.735937499999999
12349,4.924295425415039,7.735937499999999
12350,4.924360275268555,7.735937499999999
12351,4.924389839172363,7.735937499999999
12352,4.924388885498047,7.735937499999999
12353,4.924393653869629,7.735937499999999
12354,4.924345970153809,7.735937499999999
12355,4.924435615539551,7.735937499999999
12356,4.92442512512207,7.735937499999999
12357,4.924356460571289,7.735937499999999
12358,4.919729232788086,7.735937499999999
12359,4.920650482177734,7.735937499999999
12360,4.924335479736328,7.735937499999999
12361,4.9243669509887695,7.735937499999999
12362,4.924349784851074,7.735937499999999
12363,4.924351692199707,7.735937499999999
12364,4.924352645874023,7.735937499999999
12365,4.924935340881348,7.735937499999999
12366,4.924487113952637,7.735937499999999
12367,4.924468040466309,7.735937499999999
12368,4.925025939941406,7.735937499999999
12369,4.924980163574219,7.735937499999999
12370,4.924981117248535,7.735937499999999
12371,4.9249773025512695,7.735937499999999
12372,4.924938201904297,7.735937499999999
12373,4.924930572509766,7.735937499999999
12374,4.924363136291504,7.735937499999999
12375,4.92432975769043,7.735937499999999
12376,4.924306869506836,7.735937499999999
12377,4.924413681030273,7.735937499999999
12378,4.924391746520996,7.735937499999999
12379,4.924391746520996,7.735937499999999
12380,4.924320220947266,7.735937499999999
12381,4.924315452575684,7.735937499999999
12382,4.924376487731934,7.735937499999999
12383,4.924931526184082,7.735937499999999
12384,4.924356460571289,7.735937499999999
12385,4.9243927001953125,7.735937499999999
12386,4.925732612609863,7.735937499999999
12387,4.925145149230957,7.735937499999999
12388,4.924411773681641,7.735937499999999
12389,4.924409866333008,7.735937499999999
12390,4.9243621826171875,7.735937499999999
12391,4.924407005310059,7.735937499999999
12392,4.925032615661621,7.735937499999999
12393,4.925728797912598,7.735937499999999
12394,4.9257307052612305,7.735937499999999
12395,4.924323081970215,7.735937499999999
12396,4.9243574142456055,7.735937499999999
12397,4.924382209777832,7.735937499999999
12398,4.924483299255371,7.735937499999999
12399,4.9243879318237305,7.735937499999999
12400,4.923588752746582,7.735937499999999
12401,4.922780990600586,7.735937499999999
12402,4.923057556152344,7.735937499999999
12403,4.9232635498046875,7.735937499999999
12404,4.923344612121582,7.735937499999999
12405,4.923342704772949,7.735937499999999
12406,4.923593521118164,7.735937499999999
12407,4.923394203186035,7.735937499999999
12408,4.923345565795898,7.735937499999999
12409,4.923518180847168,7.735937499999999
12410,4.923588752746582,7.735937499999999
12411,4.923549652099609,7.735937499999999
12412,4.923641204833984,7.735937499999999
12413,4.923642158508301,7.735937499999999
12414,4.9234466552734375,7.735937499999999
12415,4.923412322998047,7.735937499999999
12416,4.923556327819824,7.735937499999999
12417,4.9237565994262695,7.735937499999999
12418,4.923765182495117,7.735937499999999
12419,4.923685073852539,7.735937499999999
12420,4.92374324798584,7.735937499999999
12421,4.923741340637207,7.735937499999999
12422,4.9237823486328125,7.735937499999999
12423,4.923884391784668,7.735937499999999
12424,4.923913955688477,7.735937499999999
12425,4.923914909362793,7.735937499999999
12426,4.923858642578125,7.735937499999999
12427,4.923861503601074,7.735937499999999
12428,4.923917770385742,7.735937499999999
12429,4.924039840698242,7.735937499999999
12430,4.924108505249023,7.735937499999999
12431,4.924084663391113,7.735937499999999
12432,4.923917770385742,7.735937499999999
12433,4.924015045166016,7.6984375
12434,4.9240827560424805,7.78515625
12435,4.924101829528809,8.0640625
12436,4.92392635345459,8.0640625
12437,4.923813819885254,8.0640625
12438,4.923910140991211,8.0640625
12439,4.924383163452148,8.0640625
12440,4.924402236938477,8.0640625
12441,4.924381256103516,8.0640625
12442,4.924386978149414,8.0640625
12443,4.924407005310059,8.0640625
12444,4.924385070800781,8.0640625
12445,4.924391746520996,8.0640625
12446,4.9243621826171875,8.0640625
12447,4.924399375915527,8.0640625
12448,4.924403190612793,8.0640625
12449,4.924380302429199,8.0640625
12450,4.9243879318237305,8.0640625
12451,4.924368858337402,8.0640625
12452,4.924935340881348,8.0640625
12453,4.924927711486816,8.0640625
12454,4.924410820007324,8.0640625
12455,4.924363136291504,8.0640625
12456,4.924383163452148,8.0640625
12457,4.92437744140625,8.0640625
12458,4.924381256103516,8.0640625
12459,4.92435359954834,8.0640625
12460,4.924334526062012,8.0640625
12461,4.924309730529785,8.0640625
12462,4.924410820007324,8.0640625
12463,4.924380302429199,8.0640625
12464,4.924338340759277,8.0640625
12465,4.924325942993164,8.0640625
12466,4.924317359924316,8.0640625
12467,4.924335479736328,8.0640625
12468,4.924338340759277,8.0640625
12469,4.924333572387695,8.0640625
12470,4.92779541015625,8.392187499999999
12471,4.929802894592285,8.392187499999999
12472,4.932531356811523,8.392187499999999
12473,4.929793357849121,8.392187499999999
12474,4.928768157958984,8.392187499999999
12475,4.92625617980957,8.392187499999999
12476,4.926273345947266,8.392187499999999
12477,4.924322128295898,8.392187499999999
12478,4.924317359924316,8.392187499999999
12479,4.9239702224731445,8.392187499999999
12480,4.924044609069824,8.392187499999999
12481,4.924322128295898,8.392187499999999
12482,4.9243574142456055,8.392187499999999
12483,4.9243316650390625,8.392187499999999
12484,4.9243268966674805,8.392187499999999
12485,4.924322128295898,8.392187499999999
12486,4.924405097961426,8.392187499999999
12487,4.924314498901367,8.392187499999999
12488,4.924404144287109,8.392187499999999
12489,4.924407005310059,8.392187499999999
12490,4.924313545227051,8.392187499999999
12491,4.92427921295166,8.392187499999999
12492,4.924277305603027,8.392187499999999
12493,4.924383163452148,8.392187499999999
12494,4.9243316650390625,8.392187499999999
12495,4.924328804016113,8.392187499999999
12496,4.924342155456543,8.392187499999999
12497,4.924335479736328,8.392187499999999
12498,4.92430305480957,8.392187499999999
12499,4.924274444580078,8.392187499999999
12500,4.924289703369141,8.392187499999999
12501,4.924293518066406,8.392187499999999
12502,4.924297332763672,8.392187499999999
12503,4.92418098449707,8.392187499999999
12504,4.924165725708008,8.392187499999999
12505,4.924114227294922,8.392187499999999
12506,4.923826217651367,8.392187499999999
12507,4.923491477966309,8.392187499999999
12508,4.923608779907227,8.392187499999999
12509,4.9246931076049805,8.392187499999999
12510,4.92429256439209,8.392187499999999
12511,4.924321174621582,8.392187499999999
12512,4.924295425415039,8.392187499999999
12513,4.9243059158325195,8.392187499999999
12514,4.924264907836914,8.392187499999999
12515,4.924285888671875,8.392187499999999
12516,4.924310684204102,8.392187499999999
12517,4.924298286437988,8.392187499999999
12518,4.924325942993164,8.392187499999999
12519,4.924285888671875,8.392187499999999
12520,4.924192428588867,8.392187499999999
12521,4.924200057983398,8.392187499999999
12522,4.924189567565918,8.392187499999999
12523,4.924187660217285,8.392187499999999
12524,4.92418098449707,8.392187499999999
12525,4.924187660217285,8.392187499999999
12526,4.924191474914551,8.392187499999999
12527,4.92427921295166,8.392187499999999
12528,4.924283981323242,8.392187499999999
12529,4.924283027648926,8.392187499999999
12530,4.924201965332031,8.392187499999999
12531,4.9242658615112305,8.392187499999999
12532,4.924288749694824,8.392187499999999
12533,4.9242658615112305,8.392187499999999
12534,4.924324989318848,8.392187499999999
12535,4.9243059158325195,8.392187499999999
12536,4.924277305603027,8.392187499999999
12537,4.924211502075195,8.392187499999999
12538,4.924196243286133,8.392187499999999
12539,4.924274444580078,8.392187499999999
12540,4.92470645904541,8.392187499999999
12541,4.9246978759765625,8.392187499999999
12542,4.92426872253418,8.392187499999999
12543,4.924727439880371,8.392187499999999
12544,4.924716949462891,8.392187499999999
12545,4.924710273742676,8.392187499999999
12546,4.924319267272949,8.392187499999999
12547,4.924870491027832,8.392187499999999
12548,4.924904823303223,8.392187499999999
12549,4.924386024475098,8.392187499999999
12550,4.924939155578613,8.392187499999999
12551,4.924376487731934,8.392187499999999
12552,4.924938201904297,8.392187499999999
12553,4.92665958404541,8.392187499999999
12554,4.929098129272461,8.392187499999999
12555,4.928488731384277,8.392187499999999
12556,4.934844017028809,8.392187499999999
12557,4.924904823303223,8.392187499999999
12558,4.924871444702148,8.392187499999999
12559,4.92470645904541,8.392187499999999
12560,4.92475700378418,8.392187499999999
12561,4.924701690673828,8.392187499999999
12562,4.924703598022461,8.392187499999999
12563,4.924856185913086,8.392187499999999
12564,4.924264907836914,8.392187499999999
12565,4.9243268966674805,8.392187499999999
12566,4.924319267272949,8.392187499999999
12567,4.92429256439209,8.392187499999999
12568,4.924322128295898,8.392187499999999
12569,4.924263000488281,8.392187499999999
12570,4.924327850341797,8.392187499999999
12571,4.924333572387695,8.392187499999999
12572,4.924319267272949,8.392187499999999
12573,4.924345970153809,8.392187499999999
12574,4.924243927001953,8.392187499999999
12575,4.9242753982543945,8.392187499999999
12576,4.924278259277344,8.392187499999999
12577,4.924323081970215,8.392187499999999
12578,4.924273490905762,8.392187499999999
12579,4.924710273742676,8.392187499999999
12580,4.924700736999512,8.392187499999999
12581,4.924834251403809,8.392187499999999
12582,4.924880027770996,8.392187499999999
12583,4.924768447875977,8.392187499999999
12584,4.9243927001953125,8.392187499999999
12585,4.924361228942871,8.392187499999999
12586,4.9249372482299805,8.4109375
12587,4.924319267272949,8.4578125
12588,4.924129486083984,8.5
12589,4.924137115478516,8.5
12590,4.924185752868652,8.5
12591,4.924193382263184,8.5
12592,4.924281120300293,8.5
12593,4.924306869506836,8.5
12594,4.924310684204102,8.5
12595,4.924323081970215,8.5
12596,4.924308776855469,8.5
12597,4.9243879318237305,8.5
12598,4.924352645874023,8.5
12599,4.9243974685668945,8.5
12600,4.924356460571289,8.5
12601,4.924281120300293,8.5
12602,4.924283981323242,8.5
12603,4.924376487731934,8.5
12604,4.924322128295898,8.5
12605,4.924314498901367,8.5
12606,4.924555778503418,8.5
12607,4.924529075622559,8.5
12608,4.925447463989258,8.5
12609,4.925409317016602,8.5
12610,4.923262596130371,8.5
12611,4.9230546951293945,8.5
12612,4.923273086547852,8.5
12613,4.922929763793945,8.5
12614,4.923333168029785,8.5
12615,4.923343658447266,8.5
12616,4.924234390258789,8.5
12617,4.924461364746094,8.5
12618,4.924468994140625,8.5
12619,4.924533843994141,8.5
12620,4.9250030517578125,8.5
12621,4.924521446228027,8.5
12622,4.924525260925293,8.5
12623,4.923921585083008,8.5
12624,4.923938751220703,8.5
12625,4.924586296081543,8.5
12626,4.925253868103027,8.5
12627,4.924674034118652,8.5
12628,4.924629211425781,8.5
12629,4.924619674682617,8.5
12630,4.924711227416992,8.5
12631,4.9248552322387695,8.5
12632,4.924347877502441,8.5
12633,4.924330711364746,8.5
12634,4.924304008483887,8.5
12635,4.924978256225586,8.5
12636,4.924494743347168,8.5
12637,4.924384117126465,8.5
12638,4.924310684204102,8.5
12639,4.924200057983398,8.5
12640,4.924901962280273,8.5
12641,4.924871444702148,8.5
12642,4.924380302429199,8.5
12643,4.924293518066406,8.5
12644,4.924309730529785,8.5234375
12645,4.924359321594238,8.5234375
12646,4.924315452575684,8.5234375
12647,4.924313545227051,8.5234375
12648,4.92432975769043,8.5234375
12649,4.924338340759277,8.5234375
12650,4.924385070800781,8.5234375
12651,4.924383163452148,8.5234375
12652,4.926465034484863,8.5234375
12653,4.926408767700195,8.5234375
12654,4.924712181091309,8.5234375
12655,4.9246978759765625,8.5234375
12656,4.924737930297852,8.5234375
12657,4.924718856811523,8.5234375
12658,4.924715995788574,8.5234375
12659,4.925392150878906,8.5234375
12660,4.925959587097168,8.5234375
12661,4.925382614135742,8.5234375
12662,4.924721717834473,8.5234375
12663,4.924766540527344,8.5234375
12664,4.924797058105469,8.5234375
12665,4.924796104431152,8.5234375
12666,4.9247894287109375,8.5234375
12667,4.925436019897461,8.5234375
12668,4.925409317016602,8.5234375
12669,4.925375938415527,8.5234375
12670,4.92473030090332,8.5234375
12671,4.924751281738281,8.5234375
12672,4.924752235412598,8.5234375
12673,4.924748420715332,8.5234375
12674,4.924752235412598,8.5234375
12675,4.924746513366699,8.5234375
12676,4.924750328063965,8.5234375
12677,4.925403594970703,8.5234375
12678,4.925368309020996,8.5234375
12679,4.925434112548828,8.5234375
12680,4.925357818603516,8.5234375
12681,4.925368309020996,8.5234375
12682,4.925350189208984,8.5234375
12683,4.925392150878906,8.5234375
12684,4.924765586853027,8.55625
12685,4.924703598022461,8.5609375
12686,4.92539119720459,8.5609375
12687,4.925380706787109,8.5609375
12688,4.924701690673828,8.5609375
12689,4.924714088439941,8.5609375
12690,4.924700736999512,8.5609375
12691,4.924705505371094,8.5609375
12692,4.924708366394043,8.5609375
12693,4.9247026443481445,8.5609375
12694,4.924708366394043,8.5609375
12695,4.924699783325195,8.5609375
12696,4.924715995788574,8.5609375
12697,4.924707412719727,8.5609375
12698,4.924788475036621,8.5609375
12699,4.924790382385254,8.5609375
12700,4.924717903137207,8.5609375
12701,4.924792289733887,8.5609375
12702,4.924793243408203,8.5609375
12703,4.924834251403809,8.5609375
12704,4.92539119720459,8.5609375
12705,4.924701690673828,8.5609375
12706,4.924751281738281,8.5609375
12707,4.924774169921875,8.5609375
12708,4.925205230712891,8.5609375
12709,4.925827980041504,8.5609375
12710,5.866294860839844,8.5609375
12711,5.865584373474121,8.5609375
12712,5.843483924865723,8.5609375
12713,5.80433464050293,8.5609375
12714,5.670310020446777,8.5609375
12715,4.968109130859375,8.5609375
12716,4.925388336181641,8.5609375
12717,4.92535400390625,8.5609375
12718,4.9247026443481445,8.5609375
12719,4.924666404724121,8.5609375
12720,4.924640655517578,8.5609375
12721,4.92463493347168,8.5609375
12722,4.924635887145996,8.5609375
12723,4.924661636352539,8.5609375
12724,4.924677848815918,8.5609375
12725,4.92640495300293,8.5609375
12726,4.9253692626953125,8.5609375
12727,4.924700736999512,8.5609375
12728,4.924505233764648,8.5609375
12729,4.924016952514648,8.557187500000001
12730,4.924510955810547,8.5515625
12731,4.924617767333984,8.5515625
12732,4.924773216247559,8.5515625
12733,4.924210548400879,8.5515625
12734,4.924664497375488,8.5515625
12735,4.923980712890625,8.5515625
12736,4.924628257751465,8.5515625
12737,4.924653053283691,8.5515625
12738,4.925956726074219,8.5515625
12739,4.925963401794434,8.5515625
12740,4.925372123718262,8.5515625
12741,4.924708366394043,8.5515625
12742,4.926388740539551,8.5515625
12743,4.926399230957031,8.5515625
12744,4.925951957702637,8.5515625
12745,4.924612045288086,8.5515625
12746,4.924615859985352,8.5515625
12747,4.9259185791015625,8.5515625
12748,4.92525577545166,8.5515625
12749,4.924917221069336,8.5515625
12750,4.924371719360352,8.5515625
12751,4.9243669509887695,8.5515625
12752,4.924369812011719,8.5515625
12753,4.924959182739258,8.5515625
12754,4.924469947814941,8.5515625
12755,4.924386978149414,8.5515625
12756,4.924393653869629,8.5515625
12757,4.924389839172363,8.5515625
12758,4.9243879318237305,8.5515625
12759,4.924391746520996,8.5515625
12760,4.924345970153809,8.5515625
12761,4.924090385437012,8.5515625
12762,4.924077033996582,8.5515625
12763,4.923942565917969,8.5515625
12764,4.924187660217285,8.5515625
12765,4.924223899841309,8.5515625
12766,4.924180030822754,8.5515625
12767,4.9243011474609375,8.5515625
12768,4.9243011474609375,8.5515625
12769,4.924300193786621,8.5515625
12770,4.924189567565918,8.5515625
12771,4.924312591552734,8.5515625
12772,4.924333572387695,8.5515625
12773,4.924410820007324,8.5515625
12774,4.924386024475098,8.5515625
12775,4.924384117126465,8.5515625
12776,4.924382209777832,8.5515625
12777,4.924383163452148,8.5515625
12778,4.924405097961426,8.5515625
12779,4.924389839172363,8.5515625
12780,4.924386024475098,8.5515625
12781,4.924384117126465,8.5515625
12782,4.924569129943848,8.5515625
12783,4.924297332763672,8.5515625
12784,4.924211502075195,8.5515625
12785,4.924185752868652,8.5515625
12786,4.924185752868652,8.5515625
12787,4.924193382263184,8.5515625
12788,4.924199104309082,8.5515625
12789,4.924288749694824,8.378124999999999
12790,4.924407005310059,8.134375
12791,4.924298286437988,8.134375
12792,4.924287796020508,8.134375
12793,4.924867630004883,8.134375
12794,4.924959182739258,8.134375
12795,4.9259796142578125,8.134375
12796,4.924290657043457,8.190625
12797,4.924293518066406,8.190625
12798,4.924306869506836,8.190625
12799,4.924071311950684,8.190625
12800,4.924145698547363,8.190625
12801,4.9239044189453125,8.190625
12802,4.923922538757324,8.185937500000001
12803,4.923924446105957,8.185937500000001
12804,4.9242963790893555,8.1765625
12805,4.924290657043457,8.164375000000001
12806,4.924345016479492,8.157812499999999
12807,4.924369812011719,8.157812499999999
12808,4.924361228942871,8.157812499999999
12809,4.924468040466309,8.157812499999999
12810,4.924266815185547,8.157812499999999
12811,4.92429256439209,8.157812499999999
12812,4.924293518066406,8.157812499999999
12813,4.924287796020508,8.157812499999999
12814,4.924335479736328,8.157812499999999
12815,4.9243574142456055,8.157812499999999
12816,4.924342155456543,8.157812499999999
12817,4.924406051635742,8.157812499999999
12818,4.924298286437988,8.157812499999999
12819,4.924341201782227,8.157812499999999
12820,4.924355506896973,8.157812499999999
12821,4.9243574142456055,8.157812499999999
12822,4.924344062805176,8.157812499999999
12823,4.924352645874023,8.157812499999999
12824,4.924394607543945,8.157812499999999
12825,4.924395561218262,8.157812499999999
12826,4.924498558044434,8.157812499999999
12827,4.924501419067383,8.157812499999999
12828,4.924420356750488,8.157812499999999
12829,4.92435359954834,8.157812499999999
12830,4.924365997314453,8.157812499999999
12831,4.924360275268555,8.157812499999999
12832,4.924470901489258,8.157812499999999
12833,4.924361228942871,8.157812499999999
12834,4.924304008483887,8.157812499999999
12835,4.921041488647461,8.251562499999999
12836,4.923061370849609,8.251562499999999
12837,4.924187660217285,8.087499999999999
12838,4.922850608825684,8.087499999999999
12839,4.924205780029297,8.087499999999999
12840,4.924210548400879,8.087499999999999
12841,4.924210548400879,8.087499999999999
12842,4.924139976501465,8.087499999999999
12843,4.92421817779541,8.087499999999999
12844,4.924226760864258,8.087499999999999
12845,4.924222946166992,8.087499999999999
12846,4.924251556396484,8.087499999999999
12847,4.924138069152832,8.087499999999999
12848,4.924158096313477,8.087499999999999
12849,4.924212455749512,8.032421875
12850,4.9241943359375,8.030078125
12851,4.924138069152832,7.8484375
12852,4.92413330078125,7.8484375
12853,4.9241437911987305,7.8484375
12854,4.924125671386719,7.806249999999999
12855,4.924131393432617,7.806249999999999
12856,4.923921585083008,7.806249999999999
12857,4.924159049987793,7.806249999999999
12858,4.924049377441406,7.806249999999999
12859,4.923996925354004,7.806249999999999
12860,4.923822402954102,7.806249999999999
12861,4.923351287841797,7.806249999999999
12862,4.922867774963379,7.806249999999999
12863,4.923542022705078,7.806249999999999
12864,4.924210548400879,7.806249999999999
12865,4.9243011474609375,7.806249999999999
12866,4.9241132736206055,7.806249999999999
12867,4.924280166625977,7.806249999999999
12868,4.924300193786621,7.806249999999999
12869,4.924288749694824,7.806249999999999
12870,4.924345016479492,7.806249999999999
12871,4.923393249511719,7.806249999999999
12872,4.923455238342285,7.806249999999999
12873,4.923296928405762,7.806249999999999
12874,4.923396110534668,7.806249999999999
12875,4.923547744750977,7.806249999999999
12876,4.92421817779541,7.806249999999999
12877,4.924283981323242,7.806249999999999
12878,4.924254417419434,7.806249999999999
12879,4.924280166625977,7.806249999999999
12880,4.924211502075195,7.806249999999999
12881,4.923943519592285,7.806249999999999
12882,4.924223899841309,7.806249999999999
12883,4.9243011474609375,7.806249999999999
12884,4.924325942993164,7.806249999999999
12885,4.923928260803223,7.806249999999999
12886,4.923976898193359,7.806249999999999
12887,4.923978805541992,7.806249999999999
12888,4.923810958862305,7.806249999999999
12889,4.923641204833984,7.806249999999999
12890,4.923886299133301,7.806249999999999
12891,4.923882484436035,7.806249999999999
12892,4.923648834228516,7.806249999999999
12893,4.923699378967285,7.806249999999999
12894,4.923691749572754,7.806249999999999
12895,4.923649787902832,7.806249999999999
12896,4.923641204833984,7.806249999999999
12897,4.923613548278809,7.806249999999999
12898,4.923610687255859,7.806249999999999
12899,4.9234161376953125,7.806249999999999
12900,4.923425674438477,7.806249999999999
12901,4.923527717590332,7.806249999999999
12902,4.923595428466797,7.806249999999999
12903,4.923678398132324,7.806249999999999
12904,4.923641204833984,7.806249999999999
12905,4.924637794494629,7.806249999999999
12906,4.92524528503418,7.806249999999999
12907,4.958768844604492,7.806249999999999
12908,4.927424430847168,7.806249999999999
12909,4.923898696899414,7.806249999999999
12910,4.923842430114746,7.806249999999999
12911,4.923915863037109,7.806249999999999
12912,4.923562049865723,7.806249999999999
12913,4.921917915344238,7.806249999999999
12914,4.922082901000977,7.806249999999999
12915,4.921916961669922,7.806249999999999
12916,4.922027587890625,7.9046875
12917,4.922118186950684,7.9046875
12918,4.923020362854004,7.6328125
12919,4.924289703369141,7.5671875
12920,4.9241943359375,7.5671875
12921,4.924201965332031,7.5671875
12922,4.924206733703613,7.555468749999999
12923,4.923913955688477,7.384374999999999
12924,4.9239091873168945,7.384374999999999
12925,4.923884391784668,7.384374999999999
12926,4.923872947692871,7.407812499999999
12927,4.924123764038086,7.407812499999999
12928,4.924138069152832,7.407812499999999
12929,4.923840522766113,7.407812499999999
12930,4.923842430114746,7.407812499999999
12931,4.92379093170166,7.407812499999999
12932,4.923916816711426,7.407812499999999
12933,4.923913955688477,7.407812499999999
12934,4.923933029174805,7.407812499999999
12935,4.923923492431641,7.407812499999999
12936,4.923916816711426,7.407812499999999
12937,4.923915863037109,7.407812499999999
12938,4.924107551574707,7.407812499999999
12939,4.924076080322266,7.407812499999999
12940,4.92393684387207,7.407812499999999
12941,4.923900604248047,7.407812499999999
12942,4.923933029174805,7.407812499999999
12943,4.923920631408691,7.407812499999999
12944,4.923807144165039,7.407812499999999
12945,4.9239349365234375,7.407812499999999
12946,4.9240217208862305,7.407812499999999
12947,4.924108505249023,7.407812499999999
12948,4.924020767211914,7.407812499999999
12949,4.92402458190918,7.407812499999999
12950,4.924103736877441,7.407812499999999
12951,4.924104690551758,7.407812499999999
12952,4.924072265625,7.407812499999999
12953,4.923855781555176,7.407812499999999
12954,4.92410945892334,7.407812499999999
12955,4.923922538757324,7.407812499999999
12956,4.924059867858887,7.407812499999999
12957,4.924136161804199,7.407812499999999
12958,4.9248809814453125,7.407812499999999
12959,4.924882888793945,7.407812499999999
12960,4.924221992492676,7.407812499999999
12961,4.924163818359375,7.407812499999999
12962,4.923702239990234,7.407812499999999
12963,4.922650337219238,7.407812499999999
12964,4.922137260437012,7.407812499999999
12965,4.923651695251465,7.407812499999999
12966,4.924220085144043,7.407812499999999
12967,4.923338890075684,7.407812499999999
12968,4.923393249511719,7.407812499999999
12969,4.92381477355957,7.407812499999999
12970,4.924099922180176,7.407812499999999
12971,4.920598983764648,7.407812499999999
12972,4.922553062438965,7.407812499999999
12973,4.923367500305176,7.407812499999999
12974,4.924197196960449,7.407812499999999
12975,4.924198150634766,7.407812499999999
12976,4.924166679382324,7.407812499999999
12977,4.922922134399414,7.407812499999999
12978,4.922915458679199,7.407812499999999
12979,4.923064231872559,7.407812499999999
12980,4.923591613769531,7.407812499999999
12981,4.923321723937988,7.407812499999999
12982,4.923370361328125,7.407812499999999
12983,4.923370361328125,7.407812499999999
12984,4.922699928283691,7.407812499999999
12985,4.922541618347168,7.407812499999999
12986,4.922787666320801,7.407812499999999
12987,4.922783851623535,7.407812499999999
12988,4.922791481018066,7.407812499999999
12989,4.9228620529174805,7.407812499999999
12990,4.923003196716309,7.407812499999999
12991,4.923311233520508,7.407812499999999
12992,4.923293113708496,7.407812499999999
12993,4.9229230880737305,7.407812499999999
12994,4.922850608825684,7.407812499999999
12995,4.922850608825684,7.407812499999999
12996,4.9229230880737305,7.407812499999999
12997,4.922823905944824,7.407812499999999
12998,4.922818183898926,7.407812499999999
12999,4.922837257385254,7.407812499999999
13000,4.923840522766113,7.407812499999999
13001,4.923789024353027,7.407812499999999
13002,4.923783302307129,7.407812499999999
13003,4.923473358154297,7.407812499999999
13004,4.923367500305176,7.407812499999999
13005,4.923384666442871,7.407812499999999
13006,4.923352241516113,7.407812499999999
13007,4.923334121704102,7.407812499999999
13008,4.92331600189209,7.407812499999999
13009,4.923337936401367,7.407812499999999
13010,4.922881126403809,7.407812499999999
13011,4.923286437988281,7.407812499999999
13012,4.922795295715332,7.407812499999999
13013,4.9232892990112305,7.407812499999999
13014,4.923322677612305,7.407812499999999
13015,4.92332649230957,7.407812499999999
13016,4.923130989074707,7.407812499999999
13017,4.923002243041992,7.407812499999999
13018,4.92337703704834,7.407812499999999
13019,4.923340797424316,7.407812499999999
13020,4.92335319519043,7.407812499999999
13021,4.922780990600586,7.407812499999999
13022,4.9233198165893555,7.407812499999999
13023,4.92315673828125,7.407812499999999
13024,4.923060417175293,7.407812499999999
13025,4.923161506652832,7.407812499999999
13026,4.923336029052734,7.407812499999999
13027,4.922791481018066,7.407812499999999
13028,4.923331260681152,7.407812499999999
13029,4.923783302307129,7.407812499999999
13030,4.923625946044922,7.407812499999999
13031,4.923381805419922,7.407812499999999
13032,4.923309326171875,7.407812499999999
13033,4.923299789428711,7.407812499999999
13034,4.923281669616699,7.407812499999999
13035,4.9232892990112305,7.407812499999999
13036,4.923287391662598,7.407812499999999
13037,4.923108100891113,7.407812499999999
13038,4.9237823486328125,7.407812499999999
13039,4.923478126525879,7.407812499999999
13040,4.923370361328125,7.407812499999999
13041,4.923174858093262,7.407812499999999
13042,4.922865867614746,7.407812499999999
13043,4.923065185546875,7.407812499999999
13044,4.922781944274902,7.407812499999999
13045,4.92277717590332,7.407812499999999
13046,4.922785758972168,7.407812499999999
13047,4.922816276550293,7.407812499999999
13048,4.922994613647461,7.407812499999999
13049,4.923295974731445,7.407812499999999
13050,4.922917366027832,7.407812499999999
13051,4.92323112487793,7.407812499999999
13052,4.923151016235352,7.407812499999999
13053,4.923295021057129,7.407812499999999
13054,4.922908782958984,7.407812499999999
13055,4.922791481018066,7.407812499999999
13056,4.922789573669434,7.407812499999999
13057,4.922589302062988,7.407812499999999
13058,4.922567367553711,7.407812499999999
13059,4.923001289367676,7.407812499999999
13060,4.923000335693359,7.407812499999999
13061,4.922915458679199,7.407812499999999
13062,4.923059463500977,7.407812499999999
13063,4.923194885253906,7.407812499999999
13064,4.922787666320801,7.407812499999999
13065,4.923227310180664,7.407812499999999
13066,4.923352241516113,7.407812499999999
13067,4.923666000366211,7.407812499999999
13068,4.92333984375,7.407812499999999
13069,4.923372268676758,7.407812499999999
13070,4.923348426818848,7.407812499999999
13071,4.923327445983887,7.407812499999999
13072,4.9233856201171875,7.407812499999999
13073,4.923285484313965,7.407812499999999
13074,4.923288345336914,7.407812499999999
13075,4.923318862915039,7.407812499999999
13076,4.923391342163086,7.407812499999999
13077,4.922858238220215,7.407812499999999
13078,4.9228515625,7.407812499999999
13079,4.923060417175293,7.407812499999999
13080,4.923131942749023,7.407812499999999
13081,4.923270225524902,7.407812499999999
13082,4.923288345336914,7.407812499999999
13083,4.922813415527344,7.407812499999999
13084,4.923168182373047,7.407812499999999
13085,4.923187255859375,7.407812499999999
13086,4.9233198165893555,7.393750000000001
13087,4.923331260681152,7.449999999999999
13088,4.923371315002441,7.547265624999999
13089,4.923117637634277,7.73125
13090,4.923328399658203,7.73125
13091,4.9233245849609375,7.73125
13092,4.923328399658203,7.73125
13093,4.923389434814453,7.7921875
13094,4.911685943603516,7.7921875
13095,4.921727180480957,7.7921875
13096,4.916136741638184,7.7921875
13097,4.916264533996582,7.7921875
13098,4.914861679077148,7.7921875
13099,4.9179487228393555,7.7921875
13100,4.917991638183594,7.7921875
13101,4.918386459350586,7.7921875
13102,4.911303520202637,7.7921875
13103,4.904828071594238,7.7921875
13104,4.912059783935547,7.7921875
13105,4.919072151184082,7.7921875
13106,4.919050216674805,7.7921875
13107,4.918773651123047,7.7921875
13108,4.9186553955078125,7.7921875
13109,4.918656349182129,7.7921875
13110,4.9178056716918945,7.7921875
13111,4.918666839599609,7.7921875
13112,4.918361663818359,7.7921875
13113,4.918186187744141,7.7921875
13114,4.918659210205078,7.7921875
13115,4.918547630310059,7.7921875
13116,4.91811466217041,7.7921875
13117,4.91860294342041,7.7921875
13118,4.918143272399902,7.7921875
13119,4.917375564575195,7.7921875
13120,4.917228698730469,7.7921875
13121,4.91690731048584,7.7921875
13122,4.917110443115234,7.7921875
13123,4.917691230773926,7.7921875
13124,4.905116081237793,7.7921875
13125,4.911094665527344,7.7921875
13126,4.9041032791137695,7.7921875
13127,4.924075126647949,7.7921875
13128,4.922309875488281,7.7921875
13129,4.922501564025879,7.7921875
13130,4.922551155090332,7.7921875
13131,4.92266845703125,7.7921875
13132,4.923383712768555,7.7921875
13133,4.923647880554199,7.7921875
13134,4.922694206237793,7.7921875
13135,4.922232627868652,7.7921875
13136,4.923081398010254,7.7921875
13137,4.923169136047363,7.7921875
13138,4.923335075378418,7.7921875
13139,4.923147201538086,7.7921875
13140,4.923155784606934,7.7921875
13141,4.92303466796875,7.7921875
13142,4.9229326248168945,7.7921875
13143,4.922917366027832,7.7921875
13144,4.931861877441406,7.7921875
13145,4.937165260314941,7.7921875
13146,4.928200721740723,7.7921875
13147,4.925832748413086,7.7921875
13148,4.923792839050293,7.7921875
13149,4.923929214477539,7.7921875
13150,4.923662185668945,7.7921875
13151,4.923929214477539,7.7921875
13152,4.922808647155762,7.7921875
13153,4.92375373840332,7.7921875
13154,4.922994613647461,7.7921875
13155,4.923192024230957,7.7921875
13156,4.92315673828125,7.7921875
13157,4.923161506652832,7.7921875
13158,4.923029899597168,7.7921875
13159,4.92303466796875,7.7921875
13160,4.923320770263672,7.7921875
13161,4.923321723937988,7.7921875
13162,4.922774314880371,7.7921875
13163,4.923133850097656,7.7921875
13164,4.923395156860352,7.7921875
13165,4.9233503341674805,7.7921875
13166,4.923027038574219,7.7921875
13167,4.922884941101074,7.7921875
13168,4.922965049743652,7.7921875
13169,4.922859191894531,7.7921875
13170,4.922727584838867,7.7921875
13171,4.922541618347168,7.7921875
13172,4.922651290893555,7.7921875
13173,4.922829627990723,7.7921875
13174,4.921416282653809,7.7921875
13175,4.92122745513916,7.7921875
13176,4.921046257019043,7.7921875
13177,4.920859336853027,7.7921875
13178,4.921031951904297,7.7921875
13179,4.921009063720703,7.7921875
13180,4.922229766845703,7.7921875
13181,4.923030853271484,7.7921875
13182,4.922752380371094,7.7921875
13183,4.923067092895508,7.7921875
13184,4.923396110534668,7.7921875
13185,4.923611640930176,7.7921875
13186,4.923636436462402,7.7921875
13187,4.9239091873168945,7.7921875
13188,4.923450469970703,7.7921875
13189,4.923632621765137,7.7921875
13190,4.922979354858398,7.7921875
13191,4.922046661376953,7.7921875
13192,4.913702011108398,7.7921875
13193,4.917056083679199,7.7921875
13194,4.919561386108398,7.7921875
13195,4.9232025146484375,7.7921875
13196,4.923255920410156,7.7921875
13197,4.922707557678223,7.7921875
13198,4.9141435623168945,7.7921875
13199,4.922504425048828,7.778125
13200,4.922734260559082,7.81328125
13201,4.922239303588867,7.82265625
13202,4.921878814697266,7.824999999999999
13203,4.923598289489746,7.829687499999999
13204,4.923649787902832,7.829687499999999
13205,4.923646926879883,7.829687499999999
13206,4.920769691467285,7.829687499999999
13207,4.922163963317871,7.829687499999999
13208,4.921523094177246,7.829687499999999
13209,4.919802665710449,7.829687499999999
13210,4.9210662841796875,7.829687499999999
13211,4.921341896057129,7.829687499999999
13212,4.92324161529541,7.829687499999999
13213,4.985450744628906,7.829687499999999
13214,4.947544097900391,7.829687499999999
13215,4.930999755859375,7.829687499999999
13216,4.924220085144043,7.829687499999999
13217,4.924130439758301,7.829687499999999
13218,4.923168182373047,7.829687499999999
13219,4.923338890075684,7.829687499999999
13220,4.9239301681518555,7.829687499999999
13221,4.924137115478516,7.829687499999999
13222,4.923975944519043,7.829687499999999
13223,4.920771598815918,7.829687499999999
13224,4.920331001281738,7.829687499999999
13225,4.920781135559082,7.829687499999999
13226,4.923293113708496,7.829687499999999
13227,4.928980827331543,7.829687499999999
13228,4.925203323364258,7.829687499999999
13229,4.923874855041504,7.829687499999999
13230,4.923645973205566,7.829687499999999
13231,4.923647880554199,7.829687499999999
13232,4.923764228820801,7.829687499999999
13233,4.923788070678711,7.829687499999999
13234,4.923398017883301,7.829687499999999
13235,4.923336982727051,7.829687499999999
13236,4.923159599304199,7.829687499999999
13237,4.923357963562012,7.829687499999999
13238,4.923375129699707,7.829687499999999
13239,4.9233808517456055,7.829687499999999
13240,4.923383712768555,7.829687499999999
13241,4.923824310302734,7.829687499999999
13242,4.923897743225098,7.829687499999999
13243,4.923510551452637,7.829687499999999
13244,4.923252105712891,7.829687499999999
13245,4.923757553100586,7.829687499999999
13246,4.924217224121094,7.829687499999999
13247,4.924308776855469,7.829687499999999
13248,4.924300193786621,7.829687499999999
13249,4.926755905151367,7.829687499999999
13250,4.927373886108398,7.829687499999999
13251,4.925122261047363,7.829687499999999
13252,4.925100326538086,7.829687499999999
13253,4.925729751586914,7.829687499999999
13254,4.927720069885254,7.829687499999999
13255,4.934430122375488,7.829687499999999
13256,5.85706901550293,7.829687499999999
13257,5.965911865234375,7.829687499999999
13258,6.4406232833862305,7.829687499999999
13259,6.408387184143066,7.829687499999999
13260,6.418335914611816,7.829687499999999
13261,6.414335250854492,7.829687499999999
13262,6.415840148925781,7.829687499999999
13263,4.411648273468018,1.0187499999999998
13264,4.497808456420898,1.0187499999999998
13265,5.78172492980957,1.0187499999999998
13266,5.92563533782959,1.0187499999999998
13267,5.929001808166504,1.0187499999999998
13268,5.939560890197754,1.0187499999999998
13269,5.94956111907959,1.0187499999999998
13270,5.9486799240112305,1.0187499999999998
13271,5.94094181060791,1.0187499999999998
13272,3.414637565612793,1.0187499999999998
13273,3.2417473793029785,1.0187499999999998
13274,3.244314432144165,1.0187499999999998
13275,3.244710922241211,1.0187499999999998
13276,3.2451815605163574,1.0187499999999998
13277,3.2651753425598145,1.0187499999999998
13278,3.3049228191375732,1.0187499999999998
13279,3.576507806777954,1.0187499999999998
13280,3.594491481781006,1.0187499999999998
13281,3.5957415103912354,1.0187499999999998
13282,3.596057176589966,1.0187499999999998
13283,3.596320867538452,1.0187499999999998
13284,3.5965611934661865,1.0187499999999998
13285,3.5965535640716553,1.0187499999999998
13286,3.5970261096954346,1.0187499999999998
13287,3.5970194339752197,1.0187499999999998
13288,3.597411870956421,1.0187499999999998
13289,3.597541332244873,1.0187499999999998
13290,3.5977389812469482,1.0187499999999998
13291,3.599006414413452,1.0187499999999998
13292,3.600311040878296,1.0187499999999998
13293,3.6017024517059326,1.0187499999999998
13294,3.5979764461517334,1.1546875
13295,3.597989797592163,1.9046875
13296,3.5983452796936035,2.48828125
13297,3.5996320247650146,2.620703125
13298,3.623490810394287,5.958203125000001
13299,3.623837947845459,6.606249999999999
13300,3.6403470039367676,8.2609375
13301,3.646240711212158,8.265625
13302,3.6738951206207275,8.9265625
13303,3.6706583499908447,6.953125
13304,3.6676602363586426,6.71875
13305,3.6189146041870117,5.6171875
13306,3.616379737854004,5.6171875
13307,3.614253282546997,5.6171875
13308,3.6065971851348877,5.6171875
13309,3.6018989086151123,5.6171875
13310,3.5993192195892334,5.6171875
13311,3.62422513961792,5.6171875
13312,3.656299114227295,5.6171875
13313,3.6432907581329346,5.6171875
13314,3.621523141860962,5.6171875
13315,3.636564254760742,5.6171875
13316,3.6466338634490967,5.6171875
13317,3.651664972305298,5.6171875
13318,3.6560394763946533,5.6171875
13319,3.663900852203369,5.6171875
13320,3.676236629486084,5.6171875
13321,3.680171012878418,5.6171875
13322,3.6866400241851807,5.6171875
13323,3.686936855316162,5.6171875
13324,3.686056613922119,5.6171875
13325,3.658782958984375,5.6171875
13326,3.6589200496673584,5.6171875
13327,3.702583074569702,5.6171875
13328,3.709087610244751,5.6171875
13329,3.735391616821289,5.6171875
13330,3.7350306510925293,5.6171875
13331,3.704477548599243,5.6171875
13332,3.7010104656219482,5.6171875
13333,3.697258234024048,5.6171875
13334,3.6789591312408447,5.6171875
13335,3.678830146789551,5.6171875
13336,3.6788690090179443,5.6171875
13337,3.6788809299468994,5.6171875
13338,3.678544282913208,5.6171875
13339,3.678239583969116,5.6171875
13340,3.6783227920532227,5.6171875
13341,3.666888475418091,5.6171875
13342,3.667020559310913,5.6171875
13343,3.668776273727417,5.6171875
13344,3.683016061782837,5.6171875
13345,3.692309617996216,5.6171875
13346,3.681147813796997,5.6171875
13347,3.6818459033966064,5.6171875
13348,3.6785976886749268,5.6171875
13349,3.6943578720092773,5.6171875
13350,3.697437286376953,5.6171875
13351,3.69877290725708,5.6171875
13352,3.698718786239624,5.6171875
13353,3.700162172317505,5.6171875
13354,3.7388811111450195,5.6171875
13355,3.762652635574341,5.6171875
13356,3.8045523166656494,5.6171875
13357,3.750431537628174,5.6171875
13358,3.859245777130127,5.6171875
13359,4.460421562194824,5.6171875
13360,4.418513298034668,5.6171875
13361,4.247371673583984,5.6171875
13362,3.6815121173858643,5.6171875
13363,3.7029192447662354,5.6171875
13364,3.6913411617279053,5.6171875
13365,3.689044713973999,5.6171875
13366,3.724759578704834,5.6171875
13367,3.724271059036255,5.6171875
13368,3.696014165878296,5.6171875
13369,3.6864898204803467,5.6171875
13370,3.68487811088562,5.6171875
13371,3.6943883895874023,5.6171875
13372,3.694423198699951,5.6171875
13373,3.695453405380249,5.6171875
13374,3.7020046710968018,5.6171875
13375,3.6995739936828613,5.6171875
13376,3.7105512619018555,5.6171875
13377,3.6860287189483643,5.6171875
13378,3.6835901737213135,5.6171875
13379,3.6806631088256836,5.6171875
13380,3.6775336265563965,5.6171875
13381,3.6670215129852295,5.6171875
13382,3.660616874694824,5.6171875
13383,3.6424691677093506,5.6171875
13384,3.677774429321289,5.6171875
13385,3.6797404289245605,5.6171875
13386,3.680736541748047,5.6171875
13387,3.681187152862549,5.6171875
13388,3.701775550842285,5.6171875
13389,5.187771797180176,5.6171875
13390,4.853693962097168,5.6171875
13391,4.3533525466918945,5.6171875
13392,3.680739641189575,5.6171875
13393,3.6794021129608154,5.6171875
13394,3.6783769130706787,5.6171875
13395,3.671091318130493,5.6171875
13396,3.6165010929107666,5.6171875
13397,3.642099142074585,5.6171875
13398,3.668346405029297,5.6171875
13399,3.679994821548462,5.6171875
13400,3.679708242416382,5.6171875
13401,3.6782870292663574,5.6171875
13402,3.674844264984131,5.6171875
13403,3.6717960834503174,5.6171875
13404,3.6565945148468018,5.6171875
13405,3.6563425064086914,5.6171875
13406,3.6689257621765137,5.6171875
13407,3.6790947914123535,5.6171875
13408,3.679293394088745,5.6171875
13409,3.679818630218506,5.6171875
13410,3.679778575897217,5.6171875
13411,3.6735548973083496,5.6171875
13412,3.6693289279937744,5.6171875
13413,3.663867473602295,5.6171875
13414,3.67973256111145,5.6171875
13415,3.6791632175445557,5.6171875
13416,3.6791977882385254,5.6171875
13417,3.6794869899749756,5.6171875
13418,3.678360939025879,5.6171875
13419,3.6783580780029297,5.6171875
13420,3.678368091583252,5.6171875
13421,3.678722381591797,5.6171875
13422,3.6791961193084717,5.6171875
13423,3.6791646480560303,5.6171875
13424,3.6791622638702393,5.6171875
13425,3.6791906356811523,5.6171875
13426,3.679070472717285,5.6171875
13427,3.6790335178375244,5.6171875
13428,3.6799914836883545,5.6171875
13429,3.6804981231689453,5.6171875
13430,3.681187868118286,5.6171875
13431,3.67901349067688,5.6171875
13432,3.6789534091949463,5.6171875
13433,3.6822564601898193,5.6171875
13434,3.68302059173584,5.6171875
13435,3.68412184715271,5.6171875
13436,3.6835780143737793,5.6171875
13437,3.6818904876708984,5.6171875
13438,3.680629253387451,5.6171875
13439,3.6806187629699707,5.6171875
13440,3.6806952953338623,5.6171875
13441,3.6939501762390137,5.6171875
13442,3.70052170753479,5.6171875
13443,3.6828973293304443,5.6171875
13444,3.6790523529052734,5.6171875
13445,3.678020477294922,5.6171875
13446,3.7867748737335205,5.6171875
13447,3.7368063926696777,5.6171875
13448,3.707219362258911,5.6171875
13449,3.6869115829467773,5.6171875
13450,3.6851065158843994,5.6171875
13451,3.676323175430298,5.6171875
13452,3.6722218990325928,5.6171875
13453,3.67745304107666,5.6171875
13454,3.679999351501465,5.6171875
13455,3.680497884750366,5.6171875
13456,3.6722147464752197,5.6171875
13457,3.679347515106201,5.6171875
13458,3.6794517040252686,5.6171875
13459,3.6800570487976074,5.6171875
13460,3.6790361404418945,5.6171875
13461,3.674453020095825,5.6171875
13462,3.671522855758667,5.6171875
13463,3.665548801422119,5.6171875
13464,3.665546417236328,5.6171875
13465,3.6667962074279785,5.6171875
13466,3.6712656021118164,5.6171875
13467,3.6745684146881104,5.6171875
13468,3.6800599098205566,5.6171875
13469,3.6806671619415283,5.6171875
13470,3.6821091175079346,5.6171875
13471,3.682465076446533,5.6171875
13472,3.6812872886657715,5.6171875
13473,3.6805129051208496,5.6171875
13474,3.673696756362915,5.6171875
13475,3.675311326980591,5.6171875
13476,3.6754109859466553,5.6171875
13477,3.678230047225952,5.6171875
13478,3.6791012287139893,5.6171875
13479,3.6792964935302734,5.6171875
13480,3.679382085800171,5.6171875
13481,3.6800572872161865,5.6171875
13482,3.67510724067688,5.6171875
13483,3.673159122467041,5.6171875
13484,3.6686089038848877,5.6171875
13485,3.6747708320617676,5.6171875
13486,3.67703914642334,5.6171875
13487,3.6793127059936523,5.6171875
13488,3.678884267807007,5.6171875
13489,3.673552989959717,5.6171875
13490,3.6741340160369873,5.6171875
13491,3.676928758621216,5.6171875
13492,3.6788814067840576,5.6171875
13493,3.67970609664917,5.6171875
13494,3.679802656173706,5.6171875
13495,3.6798012256622314,5.6171875
13496,3.6784603595733643,5.6171875
13497,3.6753790378570557,5.6171875
13498,3.675691604614258,5.6171875
13499,3.6767938137054443,5.6171875
13500,3.677145004272461,5.6171875
13501,3.677912950515747,5.6171875
13502,3.6781370639801025,5.6171875
13503,3.6794350147247314,5.6171875
13504,3.679651975631714,5.6171875
13505,3.6818959712982178,5.6171875
13506,3.6811470985412598,5.6171875
13507,3.673535108566284,5.6171875
13508,3.675893545150757,5.6171875
13509,3.678602933883667,5.6171875
13510,3.6800570487976074,5.6171875
13511,3.6800272464752197,5.6171875
13512,3.6752545833587646,5.6171875
13513,3.6796627044677734,5.6171875
13514,3.679422616958618,5.6171875
13515,3.678534984588623,5.6171875
13516,3.676541328430176,5.6171875
13517,3.6758596897125244,5.6171875
13518,3.676176071166992,5.6171875
13519,3.6764354705810547,5.6171875
13520,3.676635265350342,5.6171875
13521,3.676799774169922,5.6171875
13522,3.677121877670288,5.6171875
13523,3.680009126663208,5.6171875
13524,3.680027961730957,5.6171875
13525,3.6805503368377686,5.6171875
13526,3.6769211292266846,5.6171875
13527,3.6761934757232666,5.6171875
13528,3.6751770973205566,5.6171875
13529,3.6747336387634277,5.6171875
13530,3.6793782711029053,5.6171875
13531,3.679452657699585,5.6171875
13532,3.679811954498291,5.6171875
13533,3.6788113117218018,5.6171875
13534,3.6796388626098633,5.6171875
13535,3.680044174194336,5.6171875
13536,3.678666353225708,5.6171875
13537,3.678694486618042,5.6171875
13538,3.6781129837036133,5.6171875
13539,3.677950620651245,5.6171875
13540,3.6774890422821045,5.6171875
13541,3.67563533782959,5.6171875
13542,3.676110029220581,5.6171875
13543,3.6788198947906494,5.6171875
13544,3.6798415184020996,5.6171875
13545,3.6798436641693115,5.6171875
13546,3.6798295974731445,5.6171875
13547,3.679828643798828,5.6171875
13548,3.679691791534424,5.6171875
13549,3.6752960681915283,5.6171875
13550,3.674809694290161,5.6171875
13551,3.6756367683410645,5.6171875
13552,3.6763617992401123,5.6171875
13553,3.6782338619232178,5.6171875
13554,3.679832696914673,5.6171875
13555,3.6798627376556396,5.6171875
13556,3.6798336505889893,5.6171875
13557,3.6797313690185547,5.6171875
13558,3.6792681217193604,5.6171875
13559,3.6777522563934326,5.6171875
13560,3.67484450340271,5.6171875
13561,3.674316644668579,5.6171875
13562,3.674999713897705,5.6171875
13563,3.6760666370391846,5.6171875
13564,3.679672956466675,5.6171875
13565,3.6793723106384277,5.6171875
13566,3.6788904666900635,5.6171875
13567,3.6749799251556396,5.6171875
13568,3.677898406982422,5.6171875
13569,3.6794698238372803,5.6171875
13570,3.679847002029419,5.6171875
13571,3.680086374282837,5.6171875
13572,3.673445701599121,5.6171875
13573,3.6747634410858154,5.6171875
13574,3.677000045776367,5.6171875
13575,3.67754864692688,5.6171875
13576,3.6793270111083984,5.6171875
13577,3.679442882537842,5.6171875
13578,3.6793832778930664,5.6171875
13579,3.676936626434326,5.6171875
13580,3.676731824874878,5.6171875
13581,3.6730844974517822,5.6171875
13582,3.674300193786621,5.6171875
13583,3.675286054611206,5.6171875
13584,3.6786856651306152,5.6171875
13585,3.6792941093444824,5.6171875
13586,3.6790928840637207,5.6171875
13587,3.6794164180755615,5.6171875
13588,3.6794722080230713,5.6171875
13589,3.6792893409729004,5.6171875
13590,3.6750380992889404,5.6171875
13591,3.6748530864715576,5.6171875
13592,3.67499041557312,5.6171875
13593,3.6769113540649414,5.6171875
13594,3.6770997047424316,5.6171875
13595,3.6786139011383057,5.6171875
13596,3.6796321868896484,5.6171875
13597,3.680050849914551,5.6171875
13598,3.6706793308258057,5.6171875
13599,3.65390944480896,5.6171875
13600,3.6536693572998047,5.6171875
13601,3.660372495651245,5.6171875
13602,3.6786129474639893,5.6171875
13603,3.6796135902404785,5.6171875
13604,3.67602276802063,5.6171875
13605,3.6744956970214844,5.6171875
13606,3.6747395992279053,5.6171875
13607,3.67527437210083,5.6171875
13608,3.677863836288452,5.6171875
13609,3.6785330772399902,5.6171875
13610,3.6795334815979004,5.6171875
13611,3.6797337532043457,5.6171875
13612,3.679717540740967,5.6171875
13613,3.6794896125793457,5.6171875
13614,3.6786231994628906,5.6171875
13615,3.676891565322876,5.6171875
13616,3.6766159534454346,5.6171875
13617,3.6752126216888428,5.510546875
13618,3.6754705905914307,4.84375
13619,3.675490379333496,4.7875
13620,3.6766979694366455,4.237890625
13621,3.6784985065460205,3.19375
13622,3.6793203353881836,3.1890625
13623,3.6794698238372803,3.1890625
13624,3.680086135864258,3.1890625
13625,3.6800191402435303,3.1890625
13626,3.67844295501709,3.1890625
13627,3.6767737865448,3.1890625
13628,3.6795334815979004,3.1890625
13629,3.6807641983032227,3.1890625
13630,3.6799862384796143,3.1890625
13631,3.679384469985962,3.1890625
13632,3.679104804992676,3.1890625
13633,3.678417682647705,3.1890625
13634,3.6781070232391357,3.1890625
13635,3.676905393600464,3.1890625
13636,3.6756999492645264,3.1890625
13637,3.6723601818084717,3.1890625
13638,3.675238847732544,3.1890625
13639,3.6767218112945557,3.1890625
13640,3.679272174835205,3.19375
13641,3.680539846420288,3.19375
13642,3.6790430545806885,3.19375
13643,3.674988269805908,3.3109375
13644,3.674105405807495,4.39375
13645,3.6747794151306152,4.39375
13646,3.675187587738037,4.39375
13647,3.6760878562927246,4.4640625
13648,3.677809715270996,4.4640625
13649,3.6782732009887695,4.4640625
13650,3.6788651943206787,4.4640625
13651,3.678940534591675,4.4640625
13652,3.6792869567871094,4.4640625
13653,3.668881416320801,4.4640625
13654,3.6690611839294434,4.4640625
13655,3.673774242401123,4.4640625
13656,3.6747207641601562,4.4640625
13657,3.6793229579925537,4.4640625
13658,3.6769673824310303,4.4640625
13659,3.6712865829467773,4.4640625
13660,3.677896022796631,4.4640625
13661,3.679253578186035,4.4640625
13662,3.679826021194458,4.4640625
13663,3.680063486099243,4.4640625
13664,3.6738674640655518,4.4640625
13665,3.6461331844329834,4.4640625
13666,3.6794955730438232,4.4640625
13667,3.6797118186950684,4.4640625
13668,3.679720163345337,4.4640625
13669,3.6798081398010254,4.4640625
13670,3.679049491882324,4.4640625
13671,3.6766722202301025,4.4640625
13672,3.6639702320098877,4.4640625
13673,3.6564929485321045,4.4640625
13674,3.653012275695801,4.4640625
13675,3.6475160121917725,4.4640625
13676,3.647632360458374,4.4640625
13677,3.651676654815674,4.4640625
13678,3.656486988067627,4.4640625
13679,3.6677253246307373,4.4640625
13680,3.6787240505218506,4.4640625
13681,3.67934513092041,4.4640625
13682,3.6794357299804688,4.4640625
13683,3.6793100833892822,4.4640625
13684,3.679022789001465,4.4640625
13685,3.674736738204956,4.4640625
13686,3.6647980213165283,4.4640625
13687,3.664363145828247,4.4640625
13688,3.659571409225464,4.4640625
13689,3.65720796585083,4.4640625
13690,3.6585445404052734,4.4640625
13691,3.6624836921691895,4.4640625
13692,3.678767442703247,4.4640625
13693,3.6793904304504395,4.4640625
13694,3.6800765991210938,4.4640625
13695,3.6797211170196533,4.4640625
13696,3.6781535148620605,4.4640625
13697,3.6760969161987305,4.4640625
13698,3.670508861541748,4.4640625
13699,3.6677281856536865,4.4640625
13700,3.638788938522339,4.4640625
13701,3.6379764080047607,4.4640625
13702,3.6380791664123535,4.4640625
13703,3.6409478187561035,4.4640625
13704,3.643235683441162,4.4640625
13705,3.6465554237365723,4.4640625
13706,3.6470556259155273,4.4640625
13707,3.6606388092041016,4.4640625
13708,3.679387092590332,4.4640625
13709,3.673964262008667,4.4640625
13710,3.647007703781128,4.4640625
13711,3.65590238571167,4.4640625
13712,3.6693477630615234,4.4640625
13713,3.6710712909698486,4.4640625
13714,3.6726572513580322,4.4640625
13715,3.6784207820892334,4.4640625
13716,3.6784160137176514,4.4640625
13717,3.6782162189483643,4.4640625
13718,3.6737494468688965,4.4640625
13719,3.6737492084503174,4.4640625
13720,3.6737730503082275,4.4640625
13721,3.6788575649261475,4.4640625
13722,3.680070161819458,4.4921875
13723,3.6585512161254883,4.5671875
13724,3.667083501815796,4.5671875
13725,3.6789610385894775,4.5671875
13726,3.680068016052246,4.5671875
13727,3.678821563720703,4.5671875
13728,3.6755928993225098,4.5671875
13729,3.67173433303833,4.5671875
13730,3.6630232334136963,4.5671875
13731,3.640037775039673,4.5671875
13732,3.642580270767212,4.5671875
13733,3.6480753421783447,4.5671875
13734,3.6549580097198486,4.5671875
13735,3.657942533493042,4.5671875
13736,3.677556037902832,4.5671875
13737,3.6519417762756348,4.5671875
13738,3.66211199760437,4.5671875
13739,3.671180248260498,4.5671875
13740,3.6738274097442627,4.5671875
13741,3.677051544189453,4.5671875
13742,3.6791086196899414,4.5671875
13743,3.6750080585479736,4.5671875
13744,3.672625780105591,4.5671875
13745,3.6425178050994873,4.5671875
13746,3.6397347450256348,4.5671875
13747,3.6398377418518066,4.5671875
13748,3.643371820449829,4.5671875
13749,3.6622579097747803,4.5671875
13750,3.6650688648223877,4.5671875
13751,3.6699795722961426,4.5671875
13752,3.6704695224761963,4.5671875
13753,3.679474115371704,4.5671875
13754,3.679842710494995,4.5671875
13755,3.6621336936950684,4.5671875
13756,3.6525583267211914,4.5671875
13757,3.653808832168579,4.5671875
13758,3.654545783996582,4.5671875
13759,3.6643664836883545,4.5671875
13760,3.665344476699829,4.5671875
13761,3.6782994270324707,4.5671875
13762,3.6785800457000732,4.5671875
13763,3.680050849914551,4.5671875
13764,3.6800644397735596,4.5671875
13765,3.6800496578216553,4.5671875
13766,3.679861545562744,4.5671875
13767,3.66766357421875,4.5671875
13768,3.65895938873291,4.5671875
13769,3.6514976024627686,4.5671875
13770,3.6706392765045166,4.5671875
13771,3.6800713539123535,4.5671875
13772,3.6733431816101074,4.5671875
13773,3.6660611629486084,4.5671875
13774,3.664166212081909,4.5671875
13775,3.660827398300171,4.5671875
13776,3.6593637466430664,4.5671875
13777,3.652212381362915,4.5671875
13778,3.653130292892456,4.5671875
13779,3.6636528968811035,4.5671875
13780,3.6672916412353516,4.5671875
13781,3.6737918853759766,4.5671875
13782,3.6711273193359375,4.5765625
13783,3.6699650287628174,4.6
13784,3.6694390773773193,5.18125
13785,3.667654037475586,5.18125
13786,3.6793837547302246,5.29375
13787,3.6798250675201416,5.29375
13788,3.6775498390197754,5.378125
13789,3.6526424884796143,5.378125
13790,3.646068811416626,5.378125
13791,3.6567540168762207,5.378125
13792,3.6782872676849365,5.378125
13793,3.6786623001098633,5.378125
13794,3.6789112091064453,5.378125
13795,3.6793525218963623,5.378125
13796,3.6778905391693115,5.378125
13797,3.6759896278381348,5.378125
13798,3.6684751510620117,5.378125
13799,3.666991710662842,5.378125
13800,3.6685092449188232,5.378125
13801,3.6729118824005127,5.378125
13802,3.679352283477783,5.378125
13803,3.6797783374786377,5.378125
13804,3.6798336505889893,5.378125
13805,3.678584098815918,5.378125
13806,3.6781930923461914,5.378125
13807,3.6448850631713867,5.378125
13808,3.666550874710083,5.378125
13809,3.6727161407470703,5.378125
13810,3.6722867488861084,5.378125
13811,3.670064926147461,5.378125
13812,3.659905195236206,5.378125
13813,3.660682439804077,5.378125
13814,3.6690216064453125,5.378125
13815,3.6798651218414307,5.378125
13816,3.6798367500305176,5.378125
13817,3.679720401763916,5.378125
13818,3.679408073425293,5.378125
13819,3.6791298389434814,5.378125
13820,3.6702563762664795,5.378125
13821,3.6478023529052734,5.3921875
13822,3.65541934967041,5.3921875
13823,3.6679892539978027,5.3921875
13824,3.6794273853302,5.3921875
13825,3.679621458053589,5.3921875
13826,3.6797196865081787,5.3921875
13827,3.6797194480895996,5.3921875
13828,3.679342031478882,5.3921875
13829,3.675386428833008,5.3921875
13830,3.6559033393859863,5.3921875
13831,3.6452362537384033,5.3921875
13832,3.651132822036743,5.3921875
13833,3.652871608734131,5.3921875
13834,3.654453754425049,5.3921875
13835,3.6632421016693115,5.3921875
13836,3.66947865486145,5.3921875
13837,3.6716835498809814,5.3921875
13838,3.6738624572753906,5.3921875
13839,3.6782569885253906,5.3921875
13840,3.680091619491577,5.3921875
13841,3.680100917816162,5.3921875
13842,3.6743953227996826,5.3921875
13843,3.6697933673858643,5.3921875
13844,3.666999578475952,5.3921875
13845,3.6682558059692383,5.3921875
13846,3.668529510498047,5.3921875
13847,3.6481382846832275,5.3921875
13848,3.6463077068328857,5.3921875
13849,3.6782877445220947,5.3921875
13850,3.679839849472046,5.3921875
13851,3.6761474609375,5.3921875
13852,3.674330711364746,5.3921875
13853,3.669861078262329,5.3921875
13854,3.673506498336792,4.1828125
13855,3.6730968952178955,3.6578125
13856,3.671640157699585,3.625
13857,3.6715335845947266,3.6175
13858,3.670861005783081,3.4937500000000004
13859,3.6643447875976562,4.53671875
13860,3.677881956100464,6.2453125
13861,3.6782572269439697,6.2453125
13862,3.678572416305542,6.2453125
13863,3.678677558898926,6.2453125
13864,3.67826247215271,6.2453125
13865,3.676116466522217,6.24765625
13866,3.6730892658233643,6.25375
13867,3.67197585105896,5.7765625
13868,3.6764917373657227,5.446093749999999
13869,3.6788086891174316,4.46875
13870,3.6782190799713135,4.13828125
13871,3.6692705154418945,3.6484375
13872,3.669752359390259,3.6484375
13873,3.6788246631622314,3.6484375
13874,3.71820068359375,3.6484375
13875,3.757157325744629,3.6484375
13876,3.757965564727783,3.6484375
13877,3.6811907291412354,3.6484375
13878,3.6804938316345215,3.6484375
13879,3.5993833541870117,3.5453125
13880,3.595834970474243,3.45390625
13881,3.5973732471466064,3.4515625
13882,3.600919246673584,3.5078125000000004
13883,3.6047496795654297,3.5078125000000004
13884,3.674898386001587,3.5078125000000004
13885,3.6767961978912354,3.5031250000000003
13886,3.6778688430786133,3.5031250000000003
13887,3.6760947704315186,3.5031250000000003
13888,3.675018072128296,3.5031250000000003
13889,3.663684368133545,3.5031250000000003
13890,3.669126510620117,3.503125
13891,3.668494939804077,3.5031250000000003
13892,3.6741790771484375,3.5031250000000003
13893,3.678248643875122,3.5031250000000003
13894,3.6789071559906006,3.5031250000000003
13895,3.6784324645996094,3.5031250000000003
13896,3.677881956100464,3.5031250000000003
13897,3.6669199466705322,3.5031250000000003
13898,3.6659481525421143,3.5031250000000003
13899,3.670196294784546,3.5031250000000003
13900,3.6706302165985107,3.5031250000000003
13901,3.670867443084717,3.5031250000000003
13902,3.670103073120117,3.5031250000000003
13903,3.6664700508117676,3.5031250000000003
13904,3.669227361679077,3.5031250000000003
13905,3.6699750423431396,3.5031250000000003
13906,3.6788628101348877,3.5031250000000003
13907,3.679218053817749,3.5031250000000003
13908,3.679640769958496,3.5031250000000003
13909,3.6796951293945312,3.5031250000000003
13910,3.6769168376922607,3.5031250000000003
13911,3.676197052001953,3.5031250000000003
13912,3.6756744384765625,3.5031250000000003
13913,3.6693732738494873,3.5031250000000003
13914,3.668153762817383,3.5031250000000003
13915,3.6633265018463135,3.5031250000000003
13916,3.6638712882995605,3.5031250000000003
13917,3.6683621406555176,3.5031250000000003
13918,3.6771345138549805,3.5031250000000003
13919,3.6561365127563477,3.5031250000000003
13920,3.656430244445801,3.5031250000000003
13921,3.6566176414489746,3.5031250000000003
13922,3.6600871086120605,3.5031250000000003
13923,3.6628060340881348,3.5031250000000003
13924,3.6628403663635254,3.5031250000000003
13925,3.6685543060302734,3.5031250000000003
13926,3.6689960956573486,3.5031250000000003
13927,3.6758475303649902,3.5031250000000003
13928,3.679488182067871,3.5031250000000003
13929,3.6798629760742188,3.5031250000000003
13930,3.680494785308838,3.5031250000000003
13931,3.680522918701172,3.5031250000000003
13932,3.67911434173584,3.5031250000000003
13933,3.677760362625122,3.5031250000000003
13934,3.6669764518737793,3.5031250000000003
13935,3.6566789150238037,3.5031250000000003
13936,3.655203104019165,3.5031250000000003
13937,3.6538846492767334,3.5031250000000003
13938,3.6519272327423096,3.5031250000000003
13939,3.657423257827759,3.5031250000000003
13940,3.6778998374938965,3.5031250000000003
13941,3.6632938385009766,3.5031250000000003
13942,3.6657049655914307,3.5031250000000003
13943,3.667935609817505,3.5031250000000003
13944,3.6794040203094482,3.5031250000000003
13945,3.679722547531128,3.5031250000000003
13946,3.679661512374878,3.5031250000000003
13947,3.6794180870056152,3.5031250000000003
13948,3.6728758811950684,3.5031250000000003
13949,3.671238899230957,3.5031250000000003
13950,3.6715471744537354,3.5031250000000003
13951,3.6716182231903076,3.5031250000000003
13952,3.6718780994415283,3.5031250000000003
13953,3.6737260818481445,3.5031250000000003
13954,3.673567295074463,3.5031250000000003
13955,3.6743979454040527,3.5031250000000003
13956,3.6804873943328857,3.5031250000000003
13957,3.668405294418335,3.5031250000000003
13958,3.665658712387085,3.5031250000000003
13959,3.66140079498291,3.5031250000000003
13960,3.6644837856292725,3.5031250000000003
13961,3.6748502254486084,3.5031250000000003
13962,3.6795132160186768,3.5031250000000003
13963,3.679509401321411,3.5031250000000003
13964,3.67253041267395,3.5031250000000003
13965,3.657693862915039,3.5031250000000003
13966,3.6678884029388428,3.5031250000000003
13967,3.6768274307250977,3.5031250000000003
13968,3.679075241088867,3.5031250000000003
13969,3.67915415763855,3.5031250000000003
13970,3.6789042949676514,3.5031250000000003
13971,3.6673004627227783,3.5031250000000003
13972,3.6775591373443604,3.5031250000000003
13973,3.6749985218048096,3.5031250000000003
13974,3.669964551925659,3.5031250000000003
13975,3.6685667037963867,3.4937500000000004
13976,3.671562910079956,3.4937500000000004
13977,3.680476427078247,3.45390625
13978,3.6800506114959717,3.13046875
13979,3.678706645965576,2.678125
13980,3.678253173828125,2.678125
13981,3.669959545135498,2.678125
13982,3.6648263931274414,2.621875
13983,3.665189027786255,2.621875
13984,3.6651670932769775,2.621875
13985,3.665555477142334,2.621875
13986,3.6659581661224365,2.621875
13987,3.6672003269195557,2.621875
13988,3.6794776916503906,2.621875
13989,3.6798455715179443,2.621875
13990,3.6797940731048584,2.621875
13991,3.679365873336792,2.621875
13992,3.678783893585205,2.621875
13993,3.675382614135742,2.621875
13994,3.6731765270233154,2.621875
13995,3.6608192920684814,2.621875
13996,3.6607038974761963,2.621875
13997,3.659931182861328,2.621875
13998,3.6621391773223877,2.621875
13999,3.663003444671631,2.621875
14000,3.6650421619415283,2.621875
14001,3.6664340496063232,2.621875
14002,3.668903350830078,2.621875
14003,3.669976234436035,2.621875
14004,3.6760599613189697,2.621875
14005,3.662558078765869,2.621875
14006,3.6595821380615234,2.621875
14007,3.6602797508239746,2.621875
14008,3.6648685932159424,2.621875
14009,3.668025493621826,2.621875
14010,3.6770517826080322,2.621875
14011,3.673065185546875,2.621875
14012,3.6711297035217285,2.621875
14013,3.6639654636383057,2.621875
14014,3.663346767425537,2.621875
14015,3.669351577758789,2.621875
14016,3.671682119369507,2.621875
14017,3.678091287612915,2.621875
14018,3.675320625305176,2.621875
14019,3.6704981327056885,2.621875
14020,3.6699204444885254,2.621875
14021,3.665672540664673,2.621875
14022,3.6680147647857666,2.6171875
14023,3.679105281829834,2.6125
14024,3.679367780685425,2.6125
14025,3.679818868637085,2.6125
14026,3.680072069168091,2.621875
14027,3.6789019107818604,2.621875
14028,3.6728603839874268,2.621875
14029,3.6688666343688965,2.621875
14030,3.6666524410247803,2.621875
14031,3.6658198833465576,2.621875
14032,3.664149045944214,2.621875
14033,3.665851354598999,2.621875
14034,3.678386688232422,2.621875
14035,3.6790807247161865,2.621875
14036,3.6791250705718994,2.621875
14037,3.6800167560577393,2.621875
14038,3.677941083908081,2.621875
14039,3.6753907203674316,2.621875
14040,3.665619134902954,2.621875
14041,3.6796875,2.621875
14042,3.6679131984710693,2.621875
14043,3.66568660736084,2.621875
14044,3.6647226810455322,2.621875
14045,3.66387939453125,2.621875
14046,3.663482666015625,2.621875
14047,3.664832592010498,2.621875
14048,3.669032096862793,2.621875
14049,3.6699166297912598,2.621875
14050,3.6705636978149414,2.621875
14051,3.675837516784668,2.621875
14052,3.6761085987091064,2.621875
14053,3.6760520935058594,2.621875
14054,3.6756715774536133,3.818359375
14055,3.67592453956604,3.8453125
14056,3.6760785579681396,4.5859375
14057,3.677370071411133,4.515625
14058,3.6794440746307373,4.4921875
14059,3.6796231269836426,4.4921875
14060,3.6795663833618164,4.4921875
14061,3.6783249378204346,4.4921875
14062,3.676818370819092,4.4921875
14063,3.6768219470977783,4.4921875
14064,3.676602363586426,4.4921875
14065,3.6755990982055664,4.4921875
14066,3.680056571960449,4.4921875
14067,3.67980694770813,4.4921875
14068,3.6776766777038574,4.385546875
14069,3.6757593154907227,4.2859375
14070,3.6772329807281494,2.8234375000000003
14071,3.695361852645874,1.0
14072,3.6940698623657227,1.0
14073,3.69339919090271,1.0
14074,3.695509910583496,1.22265625
14075,3.697193145751953,4.8953125
14076,3.695096254348755,1.0
14077,3.6879048347473145,1.0
14078,3.681203842163086,6.4984375
14079,3.6799468994140625,3.0203125
14080,3.6800100803375244,2.6546875
14081,3.680523157119751,2.6546875
14082,3.679438591003418,2.6546875
14083,3.6787617206573486,2.6546875
14084,3.6763906478881836,2.6546875
14085,3.678582191467285,2.6546875
14086,3.679072856903076,2.6546875
14087,3.68052077293396,2.6546875
14088,3.681222915649414,2.6546875
14089,3.680743455886841,2.6546875
14090,3.6754097938537598,2.6546875
14091,3.6771833896636963,2.6546875
14092,3.6771509647369385,2.6546875
14093,3.6778228282928467,2.6546875
14094,3.67789888381958,2.6546875
14095,3.6778554916381836,2.6546875
14096,3.679990530014038,2.6546875
14097,3.678899049758911,2.6546875
14098,3.677536964416504,2.6546875
14099,3.6740901470184326,2.6546875
14100,3.6740856170654297,2.6546875
14101,3.674635410308838,2.6546875
14102,3.674849271774292,2.6546875
14103,3.675313949584961,2.6546875
14104,3.6755306720733643,2.6546875
14105,3.675570011138916,2.6546875
14106,3.676790475845337,2.6546875
14107,3.6792473793029785,2.6546875
14108,3.680708408355713,2.6546875
14109,3.6807267665863037,2.6546875
14110,3.6683461666107178,2.6546875
14111,3.6677911281585693,2.6546875
14112,3.6698222160339355,2.6546875
14113,3.671698808670044,2.6546875
14114,3.6755716800689697,2.6546875
14115,3.677825927734375,2.6546875
14116,3.676089286804199,2.6546875
14117,3.6721832752227783,2.6546875
14118,3.671126127243042,2.6546875
14119,3.6724154949188232,2.6546875
14120,3.6729812622070312,2.6546875
14121,3.6760942935943604,2.6546875
14122,3.6766879558563232,2.6546875
14123,3.6781914234161377,2.6546875
14124,3.6787383556365967,2.6546875
14125,3.681182384490967,2.6546875
14126,3.678832769393921,2.6546875
14127,3.6761276721954346,2.6546875
14128,3.676312208175659,2.6546875
14129,3.677257776260376,2.6546875
14130,3.6772661209106445,2.6546875
14131,3.6779561042785645,2.6546875
14132,3.678431987762451,2.6546875
14133,3.6805760860443115,2.6546875
14134,3.6795482635498047,2.6546875
14135,3.6780529022216797,2.6546875
14136,3.6786246299743652,2.6546875
14137,3.678478717803955,2.6546875
14138,3.6786952018737793,2.6546875
14139,3.677527666091919,2.6546875
14140,3.6794519424438477,2.6546875
14141,3.6801555156707764,2.6546875
14142,3.680975914001465,2.6546875
14143,3.6801493167877197,2.6546875
14144,3.6790390014648438,2.6546875
14145,3.6787784099578857,2.6546875
14146,3.6785428524017334,2.6546875
14147,3.677509307861328,2.6546875
14148,3.677140951156616,2.6546875
14149,3.6771223545074463,2.6546875
14150,3.6772775650024414,2.6546875
14151,3.677290439605713,2.6546875
14152,3.6772680282592773,2.6546875
14153,3.6775527000427246,2.6546875
14154,3.677576780319214,2.6546875
14155,3.6775455474853516,2.6546875
14156,3.6793673038482666,2.6546875
14157,3.6819398403167725,2.6546875
14158,3.6824679374694824,2.6546875
14159,3.6824753284454346,2.6546875
14160,3.6824700832366943,2.6546875
14161,3.68277907371521,2.6546875
14162,3.6808018684387207,2.6546875
14163,3.677124500274658,2.659375
14164,3.6767218112945557,2.686328125
14165,3.676661252975464,2.756640625
14166,3.676191568374634,3.1140625
14167,3.6772689819335938,3.7796875
14168,3.6774909496307373,3.7796875
14169,3.6775527000427246,3.766796875
14170,3.67844820022583,2.8996093750000003
14171,3.6787288188934326,2.7015625
14172,3.680022716522217,2.5234375
14173,3.6806678771972656,2.5140625
14174,3.6805546283721924,2.5140625
14175,3.6799240112304688,2.5140625
14176,3.6796586513519287,2.5140625
14177,3.6762454509735107,2.5140625
14178,3.6767659187316895,2.6171875
14179,3.6771726608276367,2.444921875
14180,3.679619073867798,2.44375
14181,3.681795597076416,2.490625
14182,3.6753196716308594,2.4859375
14183,3.6753392219543457,2.4859375
14184,3.6756844520568848,2.4859375
14185,3.6759679317474365,2.4859375
14186,3.6767666339874268,2.4859375
14187,3.677813768386841,2.4859375
14188,3.6781554222106934,2.4859375
14189,3.679392099380493,2.490625
14190,3.6801834106445312,2.5
14191,3.680450916290283,2.5
14192,3.6806559562683105,2.5
14193,3.680572509765625,2.5
14194,3.680036783218384,2.5
14195,3.680013418197632,2.5
14196,3.679037094116211,2.5
14197,3.678065299987793,2.5
14198,3.6773762702941895,2.5
14199,3.6776013374328613,2.5
14200,3.6783053874969482,2.5
14201,3.6784234046936035,2.5
14202,3.6794028282165527,2.5
14203,3.6800482273101807,2.5
14204,3.680561065673828,2.5
14205,3.677468776702881,2.5
14206,3.67706298828125,2.5
14207,3.676835298538208,2.5
14208,3.6775617599487305,2.5
14209,3.677554130554199,2.5
14210,3.6775810718536377,2.5
14211,3.6776657104492188,2.5
14212,3.678061008453369,2.5
14213,3.6786177158355713,2.5
14214,3.6783688068389893,2.5
14215,3.6784560680389404,2.5
14216,3.678753137588501,2.5
14217,3.680056571960449,2.5
14218,3.6801469326019287,2.5
14219,3.6819708347320557,2.5
14220,3.6819450855255127,2.5
14221,3.682471513748169,2.5
14222,3.6827499866485596,2.5
14223,3.6804845333099365,2.5
14224,3.6807289123535156,2.5
14225,3.680877447128296,2.5
14226,3.680360794067383,2.5
14227,3.6787586212158203,2.5
14228,3.6794371604919434,2.5
14229,3.6783902645111084,2.5
14230,3.6783344745635986,2.5
14231,3.6936581134796143,2.5
14232,3.690319538116455,2.5
14233,3.686190128326416,2.5
14234,3.6809685230255127,2.5
14235,3.680575132369995,2.5
14236,3.6805548667907715,2.5
14237,3.6704304218292236,2.5
14238,3.6689913272857666,2.5
14239,3.668985366821289,2.5
14240,3.667607069015503,2.5
14241,3.66884183883667,2.5
14242,3.669647693634033,2.5
14243,3.6761884689331055,2.5
14244,3.678795337677002,2.5
14245,3.6776366233825684,2.5
14246,3.6746842861175537,2.5
14247,3.6753809452056885,2.5
14248,3.675733804702759,2.5
14249,3.675748348236084,2.5
14250,3.6762001514434814,2.5
14251,3.6799519062042236,2.5
14252,3.678640127182007,2.5
14253,3.6785800457000732,2.5
14254,3.677028179168701,2.5
14255,3.674790620803833,2.5
14256,3.6722490787506104,2.5
14257,3.673264265060425,2.5
14258,3.6798908710479736,2.5
14259,3.680708169937134,2.5
14260,3.680757761001587,2.5
14261,3.68070650100708,2.5
14262,3.680177927017212,2.5
14263,3.67753529548645,2.5
14264,3.6767866611480713,2.5
14265,3.664759397506714,2.5
14266,3.6793277263641357,2.5
14267,3.679344415664673,2.5
14268,3.6794309616088867,2.5
14269,3.677854537963867,2.5
14270,3.6661133766174316,2.5
14271,3.663407802581787,2.5
14272,3.6618878841400146,2.5
14273,3.6610679626464844,2.5
14274,3.6609411239624023,2.5
14275,3.6609365940093994,2.5
14276,3.660951614379883,2.5
14277,3.665679931640625,2.5
14278,3.6702139377593994,2.5
14279,3.6783201694488525,2.5
14280,3.67932391166687,2.5
14281,3.66389536857605,2.5
14282,3.656622886657715,2.5
14283,3.66019344329834,2.5
14284,3.6687865257263184,2.5
14285,3.67154598236084,2.5
14286,3.676508903503418,2.5
14287,3.6772286891937256,2.5
14288,3.6782023906707764,2.5
14289,3.678715705871582,2.5
14290,3.679291009902954,2.5
14291,3.6798996925354004,2.5
14292,3.679906129837036,2.5
14293,3.6792867183685303,2.5
14294,3.6685192584991455,2.5
14295,3.6672191619873047,2.5
14296,3.673034429550171,2.5
14297,3.6732397079467773,2.5
14298,3.673586130142212,2.5
14299,3.6741974353790283,2.5
14300,3.670872449874878,2.5
14301,3.67016339302063,2.5
14302,3.667546272277832,2.5
14303,3.6676435470581055,2.5
14304,3.669113874435425,2.5
14305,3.6694445610046387,2.5
14306,3.674081802368164,2.5
14307,3.6782379150390625,2.5
14308,3.676806926727295,2.5
14309,3.6754636764526367,2.5
14310,3.6755011081695557,2.5
14311,3.675076723098755,2.5
14312,3.674136161804199,2.5
14313,3.6782679557800293,2.5
14314,3.6787827014923096,2.5
14315,3.678920269012451,2.5
14316,3.6788980960845947,2.5
14317,3.679905891418457,2.5
14318,3.6778955459594727,2.5
14319,3.676945686340332,2.5
14320,3.655137062072754,2.5
14321,3.6460442543029785,2.5
14322,3.6699256896972656,2.5
14323,3.6785671710968018,2.5
14324,3.679307699203491,2.5
14325,3.677877426147461,2.5
14326,3.6761324405670166,2.5
14327,3.6519107818603516,2.5
14328,3.6479480266571045,2.5
14329,3.648613929748535,2.5
14330,3.6491916179656982,2.5
14331,3.650129556655884,2.5
14332,3.661954641342163,2.5
14333,3.679440975189209,2.5
14334,3.6794445514678955,2.5
14335,3.6794395446777344,2.5
14336,3.67887544631958,2.5
14337,3.6787548065185547,2.5
14338,3.679835081100464,2.5
14339,3.671677827835083,2.5
14340,3.6757876873016357,2.5
14341,3.6798980236053467,2.5
14342,3.6517980098724365,2.5
14343,3.649585485458374,2.5
14344,3.658109426498413,2.5
14345,3.6624672412872314,2.5
14346,3.6651835441589355,2.5
14347,3.665677309036255,2.5
14348,3.679281711578369,2.5
14349,3.679304838180542,2.5
14350,3.679342269897461,2.5
14351,3.661123752593994,2.5
14352,3.661827802658081,2.5
14353,3.6656675338745117,2.5
14354,3.6685173511505127,2.5
14355,3.6775548458099365,2.5
14356,3.6792337894439697,2.5
14357,3.679290294647217,2.5
14358,3.679277181625366,2.5
14359,3.6792099475860596,2.5
14360,3.675041913986206,2.5
14361,3.6725215911865234,2.5
14362,3.667320966720581,2.5
14363,3.6691975593566895,2.5
14364,3.6793315410614014,2.5
14365,3.679852247238159,2.5
14366,3.6653788089752197,2.5
14367,3.66143798828125,2.5
14368,3.6702680587768555,2.5
14369,3.6706321239471436,2.5
14370,3.677837371826172,2.5
14371,3.6793153285980225,2.5
14372,3.679321050643921,2.5
14373,3.6792995929718018,2.5
14374,3.678913116455078,2.5
14375,3.678518295288086,2.5
14376,3.676607370376587,2.5
14377,3.674860954284668,2.5
14378,3.671055793762207,2.5
14379,3.6707615852355957,2.5
14380,3.67043137550354,2.5
14381,3.6711535453796387,2.5
14382,3.6785812377929688,2.5
14383,3.678677797317505,2.5
14384,3.6798243522644043,2.5
14385,3.6798412799835205,2.5
14386,3.6793105602264404,2.5
14387,3.679102897644043,2.5
14388,3.675513982772827,2.5
14389,3.67557430267334,2.5
14390,3.6785216331481934,2.5
14391,3.680046558380127,2.5
14392,3.8383216857910156,2.5
14393,4.393573760986328,2.5
14394,4.474859237670898,2.5
14395,3.6845972537994385,2.5
14396,3.6788454055786133,2.5
14397,3.669275999069214,2.5
14398,3.668764591217041,2.5
14399,3.6695382595062256,2.5
14400,3.669929027557373,2.5
14401,3.67006254196167,2.5
14402,3.6792380809783936,2.5
14403,3.6814684867858887,2.5
14404,3.682800054550171,2.5
14405,3.6720895767211914,2.5
14406,3.0875236988067627,2.5
14407,3.0878729820251465,2.5
14408,3.255470037460327,2.5
14409,3.378459930419922,2.5
14410,3.573324203491211,2.5
14411,3.5591914653778076,2.5
14412,3.6133499145507812,2.5
14413,3.6161816120147705,2.5
14414,3.6119608879089355,2.5
14415,3.6042401790618896,2.5
14416,3.5985705852508545,2.5
14417,3.601475715637207,2.5
14418,3.6142783164978027,2.5
14419,3.599320888519287,2.5
14420,3.5985686779022217,2.5
14421,3.5984303951263428,2.5
14422,3.5973994731903076,2.5
14423,3.5972740650177,2.5
14424,3.598021984100342,2.5
14425,3.5986804962158203,2.5
14426,3.5984435081481934,2.5
14427,3.5973401069641113,2.5
14428,3.5973100662231445,2.5
14429,3.5976405143737793,2.5
14430,3.597569465637207,2.5
14431,3.596187114715576,2.5
14432,3.5961356163024902,2.5
14433,3.6024997234344482,2.5
14434,3.663926601409912,2.5
14435,3.6015923023223877,2.5
14436,3.652956962585449,2.5
14437,3.6827898025512695,2.5
14438,3.685741424560547,2.5
14439,3.6872951984405518,2.5
14440,3.7005345821380615,2.5
14441,3.7104015350341797,2.5
14442,3.7092490196228027,2.5
14443,3.7106375694274902,2.5
14444,3.8270223140716553,2.5
14445,3.8736774921417236,2.5
14446,5.845953941345215,2.5
14447,5.808149337768555,2.5
14448,5.804376602172852,2.5
14449,5.856134414672852,2.5
14450,5.918230056762695,2.5
14451,5.940990447998047,2.5
14452,5.944767951965332,2.5
14453,5.940839767456055,2.5
14454,5.956896781921387,2.5
14455,6.074810981750488,2.5
14456,6.057248115539551,2.5
14457,5.999568939208984,2.5
14458,5.969149589538574,2.5
14459,5.964357376098633,2.5
14460,5.947399139404297,2.5
14461,5.953469276428223,2.5
14462,5.960741996765137,2.5
14463,5.960920333862305,2.5
14464,5.956284523010254,4.290625
14465,5.955802917480469,4.290625
14466,5.955075263977051,4.290625
14467,5.954916000366211,4.290625
14468,5.956768989562988,4.290625
14469,5.959311485290527,4.290625
14470,5.959019660949707,4.290625
14471,5.953616142272949,4.290625
14472,5.758074760437012,4.290625
14473,5.755401611328125,4.290625
14474,5.754735946655273,4.290625
14475,5.75444221496582,4.290625
14476,5.755378723144531,4.290625
14477,5.755667686462402,4.290625
14478,5.135274887084961,4.290625
14479,3.9219424724578857,4.290625
14480,3.678785800933838,4.290625
14481,3.6784827709198,4.290625
14482,3.6765358448028564,4.290625
14483,3.676673173904419,4.290625
14484,3.6765191555023193,4.290625
14485,3.676518440246582,4.290625
14486,3.676884174346924,4.290625
14487,3.677716016769409,4.290625
14488,3.677704095840454,4.290625
14489,3.6770896911621094,4.290625
14490,3.674609422683716,4.290625
14491,3.6745221614837646,4.290625
14492,3.6742846965789795,4.290625
14493,3.6753990650177,4.290625
14494,3.677807092666626,4.290625
14495,3.678118944168091,4.290625
14496,3.6785409450531006,4.290625
14497,3.678723096847534,4.290625
14498,3.678818702697754,4.290625
14499,3.678884506225586,4.290625
14500,3.6778674125671387,4.290625
14501,3.6757254600524902,4.290625
14502,3.6774373054504395,4.290625
14503,3.679311990737915,4.290625
14504,3.678607225418091,4.290625
14505,3.676936626434326,4.290625
14506,3.6716811656951904,4.290625
14507,3.659188747406006,4.290625
14508,3.6396641731262207,4.290625
14509,3.6736819744110107,4.290625
14510,3.673729419708252,4.290625
14511,3.672886371612549,4.290625
14512,3.673191785812378,4.290625
14513,3.6749327182769775,4.290625
14514,3.670764207839966,4.290625
14515,3.672091245651245,4.290625
14516,3.672679901123047,4.290625
14517,3.673225164413452,4.290625
14518,3.676517963409424,4.290625
14519,3.6757686138153076,4.290625
14520,3.674985647201538,4.290625
14521,3.673123359680176,4.290625
14522,3.6734731197357178,4.290625
14523,3.6750659942626953,4.290625
14524,3.6794378757476807,4.290625
14525,3.6793086528778076,4.290625
14526,3.6789512634277344,4.290625
14527,3.6739110946655273,4.290625
14528,3.672008752822876,4.290625
14529,3.6718270778656006,4.290625
14530,3.6715798377990723,4.290625
14531,3.672513484954834,4.290625
14532,3.671539068222046,4.290625
14533,3.6748034954071045,4.290625
14534,3.6763405799865723,4.290625
14535,3.6768510341644287,4.290625
14536,3.678554058074951,4.290625
14537,3.6789379119873047,4.290625
14538,3.6786797046661377,4.290625
14539,3.678309679031372,4.290625
14540,3.6775166988372803,4.290625
14541,3.6756651401519775,4.290625
14542,3.674954414367676,4.290625
14543,3.6743054389953613,4.290625
14544,3.674565315246582,4.290625
14545,3.674875497817993,4.290625
14546,3.6407418251037598,4.290625
14547,3.6428191661834717,4.290625
14548,3.646207809448242,4.290625
14549,3.6470563411712646,4.290625
14550,3.6471850872039795,4.290625
14551,3.6500093936920166,4.290625
14552,3.650909185409546,4.290625
14553,3.652139663696289,4.290625
14554,3.6685776710510254,4.290625
14555,3.6650824546813965,4.290625
14556,3.662104606628418,4.290625
14557,3.6603615283966064,4.290625
14558,3.6588335037231445,4.290625
14559,3.653533458709717,4.290625
14560,3.6556975841522217,4.290625
14561,3.6573731899261475,4.290625
14562,3.7054195404052734,4.290625
14563,3.658679723739624,4.290625
14564,3.652778387069702,4.290625
14565,3.6480281352996826,4.290625
14566,3.6477646827697754,4.290625
14567,3.67863130569458,4.290625
14568,3.6785061359405518,4.290625
14569,3.676830530166626,4.290625
14570,3.673431396484375,4.290625
14571,3.674750566482544,4.290625
14572,3.6793017387390137,4.290625
14573,3.6753475666046143,4.290625
14574,3.675032615661621,4.290625
14575,3.65798282623291,4.290625
14576,3.6739656925201416,4.290625
14577,3.6735527515411377,4.290625
14578,3.671513080596924,4.290625
14579,3.6742074489593506,4.290625
14580,3.6791162490844727,4.290625
14581,3.6791298389434814,4.290625
14582,3.6790874004364014,4.290625
14583,3.6790688037872314,4.290625
14584,3.6791117191314697,4.290625
14585,3.679128408432007,4.290625
14586,3.678828001022339,4.290625
14587,3.6792070865631104,4.290625
14588,3.679280996322632,4.290625
14589,3.679141044616699,4.290625
14590,3.679138422012329,4.290625
14591,3.678859233856201,4.290625
14592,3.6786248683929443,4.290625
14593,3.6786601543426514,4.290625
14594,3.6781046390533447,4.290625
14595,3.6780920028686523,4.290625
14596,3.6787235736846924,4.290625
14597,3.678903102874756,4.290625
14598,3.679295539855957,4.290625
14599,3.679076671600342,4.290625
14600,3.6788570880889893,4.290625
14601,3.6787545680999756,4.290625
14602,3.678230047225952,4.290625
14603,3.67790150642395,4.290625
14604,3.6777994632720947,4.290625
14605,3.6778616905212402,4.290625
14606,3.679473638534546,4.290625
14607,3.6788949966430664,4.290625
14608,3.6788299083709717,4.290625
14609,3.678406000137329,4.290625
14610,3.677225351333618,4.290625
14611,3.6772406101226807,4.290625
14612,3.6695382595062256,4.290625
14613,3.6697983741760254,4.290625
14614,3.67938232421875,4.290625
14615,3.6696157455444336,4.290625
14616,3.6630871295928955,4.290625
14617,3.6733450889587402,4.290625
14618,3.6781342029571533,4.290625
14619,3.678262948989868,4.290625
14620,3.6782429218292236,4.290625
14621,3.678257465362549,4.290625
14622,3.6778383255004883,4.290625
14623,3.679793357849121,4.290625
14624,3.679264783859253,4.290625
14625,3.6767046451568604,4.290625
14626,3.677776336669922,4.290625
14627,3.6782267093658447,4.290625
14628,3.678189516067505,4.290625
14629,3.677765130996704,4.290625
14630,3.677229642868042,4.290625
14631,3.677436351776123,4.290625
14632,3.676067590713501,4.290625
14633,3.676002264022827,4.290625
14634,3.675307035446167,4.290625
14635,3.6778564453125,4.290625
14636,3.679436683654785,4.290625
14637,3.678900718688965,4.290625
14638,3.6789116859436035,4.290625
14639,3.6801798343658447,4.290625
14640,3.679821729660034,4.290625
14641,3.61989164352417,4.290625
14642,3.6222853660583496,4.290625
14643,3.6463935375213623,4.290625
14644,3.650336980819702,4.290625
14645,3.664968490600586,4.290625
14646,3.680026054382324,4.290625
14647,3.678680658340454,4.290625
14648,3.6781387329101562,4.290625
14649,3.677781105041504,4.290625
14650,3.677622079849243,4.290625
14651,3.6792616844177246,4.290625
14652,3.679215908050537,4.290625
14653,3.6789612770080566,4.290625
14654,3.678908348083496,4.290625
14655,3.6708931922912598,4.290625
14656,3.6661674976348877,4.290625
14657,3.6730880737304688,4.290625
14658,3.6749370098114014,4.290625
14659,3.67566180229187,4.290625
14660,3.677414655685425,4.290625
14661,3.6774818897247314,4.290625
14662,3.6759586334228516,4.290625
14663,3.676679849624634,4.290625
14664,3.6777353286743164,4.290625
14665,3.6778500080108643,4.290625
14666,3.677706241607666,4.290625
14667,3.691420316696167,4.290625
14668,3.678917407989502,4.290625
14669,3.67475962638855,4.290625
14670,3.665491819381714,4.290625
14671,3.672071695327759,4.290625
14672,3.67791485786438,4.290625
14673,3.6795291900634766,4.290625
14674,3.7725346088409424,4.290625
14675,3.679173231124878,4.290625
14676,3.678907871246338,4.290625
14677,3.678584575653076,4.290625
14678,3.6784675121307373,4.290625
14679,3.6776180267333984,4.290625
14680,3.6778571605682373,4.290625
14681,3.677945375442505,4.290625
14682,3.678176164627075,4.290625
14683,3.6777596473693848,4.290625
14684,3.6779603958129883,4.290625
14685,3.677373170852661,4.290625
14686,3.6747329235076904,4.290625
14687,3.6795175075531006,4.290625
14688,3.680403470993042,4.290625
14689,3.679311990737915,4.290625
14690,3.678887367248535,4.290625
14691,3.6779110431671143,4.290625
14692,3.677914619445801,4.290625
14693,3.6773908138275146,4.290625
14694,3.6626710891723633,4.290625
14695,3.6405105590820312,4.290625
14696,3.641334056854248,4.290625
14697,3.643872022628784,4.290625
14698,3.6772220134735107,4.290625
14699,3.6771695613861084,4.290625
14700,3.676259994506836,4.290625
14701,3.6755425930023193,4.290625
14702,3.6747889518737793,4.290625
14703,3.6743648052215576,4.290625
14704,3.6750755310058594,4.290625
14705,3.6792404651641846,4.290625
14706,3.6790881156921387,4.290625
14707,3.677023410797119,4.290625
14708,3.676769733428955,4.290625
14709,3.675736665725708,4.290625
14710,3.674984931945801,4.290625
14711,3.675044059753418,4.290625
14712,3.67545485496521,4.290625
14713,3.675554037094116,4.290625
14714,3.6755800247192383,4.290625
14715,3.675405740737915,4.290625
14716,3.6755857467651367,4.290625
14717,3.6757874488830566,4.290625
14718,3.679288148880005,4.290625
14719,3.6791388988494873,4.290625
14720,3.67909574508667,4.290625
14721,3.6770777702331543,4.290625
14722,3.675996780395508,4.290625
14723,3.675468921661377,4.290625
14724,3.6790430545806885,4.290625
14725,3.6792266368865967,4.290625
14726,3.6789536476135254,4.290625
14727,3.678913116455078,4.290625
14728,3.6789627075195312,4.290625
14729,3.6786651611328125,4.290625
14730,3.677830457687378,4.290625
14731,3.674129009246826,4.290625
14732,3.6756489276885986,4.290625
14733,3.6782188415527344,4.290625
14734,3.677389144897461,4.290625
14735,3.6764843463897705,4.290625
14736,3.6757359504699707,4.290625
14737,3.675544261932373,4.290625
14738,3.674941301345825,4.290625
14739,3.6647117137908936,4.290625
14740,3.6584086418151855,4.290625
14741,3.6670329570770264,4.290625
14742,3.671691417694092,4.290625
14743,3.674741506576538,4.290625
14744,3.674962282180786,4.290625
14745,3.6752896308898926,4.290625
14746,3.6777255535125732,4.290625
14747,3.6793744564056396,4.290625
14748,3.6791882514953613,4.290625
14749,3.6791422367095947,4.290625
14750,3.6788570880889893,4.290625
14751,3.6788570880889893,4.290625
14752,3.6761372089385986,4.290625
14753,3.6753251552581787,4.290625
14754,3.6747992038726807,4.290625
14755,3.67382550239563,4.290625
14756,3.671011447906494,4.290625
14757,3.6711626052856445,4.290625
14758,3.6757495403289795,4.290625
14759,3.678779363632202,4.290625
14760,3.6788852214813232,4.290625
14761,3.677264451980591,4.290625
14762,3.6768112182617188,4.290625
14763,3.6762757301330566,4.290625
14764,3.6762490272521973,4.290625
14765,3.676255226135254,4.290625
14766,3.6793594360351562,4.290625
14767,3.679216146469116,4.290625
14768,3.6791632175445557,4.290625
14769,3.679152727127075,4.290625
14770,3.6751725673675537,4.290625
14771,3.6747827529907227,4.290625
14772,3.6745142936706543,4.290625
14773,3.6750857830047607,4.290625
14774,3.676815986633301,4.290625
14775,3.8191847801208496,4.290625
14776,3.7427453994750977,4.290625
14777,3.671783685684204,4.290625
14778,3.672483205795288,4.290625
14779,3.662839651107788,4.290625
14780,3.6639888286590576,4.290625
14781,3.6715855598449707,4.290625
14782,3.6721928119659424,4.290625
14783,3.6753323078155518,4.290625
14784,3.676215171813965,4.290625
14785,3.6768381595611572,4.290625
14786,3.677673101425171,4.290625
14787,3.6773245334625244,4.290625
14788,3.6773431301116943,4.290625
14789,3.6773507595062256,4.290625
14790,3.6792099475860596,4.290625
14791,3.679373025894165,4.290625
14792,3.678184986114502,4.290625
14793,3.6781723499298096,4.290625
14794,3.678219795227051,4.290625
14795,3.6781845092773438,4.290625
14796,3.678189992904663,4.290625
14797,3.678194284439087,4.290625
14798,3.6782329082489014,4.290625
14799,3.6783246994018555,4.290625
14800,3.6784894466400146,4.290625
14801,3.6765408515930176,4.290625
14802,3.675917863845825,4.290625
14803,3.678920030593872,4.290625
14804,3.6792185306549072,4.290625
14805,3.6791906356811523,4.290625
14806,3.6789255142211914,4.290625
14807,3.6751396656036377,4.290625
14808,3.6772243976593018,4.290625
14809,3.6777756214141846,4.290625
14810,3.677806854248047,4.290625
14811,3.677382707595825,4.290625
14812,3.6789934635162354,4.290625
14813,3.6794092655181885,4.290625
14814,3.6789028644561768,4.290625
14815,3.678593635559082,4.290625
14816,3.6774535179138184,4.290625
14817,3.676999568939209,4.290625
14818,3.6761393547058105,4.290625
14819,3.676893711090088,4.290625
14820,3.677795171737671,4.290625
14821,3.6777923107147217,4.290625
14822,3.6778032779693604,4.290625
14823,3.677919387817383,4.290625
14824,3.678269624710083,4.290625
14825,3.678241729736328,4.290625
14826,3.678187847137451,4.290625
14827,3.6782114505767822,4.290625
14828,3.678180694580078,4.290625
14829,3.6782400608062744,4.290625
14830,3.6782774925231934,4.290625
14831,3.6790807247161865,4.290625
14832,3.693591356277466,4.290625
14833,3.6875884532928467,4.290625
14834,3.679492473602295,4.290625
14835,3.6792643070220947,4.290625
14836,3.6783087253570557,4.290625
14837,3.6762502193450928,4.290625
14838,3.666208267211914,4.290625
14839,3.6737897396087646,4.290625
14840,3.673755645751953,4.290625
14841,3.6943914890289307,4.290625
14842,3.678234815597534,4.290625
14843,3.6790342330932617,4.290625
14844,3.6859943866729736,4.290625
14845,3.692017078399658,4.290625
14846,3.649343490600586,4.290625
14847,3.6790719032287598,4.290625
14848,3.6858441829681396,4.290625
14849,3.678100824356079,4.290625
14850,3.6578304767608643,4.290625
14851,3.679321050643921,4.290625
14852,3.6795198917388916,4.290625
14853,3.683065414428711,4.290625
14854,3.6908743381500244,4.290625
14855,3.6832306385040283,4.290625
14856,3.6826298236846924,4.290625
14857,3.680285692214966,4.290625
14858,3.6792919635772705,4.290625
14859,3.6790106296539307,4.290625
14860,3.678100824356079,4.290625
14861,3.678043842315674,4.290625
14862,3.677321672439575,4.290625
14863,3.6768898963928223,4.290625
14864,3.710498094558716,4.290625
14865,3.7165770530700684,4.290625
14866,3.728595018386841,4.290625
14867,3.6785974502563477,4.290625
14868,3.676447868347168,4.290625
14869,3.6648356914520264,4.290625
14870,3.662837505340576,4.290625
14871,3.676893711090088,4.290625
14872,3.677520513534546,4.290625
14873,3.6790871620178223,4.290625
14874,3.6797573566436768,4.290625
14875,3.680363178253174,4.290625
14876,3.6798932552337646,4.290625
14877,3.679534912109375,4.290625
14878,3.6792707443237305,4.290625
14879,3.6773407459259033,4.290625
14880,3.672987222671509,4.290625
14881,3.6682074069976807,4.290625
14882,3.6791152954101562,4.290625
14883,3.6791603565216064,4.290625
14884,3.679084539413452,4.290625
14885,3.6755831241607666,4.290625
14886,3.6685667037963867,4.290625
14887,3.6733298301696777,4.290625
14888,3.672132730484009,4.290625
14889,3.6800429821014404,4.290625
14890,3.678892135620117,4.290625
14891,3.6782188415527344,4.290625
14892,3.6777963638305664,4.290625
14893,3.6781198978424072,4.290625
14894,3.677093744277954,4.290625
14895,3.676513671875,4.290625
14896,3.6726653575897217,4.290625
14897,3.6740260124206543,4.290625
14898,3.674668788909912,4.290625
14899,3.676114082336426,4.290625
14900,3.678441286087036,4.290625
14901,3.6807079315185547,4.290625
14902,3.682574987411499,4.290625
14903,3.6799099445343018,4.290625
14904,3.6793627738952637,4.290625
14905,3.678988456726074,4.290625
14906,3.6790859699249268,4.290625
14907,3.6794748306274414,4.290625
14908,3.6790246963500977,4.290625
14909,3.678907632827759,4.290625
14910,3.6789097785949707,4.290625
14911,3.678697109222412,4.290625
14912,3.678481340408325,4.290625
14913,3.678138017654419,4.290625
14914,3.6764392852783203,4.290625
14915,3.676361560821533,4.290625
14916,3.6765799522399902,4.290625
14917,3.6755130290985107,4.290625
14918,3.6763405799865723,4.290625
14919,3.679370880126953,4.290625
14920,3.682985544204712,4.290625
14921,3.6822288036346436,4.290625
14922,3.679327964782715,4.290625
14923,3.6790876388549805,4.290625
14924,3.677687406539917,4.290625
14925,3.66937518119812,4.290625
14926,3.6691200733184814,4.290625
14927,3.674196720123291,4.290625
14928,3.677001714706421,4.290625
14929,3.6773369312286377,4.290625
14930,3.6777637004852295,4.290625
14931,3.677713394165039,4.290625
14932,3.676422595977783,4.290625
14933,3.6766152381896973,4.290625
14934,3.676640748977661,4.290625
14935,3.676940679550171,4.290625
14936,3.707667350769043,4.290625
14937,3.715674877166748,4.290625
14938,3.682586193084717,4.290625
14939,3.678313732147217,4.290625
14940,3.676988363265991,4.290625
14941,3.6761302947998047,4.290625
14942,3.673306703567505,4.290625
14943,3.6719276905059814,4.290625
14944,3.67615008354187,4.290625
14945,3.6767916679382324,4.290625
14946,3.677302598953247,4.290625
14947,3.6774537563323975,4.290625
14948,3.67606258392334,4.290625
14949,3.676378011703491,4.290625
14950,3.678101062774658,4.290625
14951,3.6783907413482666,4.290625
14952,3.6778433322906494,4.290625
14953,3.6601202487945557,4.290625
14954,3.6795287132263184,4.290625
14955,3.6806507110595703,4.290625
14956,3.6793272495269775,4.290625
14957,3.678680658340454,4.290625
14958,3.676157236099243,4.290625
14959,3.679269552230835,4.290625
14960,3.679034948348999,4.290625
14961,3.6778042316436768,4.290625
14962,3.677689790725708,4.290625
14963,3.676961898803711,4.290625
14964,3.675812244415283,4.290625
14965,3.6751701831817627,4.290625
14966,3.675205945968628,4.290625
14967,3.6774404048919678,4.290625
14968,3.677746057510376,4.290625
14969,3.6779563426971436,4.290625
14970,3.6784231662750244,4.290625
14971,3.6783931255340576,4.290625
14972,3.678440570831299,4.290625
14973,3.6781973838806152,4.290625
14974,3.679095506668091,4.290625
14975,3.6788058280944824,4.290625
14976,3.6787145137786865,4.290625
14977,3.67877197265625,4.290625
14978,3.6788558959960938,4.290625
14979,3.6781961917877197,4.290625
14980,3.677912473678589,4.290625
14981,3.6778934001922607,4.290625
14982,3.675971746444702,4.290625
14983,3.6787891387939453,4.290625
14984,3.67891788482666,4.290625
14985,3.6788547039031982,4.290625
14986,3.678095817565918,4.290625
14987,3.6821868419647217,4.290625
14988,3.6798415184020996,4.290625
14989,3.6786231994628906,4.290625
14990,3.6782026290893555,4.290625
14991,3.6769533157348633,4.290625
14992,3.6713781356811523,4.290625
14993,3.672125816345215,4.290625
14994,3.675476551055908,4.290625
14995,3.679537057876587,4.290625
14996,3.680588722229004,4.290625
14997,3.678942918777466,4.290625
14998,3.6719799041748047,4.290625
14999,3.667757987976074,4.290625
15000,3.665165662765503,4.290625
15001,3.6412758827209473,4.290625
15002,3.6577324867248535,4.290625
15003,3.6770706176757812,4.290625
15004,3.678325653076172,4.290625
15005,3.679823398590088,4.290625
15006,3.6753385066986084,4.290625
15007,3.6600332260131836,4.290625
15008,3.6582424640655518,4.290625
15009,3.6920671463012695,4.290625
15010,3.671915292739868,4.290625
15011,3.6703639030456543,4.290625
15012,3.6674394607543945,4.290625
15013,3.678783893585205,4.290625
15014,3.681356191635132,4.290625
15015,3.678638219833374,4.290625
15016,3.6741631031036377,4.290625
15017,3.710606336593628,4.290625
15018,3.7450177669525146,4.290625
15019,3.6791155338287354,4.290625
15020,3.679007053375244,4.290625
15021,3.6785032749176025,4.290625
15022,3.672482490539551,4.290625
15023,3.674182415008545,4.290625
15024,3.678347110748291,4.290625
15025,3.679661750793457,4.290625
15026,3.71256160736084,4.290625
15027,3.961557149887085,4.290625
15028,3.9765141010284424,4.290625
15029,3.9730396270751953,4.290625
15030,3.9554572105407715,4.290625
15031,3.6541404724121094,4.290625
15032,3.659144163131714,4.290625
15033,3.6633527278900146,4.290625
15034,3.668330430984497,4.290625
15035,3.6761043071746826,4.290625
15036,3.678309917449951,4.290625
15037,3.681793212890625,4.290625
15038,3.6823883056640625,4.290625
15039,3.6749088764190674,4.290625
15040,3.677683115005493,4.290625
15041,3.679692506790161,4.290625
15042,3.6821999549865723,4.290625
15043,3.684217929840088,4.290625
15044,3.6795358657836914,4.290625
15045,3.6769256591796875,4.290625
15046,3.6771154403686523,4.290625
15047,3.6773569583892822,4.290625
15048,3.6789088249206543,4.290625
15049,3.6890757083892822,4.290625
15050,3.685364007949829,4.290625
15051,3.6799862384796143,4.290625
15052,3.6787166595458984,4.290625
15053,3.680346727371216,4.290625
15054,3.683349370956421,4.290625
15055,3.6853771209716797,4.290625
15056,3.68644380569458,4.290625
15057,3.686861038208008,4.290625
15058,3.67911696434021,4.290625
15059,3.678330183029175,4.290625
15060,3.6767654418945312,4.290625
15061,3.677750825881958,4.290625
15062,3.804342746734619,4.290625
15063,3.6810007095336914,4.290625
15064,3.678959608078003,4.290625
15065,3.6781973838806152,4.290625
15066,3.6782162189483643,4.290625
15067,3.678342342376709,4.290625
15068,3.678605318069458,4.290625
15069,3.678633213043213,4.290625
15070,3.678645610809326,4.290625
15071,3.67918062210083,4.290625
15072,3.67891788482666,4.290625
15073,3.6789398193359375,4.290625
15074,3.679145097732544,4.290625
15075,3.679290533065796,4.290625
15076,3.67954158782959,4.290625
15077,3.6791231632232666,4.290625
15078,3.679114818572998,4.290625
15079,3.6793506145477295,4.290625
15080,3.679652214050293,4.290625
15081,3.6799817085266113,4.290625
15082,3.6805222034454346,4.290625
15083,3.6806910037994385,4.290625
15084,3.6809980869293213,4.290625
15085,3.6817843914031982,4.290625
15086,3.6791858673095703,4.290625
15087,3.6790897846221924,4.290625
15088,3.6793785095214844,4.290625
15089,3.6795151233673096,4.290625
15090,3.679849863052368,4.290625
15091,3.6803503036499023,4.290625
15092,3.680938482284546,4.290625
15093,3.6810598373413086,4.290625
15094,3.684921979904175,4.290625
15095,3.6858346462249756,4.290625
15096,3.680326461791992,4.290625
15097,3.680520534515381,4.290625
15098,3.6805477142333984,4.290625
15099,3.6807146072387695,4.290625
15100,3.6810107231140137,4.290625
15101,3.682541847229004,4.290625
15102,3.814377784729004,4.290625
15103,3.778196096420288,4.290625
15104,3.687988519668579,4.290625
15105,3.6803150177001953,4.290625
15106,3.6798744201660156,4.290625
15107,3.6798596382141113,4.290625
15108,3.6799542903900146,4.290625
15109,3.6799612045288086,4.290625
15110,3.686819553375244,4.290625
15111,3.7056548595428467,4.290625
15112,3.712585926055908,4.290625
15113,3.775878667831421,4.290625
15114,3.6791794300079346,4.290625
15115,3.679204225540161,4.290625
15116,3.6799721717834473,4.290625
15117,3.7507667541503906,4.290625
15118,3.840770959854126,4.290625
15119,3.6822509765625,4.290625
15120,3.681041955947876,4.290625
15121,3.679391622543335,4.290625
15122,3.6792516708374023,4.290625
15123,3.679677963256836,4.290625
15124,3.6797940731048584,4.290625
15125,3.6799676418304443,4.290625
15126,3.680292844772339,4.290625
15127,3.7226502895355225,4.290625
15128,3.682129383087158,4.290625
15129,3.6812493801116943,4.290625
15130,3.6803159713745117,4.290625
15131,3.679551839828491,4.290625
15132,3.6795454025268555,4.290625
15133,3.6799509525299072,4.290625
15134,3.680234670639038,4.290625
15135,3.684934377670288,4.290625
15136,3.6977360248565674,4.290625
15137,3.7403669357299805,4.290625
15138,3.680219888687134,4.290625
15139,3.6794514656066895,4.290625
15140,3.679386615753174,4.290625
15141,3.6791865825653076,4.290625
15142,3.6793594360351562,4.290625
15143,3.6793715953826904,4.290625
15144,3.679367780685425,4.290625
15145,3.679438829421997,4.290625
15146,3.6793811321258545,4.290625
15147,3.679518222808838,4.290625
15148,3.6826930046081543,4.290625
15149,3.687067985534668,4.290625
15150,3.6964757442474365,4.290625
15151,3.6972248554229736,4.290625
15152,3.6844465732574463,4.290625
15153,3.680619716644287,4.290625
15154,3.6803829669952393,4.290625
15155,3.680274486541748,4.290625
15156,3.679961681365967,4.290625
15157,3.679659605026245,4.290625
15158,3.679719924926758,4.290625
15159,3.679558515548706,4.290625
15160,3.6798601150512695,4.290625
15161,3.689811944961548,4.290625
15162,3.7340340614318848,4.290625
15163,3.679263114929199,4.290625
15164,3.679178237915039,4.290625
15165,3.679147720336914,4.290625
15166,3.679389715194702,4.290625
15167,3.681946039199829,4.290625
15168,3.684354782104492,4.290625
15169,3.710167646408081,4.290625
15170,3.7007477283477783,4.290625
15171,3.6864304542541504,4.290625
15172,3.682995319366455,4.290625
15173,3.681269884109497,4.290625
15174,3.6793768405914307,4.290625
15175,3.6791281700134277,4.290625
15176,3.6794376373291016,4.290625
15177,3.6795248985290527,4.290625
15178,3.6816391944885254,4.290625
15179,3.6939280033111572,4.290625
15180,3.68118953704834,4.290625
15181,3.680046558380127,4.290625
15182,3.679476261138916,4.290625
15183,3.679446220397949,4.290625
15184,3.6794183254241943,4.290625
15185,3.6794276237487793,4.290625
15186,3.6794657707214355,4.290625
15187,3.6794865131378174,4.290625
15188,3.6799533367156982,4.290625
15189,3.6799890995025635,4.290625
15190,3.686154365539551,4.290625
15191,3.682356595993042,4.290625
15192,3.679164171218872,4.290625
15193,3.6792893409729004,4.290625
15194,3.6794612407684326,4.290625
15195,3.679572582244873,4.290625
15196,3.6795241832733154,4.290625
15197,3.679567575454712,4.290625
15198,3.681900978088379,4.290625
15199,3.733534812927246,4.290625
15200,3.6887669563293457,4.290625
15201,3.679396152496338,4.290625
15202,3.6790473461151123,4.290625
15203,3.678995370864868,4.290625
15204,3.679030179977417,4.290625
15205,3.679068088531494,4.290625
15206,3.6794683933258057,4.290625
15207,3.679894208908081,4.290625
15208,3.680255889892578,4.290625
15209,3.6818654537200928,4.290625
15210,3.6793179512023926,4.290625
15211,3.679064989089966,4.290625
15212,3.679089307785034,4.290625
15213,3.679180383682251,4.290625
15214,3.719144344329834,4.290625
15215,3.683227777481079,4.290625
15216,3.6819357872009277,4.290625
15217,3.6792986392974854,4.290625
15218,3.679286479949951,4.290625
15219,3.6790964603424072,4.290625
15220,3.6787221431732178,4.290625
15221,3.6786773204803467,4.290625
15222,3.6784913539886475,4.290625
15223,3.6788666248321533,4.290625
15224,3.6789255142211914,4.290625
15225,3.6792449951171875,4.290625
15226,3.679499626159668,4.290625
15227,3.6799893379211426,4.290625
15228,3.70011830329895,4.290625
15229,3.7276501655578613,4.290625
15230,3.679666519165039,4.290625
15231,3.679097890853882,4.290625
15232,3.6791114807128906,4.290625
15233,3.6790354251861572,4.290625
15234,3.6789958477020264,4.290625
15235,3.6786718368530273,4.290625
15236,3.6789982318878174,4.290625
15237,3.679011344909668,4.290625
15238,3.679150104522705,4.290625
15239,3.6822569370269775,4.290625
15240,3.6790883541107178,4.290625
15241,3.679091215133667,4.290625
15242,3.679184913635254,4.290625
15243,3.6792054176330566,4.290625
15244,3.6803648471832275,4.290625
15245,3.6984305381774902,4.290625
15246,3.6813039779663086,4.290625
15247,3.6803369522094727,4.290625
15248,3.6791648864746094,4.290625
15249,3.6791398525238037,4.290625
15250,3.6790778636932373,4.290625
15251,3.679072141647339,4.290625
15252,3.6791255474090576,4.290625
15253,3.6800148487091064,4.290625
15254,3.6809887886047363,4.290625
15255,3.8444156646728516,4.290625
15256,3.913172721862793,4.290625
15257,3.9042351245880127,4.290625
15258,3.679950475692749,4.290625
15259,3.679133653640747,4.290625
15260,3.6779210567474365,4.290625
15261,3.677926778793335,4.290625
15262,3.678121328353882,4.290625
15263,3.6789848804473877,4.290625
15264,3.680302143096924,4.290625
15265,3.6812052726745605,4.290625
15266,3.6818902492523193,4.290625
15267,3.6885290145874023,4.290625
15268,3.6946794986724854,4.290625
15269,3.6870768070220947,4.290625
15270,3.6790099143981934,4.290625
15271,3.678954839706421,4.290625
15272,3.678922176361084,4.290625
15273,3.6789557933807373,4.290625
15274,3.6789510250091553,4.290625
15275,3.6790945529937744,4.290625
15276,3.679708242416382,4.290625
15277,3.680314064025879,4.290625
15278,3.679119348526001,4.290625
15279,3.679136276245117,4.290625
15280,3.679272174835205,4.290625
15281,3.6803362369537354,4.290625
15282,3.6790952682495117,4.290625
15283,3.6790456771850586,4.290625
15284,3.679104804992676,4.290625
15285,3.6791059970855713,4.290625
15286,3.67907452583313,4.290625
15287,3.6792993545532227,4.290625
15288,3.679633140563965,4.290625
15289,3.683258533477783,4.290625
15290,3.69038987159729,4.290625
15291,3.691209554672241,4.290625
15292,3.6795222759246826,4.290625
15293,3.6792707443237305,4.290625
15294,3.678931474685669,4.290625
15295,3.6790592670440674,4.290625
15296,3.6790592670440674,4.290625
15297,3.6790690422058105,4.290625
15298,3.679095506668091,4.290625
15299,3.6791207790374756,4.290625
15300,3.6793205738067627,4.290625
15301,3.6800105571746826,4.290625
15302,3.6807541847229004,4.290625
15303,3.6818857192993164,4.290625
15304,3.679675817489624,4.290625
15305,3.678485870361328,4.290625
15306,3.6785411834716797,4.290625
15307,3.679049491882324,4.290625
15308,3.6793770790100098,4.290625
15309,3.6803622245788574,4.290625
15310,3.679251194000244,4.290625
15311,3.6791579723358154,4.290625
15312,3.6791136264801025,4.290625
15313,3.679107904434204,4.290625
15314,3.679006814956665,4.290625
15315,3.6790292263031006,4.290625
15316,3.679063558578491,4.290625
15317,3.6790075302124023,4.290625
15318,3.6789960861206055,4.290625
15319,3.6790170669555664,4.290625
15320,3.6789536476135254,4.290625
15321,3.678640127182007,4.290625
15322,3.6785333156585693,4.290625
15323,3.678553342819214,4.290625
15324,3.6786611080169678,4.290625
15325,3.679060935974121,4.290625
15326,3.6794307231903076,4.290625
15327,3.6812667846679688,4.290625
15328,3.6812381744384766,4.290625
15329,3.679788112640381,4.290625
15330,3.6781492233276367,4.290625
15331,3.678131580352783,4.290625
15332,3.6784493923187256,4.290625
15333,3.67838978767395,4.290625
15334,3.6786153316497803,4.290625
15335,3.678687572479248,4.290625
15336,3.6789326667785645,4.290625
15337,3.678553342819214,4.290625
15338,3.6789588928222656,4.290625
15339,3.6819722652435303,4.290625
15340,3.6867706775665283,4.290625
15341,3.685331344604492,4.290625
15342,3.6804113388061523,4.290625
15343,3.679407835006714,4.290625
15344,3.679436206817627,4.290625
15345,3.679116725921631,4.290625
15346,3.679035186767578,4.290625
15347,3.68934965133667,4.290625
15348,3.6826171875,4.290625
15349,3.678967237472534,4.290625
15350,3.678750514984131,4.290625
15351,3.6787378787994385,4.290625
15352,3.6790857315063477,4.290625
15353,3.6792144775390625,4.290625
15354,3.6794848442077637,4.290625
15355,3.725508213043213,4.290625
15356,3.9669814109802246,4.290625
15357,3.9641976356506348,4.290625
15358,3.958122730255127,4.290625
15359,3.6816585063934326,4.290625
15360,3.680312395095825,4.290625
15361,3.677220582962036,4.290625
15362,3.6759443283081055,4.290625
15363,3.6716816425323486,4.290625
15364,3.671125650405884,4.290625
15365,3.6700451374053955,4.290625
15366,3.668412208557129,4.290625
15367,3.666944980621338,4.290625
15368,3.6772348880767822,4.290625
15369,3.6790480613708496,4.290625
15370,3.6790108680725098,4.290625
15371,3.6789066791534424,4.290625
15372,3.6789631843566895,4.290625
15373,3.6787025928497314,4.290625
15374,3.678647994995117,4.290625
15375,3.678748846054077,4.290625
15376,3.678760528564453,4.290625
15377,3.6789631843566895,4.290625
15378,3.678727865219116,4.290625
15379,3.67911434173584,4.290625
15380,3.6792428493499756,4.290625
15381,3.677722454071045,4.290625
15382,3.6772525310516357,4.290625
15383,3.6748013496398926,4.290625
15384,3.675158739089966,4.290625
15385,3.675090789794922,4.290625
15386,3.675100564956665,4.290625
15387,3.675090789794922,4.290625
15388,3.674914836883545,4.290625
15389,3.675814390182495,4.290625
15390,3.6773059368133545,4.290625
15391,3.678975820541382,4.290625
15392,3.6792986392974854,4.290625
15393,3.678961992263794,4.290625
15394,3.67836594581604,4.290625
15395,3.6766021251678467,4.290625
15396,3.6673426628112793,4.290625
15397,3.661842107772827,4.290625
15398,3.6789748668670654,4.290625
15399,3.679263114929199,4.290625
15400,3.6792802810668945,4.290625
15401,3.679271936416626,4.290625
15402,3.6793148517608643,4.290625
15403,3.6792550086975098,4.290625
15404,3.679287910461426,4.290625
15405,3.67758846282959,4.290625
15406,3.670740842819214,4.290625
15407,3.6726560592651367,4.290625
15408,3.673665761947632,4.290625
15409,3.6736462116241455,4.290625
15410,3.6732330322265625,4.290625
15411,3.678865432739258,4.290625
15412,3.6792030334472656,4.290625
15413,3.6788527965545654,4.290625
15414,3.6778147220611572,4.290625
15415,3.6773159503936768,4.290625
15416,3.6768672466278076,4.290625
15417,3.676520824432373,4.290625
15418,3.6765477657318115,4.290625
15419,3.674691677093506,4.290625
15420,3.6694610118865967,4.290625
15421,3.6692018508911133,4.290625
15422,3.6693382263183594,4.290625
15423,3.6692490577697754,4.290625
15424,3.6702263355255127,4.290625
15425,3.6760246753692627,4.290625
15426,3.678755283355713,4.290625
15427,3.677893877029419,4.290625
15428,3.6778383255004883,4.290625
15429,3.677569627761841,4.290625
15430,3.676206350326538,4.290625
15431,3.6756629943847656,4.290625
15432,3.673558235168457,4.290625
15433,3.6730775833129883,4.290625
15434,3.6733744144439697,4.290625
15435,3.6731505393981934,4.290625
15436,3.673143148422241,4.290625
15437,3.674804449081421,4.290625
15438,3.679286003112793,4.290625
15439,3.679311990737915,4.290625
15440,3.671055555343628,4.290625
15441,3.675440549850464,4.290625
15442,3.6792116165161133,4.290625
15443,3.6792099475860596,4.290625
15444,3.6786997318267822,4.290625
15445,3.669616937637329,4.290625
15446,3.674391984939575,4.290625
15447,3.676666259765625,4.290625
15448,3.678715467453003,4.290625
15449,3.6791553497314453,4.290625
15450,3.679231882095337,4.290625
15451,3.6788158416748047,4.290625
15452,3.675870895385742,4.290625
15453,3.675065040588379,4.290625
15454,3.673062562942505,4.290625
15455,3.672057867050171,4.290625
15456,3.678928852081299,4.290625
15457,3.670053720474243,4.290625
15458,3.6704530715942383,4.290625
15459,3.6720666885375977,4.290625
15460,3.674159049987793,4.290625
15461,3.6751716136932373,4.290625
15462,3.675884485244751,4.290625
15463,3.6759095191955566,4.290625
15464,3.675926446914673,4.290625
15465,3.6759514808654785,4.290625
15466,3.6778087615966797,4.290625
15467,3.6753523349761963,4.290625
15468,3.672891139984131,4.290625
15469,3.674211025238037,4.290625
15470,3.6747090816497803,4.290625
15471,3.675474166870117,4.290625
15472,3.6768274307250977,4.290625
15473,3.679243803024292,4.290625
15474,3.6792099475860596,4.290625
15475,3.679253578186035,4.290625
15476,3.674085855484009,4.290625
15477,3.6718714237213135,4.290625
15478,3.671872854232788,4.290625
15479,3.6718268394470215,4.290625
15480,3.6723930835723877,4.290625
15481,3.6791770458221436,4.290625
15482,3.6794097423553467,4.290625
15483,3.679287910461426,4.290625
15484,3.679262638092041,4.290625
15485,3.6720950603485107,4.290625
15486,3.6636812686920166,4.290625
15487,3.663459062576294,4.290625
15488,3.6676907539367676,4.290625
15489,3.6782493591308594,4.290625
15490,3.6791858673095703,4.290625
15491,3.679321050643921,4.290625
15492,3.679553270339966,4.290625
15493,3.679591417312622,4.290625
15494,3.677368640899658,4.290625
15495,3.675598382949829,4.290625
15496,3.678574800491333,4.290625
15497,3.6791396141052246,4.290625
15498,3.6792562007904053,4.290625
15499,3.674783229827881,4.290625
15500,3.669494152069092,4.290625
15501,3.665388822555542,4.290625
15502,3.663262128829956,4.290625
15503,3.6693198680877686,4.290625
15504,3.6717400550842285,4.290625
15505,3.668511152267456,4.290625
15506,3.667665719985962,4.290625
15507,3.6608762741088867,4.290625
15508,3.6556215286254883,4.290625
15509,3.655698776245117,4.290625
15510,3.6603057384490967,4.290625
15511,3.6620376110076904,4.290625
15512,3.666424036026001,4.290625
15513,3.6690971851348877,4.290625
15514,3.675172805786133,4.290625
15515,3.677842855453491,4.290625
15516,3.6787569522857666,4.290625
15517,3.6788525581359863,4.290625
15518,3.679197072982788,4.290625
15519,3.6793456077575684,4.290625
15520,3.6788582801818848,4.290625
15521,3.6736671924591064,4.290625
15522,3.670924186706543,4.290625
15523,3.6675305366516113,4.290625
15524,3.663827419281006,4.290625
15525,3.6588809490203857,4.290625
15526,3.6570541858673096,4.290625
15527,3.6683599948883057,4.290625
15528,3.670501470565796,4.290625
15529,3.678666591644287,4.290625
15530,3.6795523166656494,4.290625
15531,3.6525022983551025,4.290625
15532,3.659029006958008,4.290625
15533,3.67730712890625,4.290625
15534,3.6798322200775146,4.290625
15535,3.6795477867126465,4.290625
15536,3.6733503341674805,4.290625
15537,3.672051429748535,4.290625
15538,3.67126202583313,4.290625
15539,3.663658380508423,4.290625
15540,3.6792218685150146,4.290625
15541,3.676020383834839,4.290625
15542,3.673173427581787,4.290625
15543,3.672449827194214,4.290625
15544,3.6720917224884033,4.290625
15545,3.6721138954162598,4.290625
15546,3.6792855262756348,4.290625
15547,3.679579496383667,4.290625
15548,3.718207597732544,4.290625
15549,3.679248332977295,4.290625
15550,3.6768507957458496,4.290625
15551,3.641817331314087,4.290625
15552,3.66670298576355,4.290625
15553,3.6790850162506104,4.290625
15554,3.679539680480957,4.290625
15555,3.6793951988220215,4.290625
15556,3.679082155227661,4.290625
15557,3.679776191711426,4.290625
15558,3.6794214248657227,4.290625
15559,3.679365634918213,4.290625
15560,3.6794285774230957,4.290625
15561,3.67940092086792,4.290625
15562,3.6759278774261475,4.290625
15563,3.6634490489959717,4.290625
15564,3.660064458847046,4.290625
15565,3.6599280834198,4.290625
15566,3.6774346828460693,4.290625
15567,3.677607774734497,4.290625
15568,3.6779544353485107,4.290625
15569,4.554563999176025,4.290625
15570,5.7573699951171875,4.290625
15571,5.770647048950195,4.290625
15572,5.8054962158203125,4.290625
15573,5.884978294372559,4.290625
15574,5.873272895812988,4.290625
15575,5.87723445892334,4.290625
15576,5.896086692810059,4.290625
15577,5.92631721496582,4.290625
15578,5.923798561096191,4.290625
15579,5.918146133422852,4.290625
15580,5.780759811401367,4.290625
15581,5.78154182434082,4.290625
15582,5.790689468383789,4.290625
15583,5.795805931091309,4.290625
15584,5.796365737915039,4.290625
15585,5.792827606201172,4.290625
15586,5.830173492431641,1.0
15587,5.821504592895508,1.0
15588,5.901812553405762,1.0
15589,5.931715965270996,1.0
15590,5.894826889038086,1.0
15591,5.837645530700684,1.0
15592,5.7592878341674805,1.0
15593,3.743715763092041,1.0
15594,3.683206796646118,1.0
15595,3.687512159347534,1.0
15596,3.6840195655822754,1.0
15597,3.6825222969055176,1.0
15598,3.683420419692993,1.0
15599,3.6831419467926025,1.0
15600,3.68817400932312,1.0
15601,3.6867761611938477,1.0
15602,3.687859296798706,1.0
15603,3.6888954639434814,1.0
15604,3.690211772918701,1.0
15605,3.73471736907959,1.0
15606,3.713507652282715,1.0
15607,3.694549083709717,1.0
15608,3.6872048377990723,1.0
15609,3.6807219982147217,1.0
15610,3.6798336505889893,1.0
15611,3.6799604892730713,1.0
15612,3.6799867153167725,1.0
15613,3.6806395053863525,1.0
15614,3.680598258972168,1.0
15615,3.680675745010376,1.0
15616,3.680701971054077,1.0
15617,3.6804704666137695,1.0
15618,3.680469036102295,1.0
15619,3.68046498298645,1.0
15620,3.680436372756958,1.0
15621,3.68002986907959,1.0
15622,3.6800053119659424,1.0
15623,3.679978847503662,1.0
15624,3.681694507598877,1.0
15625,3.6811037063598633,1.0
15626,3.681126356124878,1.0
15627,3.6817142963409424,1.0
15628,3.6836295127868652,1.0
15629,3.683056354522705,1.0
15630,3.6837351322174072,1.0
15631,3.6837193965911865,1.0
15632,3.6836555004119873,1.0
15633,3.683655261993408,1.0
15634,3.725165367126465,1.0140625
15635,3.7266147136688232,1.1125
15636,3.726285457611084,1.1265625
15637,3.6966283321380615,1.14765625
15638,3.6902451515197754,1.16875
15639,3.680495262145996,1.16875
15640,3.6798620223999023,1.16875
15641,3.6794257164001465,1.16875
15642,3.6793737411499023,1.16875
15643,3.6796443462371826,1.16875
15644,3.6884968280792236,1.16875
15645,3.7110230922698975,1.16875
15646,3.763197898864746,1.16875
15647,3.7807791233062744,1.16875
15648,3.863312244415283,1.16875
15649,3.879169225692749,1.16875
15650,3.9267282485961914,1.16875
15651,3.912644147872925,1.1828125
15652,3.9091804027557373,1.196875
15653,3.918458938598633,1.2126953125
15654,3.9283652305603027,1.2197265625
15655,3.9380836486816406,1.26015625
15656,3.9430952072143555,1.298828125
15657,3.9521799087524414,1.3462890625
15658,3.954627275466919,1.3708984375
15659,3.9544949531555176,1.5080078125
15660,3.95198130607605,1.5484375
15661,3.951626777648926,1.553125
15662,3.9483213424682617,1.5958984375
15663,3.94797945022583,1.59765625
15664,3.947071075439453,1.59765625
15665,3.9559648036956787,1.59765625
15666,3.9653282165527344,1.6275390625
15667,3.9696927070617676,1.6574218749999998
15668,3.974733829498291,1.720703125
15669,3.9675023555755615,1.871875
15670,3.963109254837036,1.95859375
15671,3.9631471633911133,2.0265625
15672,3.963827610015869,2.04625
15673,3.9617059230804443,2.142578125
15674,3.9610915184020996,2.16015625
15675,3.990724802017212,2.209375
15676,3.9819509983062744,2.2290625
15677,3.962266683578491,2.34296875
15678,3.961221694946289,2.44140625
15679,3.961181879043579,2.4484375
15680,3.958066940307617,2.659375
15681,3.9602978229522705,2.715625
15682,3.962594985961914,2.77890625
15683,3.954052686691284,2.7999999999999994
15684,3.9516265392303467,2.8
15685,3.952916145324707,2.8
15686,3.9532501697540283,2.8
15687,3.955972671508789,2.8
15688,3.960767984390259,2.7999999999999994
15689,3.964539051055908,2.8140625
15690,3.9637506008148193,2.82109375
15691,3.9633567333221436,2.828125
15692,3.959184169769287,2.83515625
15693,3.950960636138916,2.83515625
15694,3.9471914768218994,2.83515625
15695,3.947781801223755,2.8351562499999994
15696,3.9475929737091064,2.8703125
15697,3.9478683471679688,2.8703125
15698,3.9488799571990967,2.8703125
15699,3.958617687225342,2.8914062500000006
15700,3.9703292846679688,2.91953125
15701,3.9602560997009277,3.0109375000000003
15702,3.9590766429901123,3.025
15703,3.960787057876587,3.0460937500000003
15704,3.9605801105499268,3.0460937500000003
15705,3.960049867630005,3.0460937500000003
15706,3.951019525527954,3.0925
15707,3.9507336616516113,3.1843750000000006
15708,3.9540462493896484,3.19796875
15709,3.956568479537964,3.2482421875
15710,3.95658802986145,3.25703125
15711,3.9539449214935303,3.3625000000000003
15712,3.9521565437316895,3.3835937500000006
15713,3.945892095565796,3.5734375000000003
15714,3.9462826251983643,3.58890625
15715,3.9479339122772217,3.605078125
15716,3.948756456375122,3.7225
15717,3.9440464973449707,4.04453125
15718,3.953552722930908,4.04453125
15719,3.9534354209899902,4.0884765625
15720,3.9532759189605713,4.121874999999999
15721,3.953535795211792,4.121874999999999
15722,3.953796625137329,4.121874999999999
15723,3.9546282291412354,4.121874999999999
15724,3.9546680450439453,4.14296875
15725,3.9546144008636475,4.14296875
15726,3.954580068588257,4.262499999999999
15727,3.942357301712036,4.262499999999999
15728,3.957261323928833,4.3890625
15729,3.94155216217041,4.46875
15730,3.9376323223114014,4.487500000000001
15731,3.9362106323242188,4.592968750000001
15732,3.93981671333313,4.592968750000001
15733,3.9379265308380127,4.592968750000001
15734,3.9354610443115234,4.649218749999999
15735,3.8619444370269775,4.81796875
15736,3.8557138442993164,4.824999999999999
15737,3.8823559284210205,4.839062500000001
15738,3.9207589626312256,4.84609375
15739,3.9347496032714844,4.84609375
15740,3.950544595718384,4.862968749999999
15741,3.9533114433288574,4.90234375
15742,3.952390193939209,4.90234375
15743,3.9513773918151855,4.909375000000001
15744,3.9481821060180664,4.91640625
15745,3.94809627532959,4.91640625
15746,3.9551825523376465,4.91640625
15747,3.9552018642425537,4.91640625
15748,3.955249786376953,4.91640625
15749,3.9554553031921387,4.91640625
15750,3.9562089443206787,4.91640625
15751,3.959765672683716,4.91640625
15752,3.995044708251953,4.91640625
15753,4.3713698387146,4.91640625
15754,4.010549545288086,4.91640625
15755,3.966597557067871,4.91640625
15756,3.9555909633636475,4.91640625
15757,3.9540698528289795,4.91640625
15758,3.9502224922180176,4.91640625
15759,3.9518678188323975,4.91640625
15760,3.9532859325408936,4.91640625
15761,3.955122709274292,4.91640625
15762,3.9556472301483154,4.91640625
15763,3.9715919494628906,4.91640625
15764,3.952577829360962,4.91640625
15765,3.9662880897521973,4.91640625
15766,3.964351177215576,4.91640625
15767,3.956392526626587,4.91640625
15768,3.95646333694458,4.91640625
15769,3.9572927951812744,4.91640625
15770,3.9579122066497803,4.91640625
15771,3.9633796215057373,4.91640625
15772,3.9569602012634277,4.91640625
15773,3.9667422771453857,4.91640625
15774,3.936685085296631,4.9375
15775,3.871995687484741,4.9375
15776,3.8600852489471436,4.9375
15777,3.8489749431610107,4.9375
15778,3.8696179389953613,4.9375
15779,3.878084897994995,4.9375
15780,3.9110703468322754,4.95859375
15781,3.9367239475250244,4.95859375
15782,3.9360077381134033,4.95859375
15783,3.8257739543914795,4.95859375
15784,3.8266615867614746,4.95859375
15785,3.891315221786499,4.95859375
15786,3.906757116317749,4.95859375
15787,3.86977219581604,4.95859375
15788,3.8503098487854004,4.95859375
15789,3.833944082260132,4.95859375
15790,3.934666156768799,4.95859375
15791,3.8795573711395264,4.95859375
15792,3.9108457565307617,4.95859375
15793,3.9331154823303223,4.95859375
15794,3.9248573780059814,4.95859375
15795,3.923535108566284,4.95859375
15796,3.9093918800354004,4.95859375
15797,3.911494731903076,4.95859375
15798,3.9075002670288086,4.95859375
15799,3.910391092300415,4.95859375
15800,3.909986734390259,4.95859375
15801,3.9087119102478027,4.95859375
15802,3.909890651702881,4.95859375
15803,3.910658836364746,4.95859375
15804,3.910654306411743,4.95859375
15805,3.8974478244781494,4.95859375
15806,3.8985588550567627,4.95859375
15807,3.901099920272827,4.95859375
15808,3.8944804668426514,4.95859375
15809,3.882833957672119,4.95859375
15810,3.8929483890533447,4.95859375
15811,3.942560911178589,4.95859375
15812,3.928049087524414,4.95859375
15813,3.9099018573760986,4.95859375
15814,3.8911619186401367,4.97265625
15815,3.8960676193237305,4.97265625
15816,3.9506683349609375,4.895312499999999
15817,3.9235315322875977,4.895312499999999
15818,3.929929733276367,4.895312499999999
15819,3.9324684143066406,4.895312499999999
15820,3.9305288791656494,4.895312499999999
15821,3.9280149936676025,4.895312499999999
15822,3.9483516216278076,4.895312499999999
15823,3.947808027267456,4.895312499999999
15824,3.9497997760772705,4.895312499999999
15825,3.9508309364318848,4.895312499999999
15826,3.953814744949341,4.874218750000001
15827,3.951306104660034,4.84609375
15828,3.9486489295959473,4.796875
15829,3.946237087249756,4.768750000000001
15830,3.94718074798584,4.768750000000001
15831,3.9458115100860596,4.698437500000001
15832,3.945030450820923,4.6937500000000005
15833,3.9371042251586914,4.666796875
15834,3.9554049968719482,4.63515625
15835,3.9573214054107666,4.6
15836,3.956342935562134,4.567656250000001
15837,3.953399419784546,4.5395312500000005
15838,3.9397497177124023,4.46640625
15839,3.9119460582733154,4.346875000000001
15840,3.9333550930023193,4.290625
15841,3.947345018386841,4.261093749999999
15842,3.933929681777954,4.25078125
15843,3.8958961963653564,4.1875
15844,3.888303518295288,4.100781250000001
15845,3.8921849727630615,4.100781250000001
15846,3.8934531211853027,4.100781250000001
15847,3.893933057785034,4.065625000000001
15848,3.922863483428955,4.051562499999999
15849,3.908674716949463,4.04453125
15850,3.9181461334228516,4.04453125
15851,3.886096715927124,4.04453125
15852,3.9046742916107178,4.04453125
15853,3.9097793102264404,4.04453125
15854,3.9220058917999268,4.0375
15855,3.91131329536438,4.009375
15856,3.906614303588867,4.003749999999999
15857,3.906385898590088,3.9953125
15858,3.9099440574645996,3.96296875
15859,3.909376621246338,3.9578125
15860,3.92122220993042,3.93203125
15861,3.9307940006256104,3.93203125
15862,3.9313037395477295,3.93203125
15863,3.9407999515533447,3.9109375000000006
15864,3.938081741333008,3.9109375
15865,3.9387128353118896,3.9109375
15866,3.9332990646362305,3.9109375
15867,3.921294689178467,3.9109375
15868,3.9204018115997314,3.9109375
15869,3.9276630878448486,3.9109375000000006
15870,3.9224019050598145,3.9109375
15871,3.9257681369781494,3.9109375
15872,3.943855047225952,3.9109375
15873,3.943848133087158,3.9109375000000006
15874,3.948817014694214,3.9109375
15875,3.9494452476501465,3.9109375000000006
15876,3.9480533599853516,3.9109375
15877,3.9188480377197266,3.9109375
15878,3.8785207271575928,3.9109375
15879,3.8868117332458496,3.9109375
15880,3.8903605937957764,3.9109375
15881,3.907835006713867,3.9109375
15882,3.8433449268341064,3.9109375
15883,3.826134204864502,3.9109375
15884,3.796159029006958,3.9109375
15885,3.786266565322876,3.9109375
15886,3.841172218322754,3.9109375
15887,3.9547181129455566,3.9109375
15888,3.9571003913879395,3.9109375000000006
15889,3.9586329460144043,3.9109375
15890,3.9319210052490234,3.9109375
15891,3.9305882453918457,3.9109375
15892,3.886047601699829,3.9109375
15893,3.8518364429473877,3.9109375
15894,3.9061954021453857,3.9109375
15895,3.9048011302948,3.9109375
15896,3.8685033321380615,3.9109375
15897,3.819450616836548,3.9109375
15898,3.8045358657836914,3.9109375000000006
15899,3.801053762435913,3.9109375
15900,3.8379058837890625,3.9109375000000006
15901,3.9318604469299316,3.9109375
15902,3.9301342964172363,3.9109375000000006
15903,3.90995454788208,3.9109375
15904,3.838656425476074,3.9109375
15905,3.8302958011627197,3.9109375
15906,3.8356521129608154,3.9109375000000006
15907,3.836571216583252,3.9109375
15908,3.835786819458008,3.9109375
15909,3.8349175453186035,3.9109375000000006
15910,3.839827299118042,3.9109375
15911,3.837038516998291,3.9109375000000006
15912,3.835373640060425,3.9109375000000006
15913,3.834970235824585,3.9109375
15914,3.8202762603759766,3.9109375
15915,3.816235303878784,3.9109375000000006
15916,3.813821315765381,3.9109375
15917,3.815340280532837,3.9109375
15918,3.823363780975342,3.9109375
15919,3.825256586074829,3.9390625
15920,3.8317158222198486,3.953125
15921,3.8511154651641846,3.953125
15922,3.8751935958862305,3.953125
15923,3.897597074508667,3.953125
15924,3.896976947784424,3.953125
15925,3.8918864727020264,3.953125
15926,3.870737075805664,3.953125
15927,3.892395257949829,3.953125
15928,3.870008707046509,3.953125
15929,3.8708715438842773,3.953125
15930,3.8967607021331787,3.953125
15931,3.9107143878936768,3.953125
15932,3.906099319458008,3.953125
15933,3.9096925258636475,3.953125
15934,3.9079084396362305,3.953125
15935,3.815497636795044,3.953125
15936,3.89298939704895,3.953125
15937,3.861682176589966,3.953125
15938,3.7950549125671387,3.953125
15939,3.7702934741973877,3.953125
15940,3.7670390605926514,3.953125
15941,3.773252487182617,3.953125
15942,3.8073039054870605,3.953125
15943,3.8175995349884033,3.953125
15944,3.8331007957458496,3.953125
15945,3.834085464477539,3.953125
15946,3.7469096183776855,3.953125
15947,3.7809789180755615,3.953125
15948,3.842064142227173,3.953125
15949,3.8412528038024902,3.953125
15950,3.8018105030059814,3.953125
15951,3.8720951080322266,3.953125
15952,3.923278331756592,3.953125
15953,3.9254117012023926,3.953125
15954,3.930453062057495,3.953125
15955,3.9315152168273926,3.953125
15956,3.9368796348571777,3.953125
15957,3.920468330383301,3.953125
15958,3.921271800994873,3.953125
15959,3.918790578842163,3.953125
15960,3.9316136837005615,3.87578125
15961,3.932123899459839,3.87578125
15962,3.9374780654907227,3.8599609375
15963,3.9414610862731934,3.8546875
15964,3.939241409301758,3.8546875
15965,3.9425551891326904,3.8546875
15966,3.9490394592285156,3.8546875
15967,3.781104326248169,3.8054687500000006
15968,3.762868642807007,3.7703125
15969,3.7927849292755127,3.7703125
15970,3.853710412979126,3.7703125
15971,3.8466837406158447,3.7703125
15972,3.8459153175354004,3.7703125
15973,3.917501211166382,3.7703125
15974,3.928539752960205,3.7703125
15975,3.952768325805664,3.7703125
15976,4.0232744216918945,3.7703125
15977,3.9444026947021484,3.7703125000000006
15978,3.9336836338043213,3.7703125
15979,3.86261248588562,3.7703125
15980,3.822453498840332,3.7703125
15981,3.7835965156555176,3.7703125
15982,3.6985716819763184,3.7703125
15983,3.7170839309692383,3.7703125
15984,3.7254369258880615,3.7703125
15985,3.785374641418457,3.7703125000000006
15986,3.7971508502960205,3.7703125
15987,3.919640302658081,3.7703125
15988,3.9363229274749756,3.7703125
15989,3.9368910789489746,3.7703125
15990,3.937582492828369,3.7703125
15991,3.929879903793335,3.7703125
15992,3.9055981636047363,3.794921875
15993,3.8901305198669434,3.8265625
15994,3.8613734245300293,3.872265625
15995,3.871053457260132,3.921484375
15996,3.876404047012329,3.977734375
15997,3.841265916824341,3.9953125
15998,3.713324785232544,4.04453125
15999,3.7212319374084473,4.069140625
16000,3.7276413440704346,4.076171875
16001,3.733242988586426,4.0796875
16002,3.7608015537261963,4.0796875
16003,3.8478035926818848,4.1130859375
16004,3.8904573917388916,4.1482421875
16005,3.8643550872802734,4.178125
16006,3.8551812171936035,4.1798828125
16007,3.8900346755981445,4.2150390625
16008,3.911309003829956,4.21328125
16009,3.9513676166534424,4.206250000000001
16010,3.9805405139923096,4.206250000000001
16011,4.023138999938965,4.206250000000001
16012,4.109638690948486,4.206250000000001
16013,4.146197319030762,4.206250000000001
16014,3.8888347148895264,4.206250000000001
16015,3.7108895778656006,4.206250000000001
16016,3.6983165740966797,4.206250000000001
16017,3.726555109024048,4.206250000000001
16018,3.84928560256958,4.206250000000001
16019,3.8295063972473145,4.206250000000001
16020,3.8009204864501953,4.206250000000001
16021,3.823774814605713,4.206250000000001
16022,3.9277000427246094,4.206250000000001
16023,3.946256637573242,4.206250000000001
16024,3.9431278705596924,4.206250000000001
16025,3.9355270862579346,4.206250000000001
16026,3.9307901859283447,4.206250000000001
16027,3.911912202835083,4.206250000000001
16028,3.888706922531128,4.206250000000001
16029,3.881911039352417,4.206250000000001
16030,3.883925676345825,4.206250000000001
16031,3.880967378616333,4.206250000000001
16032,3.8618946075439453,4.206250000000001
16033,3.8877546787261963,4.178125
16034,3.8897039890289307,4.178125
16035,3.9018163681030273,4.178125
16036,3.9113824367523193,4.178125
16037,3.9212214946746826,4.178125
16038,3.920496940612793,4.178125
16039,3.945239305496216,4.178125
16040,3.954756021499634,4.178125
16041,3.9330239295959473,4.178125
16042,3.930310010910034,4.178125
16043,3.9256088733673096,4.178125
16044,3.925489902496338,4.178125
16045,3.9257826805114746,4.178125
16046,3.9247207641601562,4.178125
16047,3.914071559906006,4.178125
16048,4.106943130493164,4.178125
16049,4.014542579650879,4.178125
16050,3.9781415462493896,4.178125
16051,3.9563663005828857,4.178125
16052,3.9560675621032715,4.178125
16053,3.9574337005615234,4.178125
16054,3.9459228515625,4.178125
16055,3.962026596069336,4.178125
16056,3.9665772914886475,4.178125
16057,3.963670015335083,4.178125
16058,3.950237989425659,4.178125
16059,3.944986581802368,4.178125
16060,3.9422714710235596,4.178125
16061,3.9381604194641113,4.178125
16062,3.935635566711426,4.178125
16063,3.928967237472534,4.178125
16064,3.928189992904663,4.178125
16065,3.9370360374450684,4.09375
16066,3.940615653991699,4.0919921875
16067,3.9256515502929688,3.8740234375
16068,3.9239602088928223,3.86875
16069,3.9174728393554688,3.86875
16070,3.920736312866211,3.86875
16071,3.921416997909546,3.86875
16072,3.9349422454833984,3.86875
16073,3.9486567974090576,3.86875
16074,3.9506139755249023,3.86875
16075,3.9514620304107666,3.86875
16076,3.9522011280059814,3.86875
16077,3.958383798599243,3.86875
16078,3.918193817138672,3.86875
16079,3.915839672088623,3.86875
16080,3.9167423248291016,3.86875
16081,3.9154672622680664,3.86875
16082,3.924434185028076,3.86875
16083,3.9223508834838867,3.86875
16084,3.9211628437042236,3.86875
16085,3.9284698963165283,3.86875
16086,3.933126449584961,3.86875
16087,3.9411087036132812,3.86875
16088,3.9437434673309326,3.86875
16089,3.9357664585113525,3.86875
16090,3.9357149600982666,3.86875
16091,3.928717851638794,3.86875
16092,3.9401190280914307,3.86875
16093,3.927881956100464,3.86875
16094,3.9186089038848877,3.86875
16095,3.9571433067321777,3.86875
16096,3.9475128650665283,3.86875
16097,3.9413468837738037,3.86875
16098,3.938786745071411,3.86875
16099,3.9170331954956055,3.86875
16100,3.903231143951416,3.86875
16101,3.888789176940918,3.8828125
16102,3.880037784576416,3.90390625
16103,3.87616229057312,3.90390625
16104,3.8840534687042236,3.90390625
16105,3.8867294788360596,3.90390625
16106,3.8875732421875,3.90390625
16107,3.888911008834839,3.90390625
16108,3.893439769744873,3.90390625
16109,3.9018540382385254,3.90390625
16110,3.9070887565612793,3.90390625
16111,3.915088653564453,3.90390625
16112,3.9159464836120605,3.91796875
16113,3.9179887771606445,3.91796875
16114,3.9196510314941406,3.91796875
16115,3.9174141883850098,3.9689453125
16116,3.919292449951172,3.97421875
16117,3.9424219131469727,3.97421875
16118,3.906524896621704,3.97421875
16119,3.903346061706543,3.97421875
16120,3.9063920974731445,3.97421875
16121,3.9067442417144775,3.97421875
16122,3.9143269062042236,3.97421875
16123,3.910834550857544,3.97421875
16124,3.9067509174346924,3.97421875
16125,3.897648334503174,3.97421875
16126,3.8886075019836426,3.97421875
16127,3.8855931758880615,3.97421875
16128,3.881671905517578,3.97421875
16129,3.8823294639587402,3.97421875
16130,3.890244483947754,3.97421875
16131,3.8959832191467285,3.97421875
16132,3.9073104858398438,3.97421875
16133,3.9111530780792236,3.97421875
16134,3.9118049144744873,3.97421875
16135,3.9170784950256348,3.97421875
16136,3.935739278793335,3.97421875
16137,3.8972089290618896,4.0375
16138,3.894483804702759,4.07265625
16139,3.8982839584350586,4.07265625
16140,3.8957502841949463,4.07265625
16141,3.9055254459381104,4.07265625
16142,3.905694007873535,4.05859375
16143,3.9062139987945557,4.041015625
16144,3.913294553756714,3.998828125
16145,3.9222989082336426,3.9390625
16146,3.924562931060791,3.93203125
16147,3.9247899055480957,3.93203125
16148,3.9342727661132812,3.925
16149,3.97859525680542,3.9109375
16150,3.9680428504943848,3.9109375
16151,3.966601610183716,3.9109375
16152,3.9628822803497314,3.907421875
16153,3.9487621784210205,3.90390625
16154,3.9278061389923096,3.90390625
16155,3.9261720180511475,3.90390625
16156,3.8941810131073,3.90390625
16157,3.9023687839508057,3.90390625
16158,3.886831283569336,3.896875
16159,3.8916754722595215,3.896875
16160,3.8928048610687256,3.896875
16161,3.8813693523406982,3.88984375
16162,3.8955605030059814,3.8212890625
16163,3.904494047164917,3.7966796875
16164,3.9127957820892334,3.7791015625
16165,3.9178779125213623,3.7703125
16166,3.818086624145508,3.5875
16167,3.9395716190338135,3.5734375000000003
16168,3.9533050060272217,3.559375
16169,3.957099676132202,3.559375
16170,3.95469069480896,3.5453125
16171,3.906404733657837,3.51015625
16172,3.907660722732544,3.51015625
16173,3.876976728439331,3.48203125
16174,3.943518877029419,3.4697265625
16175,3.988538980484009,3.4099609375
16176,3.9942171573638916,3.390625
16177,3.9944026470184326,3.390625
16178,3.944880485534668,3.3765625
16179,3.9397149085998535,3.3765625
16180,3.939070701599121,3.3765625
16181,3.9354419708251953,3.3765625
16182,3.938187599182129,3.36953125
16183,3.94488263130188,3.36953125
16184,3.9461469650268555,3.36953125
16185,3.947094202041626,3.36953125
16186,3.9489619731903076,3.36953125
16187,3.9575819969177246,3.36953125
16188,3.801287889480591,3.36953125
16189,3.8028197288513184,3.36953125
16190,3.8013498783111572,3.36953125
16191,3.764832019805908,3.3273437500000003
16192,3.7948224544525146,3.3203125
16193,3.8050339221954346,3.3203125
16194,3.8157334327697754,3.3203125
16195,3.8277440071105957,3.31328125
16196,3.838744640350342,3.29921875
16197,3.7550575733184814,3.29921875
16198,3.69866943359375,3.29921875
16199,3.707728624343872,3.29921875
16200,3.7210917472839355,3.29921875
16201,3.725950241088867,3.29921875
16202,3.7178947925567627,3.29921875
16203,3.7129065990448,3.29921875
16204,3.8001906871795654,3.29921875
16205,3.8707075119018555,3.29921875
16206,3.899113416671753,3.29921875
16207,3.889777898788452,3.29921875
16208,3.943952798843384,3.29921875
16209,3.9492874145507812,3.29921875
16210,3.9422709941864014,3.29921875
16211,3.910963773727417,3.29921875
16212,3.8572795391082764,3.29921875
16213,3.84618878364563,3.29921875
16214,3.8503577709198,3.29921875
16215,3.8342173099517822,3.29921875
16216,3.821368932723999,3.29921875
16217,3.815671920776367,3.29921875
16218,3.835678815841675,3.29921875
16219,3.839463472366333,3.29921875
16220,3.8538570404052734,3.29921875
16221,3.8639564514160156,3.29921875
16222,3.9143853187561035,3.29921875
16223,3.919236660003662,3.29921875
16224,3.866483449935913,3.29921875
16225,3.7938640117645264,3.29921875
16226,3.7636947631835938,3.30625
16227,3.768913984298706,3.30625
16228,3.7679502964019775,3.30625
16229,3.768860340118408,3.30625
16230,3.7673447132110596,3.30625
16231,3.898937225341797,3.30625
16232,3.895962715148926,3.30625
16233,3.8155767917633057,3.30625
16234,3.787733316421509,3.30625
16235,3.7881805896759033,3.30625
16236,3.7843267917633057,3.30625
16237,3.867887020111084,3.30625
16238,3.9118731021881104,3.30625
16239,3.8975517749786377,3.30625
16240,3.898014545440674,3.30625
16241,3.8665390014648438,3.30625
16242,3.845966339111328,3.30625
16243,3.8157496452331543,3.30625
16244,3.8009581565856934,3.30625
16245,3.689373731613159,3.30625
16246,3.6844775676727295,3.30625
16247,3.6852192878723145,3.30625
16248,3.681533098220825,3.28515625
16249,3.6809585094451904,3.278125
16250,3.6808407306671143,3.27109375
16251,3.6811459064483643,3.2640625
16252,3.681828737258911,3.24296875
16253,3.712961196899414,3.197265625
16254,3.7614855766296387,3.15859375
16255,3.6963210105895996,3.1234375
16256,3.7007648944854736,3.1164062500000003
16257,3.6953794956207275,3.1164062500000003
16258,3.701068639755249,3.1164062500000003
16259,3.693568229675293,3.1164062500000003
16260,3.6867828369140625,3.10234375
16261,3.7883548736572266,3.0812500000000003
16262,3.86625337600708,3.07421875
16263,3.866320848464966,2.923046875
16264,3.877499580383301,2.91953125
16265,3.8778765201568604,2.91953125
16266,3.8817832469940186,2.9125
16267,3.8939361572265625,2.9072265625
16268,3.8828539848327637,2.8984375
16269,3.8867831230163574,2.8984375
16270,3.885422468185425,2.8984375
16271,3.89107084274292,2.89140625
16272,3.946639060974121,2.86328125
16273,3.9508347511291504,2.86328125
16274,3.9311537742614746,2.85625
16275,3.903594493865967,2.8421875
16276,3.83182954788208,2.8140625
16277,3.8332626819610596,2.8140625
16278,3.8321468830108643,2.8140625
16279,3.8324148654937744,2.8140625
16280,3.864698648452759,2.8140625
16281,3.8983681201934814,2.8140625
16282,3.9374806880950928,2.8
16283,3.917618751525879,2.8
16284,3.8891773223876953,2.8
16285,3.85378098487854,2.8
16286,3.8486859798431396,2.8
16287,3.8407297134399414,2.8
16288,3.8115153312683105,2.79296875
16289,3.8676488399505615,2.79296875
16290,3.940660238265991,2.79296875
16291,3.9306979179382324,2.8
16292,3.87804913520813,2.9230468750000003
16293,3.878570318222046,2.96875
16294,3.9446983337402344,3.0390625
16295,3.8594624996185303,3.0953125
16296,3.857130289077759,3.0953125
16297,3.8393452167510986,3.10234375
16298,3.8384315967559814,3.105859375
16299,3.836825370788574,3.109375
16300,3.834620952606201,3.109375
16301,3.837480068206787,3.109375
16302,3.864041566848755,3.1234375
16303,3.8718016147613525,3.1375
16304,3.8785393238067627,3.162109375
16305,3.8761353492736816,3.165625
16306,3.8989510536193848,3.165625
16307,3.8965156078338623,3.1796875
16308,3.895585060119629,3.19375
16309,3.85542631149292,3.21484375
16310,3.8279130458831787,3.21484375
16311,3.8128950595855713,3.21484375
16312,3.821866750717163,3.21484375
16313,3.829958200454712,3.21484375
16314,3.835047483444214,3.232421875
16315,3.851322650909424,3.2640625
16316,3.94647479057312,3.3150390625000004
16317,3.919691562652588,3.334375
16318,3.8680055141448975,3.3765625
16319,3.8360657691955566,3.4328125000000003
16320,3.837125301361084,3.4609375
16321,3.8394229412078857,3.4609375
16322,3.8425586223602295,3.464453125
16323,3.849128007888794,3.5013671875
16324,3.84588885307312,3.52421875
16325,3.8099536895751953,3.6876953125
16326,3.795637845993042,3.7509765625
16327,3.7932217121124268,3.7755859375
16328,3.7928760051727295,3.7826171875
16329,3.8088271617889404,3.79140625
16330,3.8263003826141357,3.8388671875
16331,3.813544750213623,3.8810546875
16332,3.943269968032837,4.009375
16333,3.9474546909332275,4.009375
16334,3.953023910522461,4.016406249999999
16335,3.9543633460998535,4.0234375
16336,3.943673610687256,4.0234375
16337,3.9340407848358154,4.0234375
16338,3.8950283527374268,4.041015625
16339,3.845168113708496,4.04453125
16340,3.8411171436309814,4.04453125
16341,3.8409900665283203,4.04453125
16342,3.8394765853881836,4.04453125
16343,3.8286831378936768,4.04453125
16344,3.8332295417785645,4.04453125
16345,3.8084583282470703,4.04453125
16346,3.8095877170562744,4.04453125
16347,3.8132264614105225,4.04453125
16348,3.815162181854248,4.04453125
16349,3.836948871612549,4.04453125
16350,3.8373639583587646,4.04453125
16351,3.8642284870147705,4.04453125
16352,3.865180015563965,4.04453125
16353,3.878413677215576,4.04453125
16354,3.925241470336914,4.04453125
16355,3.8917901515960693,4.04453125
16356,3.8819472789764404,4.04453125
16357,3.8431360721588135,4.04453125
16358,3.8386125564575195,4.04453125
16359,3.838304042816162,4.04453125
16360,3.8297765254974365,4.04453125
16361,3.8213605880737305,4.04453125
16362,3.8510262966156006,4.04453125
16363,3.848287343978882,4.04453125
16364,3.847390651702881,4.04453125
16365,3.8533525466918945,4.04453125
16366,3.853327989578247,4.04453125
16367,3.853131055831909,4.04453125
16368,3.854956865310669,4.04453125
16369,3.854893922805786,4.04453125
16370,3.856823444366455,4.04453125
16371,3.8763833045959473,4.04453125
16372,3.8870127201080322,4.04453125
16373,3.880018949508667,4.04453125
16374,3.872115135192871,4.04453125
16375,3.8742282390594482,4.04453125
16376,3.874528408050537,4.04453125
16377,3.8871219158172607,4.04453125
16378,3.889446258544922,4.04453125
16379,3.8694536685943604,4.04453125
16380,3.93717098236084,4.04453125
16381,3.917844772338867,4.04453125
16382,3.788804769515991,4.04453125
16383,3.747857093811035,4.04453125
16384,3.720303773880005,4.04453125
16385,3.7260677814483643,4.04453125
16386,3.7935941219329834,4.04453125
16387,3.817150354385376,4.04453125
16388,3.8396189212799072,4.04453125
16389,3.843675374984741,4.04453125
16390,3.8462164402008057,4.04453125
16391,3.852519989013672,4.04453125
16392,3.8664307594299316,4.04453125
16393,3.8633134365081787,4.04453125
16394,3.8616225719451904,4.04453125
16395,3.849445104598999,4.04453125
16396,3.7304341793060303,4.04453125
16397,3.729625940322876,4.04453125
16398,3.7206037044525146,4.04453125
16399,3.722827672958374,4.04453125
16400,3.7267420291900635,4.04453125
16401,3.728545665740967,4.04453125
16402,3.709599733352661,4.04453125
16403,3.7023167610168457,4.04453125
16404,3.700360059738159,4.04453125
16405,3.706125497817993,4.04453125
16406,3.7084624767303467,4.04453125
16407,3.729078531265259,4.04453125
16408,3.7380573749542236,4.04453125
16409,3.765329122543335,4.04453125
16410,3.706564426422119,4.04453125
16411,3.701186418533325,4.04453125
16412,3.706620454788208,4.04453125
16413,3.7405827045440674,4.04453125
16414,3.707505464553833,4.04453125
16415,3.710357427597046,4.04453125
16416,3.7193968296051025,4.04453125
16417,3.723605155944824,4.04453125
16418,3.785719394683838,4.04453125
16419,3.8229730129241943,4.04453125
16420,3.8243589401245117,4.04453125
16421,3.822114944458008,4.04453125
16422,3.871081590652466,4.04453125
16423,3.879859447479248,4.04453125
16424,3.903754472732544,4.04453125
16425,3.906320810317993,4.04453125
16426,3.8992395401000977,4.04453125
16427,3.9019343852996826,4.04453125
16428,3.866067886352539,4.04453125
16429,3.8614165782928467,4.04453125
16430,3.841948986053467,4.04453125
16431,3.8483667373657227,4.04453125
16432,3.857131004333496,4.04453125
16433,3.8329172134399414,4.04453125
16434,3.8321752548217773,4.04453125
16435,3.8385138511657715,4.04453125
16436,3.8229775428771973,4.04453125
16437,3.823380470275879,4.04453125
16438,3.831254243850708,4.04453125
16439,3.8227434158325195,4.04453125
16440,3.8398091793060303,4.04453125
16441,3.8537487983703613,4.04453125
16442,3.8564460277557373,4.04453125
16443,3.843486785888672,4.04453125
16444,3.8273472785949707,4.04453125
16445,3.8187787532806396,4.04453125
16446,3.8251283168792725,4.04453125
16447,3.8245835304260254,4.04453125
16448,3.807354211807251,4.07265625
16449,3.8030753135681152,4.0796875
16450,3.802366018295288,4.0796875
16451,3.7847177982330322,4.086718749999999
16452,3.7802486419677734,4.086718749999999
16453,3.78094220161438,4.086718749999999
16454,3.7729740142822266,4.1078125000000005
16455,3.7707407474517822,4.11484375
16456,3.774411201477051,4.11484375
16457,3.7821576595306396,4.11484375
16458,3.790501117706299,4.1078125
16459,3.7805380821228027,4.062109375
16460,3.790010929107666,4.016406249999999
16461,3.8194029331207275,4.016406249999999
16462,3.8488452434539795,4.016406249999999
16463,3.839996099472046,4.016406249999999
16464,3.829014778137207,4.016406249999999
16465,3.764543056488037,4.016406249999999
16466,3.7950987815856934,4.016406249999999
16467,3.818821430206299,4.016406249999999
16468,3.820528984069824,4.016406249999999
16469,3.8164422512054443,4.016406249999999
16470,3.8122611045837402,4.016406249999999
16471,3.8831024169921875,4.016406249999999
16472,3.893059253692627,4.016406249999999
16473,3.877322196960449,4.016406249999999
16474,3.873983383178711,4.016406249999999
16475,3.873361825942993,4.016406249999999
16476,3.8794078826904297,4.016406249999999
16477,3.9184257984161377,4.016406249999999
16478,3.903606414794922,4.016406249999999
16479,3.8745310306549072,4.016406249999999
16480,3.87283992767334,4.016406249999999
16481,3.845371961593628,4.016406249999999
16482,3.952796697616577,4.016406249999999
16483,3.9546501636505127,4.016406249999999
16484,3.9498252868652344,4.016406249999999
16485,3.922030210494995,4.016406249999999
16486,3.8635027408599854,4.016406249999999
16487,3.8397421836853027,4.016406249999999
16488,3.794452667236328,4.016406249999999
16489,3.7899506092071533,4.016406249999999
16490,3.7842929363250732,4.016406249999999
16491,3.7983901500701904,4.016406249999999
16492,3.80619478225708,4.016406249999999
16493,3.8016927242279053,4.016406249999999
16494,3.8096070289611816,4.016406249999999
16495,3.814859628677368,4.016406249999999
16496,3.8315324783325195,4.016406249999999
16497,3.8386106491088867,4.016406249999999
16498,3.8392438888549805,4.016406249999999
16499,3.8887853622436523,4.016406249999999
16500,3.962221622467041,4.016406249999999
16501,3.9559316635131836,4.016406249999999
16502,3.947368860244751,4.016406249999999
16503,3.928224563598633,4.016406249999999
16504,3.8923425674438477,4.016406249999999
16505,3.8199307918548584,4.016406249999999
16506,3.844144105911255,4.016406249999999
16507,3.8696448802948,4.016406249999999
16508,3.8737118244171143,4.016406249999999
16509,3.873603343963623,4.016406249999999
16510,3.86327862739563,4.016406249999999
16511,3.851008415222168,4.016406249999999
16512,3.8560550212860107,4.016406249999999
16513,3.869065999984741,4.016406249999999
16514,3.8758766651153564,4.016406249999999
16515,3.9056661128997803,4.016406249999999
16516,3.8584702014923096,3.98125
16517,3.845933437347412,3.98125
16518,3.7915163040161133,3.9953125
16519,3.8264615535736084,3.9953125
16520,3.827674627304077,3.9953125
16521,3.9223413467407227,3.9953125
16522,3.8942062854766846,3.9953125
16523,3.8616738319396973,3.9953125
16524,3.8515491485595703,3.9953125
16525,3.824449300765991,3.9953125
16526,3.8171603679656982,3.9953125
16527,3.8186850547790527,3.9953125
16528,3.8058722019195557,3.9953125
16529,3.7549479007720947,3.9953125
16530,3.7388885021209717,3.9953125
16531,3.7465438842773438,3.9953125
16532,3.6913087368011475,3.9953125
16533,3.6953177452087402,3.9953125
16534,3.713341474533081,3.9953125
16535,3.6925265789031982,3.9953125
16536,3.763411045074463,4.100781250000001
16537,3.7711641788482666,4.100781250000001
16538,3.8832218647003174,4.100781250000001
16539,3.833702325820923,4.100781250000001
16540,3.8310327529907227,4.100781250000001
16541,3.699080467224121,4.100781250000001
16542,3.704423666000366,4.100781250000001
16543,3.7177603244781494,4.100781250000001
16544,3.706735849380493,4.100781250000001
16545,3.701549530029297,4.100781250000001
16546,3.7182207107543945,4.100781250000001
16547,3.797079563140869,4.100781250000001
16548,3.726053476333618,4.100781250000001
16549,3.72745418548584,4.100781250000001
16550,3.7301156520843506,4.100781250000001
16551,3.752824544906616,4.100781250000001
16552,3.7386116981506348,4.100781250000001
16553,3.7272045612335205,4.100781250000001
16554,3.786653757095337,4.100781250000001
16555,3.811245918273926,4.100781250000001
16556,3.813685417175293,4.100781250000001
16557,3.810507297515869,4.100781250000001
16558,3.8259167671203613,4.100781250000001
16559,3.7765731811523438,4.100781250000001
16560,3.8115451335906982,4.100781250000001
16561,3.764202117919922,4.100781250000001
16562,3.743652105331421,4.100781250000001
16563,3.693068027496338,4.100781250000001
16564,3.6960296630859375,4.100781250000001
16565,3.7136270999908447,4.100781250000001
16566,3.733552932739258,4.100781250000001
16567,3.753634452819824,4.100781250000001
16568,3.76470947265625,4.100781250000001
16569,3.8236076831817627,4.100781250000001
16570,3.767329454421997,4.100781250000001
16571,3.8234760761260986,4.100781250000001
16572,3.797046422958374,4.100781250000001
16573,3.734043836593628,4.100781250000001
16574,3.764037609100342,4.100781250000001
16575,3.7582480907440186,4.100781250000001
16576,3.763396739959717,4.100781250000001
16577,3.7781898975372314,4.100781250000001
16578,3.773833751678467,4.100781250000001
16579,3.824350595474243,4.100781250000001
16580,3.8459787368774414,4.100781250000001
16581,3.8653125762939453,4.100781250000001
16582,3.769594430923462,4.100781250000001
16583,3.7628257274627686,4.100781250000001
16584,3.764115571975708,4.100781250000001
16585,3.77006196975708,4.100781250000001
16586,3.7964470386505127,4.100781250000001
16587,3.804478406906128,4.100781250000001
16588,3.8312432765960693,4.100781250000001
16589,3.8409292697906494,4.100781250000001
16590,3.809718132019043,4.100781250000001
16591,3.8528406620025635,4.100781250000001
16592,3.846423864364624,4.100781250000001
16593,3.854857921600342,4.100781250000001
16594,3.8694283962249756,4.100781250000001
16595,3.7939140796661377,4.100781250000001
16596,3.806020975112915,4.100781250000001
16597,3.816957473754883,4.100781250000001
16598,3.871739625930786,4.100781250000001
16599,3.854797601699829,4.0234375
16600,3.851525068283081,4.0234375
16601,3.9129817485809326,4.0234375
16602,3.9100735187530518,4.0234375
16603,3.9037513732910156,4.0234375
16604,3.896888017654419,4.0234375
16605,3.8945436477661133,4.0234375
16606,3.9040687084198,4.0234375
16607,3.910979747772217,4.0234375
16608,3.895784378051758,4.0234375
16609,3.8173458576202393,4.0234375
16610,3.778095006942749,4.0234375
16611,3.86906361579895,4.0234375
16612,3.822606325149536,4.04453125
16613,3.7586495876312256,4.051562499999999
16614,3.7555460929870605,4.051562499999999
16615,3.770221471786499,4.051562499999999
16616,3.775853395462036,4.051562499999999
16617,3.7810850143432617,4.051562499999999
16618,3.9010937213897705,4.0375
16619,3.9287779331207275,4.030468750000001
16620,3.927865505218506,3.98828125
16621,3.9008212089538574,3.98828125
16622,3.835355281829834,3.98828125
16623,3.8061537742614746,3.98828125
16624,3.803539276123047,3.98828125
16625,3.7924280166625977,3.98828125
16626,3.7911009788513184,3.9671875
16627,3.8197150230407715,3.921484375
16628,3.825493574142456,3.83359375
16629,3.831622362136841,3.83359375
16630,3.8237926959991455,3.8125
16631,3.8289031982421875,3.8125
16632,3.8397738933563232,3.8125
16633,3.871591806411743,3.8125
16634,3.882120370864868,3.8125
16635,3.8983571529388428,3.8125
16636,3.9234108924865723,3.8125
16637,3.914985179901123,3.8125
16638,3.892646312713623,3.8125
16639,3.8390934467315674,3.8125
16640,3.9386839866638184,3.8125
16641,3.9382236003875732,3.8125
16642,3.9855616092681885,3.8125
16643,3.9667575359344482,3.8125
16644,3.8346760272979736,3.8125
16645,3.8581695556640625,3.8125
16646,3.871527671813965,3.8125
16647,3.870185613632202,3.8125
16648,3.8341939449310303,3.8125
16649,3.845081329345703,3.8125
16650,3.8484084606170654,3.8125
16651,3.8455185890197754,3.8125
16652,3.855058431625366,3.8125
16653,3.8687386512756348,3.8125
16654,3.867279291152954,3.8125
16655,3.869802236557007,3.8125
16656,3.8745357990264893,3.8125
16657,3.9043328762054443,3.8125
16658,3.9044411182403564,3.8125
16659,3.8910882472991943,3.8125
16660,3.8989381790161133,3.8125
16661,3.9046294689178467,3.8125
16662,3.9028513431549072,3.8125
16663,3.905290365219116,3.8125
16664,3.9021170139312744,3.8125
16665,3.885122299194336,3.8125
16666,3.9270517826080322,3.76328125
16667,3.9416420459747314,3.69296875
16668,3.971532106399536,3.671875
16669,3.9105632305145264,3.671875
16670,3.9742591381073,3.671875
16671,3.9668586254119873,3.671875
16672,3.874556064605713,3.671875
16673,3.8226735591888428,3.671875
16674,3.804985523223877,3.671875
16675,3.959916114807129,3.671875
16676,3.9253852367401123,3.671875
16677,3.9115548133850098,3.66484375
16678,3.9025328159332275,3.66484375
16679,3.8678154945373535,3.66484375
16680,3.795426607131958,3.66484375
16681,3.7450451850891113,3.66484375
16682,3.7484683990478516,3.66484375
16683,3.7912368774414062,3.66484375
16684,3.9316885471343994,3.65078125
16685,3.967907190322876,3.471484375
16686,3.9589943885803223,3.457421875
16687,3.9498109817504883,3.34140625
16688,3.975797176361084,3.204296875
16689,4.460138320922852,3.17265625
16690,5.602541923522949,3.133984375
16691,5.762046813964844,2.9546875
16692,5.761720657348633,2.9125
16693,5.766600608825684,2.487109375
16694,5.766903877258301,2.4484375
16695,5.767413139343262,2.3658203125000004
16696,5.765444755554199,2.2603515625000004
16697,5.765729904174805,2.2375
16698,5.766145706176758,2.198828125
16699,5.765798568725586,2.1865234375
16700,5.766107559204102,2.1390625
16701,5.906594276428223,1.04921875
16702,5.9023847579956055,1.04921875
16703,5.903249740600586,1.04921875
16704,5.914916038513184,1.04921875
16705,5.924238204956055,1.04921875
16706,5.930225372314453,1.04921875
16707,5.930121421813965,1.04921875
16708,5.769861221313477,1.04921875
16709,5.763348579406738,1.04921875
16710,5.758162498474121,1.04921875
16711,5.727863311767578,1.04921875
16712,4.709547996520996,1.04921875
16713,3.688034772872925,1.04921875
16714,3.6777195930480957,1.04921875
16715,3.678659200668335,1.04921875
16716,3.6807658672332764,1.04921875
16717,3.938312292098999,1.04921875
16718,4.894966125488281,1.04921875
16719,4.899024963378906,1.04921875
16720,4.920238494873047,1.04921875
16721,4.919260025024414,1.04921875
16722,4.907199859619141,1.04921875
16723,4.851822853088379,1.04921875
16724,3.9958183765411377,1.04921875
16725,4.60627555847168,1.04921875
16726,4.4339094161987305,1.04921875
16727,4.237366676330566,1.04921875
16728,4.56195068359375,1.04921875
16729,4.584052085876465,1.04921875
16730,4.001346588134766,1.04921875
16731,4.6481523513793945,1.04921875
16732,4.793188095092773,1.04921875
16733,4.8083343505859375,1.04921875
16734,4.821535110473633,1.04921875
16735,4.849787712097168,1.04921875
16736,4.877829551696777,1.04921875
16737,4.6480817794799805,1.04921875
16738,4.752442359924316,1.04921875
16739,4.7431640625,1.04921875
16740,4.645869255065918,1.04921875
16741,4.804662704467773,1.04921875
16742,4.795235633850098,1.04921875
16743,4.777017593383789,1.04921875
16744,4.745297431945801,1.04921875
16745,4.7475080490112305,1.04921875
16746,4.536358833312988,1.04921875
16747,4.200992107391357,1.3111328125
16748,4.080599308013916,1.48984375
16749,4.037863731384277,1.5203125
16750,3.8866889476776123,1.5203125
16751,4.237574577331543,1.5203125
16752,4.325710296630859,1.5203125
16753,4.752270698547363,1.5203125
16754,4.833319664001465,1.5203125
16755,4.877123832702637,1.5203125
16756,3.729156970977783,1.5203125
16757,3.725013256072998,1.5203125
16758,3.7035017013549805,1.5203125
16759,3.698537588119507,1.5203125
16760,3.694511890411377,1.5203125
16761,3.7017297744750977,1.646875
16762,3.7117512226104736,1.6890625
16763,3.7800397872924805,1.71015625
16764,3.7855165004730225,1.71015625
16765,3.739750862121582,1.71015625
16766,3.683166027069092,1.71015625
16767,3.680454969406128,1.71015625
16768,3.6796164512634277,1.71015625
16769,3.679905652999878,1.71015625
16770,3.7644307613372803,1.71015625
16771,3.7096922397613525,1.71015625
16772,3.711357593536377,1.71015625
16773,3.981041669845581,1.71015625
16774,4.045456886291504,1.73828125
16775,3.9458539485931396,1.75375
16776,3.856790781021118,1.759375
16777,3.791555404663086,1.770625
16778,3.783966064453125,1.78046875
16779,3.777078628540039,1.7875
16780,3.7534279823303223,1.7875
16781,3.7261691093444824,1.896484375
16782,3.731217384338379,1.94640625
16783,3.7352423667907715,1.9544921875
16784,3.7545995712280273,2.040625
16785,3.754326581954956,2.040625
16786,3.7625842094421387,2.08984375
16787,3.7510902881622314,2.18125
16788,3.7486302852630615,2.18125
16789,3.738779067993164,2.1830078125
16790,3.7508270740509033,2.2427734375
16791,3.7253918647766113,2.24453125
16792,3.7124831676483154,2.24453125
16793,3.7170605659484863,2.24453125
16794,3.729111433029175,2.31484375
16795,3.718860149383545,2.3471875
16796,3.710505247116089,2.35
16797,3.710639715194702,2.35
16798,3.7289724349975586,2.3728515625
16799,3.725820541381836,2.378125
16800,3.7212629318237305,2.378125
16801,3.7160985469818115,2.378125
16802,3.7130656242370605,2.38234375
16803,3.6993415355682373,2.3921875
16804,3.6892497539520264,2.3921875
16805,3.69390869140625,2.3921875
16806,3.695949077606201,2.3921875
16807,3.6967101097106934,2.3921875
16808,3.706162452697754,2.3921875
16809,3.719892740249634,2.3921875
16810,4.096227645874023,2.3921875
16811,3.9781675338745117,2.3921875
16812,3.7934272289276123,2.3921875
16813,3.7600066661834717,2.3921875
16814,3.7271056175231934,2.3921875
16815,3.7201781272888184,2.3921875
16816,3.7119781970977783,2.3921875
16817,3.710467576980591,2.3921875
16818,3.712371826171875,2.3921875
16819,3.7073984146118164,2.3921875
16820,3.696866512298584,2.3921875
16821,3.698591470718384,2.3921875
16822,3.702660083770752,2.3921875
16823,3.747865915298462,2.3921875
16824,3.695044994354248,2.3921875
16825,3.680339813232422,2.3921875
16826,3.6829490661621094,2.3921875
16827,3.68387508392334,2.3921875
16828,3.6845667362213135,2.3921875
16829,3.68611478805542,2.3921875
16830,3.6872174739837646,2.3921875
16831,3.689539670944214,2.38515625
16832,3.7218992710113525,2.38515625
16833,3.7241969108581543,2.38515625
16834,3.704695701599121,2.38515625
16835,3.6949496269226074,2.38515625
16836,3.6906495094299316,2.38515625
16837,3.6891167163848877,2.38515625
16838,3.686782121658325,2.38515625
16839,3.6865575313568115,2.38515625
16840,3.686436891555786,2.38515625
16841,3.6890499591827393,2.38515625
16842,3.6920759677886963,2.38515625
16843,3.690284013748169,2.38515625
16844,3.6969354152679443,2.42734375
16845,3.695002794265747,2.434375
16846,3.7002501487731934,2.5046875
16847,3.712193727493286,2.51875
16848,3.7409517765045166,2.63828125
16849,3.7333970069885254,2.63828125
16850,3.7533493041992188,2.63828125
16851,4.29594612121582,2.6453125
16852,4.44331169128418,2.6453125
16853,4.239302158355713,2.6453125
16854,3.708501100540161,2.6453125
16855,3.6976945400238037,2.6453125
16856,3.707756280899048,2.6453125
16857,3.7038533687591553,2.6453125
16858,3.696335554122925,2.6453125
16859,3.697019577026367,2.6453125
16860,3.708056688308716,2.6453125
16861,3.6900010108947754,2.6453125
16862,3.688091516494751,2.6453125
16863,3.6877357959747314,2.6453125
16864,3.690532922744751,2.6453125
16865,3.7219066619873047,2.6453125
16866,3.770291566848755,2.6453125
16867,4.372689247131348,2.6453125
16868,3.9441511631011963,2.6453125
16869,4.026555061340332,2.6453125
16870,4.243709087371826,2.6453125
16871,4.058684349060059,2.6453125
16872,4.087779998779297,2.6453125
16873,4.471432209014893,2.6453125
16874,3.8508825302124023,2.6453125
16875,3.767707586288452,2.6453125
16876,3.8699045181274414,2.6453125
16877,3.775596857070923,2.6453125
16878,3.72448468208313,2.6453125
16879,3.8410909175872803,2.6453125
16880,3.8621585369110107,2.6453125
16881,3.7812230587005615,2.6453125
16882,3.7762508392333984,2.6453125
16883,3.7593438625335693,2.6453125
16884,3.750974655151367,2.6453125
16885,3.7515225410461426,2.6453125
16886,3.784696340560913,2.6453125
16887,3.6996848583221436,2.6453125
16888,4.163471221923828,2.6453125
16889,4.233669281005859,2.6453125
16890,3.7886133193969727,2.6453125
16891,3.786233425140381,2.6453125
16892,3.7599427700042725,2.6453125
16893,3.7301042079925537,2.6453125
16894,3.7019011974334717,2.6453125
16895,3.7011141777038574,2.6453125
16896,3.7201921939849854,2.6453125
16897,3.7487854957580566,2.6453125
16898,3.773477554321289,2.6453125
16899,3.8454670906066895,2.6453125
16900,3.792116403579712,2.68046875
16901,3.762885093688965,2.6875
16902,3.754155397415161,2.6875
16903,3.752864122390747,2.6875
16904,3.7548089027404785,2.69734375
16905,3.7494373321533203,2.70859375
16906,3.7484896183013916,2.7156250000000006
16907,3.764946937561035,2.79859375
16908,3.7488908767700195,2.8755859375
16909,3.763970375061035,2.884375
16910,3.729768753051758,2.884375
16911,3.7497975826263428,2.884375
16912,3.7493984699249268,2.884375
16913,3.7494168281555176,2.89140625
16914,3.749086856842041,2.8984375
16915,3.7765982151031494,2.8984375
16916,3.7683494091033936,2.90546875
16917,3.7771084308624268,2.90546875
16918,3.758373975753784,2.9054687499999994
16919,3.7773568630218506,2.90546875
16920,3.7773516178131104,2.9054687499999994
16921,3.782406806945801,2.90546875
16922,3.7750439643859863,2.9054687499999994
16923,3.761974334716797,2.90546875
16924,3.752769947052002,2.9054687499999994
16925,3.7414791584014893,2.9054687499999994
16926,3.7212231159210205,2.9054687499999994
16927,3.7382383346557617,2.9054687499999994
16928,3.722907304763794,2.90546875
16929,3.7191784381866455,2.90546875
16930,3.7044875621795654,2.90546875
16931,3.694289445877075,2.90546875
16932,3.6980082988739014,2.90546875
16933,3.698746681213379,2.90546875
16934,3.6996803283691406,2.90546875
16935,3.7006399631500244,2.9054687499999994
16936,3.704200029373169,2.9845703125
16937,3.7060906887054443,3.053125
16938,3.7045929431915283,3.053125
16939,3.7045085430145264,3.06015625
16940,3.709808111190796,3.0671875
16941,3.7096638679504395,3.0671875
16942,3.7082021236419678,3.0671875
16943,3.7072465419769287,3.0671875
16944,3.70369291305542,3.0671875000000006
16945,3.7003800868988037,3.0671875
16946,3.7029807567596436,3.0812500000000003
16947,3.7058372497558594,3.0830078125
16948,3.7068965435028076,3.08828125
16949,3.704566717147827,3.1023437500000006
16950,3.6977474689483643,3.109375
16951,3.7106096744537354,3.109375
16952,3.7322092056274414,3.109375
16953,3.7251408100128174,3.13046875
16954,3.7146191596984863,3.13046875
16955,3.7243869304656982,3.1375
16956,3.716437816619873,3.1375000000000006
16957,3.7154898643493652,3.1375
16958,3.6843960285186768,3.1515625000000003
16959,3.684452533721924,3.1515625000000003
16960,3.6835525035858154,3.1515625000000003
16961,3.6831295490264893,3.1515625000000003
16962,3.6828606128692627,3.1515625000000003
16963,3.683166027069092,3.1515625000000003
16964,3.6836440563201904,3.1515625000000003
16965,3.6869983673095703,3.1515625000000003
16966,3.686664581298828,3.1515625000000003
16967,3.685997724533081,3.1515625000000003
16968,3.686889410018921,3.1515625000000003
16969,3.703528642654419,3.1515625000000003
16970,3.7042393684387207,3.1515625000000003
16971,3.7231557369232178,3.1515625000000003
16972,3.727151393890381,3.1515625000000003
16973,3.7288012504577637,3.1515625000000003
16974,3.723160982131958,3.1515625000000003
16975,3.7043509483337402,3.14453125
16976,3.994816541671753,3.14453125
16977,3.7587742805480957,3.14453125
16978,3.7564237117767334,3.14453125
16979,3.7642533779144287,3.14875
16980,3.8252158164978027,3.15859375
16981,3.83891224861145,3.165625
16982,3.806819438934326,3.165625
16983,3.751683473587036,3.165625
16984,3.856858015060425,3.165625
16985,3.6860876083374023,3.165625
16986,3.688047170639038,3.165625
16987,3.6912901401519775,3.165625
16988,3.6887993812561035,3.165625
16989,3.6877472400665283,3.165625
16990,3.6848716735839844,3.165625
16991,3.681389331817627,3.165625
16992,3.6814491748809814,3.165625
16993,3.6911919116973877,3.165625
16994,3.691634178161621,3.165625
16995,3.698106527328491,3.165625
16996,3.6896700859069824,3.165625
16997,3.6894938945770264,3.165625
16998,3.6868066787719727,3.165625
16999,3.686812400817871,3.165625
17000,3.6906657218933105,3.165625
17001,3.692456007003784,3.165625
17002,3.692103147506714,3.165625
17003,3.6873066425323486,3.165625
17004,3.6861159801483154,3.165625
17005,3.6834025382995605,3.165625
17006,3.6846489906311035,3.165625
17007,3.6903557777404785,3.165625
17008,3.7147531509399414,3.165625
17009,3.6986002922058105,3.165625
17010,3.6878809928894043,3.165625
17011,3.6866931915283203,3.165625
17012,3.685687303543091,3.20078125
17013,3.684685230255127,3.20078125
17014,3.6856985092163086,3.20078125
17015,3.6866507530212402,3.20078125
17016,3.689528465270996,3.20078125
17017,3.7037134170532227,3.20078125
17018,3.704962968826294,3.20078125
17019,3.693437099456787,3.20078125
17020,3.699727773666382,3.20078125
17021,3.7027406692504883,3.20078125
17022,3.690230369567871,3.20078125
17023,3.689481258392334,3.20078125
17024,3.6890504360198975,3.20078125
17025,3.6895766258239746,3.20078125
17026,3.6957199573516846,3.20078125
17027,3.6962027549743652,3.20078125
17028,3.7012929916381836,3.20078125
17029,3.7025270462036133,3.20078125
17030,3.7179744243621826,3.20078125
17031,3.713390350341797,3.20078125
17032,3.8773155212402344,3.20078125
17033,3.7090673446655273,3.2921875
17034,3.7023324966430664,3.3625000000000003
17035,3.8611295223236084,3.446875
17036,3.818240165710449,3.4609375
17037,3.8089442253112793,3.47265625
17038,3.9272968769073486,3.4890625
17039,3.9330930709838867,3.5171875
17040,3.9158802032470703,3.5171875
17041,3.7522976398468018,3.5382812500000003
17042,3.6938066482543945,3.5453125
17043,3.6895241737365723,3.5453125
17044,3.8727004528045654,3.58046875
17045,3.864999532699585,3.58046875
17046,3.8860061168670654,3.58046875
17047,4.224637985229492,3.58046875
17048,4.325361251831055,3.58046875
17049,4.322265625,3.58046875
17050,4.3097381591796875,3.58046875
17051,4.0782318115234375,3.58046875
17052,3.946840286254883,3.58046875
17053,3.690412998199463,3.58046875
17054,3.6875882148742676,3.58046875
17055,3.687584638595581,3.58046875
17056,3.685187816619873,3.58046875
17057,3.6836605072021484,3.58046875
17058,3.684093952178955,3.58046875
17059,3.68375301361084,3.58046875
17060,3.6841487884521484,3.58046875
17061,3.684981107711792,3.58046875
17062,3.685790777206421,3.5734375000000003
17063,3.685777425765991,3.5734375000000003
17064,3.6850180625915527,3.5734375000000003
17065,3.6836133003234863,3.5734375
17066,3.6839606761932373,3.5734375000000003
17067,3.691591739654541,3.5734375000000003
17068,3.7012126445770264,3.5734375000000003
17069,3.6975722312927246,3.5734375
17070,3.697019338607788,3.5734375000000003
17071,3.7003438472747803,3.53125
17072,3.706484317779541,3.53125
17073,3.7070693969726562,3.53125
17074,3.707611560821533,3.53125
17075,3.709774971008301,3.53125
17076,3.807814598083496,3.53125
17077,3.754227876663208,3.53125
17078,3.7065582275390625,3.5171875
17079,3.700479745864868,3.5171875
17080,3.6794424057006836,3.42578125
17081,3.8202619552612305,3.42578125
17082,3.7751526832580566,3.42578125
17083,3.742335081100464,3.42578125
17084,3.732761859893799,3.42578125
17085,3.7027111053466797,3.42578125
17086,3.703659772872925,3.42578125
17087,3.901576042175293,3.422265625
17088,3.7752058506011963,3.4328125000000003
17089,3.7194607257843018,3.43984375
17090,4.068978309631348,3.43984375
17091,4.049036979675293,3.43984375
17092,4.0304365158081055,3.43984375
17093,3.9097678661346436,3.43984375
17094,3.881028413772583,3.43984375
17095,3.7540810108184814,3.43984375
17096,3.7465741634368896,3.43984375
17097,3.717895746231079,3.43984375
17098,3.714845657348633,3.43984375
17099,3.716378927230835,3.43984375
17100,3.729954242706299,3.43984375
17101,3.72234845161438,3.43984375
17102,3.704176902770996,3.4275390625
17103,3.7045204639434814,3.42578125
17104,3.7184321880340576,3.42578125
17105,3.715543508529663,3.42578125
17106,3.7027878761291504,3.5013671875
17107,3.7078804969787598,3.55234375
17108,3.694007635116577,3.6103515625
17109,3.684964418411255,3.69296875
17110,3.684638738632202,3.69296875
17111,3.683651924133301,3.6947265625
17112,3.6851017475128174,3.71265625
17113,3.6881628036499023,3.7140625
17114,3.693345785140991,3.72109375
17115,3.69397234916687,3.7263671875
17116,3.6904563903808594,3.728125
17117,3.7207281589508057,3.728125
17118,3.7261762619018555,3.728125
17119,3.714667797088623,3.728125
17120,3.7205350399017334,3.728125
17121,3.720694065093994,3.728125
17122,3.7138619422912598,3.728125
17123,3.7080769538879395,3.728125
17124,3.704920768737793,3.728125
17125,3.6965091228485107,3.728125
17126,3.6956286430358887,3.728125
17127,3.6936588287353516,3.728125
17128,3.7009871006011963,3.728125
17129,3.701395273208618,3.728125
17130,3.7001731395721436,3.728125
17131,3.7001709938049316,3.728125
17132,3.699788808822632,3.728125
17133,3.694762945175171,3.728125
17134,3.6857144832611084,3.728125
17135,3.6861135959625244,3.728125
17136,3.6850168704986572,3.728125
17137,3.684701442718506,3.728125
17138,3.6835880279541016,3.728125
17139,3.6822171211242676,3.728125
17140,3.6829612255096436,3.728125
17141,3.692399024963379,3.728125
17142,3.6940338611602783,3.728125
17143,3.6972498893737793,3.728125
17144,3.6995737552642822,3.728125
17145,3.7002604007720947,3.728125
17146,3.700822353363037,3.728125
17147,3.6881792545318604,3.728125
17148,3.701923131942749,3.728125
17149,3.7030141353607178,3.728125
17150,3.699500560760498,3.728125
17151,3.6994457244873047,3.728125
17152,3.7074639797210693,3.728125
17153,3.711528778076172,3.728125
17154,3.711035966873169,3.728125
17155,3.7105214595794678,3.728125
17156,3.7101638317108154,3.728125
17157,3.7197682857513428,3.728125
17158,3.6941475868225098,3.728125
17159,3.6910784244537354,3.7421875
17160,3.690537452697754,3.752734375
17161,3.6951744556427,3.8388671875
17162,3.699462890625,3.896875
17163,3.700960397720337,3.896875
17164,3.7035136222839355,3.9109375
17165,3.7060275077819824,3.91796875
17166,3.6993541717529297,3.925
17167,3.6962084770202637,3.925
17168,3.6959054470062256,3.925
17169,3.6968445777893066,3.928515625
17170,3.697028398513794,3.96015625
17171,3.698683738708496,3.96015625
17172,3.705012559890747,3.96015625
17173,3.7196474075317383,3.96015625
17174,3.7184906005859375,3.91796875
17175,3.710658550262451,3.91796875
17176,3.688601016998291,3.91796875
17177,3.683467149734497,3.91796875
17178,3.7036633491516113,3.91796875
17179,3.747434139251709,3.91796875
17180,3.7036001682281494,3.90390625
17181,3.718463182449341,3.90390625
17182,3.7097702026367188,3.90390625
17183,3.708989381790161,3.90390625
17184,3.7084388732910156,3.90390625
17185,3.7180511951446533,3.90390625
17186,3.7168681621551514,3.90390625
17187,3.717766046524048,3.90390625
17188,3.7182137966156006,3.90390625
17189,3.723578929901123,3.896875
17190,3.724184989929199,3.896875
17191,3.7254674434661865,3.896875
17192,3.7250895500183105,3.896875
17193,3.717150926589966,3.88984375
17194,3.7182483673095703,3.88984375
17195,3.7000951766967773,3.88984375
17196,3.698746919631958,3.9671875
17197,3.6942176818847656,3.97421875
17198,3.694481134414673,3.97421875
17199,3.7099339962005615,3.97421875
17200,3.706357955932617,3.97421875
17201,3.7007789611816406,3.97421875
17202,3.688964605331421,3.97421875
17203,3.686223030090332,3.98828125
17204,3.682328939437866,3.9953125
17205,3.68202543258667,3.9953125
17206,3.680372714996338,4.0005859375
17207,3.6803596019744873,4.00234375
17208,3.68023419380188,4.00234375
17209,3.6802237033843994,4.00234375
17210,3.6802430152893066,4.0234375
17211,3.6812641620635986,4.033984374999999
17212,3.6818087100982666,4.0375
17213,3.681224822998047,4.04453125
17214,3.681220293045044,4.05859375
17215,3.6814346313476562,4.05859375
17216,3.681445837020874,4.05859375
17217,3.679938793182373,4.100781250000001
17218,3.6828432083129883,4.258984375
17219,3.6854472160339355,4.297656249999999
17220,3.685490846633911,4.32578125
17221,3.6825802326202393,4.41015625
17222,3.683567523956299,4.43125
17223,3.684875249862671,4.533203125
17224,3.683480739593506,4.592968750000001
17225,3.6824731826782227,4.69140625
17226,3.6842851638793945,4.69140625
17227,3.6921398639678955,4.719531249999999
17228,3.6958162784576416,4.719531249999999
17229,3.697767496109009,4.733593750000001
17230,3.706199884414673,4.740625
17231,3.7135941982269287,4.740625
17232,3.7269468307495117,4.740625
17233,3.7286174297332764,4.740625
17234,3.7294301986694336,4.740625
17235,3.730701446533203,4.740625
17236,3.7383873462677,4.740625
17237,3.7171804904937744,4.740625
17238,3.714487075805664,4.740625
17239,3.6890289783477783,4.74765625
17240,3.688539981842041,4.74765625
17241,3.6949338912963867,4.74765625
17242,3.6999728679656982,4.74765625
17243,3.71030330657959,4.74765625
17244,3.7130136489868164,4.74765625
17245,3.717397928237915,4.74765625
17246,3.740516424179077,4.768750000000001
17247,3.752725839614868,4.768750000000001
17248,3.962292432785034,4.803906250000001
17249,3.9430463314056396,4.803906250000001
17250,3.9341719150543213,4.803906250000001
17251,3.816340208053589,4.803906250000001
17252,3.808913469314575,4.803906250000001
17253,3.7728323936462402,4.803906250000001
17254,3.7429747581481934,4.803906250000001
17255,3.758181571960449,4.803906250000001
17256,4.861716270446777,4.803906250000001
17257,3.995340585708618,4.803906250000001
17258,3.926234006881714,4.803906250000001
17259,3.8823893070220947,4.803906250000001
17260,3.873145341873169,4.803906250000001
17261,3.845247268676758,4.803906250000001
17262,3.805954933166504,4.803906250000001
17263,3.773552656173706,4.803906250000001
17264,3.804593563079834,4.81796875
17265,3.811891794204712,4.81796875
17266,3.8150081634521484,4.81796875
17267,3.817070722579956,4.81796875
17268,3.810231924057007,4.81796875
17269,3.8099122047424316,4.81796875
17270,3.7970693111419678,4.81796875
17271,3.816401720046997,4.84609375
17272,3.8108434677124023,4.860156249999999
17273,3.826683521270752,4.860156249999999
17274,3.8322606086730957,4.860156249999999
17275,3.799752712249756,4.860156249999999
17276,3.7787272930145264,4.860156249999999
17277,3.7640068531036377,4.860156249999999
17278,3.7662270069122314,4.860156249999999
17279,3.7823708057403564,4.860156249999999
17280,3.8260586261749268,4.860156249999999
17281,3.862675905227661,4.860156249999999
17282,3.8730130195617676,4.860156249999999
17283,3.8577544689178467,4.860156249999999
17284,3.8565001487731934,4.860156249999999
17285,3.857741355895996,4.860156249999999
17286,3.859804630279541,4.860156249999999
17287,3.8657171726226807,4.860156249999999
17288,3.8276174068450928,4.860156249999999
17289,3.7999825477600098,4.860156249999999
17290,3.7926228046417236,4.860156249999999
17291,3.782771587371826,4.860156249999999
17292,3.7853240966796875,4.860156249999999
17293,3.784810781478882,4.860156249999999
17294,3.7761518955230713,4.860156249999999
17295,3.77864408493042,4.860156249999999
17296,3.7808070182800293,4.860156249999999
17297,3.82712721824646,4.860156249999999
17298,3.8290843963623047,4.860156249999999
17299,3.8047213554382324,4.860156249999999
17300,3.795285940170288,4.860156249999999
17301,3.785216808319092,4.860156249999999
17302,3.7766101360321045,4.860156249999999
17303,3.801424503326416,4.860156249999999
17304,3.8192310333251953,4.860156249999999
17305,3.8296167850494385,4.860156249999999
17306,3.8209879398345947,4.860156249999999
17307,3.8196327686309814,4.860156249999999
17308,3.7982606887817383,4.860156249999999
17309,3.802851915359497,4.860156249999999
17310,3.801177978515625,4.860156249999999
17311,3.8424556255340576,4.9375
17312,3.8274645805358887,5.0359375
17313,3.8360960483551025,5.0359375
17314,3.8333351612091064,5.0359375
17315,3.8102023601531982,5.0359375
17316,3.796154499053955,5.0359375
17317,3.796245574951172,5.0359375
17318,3.7926502227783203,5.0359375
17319,3.7487943172454834,5.0359375
17320,3.739720582962036,5.0359375
17321,3.7416281700134277,5.0359375
17322,3.7980494499206543,5.0359375
17323,3.8157553672790527,5.0359375
17324,3.800433874130249,5.0359375
17325,3.778801679611206,5.0359375
17326,3.8109629154205322,5.0359375
17327,3.8188867568969727,5.0359375
17328,3.828378200531006,5.0359375
17329,3.797175884246826,5.0359375
17330,3.8153300285339355,5.0359375
17331,3.8237242698669434,5.0359375
17332,3.8316919803619385,5.0359375
17333,3.885538339614868,5.0359375
17334,3.86260724067688,5.0359375
17335,3.8358750343322754,5.0359375
17336,3.813044786453247,5.0359375
17337,3.876162528991699,5.0359375
17338,3.8812575340270996,5.0359375
17339,3.9918434619903564,5.0359375
17340,3.8131773471832275,5.0359375
17341,3.7980220317840576,5.0359375
17342,3.8150761127471924,5.0359375
17343,3.807213544845581,5.0359375
17344,3.797145128250122,5.0359375
17345,3.7984304428100586,5.0359375
17346,3.80391526222229,5.0359375
17347,3.8407628536224365,5.0359375
17348,3.87030291557312,5.0359375
17349,3.7831408977508545,5.0359375
17350,3.775688886642456,5.0359375
17351,3.7905027866363525,5.0359375
17352,3.7963743209838867,5.0359375
17353,3.7989513874053955,5.0359375
17354,3.7965762615203857,5.0359375
17355,3.7966084480285645,5.0359375
17356,3.802285671234131,5.0359375
17357,3.8095407485961914,5.0359375
17358,3.791443347930908,5.078125
17359,3.8065624237060547,5.08515625
17360,3.825176954269409,5.08515625
17361,3.820956230163574,5.08515625
17362,3.8196229934692383,5.08515625
17363,3.820841073989868,5.08515625
17364,3.8302524089813232,5.08515625
17365,3.817606210708618,5.08515625
17366,3.807332754135132,5.08515625
17367,3.8253211975097656,5.0640625
17368,3.861133575439453,5.0640625
17369,3.8511264324188232,5.0640625
17370,3.878674030303955,5.0570312500000005
17371,3.8333020210266113,5.0570312500000005
17372,3.8198792934417725,5.0570312500000005
17373,3.8456552028656006,5.0570312500000005
17374,3.8452343940734863,5.0570312500000005
17375,3.85044264793396,5.0570312500000005
17376,3.8970770835876465,5.0570312500000005
17377,3.91877818107605,5.0570312500000005
17378,4.101202011108398,5.0570312500000005
17379,4.219498634338379,5.0570312500000005
17380,4.513293266296387,5.0570312500000005
17381,3.93674898147583,5.0570312500000005
17382,3.915342330932617,5.0570312500000005
17383,3.8610265254974365,5.0570312500000005
17384,3.7570159435272217,5.0570312500000005
17385,3.752666711807251,5.0570312500000005
17386,4.07679557800293,5.0570312500000005
17387,4.2133917808532715,5.0570312500000005
17388,4.755189895629883,5.0570312500000005
17389,4.017575263977051,5.0570312500000005
17390,4.156867027282715,5.0570312500000005
17391,4.307106971740723,5.0570312500000005
17392,3.9357264041900635,5.0570312500000005
17393,3.957451105117798,5.0570312500000005
17394,3.9719414710998535,5.0570312500000005
17395,3.9788990020751953,5.0570312500000005
17396,4.020029067993164,5.0570312500000005
17397,5.458757400512695,5.0570312500000005
17398,5.714082717895508,5.0570312500000005
17399,5.6332807540893555,5.0570312500000005
17400,5.537798881530762,5.0570312500000005
17401,5.25184440612793,5.0570312500000005
17402,4.788366317749023,5.0570312500000005
17403,4.772235870361328,5.0570312500000005
17404,4.527891159057617,5.0570312500000005
17405,4.399055480957031,5.0570312500000005
17406,4.365617752075195,5.0570312500000005
17407,4.289623737335205,5.0570312500000005
17408,4.576693534851074,5.0570312500000005
17409,4.703259468078613,5.0570312500000005
17410,5.621133804321289,5.0570312500000005
17411,5.199899673461914,5.07109375
17412,5.213295936584473,5.07109375
17413,5.3365373611450195,5.07109375
17414,5.125055313110352,5.07109375
17415,5.113713264465332,5.07109375
17416,4.752511978149414,5.07109375
17417,5.68950080871582,5.07109375
17418,5.3740234375,5.07109375
17419,4.864020347595215,5.07109375
17420,4.709054946899414,5.07109375
17421,4.489487648010254,5.07109375
17422,4.416694164276123,5.07109375
17423,4.228438377380371,5.07109375
17424,4.454388618469238,5.07109375
17425,4.533280372619629,5.07109375
17426,4.5021162033081055,5.07109375
17427,4.490591049194336,5.07109375
17428,4.365514755249023,5.07109375
17429,4.267271995544434,5.07109375
17430,4.382399559020996,5.07109375
17431,4.354404449462891,5.07109375
17432,4.337830543518066,5.07109375
17433,4.295769691467285,5.07109375
17434,4.308196067810059,5.07109375
17435,4.319632053375244,5.07109375
17436,4.308802604675293,5.07109375
17437,4.332219123840332,5.0570312500000005
17438,4.32949161529541,5.0517578125
17439,4.322475910186768,5.0078125
17440,4.343380928039551,4.979687500000001
17441,4.305788993835449,4.95859375
17442,4.107224464416504,4.91640625
17443,4.07835578918457,4.91640625
17444,4.070683479309082,4.91640625
17445,4.056777000427246,4.91640625
17446,4.0630340576171875,4.91640625
17447,4.045618534088135,4.91640625
17448,4.0149335861206055,4.91640625
17449,4.141263961791992,4.91640625
17450,4.058202743530273,4.91640625
17451,4.079205513000488,4.91640625
17452,3.990963935852051,4.91640625
17453,4.040585041046143,4.91640625
17454,4.1248979568481445,4.91640625
17455,4.133775234222412,4.91640625
17456,4.066368103027344,4.91640625
17457,3.932530641555786,4.91640625
17458,3.9653587341308594,4.91640625
17459,4.651608467102051,4.91640625
17460,3.949664831161499,4.91640625
17461,4.152310371398926,4.91640625
17462,4.140420436859131,4.91640625
17463,4.3292951583862305,4.91640625
17464,4.318955421447754,4.91640625
17465,4.401741027832031,4.91640625
17466,4.256406784057617,4.91640625
17467,4.214583396911621,4.91640625
17468,4.142697811126709,4.91640625
17469,4.1468048095703125,4.91640625
17470,3.951833486557007,4.91640625
17471,4.086060523986816,4.91640625
17472,3.9934544563293457,4.91640625
17473,3.8891043663024902,4.91640625
17474,3.9125890731811523,4.91640625
17475,3.8128552436828613,4.895312499999999
17476,3.826923370361328,4.895312499999999
17477,3.8386917114257812,4.895312499999999
17478,3.841794490814209,4.895312499999999
17479,3.8579471111297607,4.895312499999999
17480,3.859384536743164,4.895312499999999
17481,3.8527770042419434,4.895312499999999
17482,3.8151988983154297,4.895312499999999
17483,3.8091683387756348,4.895312499999999
17484,3.804746389389038,4.895312499999999
17485,3.923142910003662,4.895312499999999
17486,3.9329936504364014,4.895312499999999
17487,3.7369279861450195,4.895312499999999
17488,3.7343530654907227,4.895312499999999
17489,3.7981090545654297,4.895312499999999
17490,3.7272958755493164,4.895312499999999
17491,3.728685140609741,4.91640625
17492,3.7526185512542725,4.99375
17493,3.7653133869171143,5.04296875
17494,3.739137649536133,5.05
17495,3.739305019378662,5.05
17496,3.740100383758545,5.05
17497,3.788686752319336,5.05
17498,3.7945351600646973,5.05
17499,3.7692339420318604,5.05
17500,3.754378318786621,5.05
17501,3.736740827560425,5.05
17502,3.7828149795532227,5.05
17503,3.7339963912963867,5.05
17504,3.7255356311798096,5.05
17505,3.714118003845215,5.05
17506,3.7115368843078613,5.05
17507,3.711884021759033,5.05
17508,3.7363357543945312,5.05
17509,3.7482833862304688,5.05
17510,3.741530179977417,5.05
17511,3.7462880611419678,5.05
17512,3.716463088989258,5.05
17513,3.705268383026123,5.05
17514,3.7056427001953125,5.05
17515,3.708526372909546,5.05
17516,3.7136714458465576,5.05
17517,3.720294952392578,5.05
17518,3.721966505050659,5.05
17519,4.242835521697998,5.05
17520,4.153102397918701,5.05
17521,3.9481091499328613,5.05
17522,3.916867256164551,5.05
17523,3.698052406311035,5.05
17524,3.6982977390289307,5.05
17525,3.6903440952301025,5.05
17526,3.687481164932251,5.05
17527,3.6888835430145264,5.05
17528,3.6923580169677734,5.05
17529,3.7028119564056396,5.05
17530,3.72579026222229,5.05
17531,3.7142064571380615,5.05
17532,3.7071051597595215,5.05
17533,3.716917037963867,5.05
17534,3.7242841720581055,5.05
17535,3.7377755641937256,5.05
17536,3.7407424449920654,5.05
17537,3.7414393424987793,5.05
17538,3.7595787048339844,5.05
17539,3.7243499755859375,5.05
17540,3.7360568046569824,5.05
17541,3.7335569858551025,4.997265625000001
17542,3.7353312969207764,4.990234375
17543,3.736708164215088,4.98671875
17544,3.7367358207702637,4.98671875
17545,3.7161648273468018,4.88828125
17546,3.720813274383545,4.88125
17547,3.7491824626922607,4.874218750000001
17548,3.751734733581543,4.874218750000001
17549,3.7437987327575684,4.874218750000001
17550,3.750237226486206,4.874218750000001
17551,3.7601511478424072,4.8671875
17552,3.7734901905059814,4.8671875
17553,3.7866013050079346,4.8671875
17554,3.780085325241089,4.8671875
17555,3.738999366760254,4.853125
17556,3.7416937351226807,4.853125
17557,3.7858223915100098,4.8408203125
17558,3.862544536590576,4.83203125
17559,3.782775402069092,4.81796875
17560,3.737867593765259,4.789843749999999
17561,3.7375054359436035,4.789843749999999
17562,3.7220113277435303,4.789843749999999
17563,3.7199742794036865,4.7669921875000005
17564,3.7109172344207764,4.76171875
17565,3.69484281539917,4.69140625
17566,3.9191577434539795,4.533203125
17567,4.409863471984863,4.519140625
17568,4.264272689819336,4.378515625
17569,4.133814334869385,4.375
17570,4.91009521484375,4.346875000000001
17571,5.164994239807129,4.332812499999999
17572,5.123597145080566,4.322265625
17573,4.054430961608887,4.290625
17574,3.986924171447754,4.290625
17575,4.017611026763916,4.290625
17576,4.111028671264648,4.26953125
17577,4.173498153686523,4.26953125
17578,4.139684677124023,4.26953125
17579,4.153611660003662,4.26953125
17580,4.238901138305664,4.26953125
17581,4.23404598236084,4.26953125
17582,4.3874077796936035,4.26953125
17583,5.041385650634766,4.26953125
17584,4.961992263793945,4.26953125
17585,4.576972007751465,4.26953125
17586,4.289281368255615,4.258984375
17587,4.205366611480713,4.2484375
17588,4.007503509521484,4.2484375
17589,4.4803547859191895,4.2484375
17590,4.204023361206055,4.2484375
17591,4.374361515045166,4.2484375
17592,4.215597629547119,4.234375
17593,4.328253269195557,4.234375
17594,4.319669246673584,4.2203125
17595,4.33365535736084,4.2203125
17596,4.446310043334961,4.21328125
17597,4.333719730377197,4.206250000000001
17598,3.8799819946289062,4.206250000000001
17599,4.367027282714844,4.206250000000001
17600,4.686128616333008,4.206250000000001
17601,4.692133903503418,4.206250000000001
17602,4.607823371887207,4.206250000000001
17603,4.65403938293457,4.206250000000001
17604,4.553094863891602,4.206250000000001
17605,4.3653764724731445,4.206250000000001
17606,4.230946063995361,4.206250000000001
17607,4.218457221984863,4.206250000000001
17608,3.977339029312134,4.206250000000001
17609,4.285408020019531,4.206250000000001
17610,4.271663665771484,4.206250000000001
17611,4.031124114990234,4.206250000000001
17612,4.033200263977051,4.206250000000001
17613,4.195904731750488,4.178125
17614,4.480677604675293,4.157031249999999
17615,4.5050272941589355,4.157031249999999
17616,4.559277534484863,4.157031249999999
17617,4.589240074157715,4.157031249999999
17618,4.551580429077148,4.157031249999999
17619,4.607112884521484,4.157031249999999
17620,4.439709663391113,4.157031249999999
17621,4.455875396728516,4.14296875
17622,4.445291996002197,4.135937500000001
17623,4.246509552001953,4.135937500000001
17624,4.245275497436523,4.135937500000001
17625,4.298496246337891,4.135937500000001
17626,4.348938941955566,4.135937500000001
17627,4.326803684234619,4.135937500000001
17628,4.301472187042236,4.135937500000001
17629,4.3518476486206055,4.135937500000001
17630,4.312056064605713,4.135937500000001
17631,4.298555374145508,4.135937500000001
17632,4.277920722961426,4.135937500000001
17633,4.292940139770508,4.135937500000001
17634,5.68331241607666,4.135937500000001
17635,5.682646751403809,4.135937500000001
17636,5.674517631530762,4.135937500000001
17637,5.4557952880859375,4.135937500000001
17638,5.3423261642456055,4.135937500000001
17639,4.015271186828613,4.135937500000001
17640,3.9940621852874756,4.135937500000001
17641,3.9866139888763428,4.135937500000001
17642,3.9324843883514404,4.135937500000001
17643,4.0026397705078125,4.135937500000001
17644,4.000019550323486,4.135937500000001
17645,4.0096635818481445,4.135937500000001
17646,4.569901466369629,4.135937500000001
17647,4.593198776245117,4.135937500000001
17648,4.4673871994018555,4.135937500000001
17649,4.415096282958984,4.135937500000001
17650,4.432151794433594,4.135937500000001
17651,4.603302955627441,4.135937500000001
17652,4.715081214904785,4.135937500000001
17653,3.8169760704040527,4.135937500000001
17654,3.860898733139038,4.135937500000001
17655,3.796128034591675,4.135937500000001
17656,3.860612392425537,4.135937500000001
17657,3.8234260082244873,4.135937500000001
17658,3.7975573539733887,4.135937500000001
17659,3.82768177986145,4.135937500000001
17660,3.8666112422943115,4.135937500000001
17661,3.867152214050293,4.135937500000001
17662,3.8640151023864746,4.135937500000001
17663,3.861783504486084,4.135937500000001
17664,3.8656444549560547,4.135937500000001
17665,3.895254611968994,4.135937500000001
17666,3.8602027893066406,4.135937500000001
17667,3.8683993816375732,4.135937500000001
17668,3.8721044063568115,4.135937500000001
17669,3.932715654373169,4.135937500000001
17670,3.9365322589874268,4.135937500000001
17671,3.8641715049743652,4.135937500000001
17672,3.869298219680786,4.12890625
17673,3.843151569366455,4.11484375
17674,3.861074209213257,4.11484375
17675,3.8482325077056885,4.1078125
17676,3.8596744537353516,4.07265625
17677,3.8703997135162354,4.05859375
17678,3.8585166931152344,4.04453125
17679,3.7740957736968994,4.0375
17680,3.78781795501709,3.9759765625
17681,3.7886059284210205,3.97421875
17682,3.798729419708252,3.96015625
17683,3.7852444648742676,3.953125
17684,3.774747610092163,3.96015625
17685,3.7675435543060303,3.96015625
17686,3.764981269836426,3.96015625
17687,3.7990458011627197,3.9109375
17688,3.9256656169891357,3.88984375
17689,3.99849009513855,3.87578125
17690,3.919684410095215,3.8265625
17691,3.8010616302490234,3.80546875
17692,3.749566078186035,3.80546875
17693,3.751647472381592,3.773828125
17694,3.737873077392578,3.67890625
17695,3.6823654174804688,3.7140625
17696,3.6825811862945557,3.72109375
17697,3.6859140396118164,3.74921875
17698,3.686613082885742,3.74921875
17699,3.832179307937622,3.74921875
17700,4.226214408874512,3.74921875
17701,3.896080493927002,3.74921875
17702,3.86175799369812,3.74921875
17703,3.8109447956085205,3.74921875
17704,3.8393871784210205,3.74921875
17705,3.826582431793213,3.74921875
17706,3.8303749561309814,3.74921875
17707,3.8130881786346436,3.74921875
17708,3.8606181144714355,3.74921875
17709,3.822481155395508,3.74921875
17710,3.7858197689056396,3.74921875
17711,3.780935049057007,3.74921875
17712,3.7816596031188965,3.74921875
17713,3.7774391174316406,3.74921875
17714,3.7776949405670166,3.74921875
17715,3.774923324584961,3.74921875
17716,3.7730469703674316,3.74921875
17717,3.7669901847839355,3.74921875
17718,3.764780044555664,3.74921875
17719,3.762439012527466,3.74921875
17720,3.7655863761901855,3.74921875
17721,3.793020486831665,3.74921875
17722,3.820272922515869,3.74921875
17723,3.839366912841797,3.74921875
17724,3.798234701156616,3.74921875
17725,3.796501636505127,3.74921875
17726,3.7874326705932617,3.74921875
17727,3.783545970916748,3.74921875
17728,3.8001816272735596,3.74921875
17729,3.8107590675354004,3.74921875
17730,3.7864997386932373,3.74921875
17731,3.8531711101531982,3.74921875
17732,3.8363053798675537,3.74921875
17733,3.8461105823516846,3.74921875
17734,3.7464282512664795,3.74921875
17735,3.7591917514801025,3.74921875
17736,3.731987237930298,3.74921875
17737,3.816321611404419,3.75625
17738,4.24455451965332,3.75625
17739,4.35893440246582,3.75625
17740,4.184028625488281,3.75625
17741,4.296703338623047,3.75625
17742,3.8202028274536133,3.75625
17743,3.84177827835083,3.75625
17744,3.947284460067749,3.75625
17745,3.736538887023926,3.75625
17746,3.747755765914917,3.75625
17747,3.743286609649658,3.75625
17748,3.7229387760162354,3.75625
17749,3.7168593406677246,3.75625
17750,3.7324023246765137,3.75625
17751,3.734943389892578,3.75625
17752,3.8361072540283203,3.7140625
17753,3.8744490146636963,3.7140625
17754,3.8912062644958496,3.7140625
17755,3.7980775833129883,3.72109375
17756,3.7184174060821533,3.671875
17757,3.7237770557403564,3.671875
17758,3.729806423187256,3.671875
17759,3.7221121788024902,3.668359375
17760,3.859010696411133,3.6296875
17761,3.8091652393341064,3.6296875
17762,3.845095157623291,3.615625
17763,4.09674596786499,3.583984375
17764,3.9622297286987305,3.5734375000000003
17765,3.8496317863464355,3.5734375000000003
17766,3.8351962566375732,3.5734375000000003
17767,3.8385086059570312,3.5734375000000003
17768,3.8344976902008057,3.56640625
17769,3.8223659992218018,3.56640625
17770,3.773167133331299,3.56640625
17771,3.7162024974823,3.56640625
17772,3.709109306335449,3.5734375000000003
17773,3.7082839012145996,3.58046875
17774,3.7088587284088135,3.58046875
17775,3.7125020027160645,3.6015625
17776,3.8052098751068115,3.60859375
17777,3.8315179347991943,3.6349609375
17778,3.844935178756714,3.6384765625
17779,3.849881649017334,3.64375
17780,3.9374616146087646,3.7140625
17781,3.73465895652771,3.7421875
17782,4.108063697814941,3.7421875
17783,4.091806411743164,3.7421875
17784,4.031484603881836,3.7421875
17785,4.032289028167725,3.7421875
17786,4.033267021179199,3.7421875
17787,4.046838760375977,3.7421875
17788,4.5756611824035645,3.7421875
17789,4.4259748458862305,3.7421875
17790,4.4359130859375,3.7421875
17791,4.419764518737793,3.7421875
17792,4.333347320556641,3.7421875
17793,3.969855785369873,3.7421875
17794,3.6818246841430664,3.7421875
17795,3.717207670211792,3.7421875
17796,4.474374771118164,3.7421875
17797,4.153232097625732,3.7421875
17798,3.7605440616607666,3.7421875
17799,3.8530852794647217,3.7421875
17800,3.965388298034668,3.7421875
17801,3.7913711071014404,3.7421875
17802,3.689296245574951,3.7421875
17803,3.685953140258789,3.7421875
17804,3.685817003250122,3.7421875
17805,3.7156829833984375,3.7421875
17806,3.7120633125305176,3.7421875
17807,3.708869695663452,3.7421875
17808,3.7344534397125244,3.7421875
17809,5.901832580566406,3.7421875
17810,5.869060516357422,3.7421875
17811,4.430051803588867,3.7421875
17812,4.047471046447754,3.7421875
17813,3.933220148086548,3.7421875
17814,3.7389883995056152,3.7
17815,3.7421023845672607,3.7
17816,3.6955182552337646,3.7
17817,3.6925442218780518,3.7
17818,3.693781852722168,3.69296875
17819,3.721020460128784,3.72109375
17820,3.6978001594543457,3.72109375
17821,3.6940083503723145,3.72109375
17822,3.859792947769165,3.72109375
17823,3.7057228088378906,3.6103515625
17824,3.6828227043151855,3.55234375
17825,3.6860549449920654,3.478515625
17826,4.866907119750977,3.4345703125
17827,6.390617370605469,3.3326171875000004
17828,6.389089584350586,3.30625
17829,5.832225799560547,3.232421875
17830,5.825950622558594,3.1779296875000003
17831,5.900774002075195,3.07421875
17832,5.910493850708008,3.0583984375
17833,5.932394027709961,2.8791015625
17834,5.9399261474609375,2.7015625
17835,5.940412521362305,2.634765625
17836,5.939172744750977,2.501171875
17837,5.938847541809082,2.4923828125
17838,5.863973617553711,5.016249999999999
17839,5.842951774597168,5.016249999999999
17840,5.8423614501953125,5.016249999999999
17841,5.841899871826172,5.016249999999999
17842,5.862551689147949,5.016249999999999
17843,5.844572067260742,5.016249999999999
17844,5.842212677001953,5.016249999999999
17845,5.843184471130371,5.016249999999999
17846,5.852961540222168,5.016249999999999
17847,4.9227705001831055,5.0725
17848,4.931342124938965,3.71125
17849,5.103571891784668,3.536875
17850,5.560422897338867,3.3484375
17851,5.866438865661621,2.5975
17852,4.923994064331055,2.3950000000000005
17853,4.924083709716797,2.3950000000000005
17854,4.9245710372924805,2.26
17855,4.924370765686035,2.26
17856,4.924313545227051,2.26
17857,4.924323081970215,2.26
17858,4.905803680419922,2.26
17859,4.913495063781738,2.26
17860,4.919107437133789,2.26
17861,4.921182632446289,2.26
17862,4.901470184326172,2.26
17863,4.913214683532715,2.26
17864,4.9215192794799805,2.27125
17865,4.923264503479004,2.27125
17866,4.9240264892578125,2.27125
17867,4.917375564575195,2.27125
17868,4.924565315246582,2.27125
17869,4.922981262207031,2.27125
17870,4.9226484298706055,2.27125
17871,4.922586441040039,2.27125
17872,4.920026779174805,2.27125
17873,4.920769691467285,2.27125
17874,4.9208269119262695,2.27125
17875,4.923174858093262,2.27125
17876,4.924460411071777,2.27125
17877,4.922568321228027,2.27125
17878,4.91544246673584,2.27125
17879,4.917823791503906,2.27125
17880,4.919824600219727,2.27125
17881,4.924832344055176,2.27125
17882,5.426823616027832,1.61875
17883,5.360373497009277,1.61875
17884,4.924783706665039,1.8100000000000005
17885,4.924541473388672,1.8100000000000005
17886,4.921527862548828,1.828
17887,4.917661666870117,1.855
17888,4.924382209777832,1.855
17889,4.924389839172363,1.855
17890,4.924346923828125,1.855
17891,4.924178123474121,1.855
17892,4.924212455749512,1.855
17893,4.924182891845703,1.855
17894,4.924158096313477,1.855
17895,4.923977851867676,1.855
17896,4.923994064331055,1.855
17897,4.923976898193359,1.855
17898,4.923559188842773,1.855
17899,4.923091888427734,1.855
17900,4.921274185180664,1.855
17901,4.969348907470703,1.855
17902,5.186466217041016,1.855
17903,5.6841020584106445,1.855
17904,5.865642547607422,1.855
17905,5.864592552185059,1.855
17906,5.8661346435546875,1.855
17907,5.937579154968262,1.855
17908,5.981462478637695,1.855
17909,5.969860076904297,1.85875
17910,5.941885948181152,2.33875
17911,5.930366516113281,2.40625
17912,6.049901962280273,2.59525
17913,6.067357063293457,2.681875
17914,5.996991157531738,2.771875
17915,5.927426338195801,2.82925
17916,5.86301326751709,3.17125
17917,5.869875907897949,3.5424999999999995
17918,5.8650102615356445,3.5650000000000004
17919,5.8618268966674805,3.570625
17920,5.877626419067383,3.6775
17921,6.169539451599121,3.6775
17922,5.998130798339844,3.71875
17923,5.891118049621582,3.91375
17924,5.885041236877441,3.93625
17925,6.382028579711914,4.00375
17926,6.407737731933594,4.00375
17927,6.387109756469727,4.1528125
17928,5.995909690856934,4.8925
17929,5.996650695800781,4.8925
17930,6.066941261291504,4.8925
17931,6.092646598815918,4.8925
17932,6.117353439331055,4.8925
17933,6.044767379760742,4.8925
17934,5.988518714904785,4.8925
17935,5.860849380493164,4.8925
17936,5.8615007400512695,4.8925
17937,5.8653564453125,4.8925
17938,5.872805595397949,4.8925
17939,5.873497009277344,4.8925
17940,5.875348091125488,4.8925
17941,5.873435974121094,4.909375
17942,5.864738464355469,4.99375
17943,5.864649772644043,4.99375
17944,5.865390777587891,4.8475
17945,5.865865707397461,4.7434375
17946,5.866997718811035,4.72375
17947,5.86707878112793,4.72375
17948,5.867196083068848,4.72375
17949,5.868870735168457,4.72375
17950,5.871426582336426,4.697500000000001
17951,5.867931365966797,3.89125
17952,5.89279842376709,4.00375
17953,6.03791618347168,4.00375
17954,5.985231399536133,4.00375
17955,5.963082313537598,4.00375
17956,5.928032875061035,4.00375
17957,5.868036270141602,3.334375
17958,5.861935615539551,3.1375000000000006
17959,5.861934661865234,3.1375000000000006
17960,5.865287780761719,3.7225
17961,5.866789817810059,3.829375
17962,5.869733810424805,3.941875
17963,5.872013092041016,4.31875
17964,5.869551658630371,4.31875
17965,5.869592666625977,4.31875
17966,5.8692522048950195,4.31875
17967,5.867975234985352,4.31875
17968,5.864869117736816,4.313124999999999
17969,5.864510536193848,4.3075
17970,5.8640947341918945,4.262499999999999
17971,5.868350028991699,4.262499999999999
17972,6.259329795837402,4.262499999999999
17973,5.8778181076049805,4.262499999999999
17974,5.875588417053223,4.262499999999999
17975,5.875124931335449,4.262499999999999
17976,5.874198913574219,4.262499999999999
17977,5.872669219970703,4.262499999999999
17978,5.8714141845703125,4.262499999999999
17979,5.869688034057617,4.262499999999999
17980,5.869014739990234,4.262499999999999
17981,5.868776321411133,4.262499999999999
17982,5.8679609298706055,4.262499999999999
17983,5.867071151733398,4.262499999999999
17984,5.866080284118652,4.262499999999999
17985,5.865997314453125,4.262499999999999
17986,5.865068435668945,4.262499999999999
17987,5.86458683013916,4.262499999999999
17988,5.864594459533691,4.262499999999999
17989,5.864742279052734,4.262499999999999
17990,5.865078926086426,4.262499999999999
17991,5.864654541015625,4.262499999999999
17992,5.878179550170898,4.262499999999999
17993,5.86729621887207,4.262499999999999
17994,5.936642646789551,3.9812500000000006
17995,6.092695236206055,3.790000000000001
17996,6.172019004821777,3.67975
17997,6.329641342163086,3.4890625
17998,6.235625267028809,3.3287500000000003
17999,5.9652910232543945,3.30625
18000,5.870373725891113,3.25
18001,5.847673416137695,3.17125
18002,5.84771728515625,3.17125
18003,5.861559867858887,3.17125
18004,5.868447303771973,3.25
18005,5.868734359741211,3.2589999999999995
18006,5.871495246887207,3.44125
18007,5.871360778808594,3.44125
18008,5.870369911193848,3.44125
18009,5.870488166809082,3.44125
18010,5.872475624084473,3.44125
18011,5.871938705444336,3.44125
18012,5.907512664794922,3.44125
18013,6.270841598510742,3.44125
18014,6.314349174499512,3.44125
18015,6.234536170959473,3.44125
18016,6.2202558517456055,3.44125
18017,6.1391754150390625,3.44125
18018,5.890378952026367,3.44125
18019,5.883024215698242,3.44125
18020,5.873712539672852,3.44125
18021,5.874066352844238,3.44125
18022,5.873832702636719,3.44125
18023,5.870234489440918,3.44125
18024,5.867498397827148,3.44125
18025,5.8678131103515625,3.44125
18026,5.912358283996582,3.44125
18027,5.868765830993652,3.34225
18028,5.8674421310424805,4.043125
18029,5.87899112701416,4.211875000000001
18030,5.899008750915527,4.3075
18031,5.921998023986816,4.3525
18032,5.871960639953613,4.3525
18033,5.866599082946777,4.3525
18034,5.922616958618164,4.3525
18035,5.8879804611206055,4.3525
18036,5.881954193115234,4.3525
18037,5.88319206237793,4.3525
18038,5.867697715759277,4.3525
18039,5.86689567565918,4.3525
18040,5.869248390197754,4.3525
18041,5.8687334060668945,4.3525
18042,5.868714332580566,4.3525
18043,5.874025344848633,4.3525
18044,5.970827102661133,4.3525
18045,5.899810791015625,4.3525
18046,5.88676643371582,4.357
18047,5.874005317687988,4.4875
18048,5.870820999145508,4.178125
18049,5.868562698364258,4.105
18050,5.866408348083496,4.561749999999999
18051,5.869277000427246,5.41225
18052,5.869566917419434,5.44
18053,5.871931076049805,5.455
18054,5.874661445617676,5.19625
18055,5.878005027770996,5.19625
18056,5.880668640136719,5.455
18057,5.960822105407715,5.82175
18058,6.01081657409668,6.208749999999999
18059,5.939662933349609,6.6385000000000005
18060,5.893374443054199,6.735250000000001
18061,5.869314193725586,6.9709375
18062,5.86613655090332,7.165000000000001
18063,5.864990234375,7.412499999999999
18064,5.877094268798828,8.31475
18065,6.362356185913086,8.229999999999999
18066,6.394034385681152,8.2225
18067,6.2897186279296875,7.96375
18068,6.185412406921387,7.72
18069,6.056466102600098,7.2803125
18070,6.045134544372559,7.18375
18071,5.879631042480469,6.204999999999999
18072,5.874045372009277,5.9725
18073,5.867118835449219,5.26825
18074,5.875614166259766,5.17375
18075,5.943490028381348,4.99375
18076,5.917349815368652,4.9037500000000005
18077,5.866811752319336,4.56625
18078,5.8657121658325195,5.8375
18079,5.884555816650391,6.20875
18080,5.8887176513671875,6.208749999999999
18081,6.086086273193359,6.20875
18082,6.098868370056152,6.20875
18083,6.0224456787109375,6.20875
18084,5.994278907775879,6.208749999999999
18085,5.939922332763672,6.20875
18086,5.903555870056152,6.20875
18087,5.915882110595703,6.20875
18088,5.9220733642578125,6.20875
18089,5.882000923156738,6.20875
18090,5.869363784790039,6.208749999999999
18091,5.868173599243164,6.20875
18092,5.867949485778809,6.20875
18093,5.8683671951293945,6.20875
18094,5.8689985275268555,6.20875
18095,5.869665145874023,6.208749999999999
18096,5.867733001708984,5.8015
18097,5.896694183349609,6.602500000000002
18098,5.8659868240356445,6.6925
18099,5.864415168762207,6.697
18100,5.868403434753418,7.075
18101,5.868221282958984,6.908500000000001
18102,5.866372108459473,6.0512500000000005
18103,5.86760139465332,6.0512500000000005
18104,5.872088432312012,6.0512500000000005
18105,5.870896339416504,4.9465
18106,5.961905479431152,4.58875
18107,5.965358734130859,4.58875
18108,5.924533843994141,4.54375
18109,5.8798322677612305,4.7275
18110,5.875677108764648,4.929062500000001
18111,5.869386672973633,5.12875
18112,5.867936134338379,5.12875
18113,5.867732048034668,5.12875
18114,5.86767578125,4.999375
18115,5.867208480834961,3.92725
18116,5.8713579177856445,2.9575000000000005
18117,5.87330436706543,2.957500000000001
18118,5.902315139770508,2.845
18119,5.882940292358398,2.698749999999999
18120,5.872454643249512,3.0925
18121,5.868486404418945,3.40525
18122,5.868674278259277,3.8125
18123,5.86948299407959,3.835
18124,5.870058059692383,5.82625
18125,5.870449066162109,5.826249999999999
18126,5.892138481140137,5.826249999999999
18127,5.868319511413574,5.567500000000001
18128,5.870601654052734,3.37375
18129,5.873303413391113,3.37375
18130,5.870940208435059,3.37375
18131,5.8697052001953125,3.37375
18132,5.869682312011719,3.37375
18133,5.866276741027832,3.37375
18134,5.865238189697266,4.406499999999999
18135,5.868760108947754,5.224375
18136,5.868066787719727,5.68
18137,5.865967750549316,5.935
18138,5.883661270141602,6.34375
18139,5.892583847045898,6.805
18140,5.910721778869629,6.90625
18141,5.940554618835449,7.60375
18142,5.889840126037598,7.806249999999999
18143,5.886288642883301,7.806249999999999
18144,5.867518424987793,7.84675
18145,5.866232872009277,7.890625
18146,5.87984561920166,7.896249999999999
18147,5.897307395935059,7.9075000000000015
18148,5.9470109939575195,7.91875
18149,5.868246078491211,7.91875
18150,5.868475914001465,7.91875
18151,5.870047569274902,7.91875
18152,5.886492729187012,7.91875
18153,5.886482238769531,7.91875
18154,5.877053260803223,7.91875
18155,5.882554054260254,7.91875
18156,5.868706703186035,7.84
18157,5.870525360107422,6.2875000000000005
18158,5.870626449584961,6.247
18159,5.888238906860352,6.23125
18160,5.938063621520996,6.23125
18161,5.899920463562012,6.23125
18162,5.8945722579956055,6.23125
18163,5.911617279052734,6.23125
18164,5.920993804931641,6.23125
18165,5.927565574645996,5.21875
18166,6.2245683670043945,6.996250000000001
18167,5.9082536697387695,7.446250000000001
18168,6.094369888305664,6.0512500000000005
18169,6.318048477172852,4.460500000000001
18170,5.919105529785156,3.43
18171,5.915834426879883,3.37375
18172,5.885997772216797,3.96325
18173,5.873746871948242,4.47625
18174,5.87205696105957,4.97125
18175,5.874006271362305,5.91625
18176,5.9830780029296875,6.2425
18177,6.052967071533203,6.2425
18178,5.876320838928223,6.478750000000001
18179,5.882363319396973,6.647499999999998
18180,5.883968353271484,6.669999999999999
18181,5.8688249588012695,6.67
18182,5.8792877197265625,6.67
18183,6.0663299560546875,6.67
18184,6.053644180297852,6.67
18185,6.086112022399902,6.669999999999999
18186,5.866586685180664,6.67
18187,5.865787506103516,6.67
18188,5.865985870361328,6.669999999999999
18189,5.865940093994141,6.67
18190,5.866415977478027,6.67
18191,5.867778778076172,6.67
18192,5.866423606872559,6.67
18193,5.866453170776367,6.67
18194,5.889122009277344,6.67
18195,5.876491546630859,6.67
18196,6.1546173095703125,6.67
18197,6.312075614929199,6.67
18198,6.335808753967285,6.669999999999999
18199,6.358011245727539,6.67
18200,6.053964614868164,6.67
18201,5.932018280029297,6.805
18202,5.9411211013793945,6.805
18203,5.896620750427246,6.7290625
18204,5.8736982345581055,6.45625
18205,5.873784065246582,6.7515625
18206,5.868258476257324,6.805
18207,5.867661476135254,6.813437499999999
18208,5.873287200927734,6.94
18209,6.169965744018555,6.94
18210,5.863824844360352,6.94
18211,5.857363700866699,6.94
18212,5.857809066772461,6.94
18213,5.863389015197754,6.94
18214,5.862966537475586,6.94
18215,5.862969398498535,6.94
18216,5.863153457641602,6.94
18217,5.863486289978027,6.94
18218,5.864015579223633,6.94
18219,5.864524841308594,6.94
18220,5.864810943603516,6.94
18221,5.865377426147461,6.94
18222,5.86539363861084,6.94
18223,5.865756034851074,5.71375
18224,5.871927261352539,8.818750000000001
18225,5.872394561767578,9.06625
18226,5.87238883972168,9.06625
18227,5.866537094116211,9.29125
18228,5.863114356994629,8.290000000000001
18229,5.860019683837891,7.075
18230,5.867115020751953,6.72175
18231,5.952118873596191,6.5575
18232,5.97606086730957,6.557499999999999
18233,5.8956298828125,6.557499999999999
18234,5.867495536804199,6.557499999999999
18235,5.864786148071289,6.1075
18236,5.86463737487793,6.040000000000001
18237,5.864428520202637,5.6153125
18238,5.864040374755859,5.319999999999999
18239,5.863715171813965,5.280625
18240,5.864319801330566,4.6225000000000005
18241,5.8642168045043945,4.819375
18242,5.864950180053711,5.235625000000001
18243,5.863863945007324,5.37625
18244,5.864355087280273,5.41
18245,5.864002227783203,5.41
18246,5.863873481750488,5.41
18247,5.863818168640137,5.41
18248,5.8638153076171875,5.41
18249,5.864874839782715,5.41
18250,5.8643999099731445,5.41
18251,5.864446640014648,5.41
18252,5.86287784576416,5.41
18253,5.862359046936035,6.416875
18254,5.862305641174316,6.7375
18255,5.862332344055176,6.7375
18256,5.862043380737305,6.630625
18257,5.861645698547363,6.537812499999999
18258,5.861797332763672,6.50125
18259,5.865080833435059,6.50125
18260,5.864709854125977,6.501250000000001
18261,5.863752365112305,6.355
18262,5.863104820251465,6.535
18263,5.863530158996582,6.52375
18264,5.863120079040527,5.78125
18265,5.863866806030273,5.4437500000000005
18266,5.86400032043457,5.4437500000000005
18267,5.867250442504883,4.583125000000001
18268,5.865100860595703,5.9725
18269,5.866235733032227,6.9175
18270,5.8657941818237305,6.9175
18271,5.865687370300293,6.9175
18272,5.86513614654541,6.9175
18273,5.865872383117676,6.9175
18274,5.865621566772461,7.0075
18275,5.866921424865723,7.485625000000001
18276,5.867021560668945,7.57
18277,5.86678409576416,7.749999999999999
18278,5.866374969482422,7.817500000000001
18279,5.866422653198242,7.817500000000001
18280,5.863862037658691,7.817500000000001
18281,5.861799240112305,7.817500000000001
18282,5.863441467285156,7.817500000000001
18283,5.863740921020508,7.817500000000001
18284,5.864581108093262,7.817500000000001
18285,5.8632307052612305,7.817500000000001
18286,5.864496231079102,7.817500000000001
18287,5.865335464477539,7.817500000000001
18288,5.863293647766113,6.040000000000001
18289,5.863182067871094,5.7250000000000005
18290,5.8643903732299805,4.34125
18291,5.862937927246094,3.2725
18292,5.862886428833008,3.115
18293,5.863497734069824,2.7325
18294,5.863485336303711,2.60875
18295,5.864801406860352,2.60875
18296,5.864455223083496,2.2178125
18297,5.8644256591796875,2.2290625
18298,5.863858222961426,2.26
18299,5.863883018493652,2.5890625000000003
18300,5.863700866699219,2.7634375
18301,5.8634538650512695,3.1346875
18302,5.863421440124512,3.2753125
18303,5.864508628845215,4.6815625
18304,5.864559173583984,4.7856250000000005
18305,5.864873886108398,6.439375
18306,5.869562149047852,7.136875
18307,5.8689470291137695,7.5615625
18308,5.86604118347168,7.5840625
18309,5.8655853271484375,7.733125000000001
18310,5.8652544021606445,7.75
18311,5.864617347717285,7.806249999999999
18312,5.865200996398926,7.806249999999999
18313,5.865715026855469,7.806249999999999
18314,5.8662567138671875,7.806249999999999
18315,6.178611755371094,7.806249999999999
18316,5.871917724609375,7.204374999999999
18317,5.8694353103637695,7.1228125
18318,5.865780830383301,7.03
18319,5.861417770385742,7.547499999999999
18320,5.86097526550293,7.84
18321,5.861998558044434,7.84
18322,5.8626604080200195,7.84
18323,5.863775253295898,7.84
18324,5.861783027648926,7.84
18325,5.862488746643066,7.0075
18326,5.861614227294922,6.909062500000001
18327,5.8642778396606445,6.8725
18328,5.863125801086426,6.8725
18329,5.898595809936523,6.8725
18330,5.922416687011719,6.8725
18331,5.913262367248535,6.8725
18332,5.877077102661133,6.8725
18333,5.862321853637695,7.035625
18334,5.866207122802734,7.165000000000001
18335,5.871904373168945,7.165000000000001
18336,5.87507438659668,7.165000000000001
18337,5.869226455688477,7.165000000000001
18338,5.869511604309082,7.165000000000001
18339,5.874322891235352,7.165000000000001
18340,6.292271614074707,7.165000000000001
18341,6.1310930252075195,7.165000000000001
18342,6.080739974975586,7.165000000000001
18343,5.8622636795043945,7.165000000000001
18344,5.864385604858398,7.165000000000001
18345,5.864126205444336,7.165000000000001
18346,5.859910011291504,5.227187499999999
18347,5.860603332519531,4.9009375
18348,5.8632001876831055,3.5396874999999994
18349,5.863827705383301,3.46375
18350,5.864130020141602,3.356875
18351,5.86422061920166,3.19375
18352,5.864468574523926,3.176875
18353,5.864910125732422,2.2459375
18354,5.868853569030762,2.1587499999999995
18355,5.87570858001709,2.0912500000000005
18356,5.867887496948242,2.0912500000000005
18357,5.864813804626465,2.108125
18358,5.863698959350586,7.7021875
18359,5.86485481262207,7.71625
18360,5.867413520812988,7.71625
18361,5.865296363830566,7.71625
18362,5.863225936889648,7.817500000000001
18363,5.863223075866699,7.918749999999999
18364,5.863161087036133,7.946874999999999
18365,5.864849090576172,8.02
18366,5.865443229675293,8.02
18367,5.8653717041015625,8.02
18368,5.86395263671875,8.02
18369,5.863295555114746,8.02
18370,5.864445686340332,8.02
18371,5.865739822387695,8.02
18372,5.867087364196777,8.02
18373,5.8821001052856445,8.02
18374,5.879322052001953,8.02
18375,5.871128082275391,8.02
18376,5.865819931030273,8.02
18377,5.8657426834106445,8.02
18378,5.875923156738281,8.02
18379,5.859707832336426,8.02
18380,5.861021041870117,8.02
18381,5.862405776977539,8.02
18382,5.866687774658203,8.02
18383,5.8690290451049805,7.67125
18384,6.206510543823242,7.10875
18385,6.002559661865234,7.10875
18386,5.865531921386719,7.10875
18387,5.866824150085449,7.10875
18388,5.868938446044922,7.10875
18389,5.859112739562988,7.10875
18390,5.854657173156738,7.10875
18391,5.861360549926758,7.10875
18392,5.882728576660156,6.546250000000001
18393,5.871488571166992,6.2228125
18394,5.871933937072754,6.070937499999999
18395,5.8686723709106445,5.8375
18396,5.862425804138184,5.893750000000001
18397,5.863945007324219,5.5928125
18398,5.871350288391113,5.421250000000001
18399,5.920392990112305,5.421250000000001
18400,5.866700172424316,5.421250000000001
18401,5.865936279296875,5.421250000000001
18402,5.866100311279297,5.421250000000001
18403,5.864832878112793,5.4325
18404,5.864946365356445,5.4325
18405,5.866661071777344,5.4325
18406,5.970464706420898,5.4325
18407,5.948775291442871,5.4325
18408,5.881826400756836,5.4325
18409,5.871071815490723,5.4409375
18410,5.864536285400391,6.3775
18411,5.864625930786133,6.557499999999999
18412,5.859379768371582,6.557499999999999
18413,5.863470077514648,6.928749999999999
18414,5.865165710449219,6.928749999999999
18415,5.862204551696777,6.928749999999999
18416,5.860873222351074,6.928749999999999
18417,5.856876373291016,6.928749999999999
18418,5.864699363708496,6.928749999999999
18419,5.864676475524902,6.928749999999999
18420,5.864063262939453,6.928749999999999
18421,5.863828659057617,6.928749999999999
18422,5.864311218261719,6.928749999999999
18423,5.864804267883301,6.293125
18424,5.865091323852539,6.1525
18425,5.865246772766113,6.2425
18426,5.864104270935059,6.14125
18427,5.862947463989258,5.190625000000001
18428,5.865682601928711,5.0725
18429,5.865189552307129,5.0725
18430,5.863010406494141,4.954375
18431,5.866039276123047,4.58875
