,Anger.Self_Predicted,Disgust.Self_Predicted,Fear.Self_Predicted,Happiness.Self_Predicted,Sadness.Self_Predicted,Surprise.Self_Predicted,Anger.Self_Actual,Disgust.Self_Actual,Fear.Self_Actual,Happiness.Self_Actual,Sadness.Self_Actual,Surprise.Self_Actual
0,1.0,1.0,1.0,3.0,1.0,1.0,1.0,1.0,1.0,3.0,1.0,1.0
1,1.0,1.0,1.0,3.0,1.0,1.0,1.0,1.0,1.0,3.0,1.0,1.0
2,1.0,1.0,1.0,3.0,1.0,1.0,1.0,1.0,1.0,5.0,2.0,1.0
3,1.0,1.0,1.0,3.0,1.0,1.0,1.0,1.0,1.0,5.0,2.0,1.0
4,1.0,1.0,1.0,3.0,1.0,1.0,1.0,1.0,1.0,3.0,1.0,1.0
5,1.0,1.0,1.0,3.0,1.0,1.0,1.0,1.0,1.0,3.0,1.0,1.0
6,1.0,1.0,1.0,3.0,1.0,1.0,1.0,1.0,1.0,3.0,1.0,1.0
7,1.0,1.0,1.0,3.0,1.0,1.0,1.0,1.0,1.0,3.0,1.0,1.0
8,1.0,1.0,1.0,3.0,1.0,1.0,1.0,1.0,1.0,3.0,1.0,1.0
9,1.0,1.0,1.0,3.0,1.0,1.0,1.0,1.0,1.0,3.0,1.0,1.0
10,1.0,1.0,1.0,3.0,1.0,1.0,1.0,1.0,1.0,3.0,1.0,1.0
11,1.0,1.0,1.0,3.0,1.0,1.0,1.0,1.0,1.0,5.0,2.0,1.0
12,1.0,1.0,1.0,3.0,1.0,1.0,1.0,1.0,1.0,4.0,1.0,1.0
13,1.0,1.0,1.0,3.0,1.0,1.0,1.0,1.0,1.0,3.0,1.0,1.0
14,1.0,1.0,1.0,3.0,1.0,1.0,1.0,1.0,1.0,3.0,1.0,1.0
15,1.0,1.0,1.0,3.0,1.0,1.0,1.0,1.0,1.0,5.0,2.0,1.0
16,1.0,1.0,1.0,3.0,1.0,1.0,1.0,1.0,1.0,5.0,2.0,1.0
17,1.0,1.0,1.0,3.0,1.0,1.0,1.0,1.0,1.0,5.0,2.0,1.0
18,1.0,1.0,1.0,3.0,1.0,1.0,1.0,1.0,1.0,3.0,1.0,1.0
19,1.0,1.0,1.0,3.0,1.0,1.0,1.0,1.0,1.0,4.0,1.0,1.0
20,1.0,1.0,1.0,3.0,1.0,1.0,1.0,1.0,1.0,5.0,2.0,1.0
21,1.0,1.0,1.0,3.0,1.0,1.0,1.0,1.0,1.0,3.0,1.0,1.0
22,1.0,1.0,1.0,3.0,1.0,1.0,1.0,1.0,1.0,4.0,1.0,1.0
23,1.0,1.0,1.0,3.0,1.0,1.0,1.0,1.0,1.0,5.0,2.0,1.0
24,1.0,1.0,1.0,3.0,1.0,1.0,1.0,1.0,1.0,5.0,2.0,1.0
25,1.0,1.0,1.0,3.0,1.0,1.0,1.0,1.0,1.0,4.0,1.0,1.0
26,1.0,1.0,1.0,3.0,1.0,1.0,1.0,1.0,1.0,5.0,2.0,1.0
27,1.0,1.0,1.0,3.0,1.0,1.0,1.0,1.0,1.0,3.0,1.0,1.0
28,1.0,1.0,1.0,3.0,1.0,1.0,1.0,1.0,1.0,3.0,1.0,1.0
29,1.0,1.0,1.0,3.0,1.0,1.0,1.0,1.0,1.0,5.0,2.0,1.0
30,1.0,1.0,1.0,3.0,1.0,1.0,1.0,1.0,1.0,4.0,1.0,1.0
31,1.0,1.0,1.0,3.0,1.0,1.0,1.0,1.0,1.0,3.0,1.0,1.0
32,1.0,1.0,1.0,3.0,1.0,1.0,1.0,1.0,1.0,5.0,2.0,1.0
33,1.0,1.0,1.0,3.0,1.0,1.0,1.0,1.0,1.0,5.0,2.0,1.0
34,1.0,1.0,1.0,3.0,1.0,1.0,1.0,1.0,1.0,4.0,1.0,1.0
35,1.0,1.0,1.0,3.0,1.0,1.0,1.0,1.0,1.0,3.0,1.0,1.0
36,1.0,1.0,1.0,3.0,1.0,1.0,1.0,1.0,1.0,5.0,2.0,1.0
37,1.0,1.0,1.0,3.0,1.0,1.0,1.0,1.0,1.0,5.0,2.0,1.0
38,1.0,1.0,1.0,3.0,1.0,1.0,1.0,1.0,1.0,3.0,1.0,1.0
39,1.0,1.0,1.0,3.0,1.0,1.0,1.0,1.0,1.0,4.0,1.0,1.0
40,1.0,1.0,1.0,3.0,1.0,1.0,1.0,1.0,1.0,5.0,2.0,1.0
41,1.0,1.0,1.0,3.0,1.0,1.0,1.0,1.0,1.0,3.0,1.0,1.0
42,1.0,1.0,1.0,3.0,1.0,1.0,1.0,1.0,1.0,3.0,1.0,1.0
43,1.0,1.0,1.0,3.0,1.0,1.0,1.0,1.0,1.0,5.0,2.0,1.0
44,1.0,1.0,1.0,3.0,1.0,1.0,1.0,1.0,1.0,3.0,1.0,1.0
45,1.0,1.0,1.0,3.0,1.0,1.0,1.0,1.0,1.0,3.0,1.0,1.0
46,1.0,1.0,1.0,3.0,1.0,1.0,1.0,1.0,1.0,5.0,2.0,1.0
47,1.0,1.0,1.0,3.0,1.0,1.0,1.0,1.0,1.0,5.0,2.0,1.0
48,1.0,1.0,1.0,3.0,1.0,1.0,1.0,1.0,1.0,3.0,1.0,1.0
49,1.0,1.0,1.0,3.0,1.0,1.0,1.0,1.0,1.0,3.0,1.0,1.0
50,1.0,1.0,1.0,3.0,1.0,1.0,1.0,1.0,1.0,4.0,1.0,1.0
51,1.0,1.0,1.0,3.0,1.0,1.0,1.0,1.0,1.0,5.0,2.0,1.0
52,1.0,1.0,1.0,3.0,1.0,1.0,1.0,1.0,1.0,3.0,1.0,1.0
53,1.0,1.0,1.0,3.0,1.0,1.0,1.0,1.0,1.0,3.0,1.0,1.0
54,1.0,1.0,1.0,3.0,1.0,1.0,1.0,1.0,1.0,5.0,2.0,1.0
55,1.0,1.0,1.0,3.0,1.0,1.0,1.0,1.0,1.0,4.0,1.0,1.0
56,1.0,1.0,1.0,3.0,1.0,1.0,1.0,1.0,1.0,4.0,1.0,1.0
57,1.0,1.0,1.0,3.0,1.0,1.0,1.0,1.0,1.0,4.0,1.0,1.0
58,1.0,1.0,1.0,3.0,1.0,1.0,1.0,1.0,1.0,3.0,1.0,1.0
59,1.0,1.0,1.0,3.0,1.0,1.0,1.0,1.0,1.0,4.0,1.0,1.0
60,1.0,1.0,1.0,3.0,1.0,1.0,1.0,1.0,1.0,3.0,1.0,1.0
61,1.0,1.0,1.0,3.0,1.0,1.0,1.0,1.0,1.0,3.0,1.0,1.0
62,1.0,1.0,1.0,3.0,1.0,1.0,1.0,1.0,1.0,5.0,2.0,1.0
63,1.0,1.0,1.0,3.0,1.0,1.0,1.0,1.0,1.0,3.0,1.0,1.0
64,1.0,1.0,1.0,3.0,1.0,1.0,1.0,1.0,1.0,3.0,1.0,1.0
65,1.0,1.0,1.0,3.0,1.0,1.0,1.0,1.0,1.0,4.0,1.0,1.0
66,1.0,1.0,1.0,3.0,1.0,1.0,1.0,1.0,1.0,3.0,1.0,1.0
67,1.0,1.0,1.0,3.0,1.0,1.0,1.0,1.0,1.0,5.0,2.0,1.0
68,1.0,1.0,1.0,3.0,1.0,1.0,1.0,1.0,1.0,3.0,1.0,1.0
69,1.0,1.0,1.0,3.0,1.0,1.0,1.0,1.0,1.0,4.0,1.0,1.0
70,1.0,1.0,1.0,3.0,1.0,1.0,1.0,1.0,1.0,3.0,1.0,1.0
71,1.0,1.0,1.0,3.0,1.0,1.0,1.0,1.0,1.0,5.0,2.0,1.0
72,1.0,1.0,1.0,3.0,1.0,1.0,1.0,1.0,1.0,3.0,1.0,1.0
73,1.0,1.0,1.0,3.0,1.0,1.0,1.0,1.0,1.0,5.0,2.0,1.0
74,1.0,1.0,1.0,3.0,1.0,1.0,1.0,1.0,1.0,3.0,1.0,1.0
75,1.0,1.0,1.0,3.0,1.0,1.0,1.0,1.0,1.0,3.0,1.0,1.0
76,1.0,1.0,1.0,3.0,1.0,1.0,1.0,1.0,1.0,3.0,1.0,1.0
77,1.0,1.0,1.0,3.0,1.0,1.0,1.0,1.0,1.0,4.0,1.0,1.0
78,1.0,1.0,1.0,3.0,1.0,1.0,1.0,1.0,1.0,5.0,2.0,1.0
79,1.0,1.0,1.0,3.0,1.0,1.0,1.0,1.0,1.0,3.0,1.0,1.0
80,1.0,1.0,1.0,3.0,1.0,1.0,1.0,1.0,1.0,3.0,1.0,1.0
81,1.0,1.0,1.0,3.0,1.0,1.0,1.0,1.0,1.0,5.0,2.0,1.0
82,1.0,1.0,1.0,3.0,1.0,1.0,1.0,1.0,1.0,4.0,1.0,1.0
83,1.0,1.0,1.0,3.0,1.0,1.0,1.0,1.0,1.0,3.0,1.0,1.0
84,1.0,1.0,1.0,3.0,1.0,1.0,1.0,1.0,1.0,3.0,1.0,1.0
85,1.0,1.0,1.0,3.0,1.0,1.0,1.0,1.0,1.0,5.0,2.0,1.0
86,1.0,1.0,1.0,3.0,1.0,1.0,1.0,1.0,1.0,3.0,1.0,1.0
87,1.0,1.0,1.0,3.0,1.0,1.0,1.0,1.0,1.0,5.0,2.0,1.0
88,1.0,1.0,1.0,3.0,1.0,1.0,1.0,1.0,1.0,3.0,1.0,1.0
89,1.0,1.0,1.0,3.0,1.0,1.0,1.0,1.0,1.0,5.0,2.0,1.0
90,1.0,1.0,1.0,3.0,1.0,1.0,1.0,1.0,1.0,3.0,1.0,1.0
91,1.0,1.0,1.0,3.0,1.0,1.0,1.0,1.0,1.0,5.0,2.0,1.0
92,1.0,1.0,1.0,3.0,1.0,1.0,1.0,1.0,1.0,3.0,1.0,1.0
93,1.0,1.0,1.0,3.0,1.0,1.0,1.0,1.0,1.0,4.0,1.0,1.0
94,1.0,1.0,1.0,3.0,1.0,1.0,1.0,1.0,1.0,3.0,1.0,1.0
95,1.0,1.0,1.0,3.0,1.0,1.0,1.0,1.0,1.0,5.0,2.0,1.0
96,1.0,1.0,1.0,3.0,1.0,1.0,1.0,1.0,1.0,5.0,2.0,1.0
97,1.0,1.0,1.0,3.0,1.0,1.0,1.0,1.0,1.0,3.0,1.0,1.0
98,1.0,1.0,1.0,3.0,1.0,1.0,1.0,1.0,1.0,3.0,1.0,1.0
99,1.0,1.0,1.0,3.0,1.0,1.0,1.0,1.0,1.0,5.0,2.0,1.0
100,1.0,1.0,1.0,3.0,1.0,1.0,1.0,1.0,1.0,5.0,2.0,1.0
101,1.0,1.0,1.0,3.0,1.0,1.0,1.0,1.0,1.0,3.0,1.0,1.0
102,1.0,1.0,1.0,3.0,1.0,1.0,1.0,1.0,1.0,4.0,1.0,1.0
103,1.0,1.0,1.0,3.0,1.0,1.0,1.0,1.0,1.0,4.0,1.0,1.0
104,1.0,1.0,1.0,3.0,1.0,1.0,1.0,1.0,1.0,4.0,1.0,1.0
105,1.0,1.0,1.0,3.0,1.0,1.0,1.0,1.0,1.0,5.0,2.0,1.0
106,1.0,1.0,1.0,3.0,1.0,1.0,1.0,1.0,1.0,3.0,1.0,1.0
107,1.0,1.0,1.0,3.0,1.0,1.0,1.0,1.0,1.0,3.0,1.0,1.0
108,1.0,1.0,1.0,3.0,1.0,1.0,1.0,1.0,1.0,4.0,1.0,1.0
109,1.0,1.0,1.0,3.0,1.0,1.0,1.0,1.0,1.0,3.0,1.0,1.0
110,1.0,1.0,1.0,3.0,1.0,1.0,1.0,1.0,1.0,3.0,1.0,1.0
111,1.0,1.0,1.0,3.0,1.0,1.0,1.0,1.0,1.0,3.0,1.0,1.0
112,1.0,1.0,1.0,3.0,1.0,1.0,1.0,1.0,1.0,5.0,2.0,1.0
113,1.0,1.0,1.0,3.0,1.0,1.0,1.0,1.0,1.0,3.0,1.0,1.0
114,1.0,1.0,1.0,3.0,1.0,1.0,1.0,1.0,1.0,3.0,1.0,1.0
115,1.0,1.0,1.0,3.0,1.0,1.0,1.0,1.0,1.0,3.0,1.0,1.0
116,1.0,1.0,1.0,3.0,1.0,1.0,1.0,1.0,1.0,5.0,2.0,1.0
117,1.0,1.0,1.0,3.0,1.0,1.0,1.0,1.0,1.0,3.0,1.0,1.0
118,1.0,1.0,1.0,3.0,1.0,1.0,1.0,1.0,1.0,3.0,1.0,1.0
119,1.0,1.0,1.0,3.0,1.0,1.0,1.0,1.0,1.0,4.0,1.0,1.0
120,1.0,1.0,1.0,3.0,1.0,1.0,1.0,1.0,1.0,3.0,1.0,1.0
121,1.0,1.0,1.0,3.0,1.0,1.0,1.0,1.0,1.0,5.0,2.0,1.0
122,1.0,1.0,1.0,3.0,1.0,1.0,1.0,1.0,1.0,3.0,1.0,1.0
123,1.0,1.0,1.0,3.0,1.0,1.0,1.0,1.0,1.0,4.0,1.0,1.0
124,1.0,1.0,1.0,3.0,1.0,1.0,1.0,1.0,1.0,3.0,1.0,1.0
125,1.0,1.0,1.0,3.0,1.0,1.0,1.0,1.0,1.0,3.0,1.0,1.0
126,1.0,1.0,1.0,3.0,1.0,1.0,1.0,1.0,1.0,3.0,1.0,1.0
127,1.0,1.0,1.0,3.0,1.0,1.0,1.0,1.0,1.0,4.0,1.0,1.0
128,1.0,1.0,1.0,3.0,1.0,1.0,1.0,1.0,1.0,3.0,1.0,1.0
129,1.0,1.0,1.0,3.0,1.0,1.0,1.0,1.0,1.0,4.0,1.0,1.0
130,1.0,1.0,1.0,3.0,1.0,1.0,1.0,1.0,1.0,3.0,1.0,1.0
131,1.0,1.0,1.0,3.0,1.0,1.0,1.0,1.0,1.0,3.0,1.0,1.0
132,1.0,1.0,1.0,3.0,1.0,1.0,1.0,1.0,1.0,3.0,1.0,1.0
133,1.0,1.0,1.0,3.0,1.0,1.0,1.0,1.0,1.0,5.0,2.0,1.0
134,1.0,1.0,1.0,3.0,1.0,1.0,1.0,1.0,1.0,3.0,1.0,1.0
135,1.0,1.0,1.0,3.0,1.0,1.0,1.0,1.0,1.0,4.0,1.0,1.0
136,1.0,1.0,1.0,3.0,1.0,1.0,1.0,1.0,1.0,3.0,1.0,1.0
137,1.0,1.0,1.0,3.0,1.0,1.0,1.0,1.0,1.0,4.0,1.0,1.0
138,1.0,1.0,1.0,3.0,1.0,1.0,1.0,1.0,1.0,5.0,2.0,1.0
139,1.0,1.0,1.0,3.0,1.0,1.0,1.0,1.0,1.0,3.0,1.0,1.0
140,1.0,1.0,1.0,3.0,1.0,1.0,1.0,1.0,1.0,3.0,1.0,1.0
141,1.0,1.0,1.0,3.0,1.0,1.0,1.0,1.0,1.0,5.0,2.0,1.0
142,1.0,1.0,1.0,3.0,1.0,1.0,1.0,1.0,1.0,4.0,1.0,1.0
143,1.0,1.0,1.0,3.0,1.0,1.0,1.0,1.0,1.0,4.0,1.0,1.0
144,1.0,1.0,1.0,3.0,1.0,1.0,1.0,1.0,1.0,3.0,1.0,1.0
145,1.0,1.0,1.0,3.0,1.0,1.0,1.0,1.0,1.0,4.0,1.0,1.0
146,1.0,1.0,1.0,3.0,1.0,1.0,1.0,1.0,1.0,4.0,1.0,1.0
147,1.0,1.0,1.0,3.0,1.0,1.0,1.0,1.0,1.0,5.0,2.0,1.0
148,1.0,1.0,1.0,3.0,1.0,1.0,1.0,1.0,1.0,3.0,1.0,1.0
149,1.0,1.0,1.0,3.0,1.0,1.0,1.0,1.0,1.0,3.0,1.0,1.0
150,1.0,1.0,1.0,3.0,1.0,1.0,1.0,1.0,1.0,5.0,2.0,1.0
151,1.0,1.0,1.0,3.0,1.0,1.0,1.0,1.0,1.0,4.0,1.0,1.0
152,1.0,1.0,1.0,3.0,1.0,1.0,1.0,1.0,1.0,4.0,1.0,1.0
153,1.0,1.0,1.0,3.0,1.0,1.0,1.0,1.0,1.0,4.0,1.0,1.0
154,1.0,1.0,1.0,3.0,1.0,1.0,1.0,1.0,1.0,5.0,2.0,1.0
155,1.0,1.0,1.0,3.0,1.0,1.0,1.0,1.0,1.0,3.0,1.0,1.0
156,1.0,1.0,1.0,3.0,1.0,1.0,1.0,1.0,1.0,3.0,1.0,1.0
157,1.0,1.0,1.0,3.0,1.0,1.0,1.0,1.0,1.0,3.0,1.0,1.0
158,1.0,1.0,1.0,3.0,1.0,1.0,1.0,1.0,1.0,5.0,2.0,1.0
159,1.0,1.0,1.0,3.0,1.0,1.0,1.0,1.0,1.0,3.0,1.0,1.0
160,1.0,1.0,1.0,3.0,1.0,1.0,1.0,1.0,1.0,3.0,1.0,1.0
161,1.0,1.0,1.0,3.0,1.0,1.0,1.0,1.0,1.0,5.0,2.0,1.0
162,1.0,1.0,1.0,3.0,1.0,1.0,1.0,1.0,1.0,5.0,2.0,1.0
163,1.0,1.0,1.0,3.0,1.0,1.0,1.0,1.0,1.0,4.0,1.0,1.0
164,1.0,1.0,1.0,3.0,1.0,1.0,1.0,1.0,1.0,3.0,1.0,1.0
165,1.0,1.0,1.0,3.0,1.0,1.0,1.0,1.0,1.0,3.0,1.0,1.0
166,1.0,1.0,1.0,3.0,1.0,1.0,1.0,1.0,1.0,3.0,1.0,1.0
167,1.0,1.0,1.0,3.0,1.0,1.0,1.0,1.0,1.0,5.0,2.0,1.0
168,1.0,1.0,1.0,3.0,1.0,1.0,1.0,1.0,1.0,3.0,1.0,1.0
169,1.0,1.0,1.0,3.0,1.0,1.0,1.0,1.0,1.0,4.0,1.0,1.0
170,1.0,1.0,1.0,3.0,1.0,1.0,1.0,1.0,1.0,3.0,1.0,1.0
171,1.0,1.0,1.0,3.0,1.0,1.0,1.0,1.0,1.0,4.0,1.0,1.0
172,1.0,1.0,1.0,3.0,1.0,1.0,1.0,1.0,1.0,5.0,2.0,1.0
173,1.0,1.0,1.0,3.0,1.0,1.0,1.0,1.0,1.0,5.0,2.0,1.0
174,1.0,1.0,1.0,3.0,1.0,1.0,1.0,1.0,1.0,3.0,1.0,1.0
175,1.0,1.0,1.0,3.0,1.0,1.0,1.0,1.0,1.0,3.0,1.0,1.0
176,1.0,1.0,1.0,3.0,1.0,1.0,1.0,1.0,1.0,5.0,2.0,1.0
177,1.0,1.0,1.0,3.0,1.0,1.0,1.0,1.0,1.0,3.0,1.0,1.0
178,1.0,1.0,1.0,3.0,1.0,1.0,1.0,1.0,1.0,3.0,1.0,1.0
179,1.0,1.0,1.0,3.0,1.0,1.0,1.0,1.0,1.0,3.0,1.0,1.0
180,1.0,1.0,1.0,3.0,1.0,1.0,1.0,1.0,1.0,5.0,2.0,1.0
181,1.0,1.0,1.0,3.0,1.0,1.0,1.0,1.0,1.0,3.0,1.0,1.0
182,1.0,1.0,1.0,3.0,1.0,1.0,1.0,1.0,1.0,3.0,1.0,1.0
183,1.0,1.0,1.0,3.0,1.0,1.0,1.0,1.0,1.0,3.0,1.0,1.0
184,1.0,1.0,1.0,3.0,1.0,1.0,1.0,1.0,1.0,4.0,1.0,1.0
185,1.0,1.0,1.0,3.0,1.0,1.0,1.0,1.0,1.0,5.0,2.0,1.0
186,1.0,1.0,1.0,3.0,1.0,1.0,1.0,1.0,1.0,3.0,1.0,1.0
187,1.0,1.0,1.0,3.0,1.0,1.0,1.0,1.0,1.0,4.0,1.0,1.0
188,1.0,1.0,1.0,3.0,1.0,1.0,1.0,1.0,1.0,5.0,2.0,1.0
189,1.0,1.0,1.0,3.0,1.0,1.0,1.0,1.0,1.0,5.0,2.0,1.0
190,1.0,1.0,1.0,3.0,1.0,1.0,1.0,1.0,1.0,4.0,1.0,1.0
191,1.0,1.0,1.0,3.0,1.0,1.0,1.0,1.0,1.0,4.0,1.0,1.0
192,1.0,1.0,1.0,3.0,1.0,1.0,1.0,1.0,1.0,3.0,1.0,1.0
193,1.0,1.0,1.0,3.0,1.0,1.0,1.0,1.0,1.0,4.0,1.0,1.0
194,1.0,1.0,1.0,3.0,1.0,1.0,1.0,1.0,1.0,4.0,1.0,1.0
195,1.0,1.0,1.0,3.0,1.0,1.0,1.0,1.0,1.0,3.0,1.0,1.0
196,1.0,1.0,1.0,3.0,1.0,1.0,1.0,1.0,1.0,3.0,1.0,1.0
197,1.0,1.0,1.0,3.0,1.0,1.0,1.0,1.0,1.0,5.0,2.0,1.0
198,1.0,1.0,1.0,3.0,1.0,1.0,1.0,1.0,1.0,5.0,2.0,1.0
199,1.0,1.0,1.0,3.0,1.0,1.0,1.0,1.0,1.0,5.0,2.0,1.0
200,1.0,1.0,1.0,3.0,1.0,1.0,1.0,1.0,1.0,5.0,2.0,1.0
201,1.0,1.0,1.0,3.0,1.0,1.0,1.0,1.0,1.0,3.0,1.0,1.0
202,1.0,1.0,1.0,3.0,1.0,1.0,1.0,1.0,1.0,3.0,1.0,1.0
203,1.0,1.0,1.0,3.0,1.0,1.0,1.0,1.0,1.0,4.0,1.0,1.0
204,1.0,1.0,1.0,3.0,1.0,1.0,1.0,1.0,1.0,3.0,1.0,1.0
205,1.0,1.0,1.0,3.0,1.0,1.0,1.0,1.0,1.0,5.0,2.0,1.0
206,1.0,1.0,1.0,3.0,1.0,1.0,1.0,1.0,1.0,3.0,1.0,1.0
207,1.0,1.0,1.0,3.0,1.0,1.0,1.0,1.0,1.0,4.0,1.0,1.0
208,1.0,1.0,1.0,3.0,1.0,1.0,1.0,1.0,1.0,3.0,1.0,1.0
209,1.0,1.0,1.0,3.0,1.0,1.0,1.0,1.0,1.0,4.0,1.0,1.0
210,1.0,1.0,1.0,3.0,1.0,1.0,1.0,1.0,1.0,5.0,2.0,1.0
211,1.0,1.0,1.0,3.0,1.0,1.0,1.0,1.0,1.0,3.0,1.0,1.0
212,1.0,1.0,1.0,3.0,1.0,1.0,1.0,1.0,1.0,5.0,2.0,1.0
213,1.0,1.0,1.0,3.0,1.0,1.0,1.0,1.0,1.0,5.0,2.0,1.0
214,1.0,1.0,1.0,3.0,1.0,1.0,1.0,1.0,1.0,5.0,2.0,1.0
215,1.0,1.0,1.0,3.0,1.0,1.0,1.0,1.0,1.0,3.0,1.0,1.0
216,1.0,1.0,1.0,3.0,1.0,1.0,1.0,1.0,1.0,3.0,1.0,1.0
217,1.0,1.0,1.0,3.0,1.0,1.0,1.0,1.0,1.0,5.0,2.0,1.0
218,1.0,1.0,1.0,3.0,1.0,1.0,1.0,1.0,1.0,3.0,1.0,1.0
219,1.0,1.0,1.0,3.0,1.0,1.0,1.0,1.0,1.0,3.0,1.0,1.0
220,1.0,1.0,1.0,3.0,1.0,1.0,1.0,1.0,1.0,5.0,2.0,1.0
221,1.0,1.0,1.0,3.0,1.0,1.0,1.0,1.0,1.0,5.0,2.0,1.0
222,1.0,1.0,1.0,3.0,1.0,1.0,1.0,1.0,1.0,4.0,1.0,1.0
223,1.0,1.0,1.0,3.0,1.0,1.0,1.0,1.0,1.0,5.0,2.0,1.0
224,1.0,1.0,1.0,3.0,1.0,1.0,1.0,1.0,1.0,3.0,1.0,1.0
225,1.0,1.0,1.0,3.0,1.0,1.0,1.0,1.0,1.0,3.0,1.0,1.0
226,1.0,1.0,1.0,3.0,1.0,1.0,1.0,1.0,1.0,3.0,1.0,1.0
227,1.0,1.0,1.0,3.0,1.0,1.0,1.0,1.0,1.0,4.0,1.0,1.0
228,1.0,1.0,1.0,3.0,1.0,1.0,1.0,1.0,1.0,3.0,1.0,1.0
229,1.0,1.0,1.0,3.0,1.0,1.0,1.0,1.0,1.0,5.0,2.0,1.0
230,1.0,1.0,1.0,3.0,1.0,1.0,1.0,1.0,1.0,4.0,1.0,1.0
231,1.0,1.0,1.0,3.0,1.0,1.0,1.0,1.0,1.0,5.0,2.0,1.0
232,1.0,1.0,1.0,3.0,1.0,1.0,1.0,1.0,1.0,3.0,1.0,1.0
233,1.0,1.0,1.0,3.0,1.0,1.0,1.0,1.0,1.0,3.0,1.0,1.0
234,1.0,1.0,1.0,3.0,1.0,1.0,1.0,1.0,1.0,3.0,1.0,1.0
235,1.0,1.0,1.0,3.0,1.0,1.0,1.0,1.0,1.0,3.0,1.0,1.0
236,1.0,1.0,1.0,3.0,1.0,1.0,1.0,1.0,1.0,3.0,1.0,1.0
237,1.0,1.0,1.0,3.0,1.0,1.0,1.0,1.0,1.0,3.0,1.0,1.0
238,1.0,1.0,1.0,3.0,1.0,1.0,1.0,1.0,1.0,5.0,2.0,1.0
239,1.0,1.0,1.0,3.0,1.0,1.0,1.0,1.0,1.0,4.0,1.0,1.0
240,1.0,1.0,1.0,3.0,1.0,1.0,1.0,1.0,1.0,5.0,2.0,1.0
241,1.0,1.0,1.0,3.0,1.0,1.0,1.0,1.0,1.0,3.0,1.0,1.0
242,1.0,1.0,1.0,3.0,1.0,1.0,1.0,1.0,1.0,3.0,1.0,1.0
243,1.0,1.0,1.0,3.0,1.0,1.0,1.0,1.0,1.0,3.0,1.0,1.0
244,1.0,1.0,1.0,3.0,1.0,1.0,1.0,1.0,1.0,3.0,1.0,1.0
245,1.0,1.0,1.0,3.0,1.0,1.0,1.0,1.0,1.0,3.0,1.0,1.0
246,1.0,1.0,1.0,3.0,1.0,1.0,1.0,1.0,1.0,5.0,2.0,1.0
247,1.0,1.0,1.0,3.0,1.0,1.0,1.0,1.0,1.0,3.0,1.0,1.0
248,1.0,1.0,1.0,3.0,1.0,1.0,1.0,1.0,1.0,3.0,1.0,1.0
249,1.0,1.0,1.0,3.0,1.0,1.0,1.0,1.0,1.0,3.0,1.0,1.0
250,1.0,1.0,1.0,3.0,1.0,1.0,1.0,1.0,1.0,3.0,1.0,1.0
251,1.0,1.0,1.0,3.0,1.0,1.0,1.0,1.0,1.0,3.0,1.0,1.0
252,1.0,1.0,1.0,3.0,1.0,1.0,1.0,1.0,1.0,4.0,1.0,1.0
253,1.0,1.0,1.0,3.0,1.0,1.0,1.0,1.0,1.0,5.0,2.0,1.0
254,1.0,1.0,1.0,3.0,1.0,1.0,1.0,1.0,1.0,3.0,1.0,1.0
255,1.0,1.0,1.0,3.0,1.0,1.0,1.0,1.0,1.0,3.0,1.0,1.0
256,1.0,1.0,1.0,3.0,1.0,1.0,1.0,1.0,1.0,4.0,1.0,1.0
257,1.0,1.0,1.0,3.0,1.0,1.0,1.0,1.0,1.0,5.0,2.0,1.0
258,1.0,1.0,1.0,3.0,1.0,1.0,1.0,1.0,1.0,4.0,1.0,1.0
259,1.0,1.0,1.0,3.0,1.0,1.0,1.0,1.0,1.0,4.0,1.0,1.0
260,1.0,1.0,1.0,3.0,1.0,1.0,1.0,1.0,1.0,3.0,1.0,1.0
261,1.0,1.0,1.0,3.0,1.0,1.0,1.0,1.0,1.0,5.0,2.0,1.0
262,1.0,1.0,1.0,3.0,1.0,1.0,1.0,1.0,1.0,3.0,1.0,1.0
263,1.0,1.0,1.0,3.0,1.0,1.0,1.0,1.0,1.0,3.0,1.0,1.0
264,1.0,1.0,1.0,3.0,1.0,1.0,1.0,1.0,1.0,5.0,2.0,1.0
265,1.0,1.0,1.0,3.0,1.0,1.0,1.0,1.0,1.0,3.0,1.0,1.0
266,1.0,1.0,1.0,3.0,1.0,1.0,1.0,1.0,1.0,4.0,1.0,1.0
267,1.0,1.0,1.0,3.0,1.0,1.0,1.0,1.0,1.0,4.0,1.0,1.0
268,1.0,1.0,1.0,3.0,1.0,1.0,1.0,1.0,1.0,5.0,2.0,1.0
269,1.0,1.0,1.0,3.0,1.0,1.0,1.0,1.0,1.0,3.0,1.0,1.0
270,1.0,1.0,1.0,3.0,1.0,1.0,1.0,1.0,1.0,4.0,1.0,1.0
271,1.0,1.0,1.0,3.0,1.0,1.0,1.0,1.0,1.0,3.0,1.0,1.0
272,1.0,1.0,1.0,3.0,1.0,1.0,1.0,1.0,1.0,5.0,2.0,1.0
273,1.0,1.0,1.0,3.0,1.0,1.0,1.0,1.0,1.0,4.0,1.0,1.0
274,1.0,1.0,1.0,3.0,1.0,1.0,1.0,1.0,1.0,4.0,1.0,1.0
275,1.0,1.0,1.0,3.0,1.0,1.0,1.0,1.0,1.0,3.0,1.0,1.0
276,1.0,1.0,1.0,3.0,1.0,1.0,1.0,1.0,1.0,4.0,1.0,1.0
277,1.0,1.0,1.0,3.0,1.0,1.0,1.0,1.0,1.0,4.0,1.0,1.0
278,1.0,1.0,1.0,3.0,1.0,1.0,1.0,1.0,1.0,5.0,2.0,1.0
279,1.0,1.0,1.0,3.0,1.0,1.0,1.0,1.0,1.0,3.0,1.0,1.0
280,1.0,1.0,1.0,3.0,1.0,1.0,1.0,1.0,1.0,4.0,1.0,1.0
281,1.0,1.0,1.0,3.0,1.0,1.0,1.0,1.0,1.0,5.0,2.0,1.0
282,1.0,1.0,1.0,3.0,1.0,1.0,1.0,1.0,1.0,5.0,2.0,1.0
283,1.0,1.0,1.0,3.0,1.0,1.0,1.0,1.0,1.0,3.0,1.0,1.0
284,1.0,1.0,1.0,3.0,1.0,1.0,1.0,1.0,1.0,3.0,1.0,1.0
285,1.0,1.0,1.0,3.0,1.0,1.0,1.0,1.0,1.0,4.0,1.0,1.0
286,1.0,1.0,1.0,3.0,1.0,1.0,1.0,1.0,1.0,4.0,1.0,1.0
287,1.0,1.0,1.0,3.0,1.0,1.0,1.0,1.0,1.0,3.0,1.0,1.0
288,1.0,1.0,1.0,3.0,1.0,1.0,1.0,1.0,1.0,5.0,2.0,1.0
289,1.0,1.0,1.0,3.0,1.0,1.0,1.0,1.0,1.0,3.0,1.0,1.0
290,1.0,1.0,1.0,3.0,1.0,1.0,1.0,1.0,1.0,3.0,1.0,1.0
291,1.0,1.0,1.0,3.0,1.0,1.0,1.0,1.0,1.0,3.0,1.0,1.0
292,1.0,1.0,1.0,3.0,1.0,1.0,1.0,1.0,1.0,3.0,1.0,1.0
293,1.0,1.0,1.0,3.0,1.0,1.0,1.0,1.0,1.0,3.0,1.0,1.0
294,1.0,1.0,1.0,3.0,1.0,1.0,1.0,1.0,1.0,3.0,1.0,1.0
295,1.0,1.0,1.0,3.0,1.0,1.0,1.0,1.0,1.0,3.0,1.0,1.0
296,1.0,1.0,1.0,3.0,1.0,1.0,1.0,1.0,1.0,4.0,1.0,1.0
297,1.0,1.0,1.0,3.0,1.0,1.0,1.0,1.0,1.0,3.0,1.0,1.0
298,1.0,1.0,1.0,3.0,1.0,1.0,1.0,1.0,1.0,5.0,2.0,1.0
299,1.0,1.0,1.0,3.0,1.0,1.0,1.0,1.0,1.0,3.0,1.0,1.0
300,1.0,1.0,1.0,3.0,1.0,1.0,1.0,1.0,1.0,3.0,1.0,1.0
301,1.0,1.0,1.0,3.0,1.0,1.0,1.0,1.0,1.0,5.0,2.0,1.0
302,1.0,1.0,1.0,3.0,1.0,1.0,1.0,1.0,1.0,3.0,1.0,1.0
303,1.0,1.0,1.0,3.0,1.0,1.0,1.0,1.0,1.0,4.0,1.0,1.0
304,1.0,1.0,1.0,3.0,1.0,1.0,1.0,1.0,1.0,5.0,2.0,1.0
305,1.0,1.0,1.0,3.0,1.0,1.0,1.0,1.0,1.0,5.0,2.0,1.0
306,1.0,1.0,1.0,3.0,1.0,1.0,1.0,1.0,1.0,3.0,1.0,1.0
307,1.0,1.0,1.0,3.0,1.0,1.0,1.0,1.0,1.0,5.0,2.0,1.0
308,1.0,1.0,1.0,3.0,1.0,1.0,1.0,1.0,1.0,3.0,1.0,1.0
309,1.0,1.0,1.0,3.0,1.0,1.0,1.0,1.0,1.0,3.0,1.0,1.0
310,1.0,1.0,1.0,3.0,1.0,1.0,1.0,1.0,1.0,5.0,2.0,1.0
311,1.0,1.0,1.0,3.0,1.0,1.0,1.0,1.0,1.0,3.0,1.0,1.0
312,1.0,1.0,1.0,3.0,1.0,1.0,1.0,1.0,1.0,3.0,1.0,1.0
313,1.0,1.0,1.0,3.0,1.0,1.0,1.0,1.0,1.0,5.0,2.0,1.0
314,1.0,1.0,1.0,3.0,1.0,1.0,1.0,1.0,1.0,3.0,1.0,1.0
315,1.0,1.0,1.0,3.0,1.0,1.0,1.0,1.0,1.0,3.0,1.0,1.0
316,1.0,1.0,1.0,3.0,1.0,1.0,1.0,1.0,1.0,5.0,2.0,1.0
317,1.0,1.0,1.0,3.0,1.0,1.0,1.0,1.0,1.0,3.0,1.0,1.0
318,1.0,1.0,1.0,3.0,1.0,1.0,1.0,1.0,1.0,5.0,2.0,1.0
319,1.0,1.0,1.0,3.0,1.0,1.0,1.0,1.0,1.0,3.0,1.0,1.0
320,1.0,1.0,1.0,3.0,1.0,1.0,1.0,1.0,1.0,3.0,1.0,1.0
321,1.0,1.0,1.0,3.0,1.0,1.0,1.0,1.0,1.0,5.0,2.0,1.0
322,1.0,1.0,1.0,3.0,1.0,1.0,1.0,1.0,1.0,3.0,1.0,1.0
323,1.0,1.0,1.0,3.0,1.0,1.0,1.0,1.0,1.0,4.0,1.0,1.0
324,1.0,1.0,1.0,3.0,1.0,1.0,1.0,1.0,1.0,3.0,1.0,1.0
325,1.0,1.0,1.0,3.0,1.0,1.0,1.0,1.0,1.0,3.0,1.0,1.0
326,1.0,1.0,1.0,3.0,1.0,1.0,1.0,1.0,1.0,4.0,1.0,1.0
327,1.0,1.0,1.0,3.0,1.0,1.0,1.0,1.0,1.0,4.0,1.0,1.0
328,1.0,1.0,1.0,3.0,1.0,1.0,1.0,1.0,1.0,3.0,1.0,1.0
329,1.0,1.0,1.0,3.0,1.0,1.0,1.0,1.0,1.0,4.0,1.0,1.0
330,1.0,1.0,1.0,3.0,1.0,1.0,1.0,1.0,1.0,4.0,1.0,1.0
331,1.0,1.0,1.0,3.0,1.0,1.0,1.0,1.0,1.0,3.0,1.0,1.0
332,1.0,1.0,1.0,3.0,1.0,1.0,1.0,1.0,1.0,5.0,2.0,1.0
333,1.0,1.0,1.0,3.0,1.0,1.0,1.0,1.0,1.0,3.0,1.0,1.0
334,1.0,1.0,1.0,3.0,1.0,1.0,1.0,1.0,1.0,4.0,1.0,1.0
335,1.0,1.0,1.0,3.0,1.0,1.0,1.0,1.0,1.0,4.0,1.0,1.0
336,1.0,1.0,1.0,3.0,1.0,1.0,1.0,1.0,1.0,5.0,2.0,1.0
337,1.0,1.0,1.0,3.0,1.0,1.0,1.0,1.0,1.0,5.0,2.0,1.0
338,1.0,1.0,1.0,3.0,1.0,1.0,1.0,1.0,1.0,4.0,1.0,1.0
339,1.0,1.0,1.0,3.0,1.0,1.0,1.0,1.0,1.0,3.0,1.0,1.0
340,1.0,1.0,1.0,3.0,1.0,1.0,1.0,1.0,1.0,3.0,1.0,1.0
341,1.0,1.0,1.0,3.0,1.0,1.0,1.0,1.0,1.0,3.0,1.0,1.0
342,1.0,1.0,1.0,3.0,1.0,1.0,1.0,1.0,1.0,5.0,2.0,1.0
343,1.0,1.0,1.0,3.0,1.0,1.0,1.0,1.0,1.0,5.0,2.0,1.0
344,1.0,1.0,1.0,3.0,1.0,1.0,1.0,1.0,1.0,3.0,1.0,1.0
345,1.0,1.0,1.0,3.0,1.0,1.0,1.0,1.0,1.0,3.0,1.0,1.0
346,1.0,1.0,1.0,3.0,1.0,1.0,1.0,1.0,1.0,5.0,2.0,1.0
347,1.0,1.0,1.0,3.0,1.0,1.0,1.0,1.0,1.0,3.0,1.0,1.0
348,1.0,1.0,1.0,3.0,1.0,1.0,1.0,1.0,1.0,5.0,2.0,1.0
349,1.0,1.0,1.0,3.0,1.0,1.0,1.0,1.0,1.0,3.0,1.0,1.0
350,1.0,1.0,1.0,3.0,1.0,1.0,1.0,1.0,1.0,3.0,1.0,1.0
351,1.0,1.0,1.0,3.0,1.0,1.0,1.0,1.0,1.0,4.0,1.0,1.0
352,1.0,1.0,1.0,3.0,1.0,1.0,1.0,1.0,1.0,3.0,1.0,1.0
353,1.0,1.0,1.0,3.0,1.0,1.0,1.0,1.0,1.0,5.0,2.0,1.0
354,1.0,1.0,1.0,3.0,1.0,1.0,1.0,1.0,1.0,3.0,1.0,1.0
355,1.0,1.0,1.0,3.0,1.0,1.0,1.0,1.0,1.0,5.0,2.0,1.0
356,1.0,1.0,1.0,3.0,1.0,1.0,1.0,1.0,1.0,3.0,1.0,1.0
357,1.0,1.0,1.0,3.0,1.0,1.0,1.0,1.0,1.0,3.0,1.0,1.0
358,1.0,1.0,1.0,3.0,1.0,1.0,1.0,1.0,1.0,3.0,1.0,1.0
359,1.0,1.0,1.0,3.0,1.0,1.0,1.0,1.0,1.0,3.0,1.0,1.0
360,1.0,1.0,1.0,3.0,1.0,1.0,1.0,1.0,1.0,3.0,1.0,1.0
361,1.0,1.0,1.0,3.0,1.0,1.0,1.0,1.0,1.0,3.0,1.0,1.0
362,1.0,1.0,1.0,3.0,1.0,1.0,1.0,1.0,1.0,4.0,1.0,1.0
363,1.0,1.0,1.0,3.0,1.0,1.0,1.0,1.0,1.0,3.0,1.0,1.0
364,1.0,1.0,1.0,3.0,1.0,1.0,1.0,1.0,1.0,4.0,1.0,1.0
365,1.0,1.0,1.0,3.0,1.0,1.0,1.0,1.0,1.0,5.0,2.0,1.0
366,1.0,1.0,1.0,3.0,1.0,1.0,1.0,1.0,1.0,3.0,1.0,1.0
367,1.0,1.0,1.0,3.0,1.0,1.0,1.0,1.0,1.0,3.0,1.0,1.0
368,1.0,1.0,1.0,3.0,1.0,1.0,1.0,1.0,1.0,3.0,1.0,1.0
369,1.0,1.0,1.0,3.0,1.0,1.0,1.0,1.0,1.0,5.0,2.0,1.0
370,1.0,1.0,1.0,3.0,1.0,1.0,1.0,1.0,1.0,5.0,2.0,1.0
371,1.0,1.0,1.0,3.0,1.0,1.0,1.0,1.0,1.0,3.0,1.0,1.0
372,1.0,1.0,1.0,3.0,1.0,1.0,1.0,1.0,1.0,3.0,1.0,1.0
373,1.0,1.0,1.0,3.0,1.0,1.0,1.0,1.0,1.0,4.0,1.0,1.0
374,1.0,1.0,1.0,3.0,1.0,1.0,1.0,1.0,1.0,3.0,1.0,1.0
375,1.0,1.0,1.0,3.0,1.0,1.0,1.0,1.0,1.0,5.0,2.0,1.0
376,1.0,1.0,1.0,3.0,1.0,1.0,1.0,1.0,1.0,5.0,2.0,1.0
377,1.0,1.0,1.0,3.0,1.0,1.0,1.0,1.0,1.0,3.0,1.0,1.0
378,1.0,1.0,1.0,3.0,1.0,1.0,1.0,1.0,1.0,5.0,2.0,1.0
379,1.0,1.0,1.0,3.0,1.0,1.0,1.0,1.0,1.0,3.0,1.0,1.0
380,1.0,1.0,1.0,3.0,1.0,1.0,1.0,1.0,1.0,3.0,1.0,1.0
381,1.0,1.0,1.0,3.0,1.0,1.0,1.0,1.0,1.0,3.0,1.0,1.0
382,1.0,1.0,1.0,3.0,1.0,1.0,1.0,1.0,1.0,3.0,1.0,1.0
383,1.0,1.0,1.0,3.0,1.0,1.0,1.0,1.0,1.0,4.0,1.0,1.0
384,1.0,1.0,1.0,3.0,1.0,1.0,1.0,1.0,1.0,3.0,1.0,1.0
385,1.0,1.0,1.0,3.0,1.0,1.0,1.0,1.0,1.0,4.0,1.0,1.0
386,1.0,1.0,1.0,3.0,1.0,1.0,1.0,1.0,1.0,4.0,1.0,1.0
387,1.0,1.0,1.0,3.0,1.0,1.0,1.0,1.0,1.0,3.0,1.0,1.0
388,1.0,1.0,1.0,3.0,1.0,1.0,1.0,1.0,1.0,5.0,2.0,1.0
389,1.0,1.0,1.0,3.0,1.0,1.0,1.0,1.0,1.0,3.0,1.0,1.0
390,1.0,1.0,1.0,3.0,1.0,1.0,1.0,1.0,1.0,3.0,1.0,1.0
391,1.0,1.0,1.0,3.0,1.0,1.0,1.0,1.0,1.0,5.0,2.0,1.0
392,1.0,1.0,1.0,3.0,1.0,1.0,1.0,1.0,1.0,5.0,2.0,1.0
393,1.0,1.0,1.0,3.0,1.0,1.0,1.0,1.0,1.0,5.0,2.0,1.0
394,1.0,1.0,1.0,3.0,1.0,1.0,1.0,1.0,1.0,4.0,1.0,1.0
395,1.0,1.0,1.0,3.0,1.0,1.0,1.0,1.0,1.0,3.0,1.0,1.0
396,1.0,1.0,1.0,3.0,1.0,1.0,1.0,1.0,1.0,3.0,1.0,1.0
397,1.0,1.0,1.0,3.0,1.0,1.0,1.0,1.0,1.0,5.0,2.0,1.0
398,1.0,1.0,1.0,3.0,1.0,1.0,1.0,1.0,1.0,3.0,1.0,1.0
399,1.0,1.0,1.0,3.0,1.0,1.0,1.0,1.0,1.0,5.0,2.0,1.0
400,1.0,1.0,1.0,3.0,1.0,1.0,1.0,1.0,1.0,4.0,1.0,1.0
401,1.0,1.0,1.0,3.0,1.0,1.0,1.0,1.0,1.0,5.0,2.0,1.0
402,1.0,1.0,1.0,3.0,1.0,1.0,1.0,1.0,1.0,5.0,2.0,1.0
403,1.0,1.0,1.0,3.0,1.0,1.0,1.0,1.0,1.0,3.0,1.0,1.0
404,1.0,1.0,1.0,3.0,1.0,1.0,1.0,1.0,1.0,4.0,1.0,1.0
405,1.0,1.0,1.0,3.0,1.0,1.0,1.0,1.0,1.0,3.0,1.0,1.0
406,1.0,1.0,1.0,3.0,1.0,1.0,1.0,1.0,1.0,4.0,1.0,1.0
407,1.0,1.0,1.0,3.0,1.0,1.0,1.0,1.0,1.0,3.0,1.0,1.0
408,1.0,1.0,1.0,3.0,1.0,1.0,1.0,1.0,1.0,3.0,1.0,1.0
409,1.0,1.0,1.0,3.0,1.0,1.0,1.0,1.0,1.0,3.0,1.0,1.0
410,1.0,1.0,1.0,3.0,1.0,1.0,1.0,1.0,1.0,3.0,1.0,1.0
411,1.0,1.0,1.0,3.0,1.0,1.0,1.0,1.0,1.0,4.0,1.0,1.0
412,1.0,1.0,1.0,3.0,1.0,1.0,1.0,1.0,1.0,3.0,1.0,1.0
413,1.0,1.0,1.0,3.0,1.0,1.0,1.0,1.0,1.0,5.0,2.0,1.0
414,1.0,1.0,1.0,3.0,1.0,1.0,1.0,1.0,1.0,3.0,1.0,1.0
415,1.0,1.0,1.0,3.0,1.0,1.0,1.0,1.0,1.0,3.0,1.0,1.0
416,1.0,1.0,1.0,3.0,1.0,1.0,1.0,1.0,1.0,3.0,1.0,1.0
417,1.0,1.0,1.0,3.0,1.0,1.0,1.0,1.0,1.0,3.0,1.0,1.0
418,1.0,1.0,1.0,3.0,1.0,1.0,1.0,1.0,1.0,3.0,1.0,1.0
419,1.0,1.0,1.0,3.0,1.0,1.0,1.0,1.0,1.0,3.0,1.0,1.0
420,1.0,1.0,1.0,3.0,1.0,1.0,1.0,1.0,1.0,4.0,1.0,1.0
421,1.0,1.0,1.0,3.0,1.0,1.0,1.0,1.0,1.0,3.0,1.0,1.0
422,1.0,1.0,1.0,3.0,1.0,1.0,1.0,1.0,1.0,4.0,1.0,1.0
423,1.0,1.0,1.0,3.0,1.0,1.0,1.0,1.0,1.0,5.0,2.0,1.0
424,1.0,1.0,1.0,3.0,1.0,1.0,1.0,1.0,1.0,3.0,1.0,1.0
425,1.0,1.0,1.0,3.0,1.0,1.0,1.0,1.0,1.0,3.0,1.0,1.0
426,1.0,1.0,1.0,3.0,1.0,1.0,1.0,1.0,1.0,4.0,1.0,1.0
427,1.0,1.0,1.0,3.0,1.0,1.0,1.0,1.0,1.0,5.0,2.0,1.0
428,1.0,1.0,1.0,3.0,1.0,1.0,1.0,1.0,1.0,4.0,1.0,1.0
429,1.0,1.0,1.0,3.0,1.0,1.0,1.0,1.0,1.0,3.0,1.0,1.0
430,1.0,1.0,1.0,3.0,1.0,1.0,1.0,1.0,1.0,4.0,1.0,1.0
431,1.0,1.0,1.0,3.0,1.0,1.0,1.0,1.0,1.0,3.0,1.0,1.0
432,1.0,1.0,1.0,3.0,1.0,1.0,1.0,1.0,1.0,4.0,1.0,1.0
433,1.0,1.0,1.0,3.0,1.0,1.0,1.0,1.0,1.0,3.0,1.0,1.0
434,1.0,1.0,1.0,3.0,1.0,1.0,1.0,1.0,1.0,3.0,1.0,1.0
435,1.0,1.0,1.0,3.0,1.0,1.0,1.0,1.0,1.0,3.0,1.0,1.0
436,1.0,1.0,1.0,3.0,1.0,1.0,1.0,1.0,1.0,4.0,1.0,1.0
437,1.0,1.0,1.0,3.0,1.0,1.0,1.0,1.0,1.0,4.0,1.0,1.0
438,1.0,1.0,1.0,3.0,1.0,1.0,1.0,1.0,1.0,3.0,1.0,1.0
439,1.0,1.0,1.0,3.0,1.0,1.0,1.0,1.0,1.0,4.0,1.0,1.0
440,1.0,1.0,1.0,3.0,1.0,1.0,1.0,1.0,1.0,3.0,1.0,1.0
441,1.0,1.0,1.0,3.0,1.0,1.0,1.0,1.0,1.0,5.0,2.0,1.0
442,1.0,1.0,1.0,3.0,1.0,1.0,1.0,1.0,1.0,3.0,1.0,1.0
443,1.0,1.0,1.0,3.0,1.0,1.0,1.0,1.0,1.0,4.0,1.0,1.0
444,1.0,1.0,1.0,3.0,1.0,1.0,1.0,1.0,1.0,3.0,1.0,1.0
445,1.0,1.0,1.0,3.0,1.0,1.0,1.0,1.0,1.0,5.0,2.0,1.0
446,1.0,1.0,1.0,3.0,1.0,1.0,1.0,1.0,1.0,4.0,1.0,1.0
447,1.0,1.0,1.0,3.0,1.0,1.0,1.0,1.0,1.0,5.0,2.0,1.0
448,1.0,1.0,1.0,3.0,1.0,1.0,1.0,1.0,1.0,4.0,1.0,1.0
449,1.0,1.0,1.0,3.0,1.0,1.0,1.0,1.0,1.0,4.0,1.0,1.0
450,1.0,1.0,1.0,3.0,1.0,1.0,1.0,1.0,1.0,3.0,1.0,1.0
451,1.0,1.0,1.0,3.0,1.0,1.0,1.0,1.0,1.0,5.0,2.0,1.0
452,1.0,1.0,1.0,3.0,1.0,1.0,1.0,1.0,1.0,4.0,1.0,1.0
453,1.0,1.0,1.0,3.0,1.0,1.0,1.0,1.0,1.0,4.0,1.0,1.0
454,1.0,1.0,1.0,3.0,1.0,1.0,1.0,1.0,1.0,3.0,1.0,1.0
455,1.0,1.0,1.0,3.0,1.0,1.0,1.0,1.0,1.0,3.0,1.0,1.0
456,1.0,1.0,1.0,3.0,1.0,1.0,1.0,1.0,1.0,3.0,1.0,1.0
457,1.0,1.0,1.0,3.0,1.0,1.0,1.0,1.0,1.0,4.0,1.0,1.0
458,1.0,1.0,1.0,3.0,1.0,1.0,1.0,1.0,1.0,3.0,1.0,1.0
459,1.0,1.0,1.0,3.0,1.0,1.0,1.0,1.0,1.0,3.0,1.0,1.0
460,1.0,1.0,1.0,3.0,1.0,1.0,1.0,1.0,1.0,3.0,1.0,1.0
461,1.0,1.0,1.0,3.0,1.0,1.0,1.0,1.0,1.0,4.0,1.0,1.0
462,1.0,1.0,1.0,3.0,1.0,1.0,1.0,1.0,1.0,5.0,2.0,1.0
463,1.0,1.0,1.0,3.0,1.0,1.0,1.0,1.0,1.0,5.0,2.0,1.0
464,1.0,1.0,1.0,3.0,1.0,1.0,1.0,1.0,1.0,5.0,2.0,1.0
465,1.0,1.0,1.0,3.0,1.0,1.0,1.0,1.0,1.0,3.0,1.0,1.0
466,1.0,1.0,1.0,3.0,1.0,1.0,1.0,1.0,1.0,3.0,1.0,1.0
467,1.0,1.0,1.0,3.0,1.0,1.0,1.0,1.0,1.0,3.0,1.0,1.0
468,1.0,1.0,1.0,3.0,1.0,1.0,1.0,1.0,1.0,5.0,2.0,1.0
469,1.0,1.0,1.0,3.0,1.0,1.0,1.0,1.0,1.0,5.0,2.0,1.0
470,1.0,1.0,1.0,3.0,1.0,1.0,1.0,1.0,1.0,3.0,1.0,1.0
471,1.0,1.0,1.0,3.0,1.0,1.0,1.0,1.0,1.0,3.0,1.0,1.0
472,1.0,1.0,1.0,3.0,1.0,1.0,1.0,1.0,1.0,5.0,2.0,1.0
473,1.0,1.0,1.0,3.0,1.0,1.0,1.0,1.0,1.0,4.0,1.0,1.0
474,1.0,1.0,1.0,3.0,1.0,1.0,1.0,1.0,1.0,5.0,2.0,1.0
475,1.0,1.0,1.0,3.0,1.0,1.0,1.0,1.0,1.0,5.0,2.0,1.0
476,1.0,1.0,1.0,3.0,1.0,1.0,1.0,1.0,1.0,3.0,1.0,1.0
477,1.0,1.0,1.0,3.0,1.0,1.0,1.0,1.0,1.0,3.0,1.0,1.0
478,1.0,1.0,1.0,3.0,1.0,1.0,1.0,1.0,1.0,3.0,1.0,1.0
479,1.0,1.0,1.0,3.0,1.0,1.0,1.0,1.0,1.0,4.0,1.0,1.0
480,1.0,1.0,1.0,3.0,1.0,1.0,1.0,1.0,1.0,3.0,1.0,1.0
481,1.0,1.0,1.0,3.0,1.0,1.0,1.0,1.0,1.0,5.0,2.0,1.0
482,1.0,1.0,1.0,3.0,1.0,1.0,1.0,1.0,1.0,3.0,1.0,1.0
483,1.0,1.0,1.0,3.0,1.0,1.0,1.0,1.0,1.0,3.0,1.0,1.0
484,1.0,1.0,1.0,3.0,1.0,1.0,1.0,1.0,1.0,4.0,1.0,1.0
485,1.0,1.0,1.0,3.0,1.0,1.0,1.0,1.0,1.0,5.0,2.0,1.0
486,1.0,1.0,1.0,3.0,1.0,1.0,1.0,1.0,1.0,3.0,1.0,1.0
487,1.0,1.0,1.0,3.0,1.0,1.0,1.0,1.0,1.0,5.0,2.0,1.0
488,1.0,1.0,1.0,3.0,1.0,1.0,1.0,1.0,1.0,4.0,1.0,1.0
489,1.0,1.0,1.0,3.0,1.0,1.0,1.0,1.0,1.0,5.0,2.0,1.0
490,1.0,1.0,1.0,3.0,1.0,1.0,1.0,1.0,1.0,5.0,2.0,1.0
491,1.0,1.0,1.0,3.0,1.0,1.0,1.0,1.0,1.0,5.0,2.0,1.0
492,1.0,1.0,1.0,3.0,1.0,1.0,1.0,1.0,1.0,3.0,1.0,1.0
493,1.0,1.0,1.0,3.0,1.0,1.0,1.0,1.0,1.0,4.0,1.0,1.0
494,1.0,1.0,1.0,3.0,1.0,1.0,1.0,1.0,1.0,4.0,1.0,1.0
495,1.0,1.0,1.0,3.0,1.0,1.0,1.0,1.0,1.0,5.0,2.0,1.0
496,1.0,1.0,1.0,3.0,1.0,1.0,1.0,1.0,1.0,4.0,1.0,1.0
497,1.0,1.0,1.0,3.0,1.0,1.0,1.0,1.0,1.0,5.0,2.0,1.0
498,1.0,1.0,1.0,3.0,1.0,1.0,1.0,1.0,1.0,3.0,1.0,1.0
499,1.0,1.0,1.0,3.0,1.0,1.0,1.0,1.0,1.0,3.0,1.0,1.0
500,1.0,1.0,1.0,3.0,1.0,1.0,1.0,1.0,1.0,5.0,2.0,1.0
501,1.0,1.0,1.0,3.0,1.0,1.0,1.0,1.0,1.0,3.0,1.0,1.0
502,1.0,1.0,1.0,3.0,1.0,1.0,1.0,1.0,1.0,4.0,1.0,1.0
503,1.0,1.0,1.0,3.0,1.0,1.0,1.0,1.0,1.0,4.0,1.0,1.0
504,1.0,1.0,1.0,3.0,1.0,1.0,1.0,1.0,1.0,3.0,1.0,1.0
505,1.0,1.0,1.0,3.0,1.0,1.0,1.0,1.0,1.0,3.0,1.0,1.0
506,1.0,1.0,1.0,3.0,1.0,1.0,1.0,1.0,1.0,4.0,1.0,1.0
507,1.0,1.0,1.0,3.0,1.0,1.0,1.0,1.0,1.0,3.0,1.0,1.0
508,1.0,1.0,1.0,3.0,1.0,1.0,1.0,1.0,1.0,3.0,1.0,1.0
509,1.0,1.0,1.0,3.0,1.0,1.0,1.0,1.0,1.0,4.0,1.0,1.0
510,1.0,1.0,1.0,3.0,1.0,1.0,1.0,1.0,1.0,5.0,2.0,1.0
511,1.0,1.0,1.0,3.0,1.0,1.0,1.0,1.0,1.0,3.0,1.0,1.0
512,1.0,1.0,1.0,3.0,1.0,1.0,1.0,1.0,1.0,3.0,1.0,1.0
513,1.0,1.0,1.0,3.0,1.0,1.0,1.0,1.0,1.0,5.0,2.0,1.0
514,1.0,1.0,1.0,3.0,1.0,1.0,1.0,1.0,1.0,3.0,1.0,1.0
515,1.0,1.0,1.0,3.0,1.0,1.0,1.0,1.0,1.0,5.0,2.0,1.0
516,1.0,1.0,1.0,3.0,1.0,1.0,1.0,1.0,1.0,3.0,1.0,1.0
517,1.0,1.0,1.0,3.0,1.0,1.0,1.0,1.0,1.0,5.0,2.0,1.0
518,1.0,1.0,1.0,3.0,1.0,1.0,1.0,1.0,1.0,3.0,1.0,1.0
519,1.0,1.0,1.0,3.0,1.0,1.0,1.0,1.0,1.0,5.0,2.0,1.0
520,1.0,1.0,1.0,3.0,1.0,1.0,1.0,1.0,1.0,3.0,1.0,1.0
521,1.0,1.0,1.0,3.0,1.0,1.0,1.0,1.0,1.0,5.0,2.0,1.0
522,1.0,1.0,1.0,3.0,1.0,1.0,1.0,1.0,1.0,3.0,1.0,1.0
523,1.0,1.0,1.0,3.0,1.0,1.0,1.0,1.0,1.0,3.0,1.0,1.0
524,1.0,1.0,1.0,3.0,1.0,1.0,1.0,1.0,1.0,5.0,2.0,1.0
525,1.0,1.0,1.0,3.0,1.0,1.0,1.0,1.0,1.0,4.0,1.0,1.0
526,1.0,1.0,1.0,3.0,1.0,1.0,1.0,1.0,1.0,3.0,1.0,1.0
527,1.0,1.0,1.0,3.0,1.0,1.0,1.0,1.0,1.0,5.0,2.0,1.0
528,1.0,1.0,1.0,3.0,1.0,1.0,1.0,1.0,1.0,4.0,1.0,1.0
529,1.0,1.0,1.0,3.0,1.0,1.0,1.0,1.0,1.0,4.0,1.0,1.0
530,1.0,1.0,1.0,3.0,1.0,1.0,1.0,1.0,1.0,4.0,1.0,1.0
531,1.0,1.0,1.0,3.0,1.0,1.0,1.0,1.0,1.0,4.0,1.0,1.0
532,1.0,1.0,1.0,3.0,1.0,1.0,1.0,1.0,1.0,5.0,2.0,1.0
533,1.0,1.0,1.0,3.0,1.0,1.0,1.0,1.0,1.0,3.0,1.0,1.0
534,1.0,1.0,1.0,3.0,1.0,1.0,1.0,1.0,1.0,4.0,1.0,1.0
535,1.0,1.0,1.0,3.0,1.0,1.0,1.0,1.0,1.0,4.0,1.0,1.0
536,1.0,1.0,1.0,3.0,1.0,1.0,1.0,1.0,1.0,4.0,1.0,1.0
537,1.0,1.0,1.0,3.0,1.0,1.0,1.0,1.0,1.0,3.0,1.0,1.0
538,1.0,1.0,1.0,3.0,1.0,1.0,1.0,1.0,1.0,3.0,1.0,1.0
539,1.0,1.0,1.0,3.0,1.0,1.0,1.0,1.0,1.0,4.0,1.0,1.0
540,1.0,1.0,1.0,3.0,1.0,1.0,1.0,1.0,1.0,3.0,1.0,1.0
541,1.0,1.0,1.0,3.0,1.0,1.0,1.0,1.0,1.0,3.0,1.0,1.0
542,1.0,1.0,1.0,3.0,1.0,1.0,1.0,1.0,1.0,5.0,2.0,1.0
543,1.0,1.0,1.0,3.0,1.0,1.0,1.0,1.0,1.0,3.0,1.0,1.0
544,1.0,1.0,1.0,3.0,1.0,1.0,1.0,1.0,1.0,5.0,2.0,1.0
545,1.0,1.0,1.0,3.0,1.0,1.0,1.0,1.0,1.0,3.0,1.0,1.0
546,1.0,1.0,1.0,3.0,1.0,1.0,1.0,1.0,1.0,5.0,2.0,1.0
547,1.0,1.0,1.0,3.0,1.0,1.0,1.0,1.0,1.0,4.0,1.0,1.0
548,1.0,1.0,1.0,3.0,1.0,1.0,1.0,1.0,1.0,3.0,1.0,1.0
549,1.0,1.0,1.0,3.0,1.0,1.0,1.0,1.0,1.0,3.0,1.0,1.0
550,1.0,1.0,1.0,3.0,1.0,1.0,1.0,1.0,1.0,3.0,1.0,1.0
551,1.0,1.0,1.0,3.0,1.0,1.0,1.0,1.0,1.0,5.0,2.0,1.0
552,1.0,1.0,1.0,3.0,1.0,1.0,1.0,1.0,1.0,5.0,2.0,1.0
553,1.0,1.0,1.0,3.0,1.0,1.0,1.0,1.0,1.0,3.0,1.0,1.0
554,1.0,1.0,1.0,3.0,1.0,1.0,1.0,1.0,1.0,5.0,2.0,1.0
555,1.0,1.0,1.0,3.0,1.0,1.0,1.0,1.0,1.0,3.0,1.0,1.0
556,1.0,1.0,1.0,3.0,1.0,1.0,1.0,1.0,1.0,3.0,1.0,1.0
557,1.0,1.0,1.0,3.0,1.0,1.0,1.0,1.0,1.0,4.0,1.0,1.0
558,1.0,1.0,1.0,3.0,1.0,1.0,1.0,1.0,1.0,3.0,1.0,1.0
559,1.0,1.0,1.0,3.0,1.0,1.0,1.0,1.0,1.0,4.0,1.0,1.0
560,1.0,1.0,1.0,3.0,1.0,1.0,1.0,1.0,1.0,4.0,1.0,1.0
561,1.0,1.0,1.0,3.0,1.0,1.0,1.0,1.0,1.0,3.0,1.0,1.0
562,1.0,1.0,1.0,3.0,1.0,1.0,1.0,1.0,1.0,3.0,1.0,1.0
563,1.0,1.0,1.0,3.0,1.0,1.0,1.0,1.0,1.0,3.0,1.0,1.0
564,1.0,1.0,1.0,3.0,1.0,1.0,1.0,1.0,1.0,3.0,1.0,1.0
565,1.0,1.0,1.0,3.0,1.0,1.0,1.0,1.0,1.0,3.0,1.0,1.0
566,1.0,1.0,1.0,3.0,1.0,1.0,1.0,1.0,1.0,4.0,1.0,1.0
567,1.0,1.0,1.0,3.0,1.0,1.0,1.0,1.0,1.0,5.0,2.0,1.0
568,1.0,1.0,1.0,3.0,1.0,1.0,1.0,1.0,1.0,3.0,1.0,1.0
569,1.0,1.0,1.0,3.0,1.0,1.0,1.0,1.0,1.0,3.0,1.0,1.0
570,1.0,1.0,1.0,3.0,1.0,1.0,1.0,1.0,1.0,3.0,1.0,1.0
571,1.0,1.0,1.0,3.0,1.0,1.0,1.0,1.0,1.0,5.0,2.0,1.0
572,1.0,1.0,1.0,3.0,1.0,1.0,1.0,1.0,1.0,4.0,1.0,1.0
573,1.0,1.0,1.0,3.0,1.0,1.0,1.0,1.0,1.0,3.0,1.0,1.0
574,1.0,1.0,1.0,3.0,1.0,1.0,1.0,1.0,1.0,3.0,1.0,1.0
575,1.0,1.0,1.0,3.0,1.0,1.0,1.0,1.0,1.0,3.0,1.0,1.0
576,1.0,1.0,1.0,3.0,1.0,1.0,1.0,1.0,1.0,5.0,2.0,1.0
577,1.0,1.0,1.0,3.0,1.0,1.0,1.0,1.0,1.0,3.0,1.0,1.0
578,1.0,1.0,1.0,3.0,1.0,1.0,1.0,1.0,1.0,5.0,2.0,1.0
579,1.0,1.0,1.0,3.0,1.0,1.0,1.0,1.0,1.0,5.0,2.0,1.0
580,1.0,1.0,1.0,3.0,1.0,1.0,1.0,1.0,1.0,3.0,1.0,1.0
581,1.0,1.0,1.0,3.0,1.0,1.0,1.0,1.0,1.0,3.0,1.0,1.0
582,1.0,1.0,1.0,3.0,1.0,1.0,1.0,1.0,1.0,3.0,1.0,1.0
583,1.0,1.0,1.0,3.0,1.0,1.0,1.0,1.0,1.0,3.0,1.0,1.0
584,1.0,1.0,1.0,3.0,1.0,1.0,1.0,1.0,1.0,5.0,2.0,1.0
585,1.0,1.0,1.0,3.0,1.0,1.0,1.0,1.0,1.0,3.0,1.0,1.0
586,1.0,1.0,1.0,3.0,1.0,1.0,1.0,1.0,1.0,5.0,2.0,1.0
587,1.0,1.0,1.0,3.0,1.0,1.0,1.0,1.0,1.0,5.0,2.0,1.0
588,1.0,1.0,1.0,3.0,1.0,1.0,1.0,1.0,1.0,5.0,2.0,1.0
589,1.0,1.0,1.0,3.0,1.0,1.0,1.0,1.0,1.0,3.0,1.0,1.0
590,1.0,1.0,1.0,3.0,1.0,1.0,1.0,1.0,1.0,3.0,1.0,1.0
591,1.0,1.0,1.0,3.0,1.0,1.0,1.0,1.0,1.0,5.0,2.0,1.0
592,1.0,1.0,1.0,3.0,1.0,1.0,1.0,1.0,1.0,5.0,2.0,1.0
593,1.0,1.0,1.0,3.0,1.0,1.0,1.0,1.0,1.0,5.0,2.0,1.0
594,1.0,1.0,1.0,3.0,1.0,1.0,1.0,1.0,1.0,3.0,1.0,1.0
595,1.0,1.0,1.0,3.0,1.0,1.0,1.0,1.0,1.0,5.0,2.0,1.0
596,1.0,1.0,1.0,3.0,1.0,1.0,1.0,1.0,1.0,3.0,1.0,1.0
597,1.0,1.0,1.0,3.0,1.0,1.0,1.0,1.0,1.0,3.0,1.0,1.0
598,1.0,1.0,1.0,3.0,1.0,1.0,1.0,1.0,1.0,3.0,1.0,1.0
599,1.0,1.0,1.0,3.0,1.0,1.0,1.0,1.0,1.0,3.0,1.0,1.0
600,1.0,1.0,1.0,3.0,1.0,1.0,1.0,1.0,1.0,3.0,1.0,1.0
601,1.0,1.0,1.0,3.0,1.0,1.0,1.0,1.0,1.0,3.0,1.0,1.0
602,1.0,1.0,1.0,3.0,1.0,1.0,1.0,1.0,1.0,4.0,1.0,1.0
603,1.0,1.0,1.0,3.0,1.0,1.0,1.0,1.0,1.0,3.0,1.0,1.0
604,1.0,1.0,1.0,3.0,1.0,1.0,1.0,1.0,1.0,4.0,1.0,1.0
605,1.0,1.0,1.0,3.0,1.0,1.0,1.0,1.0,1.0,3.0,1.0,1.0
606,1.0,1.0,1.0,3.0,1.0,1.0,1.0,1.0,1.0,3.0,1.0,1.0
607,1.0,1.0,1.0,3.0,1.0,1.0,1.0,1.0,1.0,3.0,1.0,1.0
608,1.0,1.0,1.0,3.0,1.0,1.0,1.0,1.0,1.0,3.0,1.0,1.0
609,1.0,1.0,1.0,3.0,1.0,1.0,1.0,1.0,1.0,4.0,1.0,1.0
610,1.0,1.0,1.0,3.0,1.0,1.0,1.0,1.0,1.0,5.0,2.0,1.0
611,1.0,1.0,1.0,3.0,1.0,1.0,1.0,1.0,1.0,3.0,1.0,1.0
612,1.0,1.0,1.0,3.0,1.0,1.0,1.0,1.0,1.0,3.0,1.0,1.0
613,1.0,1.0,1.0,3.0,1.0,1.0,1.0,1.0,1.0,5.0,2.0,1.0
614,1.0,1.0,1.0,3.0,1.0,1.0,1.0,1.0,1.0,5.0,2.0,1.0
615,1.0,1.0,1.0,3.0,1.0,1.0,1.0,1.0,1.0,3.0,1.0,1.0
616,1.0,1.0,1.0,3.0,1.0,1.0,1.0,1.0,1.0,4.0,1.0,1.0
617,1.0,1.0,1.0,3.0,1.0,1.0,1.0,1.0,1.0,3.0,1.0,1.0
618,1.0,1.0,1.0,3.0,1.0,1.0,1.0,1.0,1.0,3.0,1.0,1.0
619,1.0,1.0,1.0,3.0,1.0,1.0,1.0,1.0,1.0,3.0,1.0,1.0
620,1.0,1.0,1.0,3.0,1.0,1.0,1.0,1.0,1.0,4.0,1.0,1.0
621,1.0,1.0,1.0,3.0,1.0,1.0,1.0,1.0,1.0,3.0,1.0,1.0
622,1.0,1.0,1.0,3.0,1.0,1.0,1.0,1.0,1.0,5.0,2.0,1.0
623,1.0,1.0,1.0,3.0,1.0,1.0,1.0,1.0,1.0,3.0,1.0,1.0
624,1.0,1.0,1.0,3.0,1.0,1.0,1.0,1.0,1.0,5.0,2.0,1.0
625,1.0,1.0,1.0,3.0,1.0,1.0,1.0,1.0,1.0,3.0,1.0,1.0
626,1.0,1.0,1.0,3.0,1.0,1.0,1.0,1.0,1.0,5.0,2.0,1.0
627,1.0,1.0,1.0,3.0,1.0,1.0,1.0,1.0,1.0,3.0,1.0,1.0
628,1.0,1.0,1.0,3.0,1.0,1.0,1.0,1.0,1.0,4.0,1.0,1.0
629,1.0,1.0,1.0,3.0,1.0,1.0,1.0,1.0,1.0,3.0,1.0,1.0
630,1.0,1.0,1.0,3.0,1.0,1.0,1.0,1.0,1.0,5.0,2.0,1.0
631,1.0,1.0,1.0,3.0,1.0,1.0,1.0,1.0,1.0,3.0,1.0,1.0
632,1.0,1.0,1.0,3.0,1.0,1.0,1.0,1.0,1.0,3.0,1.0,1.0
633,1.0,1.0,1.0,3.0,1.0,1.0,1.0,1.0,1.0,3.0,1.0,1.0
634,1.0,1.0,1.0,3.0,1.0,1.0,1.0,1.0,1.0,3.0,1.0,1.0
635,1.0,1.0,1.0,3.0,1.0,1.0,1.0,1.0,1.0,5.0,2.0,1.0
636,1.0,1.0,1.0,3.0,1.0,1.0,1.0,1.0,1.0,5.0,2.0,1.0
637,1.0,1.0,1.0,3.0,1.0,1.0,1.0,1.0,1.0,5.0,2.0,1.0
638,1.0,1.0,1.0,3.0,1.0,1.0,1.0,1.0,1.0,5.0,2.0,1.0
639,1.0,1.0,1.0,3.0,1.0,1.0,1.0,1.0,1.0,4.0,1.0,1.0
640,1.0,1.0,1.0,3.0,1.0,1.0,1.0,1.0,1.0,4.0,1.0,1.0
641,1.0,1.0,1.0,3.0,1.0,1.0,1.0,1.0,1.0,5.0,2.0,1.0
642,1.0,1.0,1.0,3.0,1.0,1.0,1.0,1.0,1.0,5.0,2.0,1.0
643,1.0,1.0,1.0,3.0,1.0,1.0,1.0,1.0,1.0,3.0,1.0,1.0
644,1.0,1.0,1.0,3.0,1.0,1.0,1.0,1.0,1.0,3.0,1.0,1.0
645,1.0,1.0,1.0,3.0,1.0,1.0,1.0,1.0,1.0,5.0,2.0,1.0
646,1.0,1.0,1.0,3.0,1.0,1.0,1.0,1.0,1.0,4.0,1.0,1.0
647,1.0,1.0,1.0,3.0,1.0,1.0,1.0,1.0,1.0,5.0,2.0,1.0
648,1.0,1.0,1.0,3.0,1.0,1.0,1.0,1.0,1.0,4.0,1.0,1.0
649,1.0,1.0,1.0,3.0,1.0,1.0,1.0,1.0,1.0,5.0,2.0,1.0
650,1.0,1.0,1.0,3.0,1.0,1.0,1.0,1.0,1.0,3.0,1.0,1.0
651,1.0,1.0,1.0,3.0,1.0,1.0,1.0,1.0,1.0,5.0,2.0,1.0
652,1.0,1.0,1.0,3.0,1.0,1.0,1.0,1.0,1.0,3.0,1.0,1.0
653,1.0,1.0,1.0,3.0,1.0,1.0,1.0,1.0,1.0,3.0,1.0,1.0
654,1.0,1.0,1.0,3.0,1.0,1.0,1.0,1.0,1.0,5.0,2.0,1.0
655,1.0,1.0,1.0,3.0,1.0,1.0,1.0,1.0,1.0,5.0,2.0,1.0
656,1.0,1.0,1.0,3.0,1.0,1.0,1.0,1.0,1.0,4.0,1.0,1.0
657,1.0,1.0,1.0,3.0,1.0,1.0,1.0,1.0,1.0,4.0,1.0,1.0
658,1.0,1.0,1.0,3.0,1.0,1.0,1.0,1.0,1.0,5.0,2.0,1.0
659,1.0,1.0,1.0,3.0,1.0,1.0,1.0,1.0,1.0,3.0,1.0,1.0
660,1.0,1.0,1.0,3.0,1.0,1.0,1.0,1.0,1.0,5.0,2.0,1.0
661,1.0,1.0,1.0,3.0,1.0,1.0,1.0,1.0,1.0,5.0,2.0,1.0
662,1.0,1.0,1.0,3.0,1.0,1.0,1.0,1.0,1.0,5.0,2.0,1.0
663,1.0,1.0,1.0,3.0,1.0,1.0,1.0,1.0,1.0,3.0,1.0,1.0
664,1.0,1.0,1.0,3.0,1.0,1.0,1.0,1.0,1.0,5.0,2.0,1.0
665,1.0,1.0,1.0,3.0,1.0,1.0,1.0,1.0,1.0,4.0,1.0,1.0
666,1.0,1.0,1.0,3.0,1.0,1.0,1.0,1.0,1.0,5.0,2.0,1.0
667,1.0,1.0,1.0,3.0,1.0,1.0,1.0,1.0,1.0,3.0,1.0,1.0
668,1.0,1.0,1.0,3.0,1.0,1.0,1.0,1.0,1.0,3.0,1.0,1.0
669,1.0,1.0,1.0,3.0,1.0,1.0,1.0,1.0,1.0,5.0,2.0,1.0
670,1.0,1.0,1.0,3.0,1.0,1.0,1.0,1.0,1.0,5.0,2.0,1.0
671,1.0,1.0,1.0,3.0,1.0,1.0,1.0,1.0,1.0,4.0,1.0,1.0
672,1.0,1.0,1.0,3.0,1.0,1.0,1.0,1.0,1.0,4.0,1.0,1.0
673,1.0,1.0,1.0,3.0,1.0,1.0,1.0,1.0,1.0,3.0,1.0,1.0
674,1.0,1.0,1.0,3.0,1.0,1.0,1.0,1.0,1.0,4.0,1.0,1.0
675,1.0,1.0,1.0,3.0,1.0,1.0,1.0,1.0,1.0,5.0,2.0,1.0
676,1.0,1.0,1.0,3.0,1.0,1.0,1.0,1.0,1.0,3.0,1.0,1.0
677,1.0,1.0,1.0,3.0,1.0,1.0,1.0,1.0,1.0,3.0,1.0,1.0
678,1.0,1.0,1.0,3.0,1.0,1.0,1.0,1.0,1.0,3.0,1.0,1.0
679,1.0,1.0,1.0,3.0,1.0,1.0,1.0,1.0,1.0,5.0,2.0,1.0
680,1.0,1.0,1.0,3.0,1.0,1.0,1.0,1.0,1.0,5.0,2.0,1.0
681,1.0,1.0,1.0,3.0,1.0,1.0,1.0,1.0,1.0,4.0,1.0,1.0
682,1.0,1.0,1.0,3.0,1.0,1.0,1.0,1.0,1.0,5.0,2.0,1.0
683,1.0,1.0,1.0,3.0,1.0,1.0,1.0,1.0,1.0,5.0,2.0,1.0
684,1.0,1.0,1.0,3.0,1.0,1.0,1.0,1.0,1.0,3.0,1.0,1.0
685,1.0,1.0,1.0,3.0,1.0,1.0,1.0,1.0,1.0,3.0,1.0,1.0
686,1.0,1.0,1.0,3.0,1.0,1.0,1.0,1.0,1.0,4.0,1.0,1.0
687,1.0,1.0,1.0,3.0,1.0,1.0,1.0,1.0,1.0,4.0,1.0,1.0
688,1.0,1.0,1.0,3.0,1.0,1.0,1.0,1.0,1.0,4.0,1.0,1.0
689,1.0,1.0,1.0,3.0,1.0,1.0,1.0,1.0,1.0,3.0,1.0,1.0
690,1.0,1.0,1.0,3.0,1.0,1.0,1.0,1.0,1.0,4.0,1.0,1.0
691,1.0,1.0,1.0,3.0,1.0,1.0,1.0,1.0,1.0,3.0,1.0,1.0
692,1.0,1.0,1.0,3.0,1.0,1.0,1.0,1.0,1.0,4.0,1.0,1.0
693,1.0,1.0,1.0,3.0,1.0,1.0,1.0,1.0,1.0,3.0,1.0,1.0
694,1.0,1.0,1.0,3.0,1.0,1.0,1.0,1.0,1.0,3.0,1.0,1.0
695,1.0,1.0,1.0,3.0,1.0,1.0,1.0,1.0,1.0,5.0,2.0,1.0
696,1.0,1.0,1.0,3.0,1.0,1.0,1.0,1.0,1.0,5.0,2.0,1.0
697,1.0,1.0,1.0,3.0,1.0,1.0,1.0,1.0,1.0,3.0,1.0,1.0
698,1.0,1.0,1.0,3.0,1.0,1.0,1.0,1.0,1.0,5.0,2.0,1.0
699,1.0,1.0,1.0,3.0,1.0,1.0,1.0,1.0,1.0,3.0,1.0,1.0
700,1.0,1.0,1.0,3.0,1.0,1.0,1.0,1.0,1.0,4.0,1.0,1.0
701,1.0,1.0,1.0,3.0,1.0,1.0,1.0,1.0,1.0,4.0,1.0,1.0
702,1.0,1.0,1.0,3.0,1.0,1.0,1.0,1.0,1.0,4.0,1.0,1.0
703,1.0,1.0,1.0,3.0,1.0,1.0,1.0,1.0,1.0,3.0,1.0,1.0
704,1.0,1.0,1.0,3.0,1.0,1.0,1.0,1.0,1.0,4.0,1.0,1.0
705,1.0,1.0,1.0,3.0,1.0,1.0,1.0,1.0,1.0,5.0,2.0,1.0
706,1.0,1.0,1.0,3.0,1.0,1.0,1.0,1.0,1.0,3.0,1.0,1.0
707,1.0,1.0,1.0,3.0,1.0,1.0,1.0,1.0,1.0,3.0,1.0,1.0
708,1.0,1.0,1.0,3.0,1.0,1.0,1.0,1.0,1.0,3.0,1.0,1.0
709,1.0,1.0,1.0,3.0,1.0,1.0,1.0,1.0,1.0,3.0,1.0,1.0
710,1.0,1.0,1.0,3.0,1.0,1.0,1.0,1.0,1.0,5.0,2.0,1.0
711,1.0,1.0,1.0,3.0,1.0,1.0,1.0,1.0,1.0,3.0,1.0,1.0
712,1.0,1.0,1.0,3.0,1.0,1.0,1.0,1.0,1.0,5.0,2.0,1.0
713,1.0,1.0,1.0,3.0,1.0,1.0,1.0,1.0,1.0,5.0,2.0,1.0
714,1.0,1.0,1.0,3.0,1.0,1.0,1.0,1.0,1.0,3.0,1.0,1.0
715,1.0,1.0,1.0,3.0,1.0,1.0,1.0,1.0,1.0,3.0,1.0,1.0
716,1.0,1.0,1.0,3.0,1.0,1.0,1.0,1.0,1.0,3.0,1.0,1.0
717,1.0,1.0,1.0,3.0,1.0,1.0,1.0,1.0,1.0,5.0,2.0,1.0
718,1.0,1.0,1.0,3.0,1.0,1.0,1.0,1.0,1.0,4.0,1.0,1.0
719,1.0,1.0,1.0,3.0,1.0,1.0,1.0,1.0,1.0,3.0,1.0,1.0
720,1.0,1.0,1.0,3.0,1.0,1.0,1.0,1.0,1.0,3.0,1.0,1.0
721,1.0,1.0,1.0,3.0,1.0,1.0,1.0,1.0,1.0,3.0,1.0,1.0
722,1.0,1.0,1.0,3.0,1.0,1.0,1.0,1.0,1.0,5.0,2.0,1.0
723,1.0,1.0,1.0,3.0,1.0,1.0,1.0,1.0,1.0,3.0,1.0,1.0
724,1.0,1.0,1.0,3.0,1.0,1.0,1.0,1.0,1.0,5.0,2.0,1.0
725,1.0,1.0,1.0,3.0,1.0,1.0,1.0,1.0,1.0,3.0,1.0,1.0
726,1.0,1.0,1.0,3.0,1.0,1.0,1.0,1.0,1.0,5.0,2.0,1.0
727,1.0,1.0,1.0,3.0,1.0,1.0,1.0,1.0,1.0,5.0,2.0,1.0
728,1.0,1.0,1.0,3.0,1.0,1.0,1.0,1.0,1.0,3.0,1.0,1.0
729,1.0,1.0,1.0,3.0,1.0,1.0,1.0,1.0,1.0,3.0,1.0,1.0
730,1.0,1.0,1.0,3.0,1.0,1.0,1.0,1.0,1.0,3.0,1.0,1.0
731,1.0,1.0,1.0,3.0,1.0,1.0,1.0,1.0,1.0,5.0,2.0,1.0
732,1.0,1.0,1.0,3.0,1.0,1.0,1.0,1.0,1.0,3.0,1.0,1.0
733,1.0,1.0,1.0,3.0,1.0,1.0,1.0,1.0,1.0,3.0,1.0,1.0
734,1.0,1.0,1.0,3.0,1.0,1.0,1.0,1.0,1.0,3.0,1.0,1.0
735,1.0,1.0,1.0,3.0,1.0,1.0,1.0,1.0,1.0,3.0,1.0,1.0
736,1.0,1.0,1.0,3.0,1.0,1.0,1.0,1.0,1.0,5.0,2.0,1.0
737,1.0,1.0,1.0,3.0,1.0,1.0,1.0,1.0,1.0,5.0,2.0,1.0
738,1.0,1.0,1.0,3.0,1.0,1.0,1.0,1.0,1.0,5.0,2.0,1.0
739,1.0,1.0,1.0,3.0,1.0,1.0,1.0,1.0,1.0,5.0,2.0,1.0
740,1.0,1.0,1.0,3.0,1.0,1.0,1.0,1.0,1.0,3.0,1.0,1.0
741,1.0,1.0,1.0,3.0,1.0,1.0,1.0,1.0,1.0,4.0,1.0,1.0
742,1.0,1.0,1.0,3.0,1.0,1.0,1.0,1.0,1.0,3.0,1.0,1.0
743,1.0,1.0,1.0,3.0,1.0,1.0,1.0,1.0,1.0,3.0,1.0,1.0
744,1.0,1.0,1.0,3.0,1.0,1.0,1.0,1.0,1.0,5.0,2.0,1.0
745,1.0,1.0,1.0,3.0,1.0,1.0,1.0,1.0,1.0,3.0,1.0,1.0
746,1.0,1.0,1.0,3.0,1.0,1.0,1.0,1.0,1.0,5.0,2.0,1.0
747,1.0,1.0,1.0,3.0,1.0,1.0,1.0,1.0,1.0,3.0,1.0,1.0
748,1.0,1.0,1.0,3.0,1.0,1.0,1.0,1.0,1.0,3.0,1.0,1.0
749,1.0,1.0,1.0,3.0,1.0,1.0,1.0,1.0,1.0,5.0,2.0,1.0
750,1.0,1.0,1.0,3.0,1.0,1.0,1.0,1.0,1.0,5.0,2.0,1.0
751,1.0,1.0,1.0,3.0,1.0,1.0,1.0,1.0,1.0,5.0,2.0,1.0
752,1.0,1.0,1.0,3.0,1.0,1.0,1.0,1.0,1.0,3.0,1.0,1.0
753,1.0,1.0,1.0,3.0,1.0,1.0,1.0,1.0,1.0,3.0,1.0,1.0
754,1.0,1.0,1.0,3.0,1.0,1.0,1.0,1.0,1.0,4.0,1.0,1.0
755,1.0,1.0,1.0,3.0,1.0,1.0,1.0,1.0,1.0,3.0,1.0,1.0
756,1.0,1.0,1.0,3.0,1.0,1.0,1.0,1.0,1.0,3.0,1.0,1.0
757,1.0,1.0,1.0,3.0,1.0,1.0,1.0,1.0,1.0,3.0,1.0,1.0
758,1.0,1.0,1.0,3.0,1.0,1.0,1.0,1.0,1.0,5.0,2.0,1.0
759,1.0,1.0,1.0,3.0,1.0,1.0,1.0,1.0,1.0,3.0,1.0,1.0
760,1.0,1.0,1.0,3.0,1.0,1.0,1.0,1.0,1.0,3.0,1.0,1.0
761,1.0,1.0,1.0,3.0,1.0,1.0,1.0,1.0,1.0,3.0,1.0,1.0
762,1.0,1.0,1.0,3.0,1.0,1.0,1.0,1.0,1.0,3.0,1.0,1.0
763,1.0,1.0,1.0,3.0,1.0,1.0,1.0,1.0,1.0,3.0,1.0,1.0
764,1.0,1.0,1.0,3.0,1.0,1.0,1.0,1.0,1.0,3.0,1.0,1.0
765,1.0,1.0,1.0,3.0,1.0,1.0,1.0,1.0,1.0,5.0,2.0,1.0
766,1.0,1.0,1.0,3.0,1.0,1.0,1.0,1.0,1.0,5.0,2.0,1.0
767,1.0,1.0,1.0,3.0,1.0,1.0,1.0,1.0,1.0,4.0,1.0,1.0
768,1.0,1.0,1.0,3.0,1.0,1.0,1.0,1.0,1.0,4.0,1.0,1.0
769,1.0,1.0,1.0,3.0,1.0,1.0,1.0,1.0,1.0,3.0,1.0,1.0
770,1.0,1.0,1.0,3.0,1.0,1.0,1.0,1.0,1.0,3.0,1.0,1.0
771,1.0,1.0,1.0,3.0,1.0,1.0,1.0,1.0,1.0,4.0,1.0,1.0
772,1.0,1.0,1.0,3.0,1.0,1.0,1.0,1.0,1.0,3.0,1.0,1.0
773,1.0,1.0,1.0,3.0,1.0,1.0,1.0,1.0,1.0,3.0,1.0,1.0
774,1.0,1.0,1.0,3.0,1.0,1.0,1.0,1.0,1.0,5.0,2.0,1.0
775,1.0,1.0,1.0,3.0,1.0,1.0,1.0,1.0,1.0,4.0,1.0,1.0
776,1.0,1.0,1.0,3.0,1.0,1.0,1.0,1.0,1.0,3.0,1.0,1.0
777,1.0,1.0,1.0,3.0,1.0,1.0,1.0,1.0,1.0,3.0,1.0,1.0
778,1.0,1.0,1.0,3.0,1.0,1.0,1.0,1.0,1.0,5.0,2.0,1.0
779,1.0,1.0,1.0,3.0,1.0,1.0,1.0,1.0,1.0,3.0,1.0,1.0
780,1.0,1.0,1.0,3.0,1.0,1.0,1.0,1.0,1.0,4.0,1.0,1.0
781,1.0,1.0,1.0,3.0,1.0,1.0,1.0,1.0,1.0,3.0,1.0,1.0
782,1.0,1.0,1.0,3.0,1.0,1.0,1.0,1.0,1.0,3.0,1.0,1.0
783,1.0,1.0,1.0,3.0,1.0,1.0,1.0,1.0,1.0,4.0,1.0,1.0
784,1.0,1.0,1.0,3.0,1.0,1.0,1.0,1.0,1.0,3.0,1.0,1.0
785,1.0,1.0,1.0,3.0,1.0,1.0,1.0,1.0,1.0,5.0,2.0,1.0
786,1.0,1.0,1.0,3.0,1.0,1.0,1.0,1.0,1.0,3.0,1.0,1.0
787,1.0,1.0,1.0,3.0,1.0,1.0,1.0,1.0,1.0,3.0,1.0,1.0
788,1.0,1.0,1.0,3.0,1.0,1.0,1.0,1.0,1.0,3.0,1.0,1.0
789,1.0,1.0,1.0,3.0,1.0,1.0,1.0,1.0,1.0,3.0,1.0,1.0
790,1.0,1.0,1.0,3.0,1.0,1.0,1.0,1.0,1.0,3.0,1.0,1.0
791,1.0,1.0,1.0,3.0,1.0,1.0,1.0,1.0,1.0,3.0,1.0,1.0
792,1.0,1.0,1.0,3.0,1.0,1.0,1.0,1.0,1.0,3.0,1.0,1.0
793,1.0,1.0,1.0,3.0,1.0,1.0,1.0,1.0,1.0,3.0,1.0,1.0
794,1.0,1.0,1.0,3.0,1.0,1.0,1.0,1.0,1.0,5.0,2.0,1.0
795,1.0,1.0,1.0,3.0,1.0,1.0,1.0,1.0,1.0,3.0,1.0,1.0
796,1.0,1.0,1.0,3.0,1.0,1.0,1.0,1.0,1.0,3.0,1.0,1.0
797,1.0,1.0,1.0,3.0,1.0,1.0,1.0,1.0,1.0,3.0,1.0,1.0
798,1.0,1.0,1.0,3.0,1.0,1.0,1.0,1.0,1.0,3.0,1.0,1.0
799,1.0,1.0,1.0,3.0,1.0,1.0,1.0,1.0,1.0,3.0,1.0,1.0
800,1.0,1.0,1.0,3.0,1.0,1.0,1.0,1.0,1.0,3.0,1.0,1.0
801,1.0,1.0,1.0,3.0,1.0,1.0,1.0,1.0,1.0,4.0,1.0,1.0
802,1.0,1.0,1.0,3.0,1.0,1.0,1.0,1.0,1.0,3.0,1.0,1.0
803,1.0,1.0,1.0,3.0,1.0,1.0,1.0,1.0,1.0,4.0,1.0,1.0
804,1.0,1.0,1.0,3.0,1.0,1.0,1.0,1.0,1.0,3.0,1.0,1.0
805,1.0,1.0,1.0,3.0,1.0,1.0,1.0,1.0,1.0,5.0,2.0,1.0
806,1.0,1.0,1.0,3.0,1.0,1.0,1.0,1.0,1.0,4.0,1.0,1.0
807,1.0,1.0,1.0,3.0,1.0,1.0,1.0,1.0,1.0,5.0,2.0,1.0
808,1.0,1.0,1.0,3.0,1.0,1.0,1.0,1.0,1.0,3.0,1.0,1.0
809,1.0,1.0,1.0,3.0,1.0,1.0,1.0,1.0,1.0,5.0,2.0,1.0
810,1.0,1.0,1.0,3.0,1.0,1.0,1.0,1.0,1.0,3.0,1.0,1.0
811,1.0,1.0,1.0,3.0,1.0,1.0,1.0,1.0,1.0,3.0,1.0,1.0
812,1.0,1.0,1.0,3.0,1.0,1.0,1.0,1.0,1.0,3.0,1.0,1.0
813,1.0,1.0,1.0,3.0,1.0,1.0,1.0,1.0,1.0,4.0,1.0,1.0
814,1.0,1.0,1.0,3.0,1.0,1.0,1.0,1.0,1.0,5.0,2.0,1.0
815,1.0,1.0,1.0,3.0,1.0,1.0,1.0,1.0,1.0,3.0,1.0,1.0
816,1.0,1.0,1.0,3.0,1.0,1.0,1.0,1.0,1.0,5.0,2.0,1.0
817,1.0,1.0,1.0,3.0,1.0,1.0,1.0,1.0,1.0,4.0,1.0,1.0
818,1.0,1.0,1.0,3.0,1.0,1.0,1.0,1.0,1.0,3.0,1.0,1.0
819,1.0,1.0,1.0,3.0,1.0,1.0,1.0,1.0,1.0,4.0,1.0,1.0
820,1.0,1.0,1.0,3.0,1.0,1.0,1.0,1.0,1.0,3.0,1.0,1.0
821,1.0,1.0,1.0,3.0,1.0,1.0,1.0,1.0,1.0,4.0,1.0,1.0
822,1.0,1.0,1.0,3.0,1.0,1.0,1.0,1.0,1.0,3.0,1.0,1.0
823,1.0,1.0,1.0,3.0,1.0,1.0,1.0,1.0,1.0,3.0,1.0,1.0
824,1.0,1.0,1.0,3.0,1.0,1.0,1.0,1.0,1.0,3.0,1.0,1.0
825,1.0,1.0,1.0,3.0,1.0,1.0,1.0,1.0,1.0,3.0,1.0,1.0
826,1.0,1.0,1.0,3.0,1.0,1.0,1.0,1.0,1.0,4.0,1.0,1.0
827,1.0,1.0,1.0,3.0,1.0,1.0,1.0,1.0,1.0,4.0,1.0,1.0
828,1.0,1.0,1.0,3.0,1.0,1.0,1.0,1.0,1.0,3.0,1.0,1.0
829,1.0,1.0,1.0,3.0,1.0,1.0,1.0,1.0,1.0,3.0,1.0,1.0
830,1.0,1.0,1.0,3.0,1.0,1.0,1.0,1.0,1.0,4.0,1.0,1.0
831,1.0,1.0,1.0,3.0,1.0,1.0,1.0,1.0,1.0,3.0,1.0,1.0
832,1.0,1.0,1.0,3.0,1.0,1.0,1.0,1.0,1.0,5.0,2.0,1.0
833,1.0,1.0,1.0,3.0,1.0,1.0,1.0,1.0,1.0,5.0,2.0,1.0
834,1.0,1.0,1.0,3.0,1.0,1.0,1.0,1.0,1.0,5.0,2.0,1.0
835,1.0,1.0,1.0,3.0,1.0,1.0,1.0,1.0,1.0,3.0,1.0,1.0
836,1.0,1.0,1.0,3.0,1.0,1.0,1.0,1.0,1.0,4.0,1.0,1.0
837,1.0,1.0,1.0,3.0,1.0,1.0,1.0,1.0,1.0,3.0,1.0,1.0
838,1.0,1.0,1.0,3.0,1.0,1.0,1.0,1.0,1.0,5.0,2.0,1.0
839,1.0,1.0,1.0,3.0,1.0,1.0,1.0,1.0,1.0,3.0,1.0,1.0
840,1.0,1.0,1.0,3.0,1.0,1.0,1.0,1.0,1.0,3.0,1.0,1.0
841,1.0,1.0,1.0,3.0,1.0,1.0,1.0,1.0,1.0,3.0,1.0,1.0
842,1.0,1.0,1.0,3.0,1.0,1.0,1.0,1.0,1.0,4.0,1.0,1.0
843,1.0,1.0,1.0,3.0,1.0,1.0,1.0,1.0,1.0,3.0,1.0,1.0
844,1.0,1.0,1.0,3.0,1.0,1.0,1.0,1.0,1.0,3.0,1.0,1.0
845,1.0,1.0,1.0,3.0,1.0,1.0,1.0,1.0,1.0,4.0,1.0,1.0
846,1.0,1.0,1.0,3.0,1.0,1.0,1.0,1.0,1.0,4.0,1.0,1.0
847,1.0,1.0,1.0,3.0,1.0,1.0,1.0,1.0,1.0,3.0,1.0,1.0
848,1.0,1.0,1.0,3.0,1.0,1.0,1.0,1.0,1.0,3.0,1.0,1.0
849,1.0,1.0,1.0,3.0,1.0,1.0,1.0,1.0,1.0,4.0,1.0,1.0
850,1.0,1.0,1.0,3.0,1.0,1.0,1.0,1.0,1.0,3.0,1.0,1.0
851,1.0,1.0,1.0,3.0,1.0,1.0,1.0,1.0,1.0,4.0,1.0,1.0
852,1.0,1.0,1.0,3.0,1.0,1.0,1.0,1.0,1.0,3.0,1.0,1.0
853,1.0,1.0,1.0,3.0,1.0,1.0,1.0,1.0,1.0,3.0,1.0,1.0
854,1.0,1.0,1.0,3.0,1.0,1.0,1.0,1.0,1.0,5.0,2.0,1.0
855,1.0,1.0,1.0,3.0,1.0,1.0,1.0,1.0,1.0,4.0,1.0,1.0
856,1.0,1.0,1.0,3.0,1.0,1.0,1.0,1.0,1.0,3.0,1.0,1.0
857,1.0,1.0,1.0,3.0,1.0,1.0,1.0,1.0,1.0,3.0,1.0,1.0
858,1.0,1.0,1.0,3.0,1.0,1.0,1.0,1.0,1.0,5.0,2.0,1.0
859,1.0,1.0,1.0,3.0,1.0,1.0,1.0,1.0,1.0,3.0,1.0,1.0
860,1.0,1.0,1.0,3.0,1.0,1.0,1.0,1.0,1.0,3.0,1.0,1.0
861,1.0,1.0,1.0,3.0,1.0,1.0,1.0,1.0,1.0,3.0,1.0,1.0
862,1.0,1.0,1.0,3.0,1.0,1.0,1.0,1.0,1.0,4.0,1.0,1.0
863,1.0,1.0,1.0,3.0,1.0,1.0,1.0,1.0,1.0,5.0,2.0,1.0
864,1.0,1.0,1.0,3.0,1.0,1.0,1.0,1.0,1.0,4.0,1.0,1.0
865,1.0,1.0,1.0,3.0,1.0,1.0,1.0,1.0,1.0,3.0,1.0,1.0
866,1.0,1.0,1.0,3.0,1.0,1.0,1.0,1.0,1.0,5.0,2.0,1.0
867,1.0,1.0,1.0,3.0,1.0,1.0,1.0,1.0,1.0,3.0,1.0,1.0
868,1.0,1.0,1.0,3.0,1.0,1.0,1.0,1.0,1.0,3.0,1.0,1.0
869,1.0,1.0,1.0,3.0,1.0,1.0,1.0,1.0,1.0,3.0,1.0,1.0
870,1.0,1.0,1.0,3.0,1.0,1.0,1.0,1.0,1.0,3.0,1.0,1.0
871,1.0,1.0,1.0,3.0,1.0,1.0,1.0,1.0,1.0,3.0,1.0,1.0
872,1.0,1.0,1.0,3.0,1.0,1.0,1.0,1.0,1.0,3.0,1.0,1.0
873,1.0,1.0,1.0,3.0,1.0,1.0,1.0,1.0,1.0,3.0,1.0,1.0
874,1.0,1.0,1.0,3.0,1.0,1.0,1.0,1.0,1.0,3.0,1.0,1.0
875,1.0,1.0,1.0,3.0,1.0,1.0,1.0,1.0,1.0,4.0,1.0,1.0
876,1.0,1.0,1.0,3.0,1.0,1.0,1.0,1.0,1.0,4.0,1.0,1.0
877,1.0,1.0,1.0,3.0,1.0,1.0,1.0,1.0,1.0,3.0,1.0,1.0
878,1.0,1.0,1.0,3.0,1.0,1.0,1.0,1.0,1.0,4.0,1.0,1.0
879,1.0,1.0,1.0,3.0,1.0,1.0,1.0,1.0,1.0,4.0,1.0,1.0
880,1.0,1.0,1.0,3.0,1.0,1.0,1.0,1.0,1.0,5.0,2.0,1.0
881,1.0,1.0,1.0,3.0,1.0,1.0,1.0,1.0,1.0,3.0,1.0,1.0
882,1.0,1.0,1.0,3.0,1.0,1.0,1.0,1.0,1.0,3.0,1.0,1.0
883,1.0,1.0,1.0,3.0,1.0,1.0,1.0,1.0,1.0,5.0,2.0,1.0
884,1.0,1.0,1.0,3.0,1.0,1.0,1.0,1.0,1.0,3.0,1.0,1.0
885,1.0,1.0,1.0,3.0,1.0,1.0,1.0,1.0,1.0,5.0,2.0,1.0
886,1.0,1.0,1.0,3.0,1.0,1.0,1.0,1.0,1.0,3.0,1.0,1.0
887,1.0,1.0,1.0,3.0,1.0,1.0,1.0,1.0,1.0,5.0,2.0,1.0
888,1.0,1.0,1.0,3.0,1.0,1.0,1.0,1.0,1.0,5.0,2.0,1.0
889,1.0,1.0,1.0,3.0,1.0,1.0,1.0,1.0,1.0,5.0,2.0,1.0
890,1.0,1.0,1.0,3.0,1.0,1.0,1.0,1.0,1.0,4.0,1.0,1.0
891,1.0,1.0,1.0,3.0,1.0,1.0,1.0,1.0,1.0,3.0,1.0,1.0
892,1.0,1.0,1.0,3.0,1.0,1.0,1.0,1.0,1.0,3.0,1.0,1.0
893,1.0,1.0,1.0,3.0,1.0,1.0,1.0,1.0,1.0,5.0,2.0,1.0
894,1.0,1.0,1.0,3.0,1.0,1.0,1.0,1.0,1.0,3.0,1.0,1.0
895,1.0,1.0,1.0,3.0,1.0,1.0,1.0,1.0,1.0,5.0,2.0,1.0
896,1.0,1.0,1.0,3.0,1.0,1.0,1.0,1.0,1.0,3.0,1.0,1.0
897,1.0,1.0,1.0,3.0,1.0,1.0,1.0,1.0,1.0,3.0,1.0,1.0
898,1.0,1.0,1.0,3.0,1.0,1.0,1.0,1.0,1.0,3.0,1.0,1.0
899,1.0,1.0,1.0,3.0,1.0,1.0,1.0,1.0,1.0,3.0,1.0,1.0
900,1.0,1.0,1.0,3.0,1.0,1.0,1.0,1.0,1.0,5.0,2.0,1.0
901,1.0,1.0,1.0,3.0,1.0,1.0,1.0,1.0,1.0,3.0,1.0,1.0
902,1.0,1.0,1.0,3.0,1.0,1.0,1.0,1.0,1.0,3.0,1.0,1.0
903,1.0,1.0,1.0,3.0,1.0,1.0,1.0,1.0,1.0,3.0,1.0,1.0
904,1.0,1.0,1.0,3.0,1.0,1.0,1.0,1.0,1.0,3.0,1.0,1.0
905,1.0,1.0,1.0,3.0,1.0,1.0,1.0,1.0,1.0,4.0,1.0,1.0
906,1.0,1.0,1.0,3.0,1.0,1.0,1.0,1.0,1.0,4.0,1.0,1.0
907,1.0,1.0,1.0,3.0,1.0,1.0,1.0,1.0,1.0,3.0,1.0,1.0
908,1.0,1.0,1.0,3.0,1.0,1.0,1.0,1.0,1.0,4.0,1.0,1.0
909,1.0,1.0,1.0,3.0,1.0,1.0,1.0,1.0,1.0,3.0,1.0,1.0
910,1.0,1.0,1.0,3.0,1.0,1.0,1.0,1.0,1.0,3.0,1.0,1.0
911,1.0,1.0,1.0,3.0,1.0,1.0,1.0,1.0,1.0,3.0,1.0,1.0
912,1.0,1.0,1.0,3.0,1.0,1.0,1.0,1.0,1.0,5.0,2.0,1.0
913,1.0,1.0,1.0,3.0,1.0,1.0,1.0,1.0,1.0,5.0,2.0,1.0
914,1.0,1.0,1.0,3.0,1.0,1.0,1.0,1.0,1.0,4.0,1.0,1.0
915,1.0,1.0,1.0,3.0,1.0,1.0,1.0,1.0,1.0,3.0,1.0,1.0
916,1.0,1.0,1.0,3.0,1.0,1.0,1.0,1.0,1.0,5.0,2.0,1.0
917,1.0,1.0,1.0,3.0,1.0,1.0,1.0,1.0,1.0,4.0,1.0,1.0
918,1.0,1.0,1.0,3.0,1.0,1.0,1.0,1.0,1.0,3.0,1.0,1.0
919,1.0,1.0,1.0,3.0,1.0,1.0,1.0,1.0,1.0,3.0,1.0,1.0
920,1.0,1.0,1.0,3.0,1.0,1.0,1.0,1.0,1.0,3.0,1.0,1.0
921,1.0,1.0,1.0,3.0,1.0,1.0,1.0,1.0,1.0,4.0,1.0,1.0
922,1.0,1.0,1.0,3.0,1.0,1.0,1.0,1.0,1.0,4.0,1.0,1.0
923,1.0,1.0,1.0,3.0,1.0,1.0,1.0,1.0,1.0,3.0,1.0,1.0
924,1.0,1.0,1.0,3.0,1.0,1.0,1.0,1.0,1.0,3.0,1.0,1.0
925,1.0,1.0,1.0,3.0,1.0,1.0,1.0,1.0,1.0,3.0,1.0,1.0
926,1.0,1.0,1.0,3.0,1.0,1.0,1.0,1.0,1.0,4.0,1.0,1.0
927,1.0,1.0,1.0,3.0,1.0,1.0,1.0,1.0,1.0,3.0,1.0,1.0
928,1.0,1.0,1.0,3.0,1.0,1.0,1.0,1.0,1.0,4.0,1.0,1.0
929,1.0,1.0,1.0,3.0,1.0,1.0,1.0,1.0,1.0,3.0,1.0,1.0
930,1.0,1.0,1.0,3.0,1.0,1.0,1.0,1.0,1.0,3.0,1.0,1.0
931,1.0,1.0,1.0,3.0,1.0,1.0,1.0,1.0,1.0,5.0,2.0,1.0
932,1.0,1.0,1.0,3.0,1.0,1.0,1.0,1.0,1.0,4.0,1.0,1.0
933,1.0,1.0,1.0,3.0,1.0,1.0,1.0,1.0,1.0,4.0,1.0,1.0
934,1.0,1.0,1.0,3.0,1.0,1.0,1.0,1.0,1.0,4.0,1.0,1.0
935,1.0,1.0,1.0,3.0,1.0,1.0,1.0,1.0,1.0,5.0,2.0,1.0
936,1.0,1.0,1.0,3.0,1.0,1.0,1.0,1.0,1.0,3.0,1.0,1.0
937,1.0,1.0,1.0,3.0,1.0,1.0,1.0,1.0,1.0,4.0,1.0,1.0
938,1.0,1.0,1.0,3.0,1.0,1.0,1.0,1.0,1.0,3.0,1.0,1.0
939,1.0,1.0,1.0,3.0,1.0,1.0,1.0,1.0,1.0,3.0,1.0,1.0
940,1.0,1.0,1.0,3.0,1.0,1.0,1.0,1.0,1.0,3.0,1.0,1.0
941,1.0,1.0,1.0,3.0,1.0,1.0,1.0,1.0,1.0,5.0,2.0,1.0
942,1.0,1.0,1.0,3.0,1.0,1.0,1.0,1.0,1.0,4.0,1.0,1.0
943,1.0,1.0,1.0,3.0,1.0,1.0,1.0,1.0,1.0,3.0,1.0,1.0
944,1.0,1.0,1.0,3.0,1.0,1.0,1.0,1.0,1.0,5.0,2.0,1.0
945,1.0,1.0,1.0,3.0,1.0,1.0,1.0,1.0,1.0,3.0,1.0,1.0
946,1.0,1.0,1.0,3.0,1.0,1.0,1.0,1.0,1.0,4.0,1.0,1.0
947,1.0,1.0,1.0,3.0,1.0,1.0,1.0,1.0,1.0,5.0,2.0,1.0
948,1.0,1.0,1.0,3.0,1.0,1.0,1.0,1.0,1.0,3.0,1.0,1.0
949,1.0,1.0,1.0,3.0,1.0,1.0,1.0,1.0,1.0,5.0,2.0,1.0
950,1.0,1.0,1.0,3.0,1.0,1.0,1.0,1.0,1.0,3.0,1.0,1.0
951,1.0,1.0,1.0,3.0,1.0,1.0,1.0,1.0,1.0,3.0,1.0,1.0
952,1.0,1.0,1.0,3.0,1.0,1.0,1.0,1.0,1.0,4.0,1.0,1.0
953,1.0,1.0,1.0,3.0,1.0,1.0,1.0,1.0,1.0,4.0,1.0,1.0
954,1.0,1.0,1.0,3.0,1.0,1.0,1.0,1.0,1.0,3.0,1.0,1.0
955,1.0,1.0,1.0,3.0,1.0,1.0,1.0,1.0,1.0,3.0,1.0,1.0
956,1.0,1.0,1.0,3.0,1.0,1.0,1.0,1.0,1.0,4.0,1.0,1.0
957,1.0,1.0,1.0,3.0,1.0,1.0,1.0,1.0,1.0,3.0,1.0,1.0
958,1.0,1.0,1.0,3.0,1.0,1.0,1.0,1.0,1.0,4.0,1.0,1.0
959,1.0,1.0,1.0,3.0,1.0,1.0,1.0,1.0,1.0,3.0,1.0,1.0
960,1.0,1.0,1.0,3.0,1.0,1.0,1.0,1.0,1.0,3.0,1.0,1.0
961,1.0,1.0,1.0,3.0,1.0,1.0,1.0,1.0,1.0,5.0,2.0,1.0
962,1.0,1.0,1.0,3.0,1.0,1.0,1.0,1.0,1.0,5.0,2.0,1.0
963,1.0,1.0,1.0,3.0,1.0,1.0,1.0,1.0,1.0,4.0,1.0,1.0
964,1.0,1.0,1.0,3.0,1.0,1.0,1.0,1.0,1.0,3.0,1.0,1.0
965,1.0,1.0,1.0,3.0,1.0,1.0,1.0,1.0,1.0,3.0,1.0,1.0
966,1.0,1.0,1.0,3.0,1.0,1.0,1.0,1.0,1.0,3.0,1.0,1.0
967,1.0,1.0,1.0,3.0,1.0,1.0,1.0,1.0,1.0,4.0,1.0,1.0
968,1.0,1.0,1.0,3.0,1.0,1.0,1.0,1.0,1.0,3.0,1.0,1.0
969,1.0,1.0,1.0,3.0,1.0,1.0,1.0,1.0,1.0,3.0,1.0,1.0
970,1.0,1.0,1.0,3.0,1.0,1.0,1.0,1.0,1.0,3.0,1.0,1.0
971,1.0,1.0,1.0,3.0,1.0,1.0,1.0,1.0,1.0,3.0,1.0,1.0
972,1.0,1.0,1.0,3.0,1.0,1.0,1.0,1.0,1.0,5.0,2.0,1.0
973,1.0,1.0,1.0,3.0,1.0,1.0,1.0,1.0,1.0,3.0,1.0,1.0
974,1.0,1.0,1.0,3.0,1.0,1.0,1.0,1.0,1.0,4.0,1.0,1.0
975,1.0,1.0,1.0,3.0,1.0,1.0,1.0,1.0,1.0,3.0,1.0,1.0
976,1.0,1.0,1.0,3.0,1.0,1.0,1.0,1.0,1.0,4.0,1.0,1.0
977,1.0,1.0,1.0,3.0,1.0,1.0,1.0,1.0,1.0,5.0,2.0,1.0
978,1.0,1.0,1.0,3.0,1.0,1.0,1.0,1.0,1.0,3.0,1.0,1.0
979,1.0,1.0,1.0,3.0,1.0,1.0,1.0,1.0,1.0,3.0,1.0,1.0
980,1.0,1.0,1.0,3.0,1.0,1.0,1.0,1.0,1.0,3.0,1.0,1.0
981,1.0,1.0,1.0,3.0,1.0,1.0,1.0,1.0,1.0,3.0,1.0,1.0
982,1.0,1.0,1.0,3.0,1.0,1.0,1.0,1.0,1.0,3.0,1.0,1.0
983,1.0,1.0,1.0,3.0,1.0,1.0,1.0,1.0,1.0,3.0,1.0,1.0
984,1.0,1.0,1.0,3.0,1.0,1.0,1.0,1.0,1.0,3.0,1.0,1.0
985,1.0,1.0,1.0,3.0,1.0,1.0,1.0,1.0,1.0,4.0,1.0,1.0
986,1.0,1.0,1.0,3.0,1.0,1.0,1.0,1.0,1.0,3.0,1.0,1.0
987,1.0,1.0,1.0,3.0,1.0,1.0,1.0,1.0,1.0,4.0,1.0,1.0
988,1.0,1.0,1.0,3.0,1.0,1.0,1.0,1.0,1.0,4.0,1.0,1.0
989,1.0,1.0,1.0,3.0,1.0,1.0,1.0,1.0,1.0,3.0,1.0,1.0
990,1.0,1.0,1.0,3.0,1.0,1.0,1.0,1.0,1.0,3.0,1.0,1.0
991,1.0,1.0,1.0,3.0,1.0,1.0,1.0,1.0,1.0,3.0,1.0,1.0
992,1.0,1.0,1.0,3.0,1.0,1.0,1.0,1.0,1.0,5.0,2.0,1.0
993,1.0,1.0,1.0,3.0,1.0,1.0,1.0,1.0,1.0,5.0,2.0,1.0
994,1.0,1.0,1.0,3.0,1.0,1.0,1.0,1.0,1.0,3.0,1.0,1.0
995,1.0,1.0,1.0,3.0,1.0,1.0,1.0,1.0,1.0,3.0,1.0,1.0
996,1.0,1.0,1.0,3.0,1.0,1.0,1.0,1.0,1.0,3.0,1.0,1.0
997,1.0,1.0,1.0,3.0,1.0,1.0,1.0,1.0,1.0,3.0,1.0,1.0
998,1.0,1.0,1.0,3.0,1.0,1.0,1.0,1.0,1.0,3.0,1.0,1.0
999,1.0,1.0,1.0,3.0,1.0,1.0,1.0,1.0,1.0,5.0,2.0,1.0
1000,1.0,1.0,1.0,3.0,1.0,1.0,1.0,1.0,1.0,4.0,1.0,1.0
1001,1.0,1.0,1.0,3.0,1.0,1.0,1.0,1.0,1.0,5.0,2.0,1.0
1002,1.0,1.0,1.0,3.0,1.0,1.0,1.0,1.0,1.0,3.0,1.0,1.0
1003,1.0,1.0,1.0,3.0,1.0,1.0,1.0,1.0,1.0,3.0,1.0,1.0
1004,1.0,1.0,1.0,3.0,1.0,1.0,1.0,1.0,1.0,3.0,1.0,1.0
1005,1.0,1.0,1.0,3.0,1.0,1.0,1.0,1.0,1.0,3.0,1.0,1.0
1006,1.0,1.0,1.0,3.0,1.0,1.0,1.0,1.0,1.0,3.0,1.0,1.0
1007,1.0,1.0,1.0,3.0,1.0,1.0,1.0,1.0,1.0,5.0,2.0,1.0
1008,1.0,1.0,1.0,3.0,1.0,1.0,1.0,1.0,1.0,3.0,1.0,1.0
1009,1.0,1.0,1.0,3.0,1.0,1.0,1.0,1.0,1.0,4.0,1.0,1.0
1010,1.0,1.0,1.0,3.0,1.0,1.0,1.0,1.0,1.0,5.0,2.0,1.0
1011,1.0,1.0,1.0,3.0,1.0,1.0,1.0,1.0,1.0,5.0,2.0,1.0
1012,1.0,1.0,1.0,3.0,1.0,1.0,1.0,1.0,1.0,4.0,1.0,1.0
1013,1.0,1.0,1.0,3.0,1.0,1.0,1.0,1.0,1.0,3.0,1.0,1.0
1014,1.0,1.0,1.0,3.0,1.0,1.0,1.0,1.0,1.0,5.0,2.0,1.0
1015,1.0,1.0,1.0,3.0,1.0,1.0,1.0,1.0,1.0,3.0,1.0,1.0
1016,1.0,1.0,1.0,3.0,1.0,1.0,1.0,1.0,1.0,5.0,2.0,1.0
1017,1.0,1.0,1.0,3.0,1.0,1.0,1.0,1.0,1.0,3.0,1.0,1.0
1018,1.0,1.0,1.0,3.0,1.0,1.0,1.0,1.0,1.0,3.0,1.0,1.0
1019,1.0,1.0,1.0,3.0,1.0,1.0,1.0,1.0,1.0,3.0,1.0,1.0
1020,1.0,1.0,1.0,3.0,1.0,1.0,1.0,1.0,1.0,3.0,1.0,1.0
1021,1.0,1.0,1.0,3.0,1.0,1.0,1.0,1.0,1.0,5.0,2.0,1.0
1022,1.0,1.0,1.0,3.0,1.0,1.0,1.0,1.0,1.0,3.0,1.0,1.0
1023,1.0,1.0,1.0,3.0,1.0,1.0,1.0,1.0,1.0,3.0,1.0,1.0
1024,1.0,1.0,1.0,3.0,1.0,1.0,1.0,1.0,1.0,5.0,2.0,1.0
1025,1.0,1.0,1.0,3.0,1.0,1.0,1.0,1.0,1.0,3.0,1.0,1.0
1026,1.0,1.0,1.0,3.0,1.0,1.0,1.0,1.0,1.0,3.0,1.0,1.0
1027,1.0,1.0,1.0,3.0,1.0,1.0,1.0,1.0,1.0,3.0,1.0,1.0
1028,1.0,1.0,1.0,3.0,1.0,1.0,1.0,1.0,1.0,4.0,1.0,1.0
1029,1.0,1.0,1.0,3.0,1.0,1.0,1.0,1.0,1.0,5.0,2.0,1.0
1030,1.0,1.0,1.0,3.0,1.0,1.0,1.0,1.0,1.0,3.0,1.0,1.0
1031,1.0,1.0,1.0,3.0,1.0,1.0,1.0,1.0,1.0,3.0,1.0,1.0
1032,1.0,1.0,1.0,3.0,1.0,1.0,1.0,1.0,1.0,5.0,2.0,1.0
1033,1.0,1.0,1.0,3.0,1.0,1.0,1.0,1.0,1.0,4.0,1.0,1.0
1034,1.0,1.0,1.0,3.0,1.0,1.0,1.0,1.0,1.0,3.0,1.0,1.0
1035,1.0,1.0,1.0,3.0,1.0,1.0,1.0,1.0,1.0,4.0,1.0,1.0
1036,1.0,1.0,1.0,3.0,1.0,1.0,1.0,1.0,1.0,4.0,1.0,1.0
1037,1.0,1.0,1.0,3.0,1.0,1.0,1.0,1.0,1.0,4.0,1.0,1.0
1038,1.0,1.0,1.0,3.0,1.0,1.0,1.0,1.0,1.0,3.0,1.0,1.0
1039,1.0,1.0,1.0,3.0,1.0,1.0,1.0,1.0,1.0,4.0,1.0,1.0
1040,1.0,1.0,1.0,3.0,1.0,1.0,1.0,1.0,1.0,3.0,1.0,1.0
1041,1.0,1.0,1.0,3.0,1.0,1.0,1.0,1.0,1.0,5.0,2.0,1.0
1042,1.0,1.0,1.0,3.0,1.0,1.0,1.0,1.0,1.0,4.0,1.0,1.0
1043,1.0,1.0,1.0,3.0,1.0,1.0,1.0,1.0,1.0,3.0,1.0,1.0
1044,1.0,1.0,1.0,3.0,1.0,1.0,1.0,1.0,1.0,5.0,2.0,1.0
1045,1.0,1.0,1.0,3.0,1.0,1.0,1.0,1.0,1.0,4.0,1.0,1.0
1046,1.0,1.0,1.0,3.0,1.0,1.0,1.0,1.0,1.0,3.0,1.0,1.0
1047,1.0,1.0,1.0,3.0,1.0,1.0,1.0,1.0,1.0,3.0,1.0,1.0
1048,1.0,1.0,1.0,3.0,1.0,1.0,1.0,1.0,1.0,3.0,1.0,1.0
1049,1.0,1.0,1.0,3.0,1.0,1.0,1.0,1.0,1.0,5.0,2.0,1.0
1050,1.0,1.0,1.0,3.0,1.0,1.0,1.0,1.0,1.0,4.0,1.0,1.0
1051,1.0,1.0,1.0,3.0,1.0,1.0,1.0,1.0,1.0,3.0,1.0,1.0
1052,1.0,1.0,1.0,3.0,1.0,1.0,1.0,1.0,1.0,5.0,2.0,1.0
1053,1.0,1.0,1.0,3.0,1.0,1.0,1.0,1.0,1.0,3.0,1.0,1.0
1054,1.0,1.0,1.0,3.0,1.0,1.0,1.0,1.0,1.0,5.0,2.0,1.0
1055,1.0,1.0,1.0,3.0,1.0,1.0,1.0,1.0,1.0,3.0,1.0,1.0
1056,1.0,1.0,1.0,3.0,1.0,1.0,1.0,1.0,1.0,3.0,1.0,1.0
1057,1.0,1.0,1.0,3.0,1.0,1.0,1.0,1.0,1.0,3.0,1.0,1.0
1058,1.0,1.0,1.0,3.0,1.0,1.0,1.0,1.0,1.0,5.0,2.0,1.0
1059,1.0,1.0,1.0,3.0,1.0,1.0,1.0,1.0,1.0,3.0,1.0,1.0
1060,1.0,1.0,1.0,3.0,1.0,1.0,1.0,1.0,1.0,3.0,1.0,1.0
1061,1.0,1.0,1.0,3.0,1.0,1.0,1.0,1.0,1.0,3.0,1.0,1.0
1062,1.0,1.0,1.0,3.0,1.0,1.0,1.0,1.0,1.0,3.0,1.0,1.0
1063,1.0,1.0,1.0,3.0,1.0,1.0,1.0,1.0,1.0,3.0,1.0,1.0
1064,1.0,1.0,1.0,3.0,1.0,1.0,1.0,1.0,1.0,5.0,2.0,1.0
1065,1.0,1.0,1.0,3.0,1.0,1.0,1.0,1.0,1.0,3.0,1.0,1.0
1066,1.0,1.0,1.0,3.0,1.0,1.0,1.0,1.0,1.0,4.0,1.0,1.0
1067,1.0,1.0,1.0,3.0,1.0,1.0,1.0,1.0,1.0,3.0,1.0,1.0
1068,1.0,1.0,1.0,3.0,1.0,1.0,1.0,1.0,1.0,3.0,1.0,1.0
1069,1.0,1.0,1.0,3.0,1.0,1.0,1.0,1.0,1.0,5.0,2.0,1.0
1070,1.0,1.0,1.0,3.0,1.0,1.0,1.0,1.0,1.0,4.0,1.0,1.0
1071,1.0,1.0,1.0,3.0,1.0,1.0,1.0,1.0,1.0,5.0,2.0,1.0
1072,1.0,1.0,1.0,3.0,1.0,1.0,1.0,1.0,1.0,3.0,1.0,1.0
1073,1.0,1.0,1.0,3.0,1.0,1.0,1.0,1.0,1.0,3.0,1.0,1.0
1074,1.0,1.0,1.0,3.0,1.0,1.0,1.0,1.0,1.0,3.0,1.0,1.0
1075,1.0,1.0,1.0,3.0,1.0,1.0,1.0,1.0,1.0,3.0,1.0,1.0
1076,1.0,1.0,1.0,3.0,1.0,1.0,1.0,1.0,1.0,3.0,1.0,1.0
1077,1.0,1.0,1.0,3.0,1.0,1.0,1.0,1.0,1.0,3.0,1.0,1.0
1078,1.0,1.0,1.0,3.0,1.0,1.0,1.0,1.0,1.0,3.0,1.0,1.0
1079,1.0,1.0,1.0,3.0,1.0,1.0,1.0,1.0,1.0,5.0,2.0,1.0
1080,1.0,1.0,1.0,3.0,1.0,1.0,1.0,1.0,1.0,5.0,2.0,1.0
1081,1.0,1.0,1.0,3.0,1.0,1.0,1.0,1.0,1.0,5.0,2.0,1.0
1082,1.0,1.0,1.0,3.0,1.0,1.0,1.0,1.0,1.0,4.0,1.0,1.0
1083,1.0,1.0,1.0,3.0,1.0,1.0,1.0,1.0,1.0,5.0,2.0,1.0
1084,1.0,1.0,1.0,3.0,1.0,1.0,1.0,1.0,1.0,5.0,2.0,1.0
1085,1.0,1.0,1.0,3.0,1.0,1.0,1.0,1.0,1.0,3.0,1.0,1.0
1086,1.0,1.0,1.0,3.0,1.0,1.0,1.0,1.0,1.0,3.0,1.0,1.0
1087,1.0,1.0,1.0,3.0,1.0,1.0,1.0,1.0,1.0,5.0,2.0,1.0
1088,1.0,1.0,1.0,3.0,1.0,1.0,1.0,1.0,1.0,3.0,1.0,1.0
1089,1.0,1.0,1.0,3.0,1.0,1.0,1.0,1.0,1.0,3.0,1.0,1.0
1090,1.0,1.0,1.0,3.0,1.0,1.0,1.0,1.0,1.0,4.0,1.0,1.0
1091,1.0,1.0,1.0,3.0,1.0,1.0,1.0,1.0,1.0,4.0,1.0,1.0
1092,1.0,1.0,1.0,3.0,1.0,1.0,1.0,1.0,1.0,4.0,1.0,1.0
1093,1.0,1.0,1.0,3.0,1.0,1.0,1.0,1.0,1.0,4.0,1.0,1.0
1094,1.0,1.0,1.0,3.0,1.0,1.0,1.0,1.0,1.0,3.0,1.0,1.0
1095,1.0,1.0,1.0,3.0,1.0,1.0,1.0,1.0,1.0,5.0,2.0,1.0
1096,1.0,1.0,1.0,3.0,1.0,1.0,1.0,1.0,1.0,4.0,1.0,1.0
1097,1.0,1.0,1.0,3.0,1.0,1.0,1.0,1.0,1.0,3.0,1.0,1.0
1098,1.0,1.0,1.0,3.0,1.0,1.0,1.0,1.0,1.0,5.0,2.0,1.0
1099,1.0,1.0,1.0,3.0,1.0,1.0,1.0,1.0,1.0,5.0,2.0,1.0
1100,1.0,1.0,1.0,3.0,1.0,1.0,1.0,1.0,1.0,3.0,1.0,1.0
1101,1.0,1.0,1.0,3.0,1.0,1.0,1.0,1.0,1.0,3.0,1.0,1.0
1102,1.0,1.0,1.0,3.0,1.0,1.0,1.0,1.0,1.0,3.0,1.0,1.0
1103,1.0,1.0,1.0,3.0,1.0,1.0,1.0,1.0,1.0,3.0,1.0,1.0
1104,1.0,1.0,1.0,3.0,1.0,1.0,1.0,1.0,1.0,3.0,1.0,1.0
1105,1.0,1.0,1.0,3.0,1.0,1.0,1.0,1.0,1.0,3.0,1.0,1.0
1106,1.0,1.0,1.0,3.0,1.0,1.0,1.0,1.0,1.0,3.0,1.0,1.0
1107,1.0,1.0,1.0,3.0,1.0,1.0,1.0,1.0,1.0,3.0,1.0,1.0
1108,1.0,1.0,1.0,3.0,1.0,1.0,1.0,1.0,1.0,3.0,1.0,1.0
1109,1.0,1.0,1.0,3.0,1.0,1.0,1.0,1.0,1.0,4.0,1.0,1.0
1110,1.0,1.0,1.0,3.0,1.0,1.0,1.0,1.0,1.0,4.0,1.0,1.0
1111,1.0,1.0,1.0,3.0,1.0,1.0,1.0,1.0,1.0,3.0,1.0,1.0
1112,1.0,1.0,1.0,3.0,1.0,1.0,1.0,1.0,1.0,3.0,1.0,1.0
1113,1.0,1.0,1.0,3.0,1.0,1.0,1.0,1.0,1.0,3.0,1.0,1.0
1114,1.0,1.0,1.0,3.0,1.0,1.0,1.0,1.0,1.0,3.0,1.0,1.0
1115,1.0,1.0,1.0,3.0,1.0,1.0,1.0,1.0,1.0,3.0,1.0,1.0
1116,1.0,1.0,1.0,3.0,1.0,1.0,1.0,1.0,1.0,4.0,1.0,1.0
1117,1.0,1.0,1.0,3.0,1.0,1.0,1.0,1.0,1.0,4.0,1.0,1.0
1118,1.0,1.0,1.0,3.0,1.0,1.0,1.0,1.0,1.0,5.0,2.0,1.0
1119,1.0,1.0,1.0,3.0,1.0,1.0,1.0,1.0,1.0,3.0,1.0,1.0
1120,1.0,1.0,1.0,3.0,1.0,1.0,1.0,1.0,1.0,4.0,1.0,1.0
1121,1.0,1.0,1.0,3.0,1.0,1.0,1.0,1.0,1.0,3.0,1.0,1.0
1122,1.0,1.0,1.0,3.0,1.0,1.0,1.0,1.0,1.0,3.0,1.0,1.0
1123,1.0,1.0,1.0,3.0,1.0,1.0,1.0,1.0,1.0,3.0,1.0,1.0
1124,1.0,1.0,1.0,3.0,1.0,1.0,1.0,1.0,1.0,5.0,2.0,1.0
1125,1.0,1.0,1.0,3.0,1.0,1.0,1.0,1.0,1.0,3.0,1.0,1.0
1126,1.0,1.0,1.0,3.0,1.0,1.0,1.0,1.0,1.0,4.0,1.0,1.0
1127,1.0,1.0,1.0,3.0,1.0,1.0,1.0,1.0,1.0,3.0,1.0,1.0
1128,1.0,1.0,1.0,3.0,1.0,1.0,1.0,1.0,1.0,3.0,1.0,1.0
1129,1.0,1.0,1.0,3.0,1.0,1.0,1.0,1.0,1.0,3.0,1.0,1.0
1130,1.0,1.0,1.0,3.0,1.0,1.0,1.0,1.0,1.0,4.0,1.0,1.0
1131,1.0,1.0,1.0,3.0,1.0,1.0,1.0,1.0,1.0,5.0,2.0,1.0
1132,1.0,1.0,1.0,3.0,1.0,1.0,1.0,1.0,1.0,3.0,1.0,1.0
1133,1.0,1.0,1.0,3.0,1.0,1.0,1.0,1.0,1.0,3.0,1.0,1.0
1134,1.0,1.0,1.0,3.0,1.0,1.0,1.0,1.0,1.0,5.0,2.0,1.0
1135,1.0,1.0,1.0,3.0,1.0,1.0,1.0,1.0,1.0,4.0,1.0,1.0
1136,1.0,1.0,1.0,3.0,1.0,1.0,1.0,1.0,1.0,5.0,2.0,1.0
1137,1.0,1.0,1.0,3.0,1.0,1.0,1.0,1.0,1.0,4.0,1.0,1.0
1138,1.0,1.0,1.0,3.0,1.0,1.0,1.0,1.0,1.0,3.0,1.0,1.0
1139,1.0,1.0,1.0,3.0,1.0,1.0,1.0,1.0,1.0,3.0,1.0,1.0
1140,1.0,1.0,1.0,3.0,1.0,1.0,1.0,1.0,1.0,3.0,1.0,1.0
1141,1.0,1.0,1.0,3.0,1.0,1.0,1.0,1.0,1.0,5.0,2.0,1.0
1142,1.0,1.0,1.0,3.0,1.0,1.0,1.0,1.0,1.0,3.0,1.0,1.0
1143,1.0,1.0,1.0,3.0,1.0,1.0,1.0,1.0,1.0,3.0,1.0,1.0
1144,1.0,1.0,1.0,3.0,1.0,1.0,1.0,1.0,1.0,3.0,1.0,1.0
1145,1.0,1.0,1.0,3.0,1.0,1.0,1.0,1.0,1.0,3.0,1.0,1.0
1146,1.0,1.0,1.0,3.0,1.0,1.0,1.0,1.0,1.0,3.0,1.0,1.0
1147,1.0,1.0,1.0,3.0,1.0,1.0,1.0,1.0,1.0,3.0,1.0,1.0
1148,1.0,1.0,1.0,3.0,1.0,1.0,1.0,1.0,1.0,5.0,2.0,1.0
1149,1.0,1.0,1.0,3.0,1.0,1.0,1.0,1.0,1.0,3.0,1.0,1.0
1150,1.0,1.0,1.0,3.0,1.0,1.0,1.0,1.0,1.0,3.0,1.0,1.0
1151,1.0,1.0,1.0,3.0,1.0,1.0,1.0,1.0,1.0,3.0,1.0,1.0
1152,1.0,1.0,1.0,3.0,1.0,1.0,1.0,1.0,1.0,3.0,1.0,1.0
1153,1.0,1.0,1.0,3.0,1.0,1.0,1.0,1.0,1.0,3.0,1.0,1.0
1154,1.0,1.0,1.0,3.0,1.0,1.0,1.0,1.0,1.0,3.0,1.0,1.0
1155,1.0,1.0,1.0,3.0,1.0,1.0,1.0,1.0,1.0,3.0,1.0,1.0
1156,1.0,1.0,1.0,3.0,1.0,1.0,1.0,1.0,1.0,5.0,2.0,1.0
1157,1.0,1.0,1.0,3.0,1.0,1.0,1.0,1.0,1.0,3.0,1.0,1.0
1158,1.0,1.0,1.0,3.0,1.0,1.0,1.0,1.0,1.0,4.0,1.0,1.0
1159,1.0,1.0,1.0,3.0,1.0,1.0,1.0,1.0,1.0,4.0,1.0,1.0
1160,1.0,1.0,1.0,3.0,1.0,1.0,1.0,1.0,1.0,4.0,1.0,1.0
1161,1.0,1.0,1.0,3.0,1.0,1.0,1.0,1.0,1.0,5.0,2.0,1.0
1162,1.0,1.0,1.0,3.0,1.0,1.0,1.0,1.0,1.0,5.0,2.0,1.0
1163,1.0,1.0,1.0,3.0,1.0,1.0,1.0,1.0,1.0,3.0,1.0,1.0
1164,1.0,1.0,1.0,3.0,1.0,1.0,1.0,1.0,1.0,4.0,1.0,1.0
1165,1.0,1.0,1.0,3.0,1.0,1.0,1.0,1.0,1.0,4.0,1.0,1.0
1166,1.0,1.0,1.0,3.0,1.0,1.0,1.0,1.0,1.0,5.0,2.0,1.0
1167,1.0,1.0,1.0,3.0,1.0,1.0,1.0,1.0,1.0,5.0,2.0,1.0
1168,1.0,1.0,1.0,3.0,1.0,1.0,1.0,1.0,1.0,5.0,2.0,1.0
1169,1.0,1.0,1.0,3.0,1.0,1.0,1.0,1.0,1.0,3.0,1.0,1.0
1170,1.0,1.0,1.0,3.0,1.0,1.0,1.0,1.0,1.0,5.0,2.0,1.0
1171,1.0,1.0,1.0,3.0,1.0,1.0,1.0,1.0,1.0,4.0,1.0,1.0
1172,1.0,1.0,1.0,3.0,1.0,1.0,1.0,1.0,1.0,4.0,1.0,1.0
1173,1.0,1.0,1.0,3.0,1.0,1.0,1.0,1.0,1.0,3.0,1.0,1.0
1174,1.0,1.0,1.0,3.0,1.0,1.0,1.0,1.0,1.0,4.0,1.0,1.0
1175,1.0,1.0,1.0,3.0,1.0,1.0,1.0,1.0,1.0,5.0,2.0,1.0
1176,1.0,1.0,1.0,3.0,1.0,1.0,1.0,1.0,1.0,3.0,1.0,1.0
1177,1.0,1.0,1.0,3.0,1.0,1.0,1.0,1.0,1.0,3.0,1.0,1.0
1178,1.0,1.0,1.0,3.0,1.0,1.0,1.0,1.0,1.0,5.0,2.0,1.0
1179,1.0,1.0,1.0,3.0,1.0,1.0,1.0,1.0,1.0,3.0,1.0,1.0
1180,1.0,1.0,1.0,3.0,1.0,1.0,1.0,1.0,1.0,3.0,1.0,1.0
1181,1.0,1.0,1.0,3.0,1.0,1.0,1.0,1.0,1.0,3.0,1.0,1.0
1182,1.0,1.0,1.0,3.0,1.0,1.0,1.0,1.0,1.0,4.0,1.0,1.0
1183,1.0,1.0,1.0,3.0,1.0,1.0,1.0,1.0,1.0,3.0,1.0,1.0
1184,1.0,1.0,1.0,3.0,1.0,1.0,1.0,1.0,1.0,3.0,1.0,1.0
1185,1.0,1.0,1.0,3.0,1.0,1.0,1.0,1.0,1.0,3.0,1.0,1.0
1186,1.0,1.0,1.0,3.0,1.0,1.0,1.0,1.0,1.0,5.0,2.0,1.0
1187,1.0,1.0,1.0,3.0,1.0,1.0,1.0,1.0,1.0,3.0,1.0,1.0
1188,1.0,1.0,1.0,3.0,1.0,1.0,1.0,1.0,1.0,5.0,2.0,1.0
1189,1.0,1.0,1.0,3.0,1.0,1.0,1.0,1.0,1.0,5.0,2.0,1.0
1190,1.0,1.0,1.0,3.0,1.0,1.0,1.0,1.0,1.0,5.0,2.0,1.0
1191,1.0,1.0,1.0,3.0,1.0,1.0,1.0,1.0,1.0,3.0,1.0,1.0
1192,1.0,1.0,1.0,3.0,1.0,1.0,1.0,1.0,1.0,3.0,1.0,1.0
1193,1.0,1.0,1.0,3.0,1.0,1.0,1.0,1.0,1.0,4.0,1.0,1.0
1194,1.0,1.0,1.0,3.0,1.0,1.0,1.0,1.0,1.0,5.0,2.0,1.0
1195,1.0,1.0,1.0,3.0,1.0,1.0,1.0,1.0,1.0,3.0,1.0,1.0
1196,1.0,1.0,1.0,3.0,1.0,1.0,1.0,1.0,1.0,3.0,1.0,1.0
1197,1.0,1.0,1.0,3.0,1.0,1.0,1.0,1.0,1.0,5.0,2.0,1.0
1198,1.0,1.0,1.0,3.0,1.0,1.0,1.0,1.0,1.0,5.0,2.0,1.0
1199,1.0,1.0,1.0,3.0,1.0,1.0,1.0,1.0,1.0,4.0,1.0,1.0
1200,1.0,1.0,1.0,3.0,1.0,1.0,1.0,1.0,1.0,3.0,1.0,1.0
1201,1.0,1.0,1.0,3.0,1.0,1.0,1.0,1.0,1.0,5.0,2.0,1.0
1202,1.0,1.0,1.0,3.0,1.0,1.0,1.0,1.0,1.0,3.0,1.0,1.0
1203,1.0,1.0,1.0,3.0,1.0,1.0,1.0,1.0,1.0,3.0,1.0,1.0
1204,1.0,1.0,1.0,3.0,1.0,1.0,1.0,1.0,1.0,3.0,1.0,1.0
1205,1.0,1.0,1.0,3.0,1.0,1.0,1.0,1.0,1.0,3.0,1.0,1.0
1206,1.0,1.0,1.0,3.0,1.0,1.0,1.0,1.0,1.0,3.0,1.0,1.0
1207,1.0,1.0,1.0,3.0,1.0,1.0,1.0,1.0,1.0,4.0,1.0,1.0
1208,1.0,1.0,1.0,3.0,1.0,1.0,1.0,1.0,1.0,3.0,1.0,1.0
1209,1.0,1.0,1.0,3.0,1.0,1.0,1.0,1.0,1.0,5.0,2.0,1.0
1210,1.0,1.0,1.0,3.0,1.0,1.0,1.0,1.0,1.0,5.0,2.0,1.0
1211,1.0,1.0,1.0,3.0,1.0,1.0,1.0,1.0,1.0,3.0,1.0,1.0
1212,1.0,1.0,1.0,3.0,1.0,1.0,1.0,1.0,1.0,5.0,2.0,1.0
1213,1.0,1.0,1.0,3.0,1.0,1.0,1.0,1.0,1.0,3.0,1.0,1.0
1214,1.0,1.0,1.0,3.0,1.0,1.0,1.0,1.0,1.0,3.0,1.0,1.0
1215,1.0,1.0,1.0,3.0,1.0,1.0,1.0,1.0,1.0,3.0,1.0,1.0
1216,1.0,1.0,1.0,3.0,1.0,1.0,1.0,1.0,1.0,3.0,1.0,1.0
1217,1.0,1.0,1.0,3.0,1.0,1.0,1.0,1.0,1.0,4.0,1.0,1.0
1218,1.0,1.0,1.0,3.0,1.0,1.0,1.0,1.0,1.0,3.0,1.0,1.0
1219,1.0,1.0,1.0,3.0,1.0,1.0,1.0,1.0,1.0,3.0,1.0,1.0
1220,1.0,1.0,1.0,3.0,1.0,1.0,1.0,1.0,1.0,4.0,1.0,1.0
1221,1.0,1.0,1.0,3.0,1.0,1.0,1.0,1.0,1.0,3.0,1.0,1.0
1222,1.0,1.0,1.0,3.0,1.0,1.0,1.0,1.0,1.0,3.0,1.0,1.0
1223,1.0,1.0,1.0,3.0,1.0,1.0,1.0,1.0,1.0,5.0,2.0,1.0
1224,1.0,1.0,1.0,3.0,1.0,1.0,1.0,1.0,1.0,3.0,1.0,1.0
1225,1.0,1.0,1.0,3.0,1.0,1.0,1.0,1.0,1.0,4.0,1.0,1.0
1226,1.0,1.0,1.0,3.0,1.0,1.0,1.0,1.0,1.0,3.0,1.0,1.0
1227,1.0,1.0,1.0,3.0,1.0,1.0,1.0,1.0,1.0,5.0,2.0,1.0
1228,1.0,1.0,1.0,3.0,1.0,1.0,1.0,1.0,1.0,3.0,1.0,1.0
1229,1.0,1.0,1.0,3.0,1.0,1.0,1.0,1.0,1.0,3.0,1.0,1.0
1230,1.0,1.0,1.0,3.0,1.0,1.0,1.0,1.0,1.0,5.0,2.0,1.0
1231,1.0,1.0,1.0,3.0,1.0,1.0,1.0,1.0,1.0,4.0,1.0,1.0
1232,1.0,1.0,1.0,3.0,1.0,1.0,1.0,1.0,1.0,5.0,2.0,1.0
1233,1.0,1.0,1.0,3.0,1.0,1.0,1.0,1.0,1.0,4.0,1.0,1.0
1234,1.0,1.0,1.0,3.0,1.0,1.0,1.0,1.0,1.0,4.0,1.0,1.0
1235,1.0,1.0,1.0,3.0,1.0,1.0,1.0,1.0,1.0,4.0,1.0,1.0
1236,1.0,1.0,1.0,3.0,1.0,1.0,1.0,1.0,1.0,3.0,1.0,1.0
1237,1.0,1.0,1.0,3.0,1.0,1.0,1.0,1.0,1.0,3.0,1.0,1.0
1238,1.0,1.0,1.0,3.0,1.0,1.0,1.0,1.0,1.0,5.0,2.0,1.0
1239,1.0,1.0,1.0,3.0,1.0,1.0,1.0,1.0,1.0,3.0,1.0,1.0
1240,1.0,1.0,1.0,3.0,1.0,1.0,1.0,1.0,1.0,3.0,1.0,1.0
1241,1.0,1.0,1.0,3.0,1.0,1.0,1.0,1.0,1.0,3.0,1.0,1.0
1242,1.0,1.0,1.0,3.0,1.0,1.0,1.0,1.0,1.0,3.0,1.0,1.0
1243,1.0,1.0,1.0,3.0,1.0,1.0,1.0,1.0,1.0,3.0,1.0,1.0
1244,1.0,1.0,1.0,3.0,1.0,1.0,1.0,1.0,1.0,3.0,1.0,1.0
1245,1.0,1.0,1.0,3.0,1.0,1.0,1.0,1.0,1.0,4.0,1.0,1.0
1246,1.0,1.0,1.0,3.0,1.0,1.0,1.0,1.0,1.0,3.0,1.0,1.0
1247,1.0,1.0,1.0,3.0,1.0,1.0,1.0,1.0,1.0,3.0,1.0,1.0
1248,1.0,1.0,1.0,3.0,1.0,1.0,1.0,1.0,1.0,4.0,1.0,1.0
1249,1.0,1.0,1.0,3.0,1.0,1.0,1.0,1.0,1.0,3.0,1.0,1.0
1250,1.0,1.0,1.0,3.0,1.0,1.0,1.0,1.0,1.0,3.0,1.0,1.0
1251,1.0,1.0,1.0,3.0,1.0,1.0,1.0,1.0,1.0,5.0,2.0,1.0
1252,1.0,1.0,1.0,3.0,1.0,1.0,1.0,1.0,1.0,4.0,1.0,1.0
1253,1.0,1.0,1.0,3.0,1.0,1.0,1.0,1.0,1.0,3.0,1.0,1.0
1254,1.0,1.0,1.0,3.0,1.0,1.0,1.0,1.0,1.0,5.0,2.0,1.0
1255,1.0,1.0,1.0,3.0,1.0,1.0,1.0,1.0,1.0,5.0,2.0,1.0
1256,1.0,1.0,1.0,3.0,1.0,1.0,1.0,1.0,1.0,3.0,1.0,1.0
1257,1.0,1.0,1.0,3.0,1.0,1.0,1.0,1.0,1.0,3.0,1.0,1.0
1258,1.0,1.0,1.0,3.0,1.0,1.0,1.0,1.0,1.0,3.0,1.0,1.0
1259,1.0,1.0,1.0,3.0,1.0,1.0,1.0,1.0,1.0,3.0,1.0,1.0
1260,1.0,1.0,1.0,3.0,1.0,1.0,1.0,1.0,1.0,3.0,1.0,1.0
1261,1.0,1.0,1.0,3.0,1.0,1.0,1.0,1.0,1.0,3.0,1.0,1.0
1262,1.0,1.0,1.0,3.0,1.0,1.0,1.0,1.0,1.0,3.0,1.0,1.0
1263,1.0,1.0,1.0,3.0,1.0,1.0,1.0,1.0,1.0,5.0,2.0,1.0
1264,1.0,1.0,1.0,3.0,1.0,1.0,1.0,1.0,1.0,4.0,1.0,1.0
1265,1.0,1.0,1.0,3.0,1.0,1.0,1.0,1.0,1.0,4.0,1.0,1.0
1266,1.0,1.0,1.0,3.0,1.0,1.0,1.0,1.0,1.0,3.0,1.0,1.0
1267,1.0,1.0,1.0,3.0,1.0,1.0,1.0,1.0,1.0,3.0,1.0,1.0
1268,1.0,1.0,1.0,3.0,1.0,1.0,1.0,1.0,1.0,3.0,1.0,1.0
1269,1.0,1.0,1.0,3.0,1.0,1.0,1.0,1.0,1.0,5.0,2.0,1.0
1270,1.0,1.0,1.0,3.0,1.0,1.0,1.0,1.0,1.0,4.0,1.0,1.0
1271,1.0,1.0,1.0,3.0,1.0,1.0,1.0,1.0,1.0,3.0,1.0,1.0
1272,1.0,1.0,1.0,3.0,1.0,1.0,1.0,1.0,1.0,3.0,1.0,1.0
1273,1.0,1.0,1.0,3.0,1.0,1.0,1.0,1.0,1.0,5.0,2.0,1.0
1274,1.0,1.0,1.0,3.0,1.0,1.0,1.0,1.0,1.0,4.0,1.0,1.0
1275,1.0,1.0,1.0,3.0,1.0,1.0,1.0,1.0,1.0,4.0,1.0,1.0
1276,1.0,1.0,1.0,3.0,1.0,1.0,1.0,1.0,1.0,5.0,2.0,1.0
1277,1.0,1.0,1.0,3.0,1.0,1.0,1.0,1.0,1.0,3.0,1.0,1.0
1278,1.0,1.0,1.0,3.0,1.0,1.0,1.0,1.0,1.0,5.0,2.0,1.0
1279,1.0,1.0,1.0,3.0,1.0,1.0,1.0,1.0,1.0,5.0,2.0,1.0
1280,1.0,1.0,1.0,3.0,1.0,1.0,1.0,1.0,1.0,3.0,1.0,1.0
1281,1.0,1.0,1.0,3.0,1.0,1.0,1.0,1.0,1.0,5.0,2.0,1.0
1282,1.0,1.0,1.0,3.0,1.0,1.0,1.0,1.0,1.0,5.0,2.0,1.0
1283,1.0,1.0,1.0,3.0,1.0,1.0,1.0,1.0,1.0,5.0,2.0,1.0
1284,1.0,1.0,1.0,3.0,1.0,1.0,1.0,1.0,1.0,3.0,1.0,1.0
1285,1.0,1.0,1.0,3.0,1.0,1.0,1.0,1.0,1.0,3.0,1.0,1.0
1286,1.0,1.0,1.0,3.0,1.0,1.0,1.0,1.0,1.0,3.0,1.0,1.0
1287,1.0,1.0,1.0,3.0,1.0,1.0,1.0,1.0,1.0,3.0,1.0,1.0
1288,1.0,1.0,1.0,3.0,1.0,1.0,1.0,1.0,1.0,3.0,1.0,1.0
1289,1.0,1.0,1.0,3.0,1.0,1.0,1.0,1.0,1.0,3.0,1.0,1.0
1290,1.0,1.0,1.0,3.0,1.0,1.0,1.0,1.0,1.0,3.0,1.0,1.0
1291,1.0,1.0,1.0,3.0,1.0,1.0,1.0,1.0,1.0,3.0,1.0,1.0
1292,1.0,1.0,1.0,3.0,1.0,1.0,1.0,1.0,1.0,3.0,1.0,1.0
1293,1.0,1.0,1.0,3.0,1.0,1.0,1.0,1.0,1.0,5.0,2.0,1.0
1294,1.0,1.0,1.0,3.0,1.0,1.0,1.0,1.0,1.0,4.0,1.0,1.0
1295,1.0,1.0,1.0,3.0,1.0,1.0,1.0,1.0,1.0,3.0,1.0,1.0
1296,1.0,1.0,1.0,3.0,1.0,1.0,1.0,1.0,1.0,5.0,2.0,1.0
1297,1.0,1.0,1.0,3.0,1.0,1.0,1.0,1.0,1.0,5.0,2.0,1.0
1298,1.0,1.0,1.0,3.0,1.0,1.0,1.0,1.0,1.0,3.0,1.0,1.0
1299,1.0,1.0,1.0,3.0,1.0,1.0,1.0,1.0,1.0,3.0,1.0,1.0
1300,1.0,1.0,1.0,3.0,1.0,1.0,1.0,1.0,1.0,3.0,1.0,1.0
1301,1.0,1.0,1.0,3.0,1.0,1.0,1.0,1.0,1.0,3.0,1.0,1.0
1302,1.0,1.0,1.0,3.0,1.0,1.0,1.0,1.0,1.0,3.0,1.0,1.0
1303,1.0,1.0,1.0,3.0,1.0,1.0,1.0,1.0,1.0,5.0,2.0,1.0
1304,1.0,1.0,1.0,3.0,1.0,1.0,1.0,1.0,1.0,3.0,1.0,1.0
1305,1.0,1.0,1.0,3.0,1.0,1.0,1.0,1.0,1.0,5.0,2.0,1.0
1306,1.0,1.0,1.0,3.0,1.0,1.0,1.0,1.0,1.0,5.0,2.0,1.0
1307,1.0,1.0,1.0,3.0,1.0,1.0,1.0,1.0,1.0,5.0,2.0,1.0
1308,1.0,1.0,1.0,3.0,1.0,1.0,1.0,1.0,1.0,5.0,2.0,1.0
1309,1.0,1.0,1.0,3.0,1.0,1.0,1.0,1.0,1.0,4.0,1.0,1.0
1310,1.0,1.0,1.0,3.0,1.0,1.0,1.0,1.0,1.0,4.0,1.0,1.0
1311,1.0,1.0,1.0,3.0,1.0,1.0,1.0,1.0,1.0,3.0,1.0,1.0
1312,1.0,1.0,1.0,3.0,1.0,1.0,1.0,1.0,1.0,3.0,1.0,1.0
1313,1.0,1.0,1.0,3.0,1.0,1.0,1.0,1.0,1.0,3.0,1.0,1.0
1314,1.0,1.0,1.0,3.0,1.0,1.0,1.0,1.0,1.0,4.0,1.0,1.0
1315,1.0,1.0,1.0,3.0,1.0,1.0,1.0,1.0,1.0,4.0,1.0,1.0
1316,1.0,1.0,1.0,3.0,1.0,1.0,1.0,1.0,1.0,3.0,1.0,1.0
1317,1.0,1.0,1.0,3.0,1.0,1.0,1.0,1.0,1.0,3.0,1.0,1.0
1318,1.0,1.0,1.0,3.0,1.0,1.0,1.0,1.0,1.0,3.0,1.0,1.0
1319,1.0,1.0,1.0,3.0,1.0,1.0,1.0,1.0,1.0,5.0,2.0,1.0
1320,1.0,1.0,1.0,3.0,1.0,1.0,1.0,1.0,1.0,3.0,1.0,1.0
1321,1.0,1.0,1.0,3.0,1.0,1.0,1.0,1.0,1.0,4.0,1.0,1.0
1322,1.0,1.0,1.0,3.0,1.0,1.0,1.0,1.0,1.0,4.0,1.0,1.0
1323,1.0,1.0,1.0,3.0,1.0,1.0,1.0,1.0,1.0,3.0,1.0,1.0
1324,1.0,1.0,1.0,3.0,1.0,1.0,1.0,1.0,1.0,4.0,1.0,1.0
1325,1.0,1.0,1.0,3.0,1.0,1.0,1.0,1.0,1.0,4.0,1.0,1.0
1326,1.0,1.0,1.0,3.0,1.0,1.0,1.0,1.0,1.0,5.0,2.0,1.0
1327,1.0,1.0,1.0,3.0,1.0,1.0,1.0,1.0,1.0,5.0,2.0,1.0
1328,1.0,1.0,1.0,3.0,1.0,1.0,1.0,1.0,1.0,5.0,2.0,1.0
1329,1.0,1.0,1.0,3.0,1.0,1.0,1.0,1.0,1.0,4.0,1.0,1.0
1330,1.0,1.0,1.0,3.0,1.0,1.0,1.0,1.0,1.0,3.0,1.0,1.0
1331,1.0,1.0,1.0,3.0,1.0,1.0,1.0,1.0,1.0,3.0,1.0,1.0
1332,1.0,1.0,1.0,3.0,1.0,1.0,1.0,1.0,1.0,3.0,1.0,1.0
1333,1.0,1.0,1.0,3.0,1.0,1.0,1.0,1.0,1.0,4.0,1.0,1.0
1334,1.0,1.0,1.0,3.0,1.0,1.0,1.0,1.0,1.0,4.0,1.0,1.0
1335,1.0,1.0,1.0,3.0,1.0,1.0,1.0,1.0,1.0,5.0,2.0,1.0
1336,1.0,1.0,1.0,3.0,1.0,1.0,1.0,1.0,1.0,3.0,1.0,1.0
1337,1.0,1.0,1.0,3.0,1.0,1.0,1.0,1.0,1.0,5.0,2.0,1.0
1338,1.0,1.0,1.0,3.0,1.0,1.0,1.0,1.0,1.0,4.0,1.0,1.0
1339,1.0,1.0,1.0,3.0,1.0,1.0,1.0,1.0,1.0,3.0,1.0,1.0
1340,1.0,1.0,1.0,3.0,1.0,1.0,1.0,1.0,1.0,3.0,1.0,1.0
1341,1.0,1.0,1.0,3.0,1.0,1.0,1.0,1.0,1.0,4.0,1.0,1.0
1342,1.0,1.0,1.0,3.0,1.0,1.0,1.0,1.0,1.0,5.0,2.0,1.0
1343,1.0,1.0,1.0,3.0,1.0,1.0,1.0,1.0,1.0,3.0,1.0,1.0
1344,1.0,1.0,1.0,3.0,1.0,1.0,1.0,1.0,1.0,5.0,2.0,1.0
1345,1.0,1.0,1.0,3.0,1.0,1.0,1.0,1.0,1.0,5.0,2.0,1.0
1346,1.0,1.0,1.0,3.0,1.0,1.0,1.0,1.0,1.0,3.0,1.0,1.0
1347,1.0,1.0,1.0,3.0,1.0,1.0,1.0,1.0,1.0,4.0,1.0,1.0
1348,1.0,1.0,1.0,3.0,1.0,1.0,1.0,1.0,1.0,5.0,2.0,1.0
1349,1.0,1.0,1.0,3.0,1.0,1.0,1.0,1.0,1.0,3.0,1.0,1.0
1350,1.0,1.0,1.0,3.0,1.0,1.0,1.0,1.0,1.0,5.0,2.0,1.0
1351,1.0,1.0,1.0,3.0,1.0,1.0,1.0,1.0,1.0,3.0,1.0,1.0
1352,1.0,1.0,1.0,3.0,1.0,1.0,1.0,1.0,1.0,4.0,1.0,1.0
1353,1.0,1.0,1.0,3.0,1.0,1.0,1.0,1.0,1.0,3.0,1.0,1.0
1354,1.0,1.0,1.0,3.0,1.0,1.0,1.0,1.0,1.0,3.0,1.0,1.0
1355,1.0,1.0,1.0,3.0,1.0,1.0,1.0,1.0,1.0,3.0,1.0,1.0
1356,1.0,1.0,1.0,3.0,1.0,1.0,1.0,1.0,1.0,3.0,1.0,1.0
1357,1.0,1.0,1.0,3.0,1.0,1.0,1.0,1.0,1.0,3.0,1.0,1.0
1358,1.0,1.0,1.0,3.0,1.0,1.0,1.0,1.0,1.0,3.0,1.0,1.0
1359,1.0,1.0,1.0,3.0,1.0,1.0,1.0,1.0,1.0,5.0,2.0,1.0
1360,1.0,1.0,1.0,3.0,1.0,1.0,1.0,1.0,1.0,3.0,1.0,1.0
1361,1.0,1.0,1.0,3.0,1.0,1.0,1.0,1.0,1.0,5.0,2.0,1.0
1362,1.0,1.0,1.0,3.0,1.0,1.0,1.0,1.0,1.0,3.0,1.0,1.0
1363,1.0,1.0,1.0,3.0,1.0,1.0,1.0,1.0,1.0,3.0,1.0,1.0
1364,1.0,1.0,1.0,3.0,1.0,1.0,1.0,1.0,1.0,4.0,1.0,1.0
1365,1.0,1.0,1.0,3.0,1.0,1.0,1.0,1.0,1.0,3.0,1.0,1.0
1366,1.0,1.0,1.0,3.0,1.0,1.0,1.0,1.0,1.0,3.0,1.0,1.0
1367,1.0,1.0,1.0,3.0,1.0,1.0,1.0,1.0,1.0,3.0,1.0,1.0
1368,1.0,1.0,1.0,3.0,1.0,1.0,1.0,1.0,1.0,4.0,1.0,1.0
1369,1.0,1.0,1.0,3.0,1.0,1.0,1.0,1.0,1.0,4.0,1.0,1.0
1370,1.0,1.0,1.0,3.0,1.0,1.0,1.0,1.0,1.0,4.0,1.0,1.0
1371,1.0,1.0,1.0,3.0,1.0,1.0,1.0,1.0,1.0,4.0,1.0,1.0
1372,1.0,1.0,1.0,3.0,1.0,1.0,1.0,1.0,1.0,5.0,2.0,1.0
1373,1.0,1.0,1.0,3.0,1.0,1.0,1.0,1.0,1.0,3.0,1.0,1.0
1374,1.0,1.0,1.0,3.0,1.0,1.0,1.0,1.0,1.0,3.0,1.0,1.0
1375,1.0,1.0,1.0,3.0,1.0,1.0,1.0,1.0,1.0,5.0,2.0,1.0
1376,1.0,1.0,1.0,3.0,1.0,1.0,1.0,1.0,1.0,4.0,1.0,1.0
1377,1.0,1.0,1.0,3.0,1.0,1.0,1.0,1.0,1.0,3.0,1.0,1.0
1378,1.0,1.0,1.0,3.0,1.0,1.0,1.0,1.0,1.0,4.0,1.0,1.0
1379,1.0,1.0,1.0,3.0,1.0,1.0,1.0,1.0,1.0,5.0,2.0,1.0
1380,1.0,1.0,1.0,3.0,1.0,1.0,1.0,1.0,1.0,3.0,1.0,1.0
1381,1.0,1.0,1.0,3.0,1.0,1.0,1.0,1.0,1.0,3.0,1.0,1.0
1382,1.0,1.0,1.0,3.0,1.0,1.0,1.0,1.0,1.0,4.0,1.0,1.0
1383,1.0,1.0,1.0,3.0,1.0,1.0,1.0,1.0,1.0,3.0,1.0,1.0
1384,1.0,1.0,1.0,3.0,1.0,1.0,1.0,1.0,1.0,3.0,1.0,1.0
1385,1.0,1.0,1.0,3.0,1.0,1.0,1.0,1.0,1.0,4.0,1.0,1.0
1386,1.0,1.0,1.0,3.0,1.0,1.0,1.0,1.0,1.0,3.0,1.0,1.0
1387,1.0,1.0,1.0,3.0,1.0,1.0,1.0,1.0,1.0,3.0,1.0,1.0
1388,1.0,1.0,1.0,3.0,1.0,1.0,1.0,1.0,1.0,4.0,1.0,1.0
1389,1.0,1.0,1.0,3.0,1.0,1.0,1.0,1.0,1.0,5.0,2.0,1.0
1390,1.0,1.0,1.0,3.0,1.0,1.0,1.0,1.0,1.0,5.0,2.0,1.0
1391,1.0,1.0,1.0,3.0,1.0,1.0,1.0,1.0,1.0,4.0,1.0,1.0
1392,1.0,1.0,1.0,3.0,1.0,1.0,1.0,1.0,1.0,4.0,1.0,1.0
1393,1.0,1.0,1.0,3.0,1.0,1.0,1.0,1.0,1.0,3.0,1.0,1.0
1394,1.0,1.0,1.0,3.0,1.0,1.0,1.0,1.0,1.0,4.0,1.0,1.0
1395,1.0,1.0,1.0,3.0,1.0,1.0,1.0,1.0,1.0,5.0,2.0,1.0
1396,1.0,1.0,1.0,3.0,1.0,1.0,1.0,1.0,1.0,5.0,2.0,1.0
1397,1.0,1.0,1.0,3.0,1.0,1.0,1.0,1.0,1.0,3.0,1.0,1.0
1398,1.0,1.0,1.0,3.0,1.0,1.0,1.0,1.0,1.0,4.0,1.0,1.0
1399,1.0,1.0,1.0,3.0,1.0,1.0,1.0,1.0,1.0,4.0,1.0,1.0
1400,1.0,1.0,1.0,3.0,1.0,1.0,1.0,1.0,1.0,3.0,1.0,1.0
1401,1.0,1.0,1.0,3.0,1.0,1.0,1.0,1.0,1.0,3.0,1.0,1.0
1402,1.0,1.0,1.0,3.0,1.0,1.0,1.0,1.0,1.0,4.0,1.0,1.0
1403,1.0,1.0,1.0,3.0,1.0,1.0,1.0,1.0,1.0,3.0,1.0,1.0
1404,1.0,1.0,1.0,3.0,1.0,1.0,1.0,1.0,1.0,4.0,1.0,1.0
1405,1.0,1.0,1.0,3.0,1.0,1.0,1.0,1.0,1.0,4.0,1.0,1.0
1406,1.0,1.0,1.0,3.0,1.0,1.0,1.0,1.0,1.0,3.0,1.0,1.0
1407,1.0,1.0,1.0,3.0,1.0,1.0,1.0,1.0,1.0,5.0,2.0,1.0
1408,1.0,1.0,1.0,3.0,1.0,1.0,1.0,1.0,1.0,5.0,2.0,1.0
1409,1.0,1.0,1.0,3.0,1.0,1.0,1.0,1.0,1.0,3.0,1.0,1.0
1410,1.0,1.0,1.0,3.0,1.0,1.0,1.0,1.0,1.0,3.0,1.0,1.0
1411,1.0,1.0,1.0,3.0,1.0,1.0,1.0,1.0,1.0,5.0,2.0,1.0
1412,1.0,1.0,1.0,3.0,1.0,1.0,1.0,1.0,1.0,3.0,1.0,1.0
1413,1.0,1.0,1.0,3.0,1.0,1.0,1.0,1.0,1.0,3.0,1.0,1.0
1414,1.0,1.0,1.0,3.0,1.0,1.0,1.0,1.0,1.0,5.0,2.0,1.0
1415,1.0,1.0,1.0,3.0,1.0,1.0,1.0,1.0,1.0,4.0,1.0,1.0
1416,1.0,1.0,1.0,3.0,1.0,1.0,1.0,1.0,1.0,5.0,2.0,1.0
1417,1.0,1.0,1.0,3.0,1.0,1.0,1.0,1.0,1.0,3.0,1.0,1.0
1418,1.0,1.0,1.0,3.0,1.0,1.0,1.0,1.0,1.0,3.0,1.0,1.0
1419,1.0,1.0,1.0,3.0,1.0,1.0,1.0,1.0,1.0,4.0,1.0,1.0
1420,1.0,1.0,1.0,3.0,1.0,1.0,1.0,1.0,1.0,4.0,1.0,1.0
1421,1.0,1.0,1.0,3.0,1.0,1.0,1.0,1.0,1.0,4.0,1.0,1.0
1422,1.0,1.0,1.0,3.0,1.0,1.0,1.0,1.0,1.0,5.0,2.0,1.0
1423,1.0,1.0,1.0,3.0,1.0,1.0,1.0,1.0,1.0,5.0,2.0,1.0
1424,1.0,1.0,1.0,3.0,1.0,1.0,1.0,1.0,1.0,3.0,1.0,1.0
1425,1.0,1.0,1.0,3.0,1.0,1.0,1.0,1.0,1.0,5.0,2.0,1.0
1426,1.0,1.0,1.0,3.0,1.0,1.0,1.0,1.0,1.0,3.0,1.0,1.0
1427,1.0,1.0,1.0,3.0,1.0,1.0,1.0,1.0,1.0,3.0,1.0,1.0
1428,1.0,1.0,1.0,3.0,1.0,1.0,1.0,1.0,1.0,4.0,1.0,1.0
1429,1.0,1.0,1.0,3.0,1.0,1.0,1.0,1.0,1.0,3.0,1.0,1.0
1430,1.0,1.0,1.0,3.0,1.0,1.0,1.0,1.0,1.0,3.0,1.0,1.0
1431,1.0,1.0,1.0,3.0,1.0,1.0,1.0,1.0,1.0,3.0,1.0,1.0
1432,1.0,1.0,1.0,3.0,1.0,1.0,1.0,1.0,1.0,3.0,1.0,1.0
1433,1.0,1.0,1.0,3.0,1.0,1.0,1.0,1.0,1.0,3.0,1.0,1.0
1434,1.0,1.0,1.0,3.0,1.0,1.0,1.0,1.0,1.0,5.0,2.0,1.0
1435,1.0,1.0,1.0,3.0,1.0,1.0,1.0,1.0,1.0,5.0,2.0,1.0
1436,1.0,1.0,1.0,3.0,1.0,1.0,1.0,1.0,1.0,5.0,2.0,1.0
1437,1.0,1.0,1.0,3.0,1.0,1.0,1.0,1.0,1.0,3.0,1.0,1.0
1438,1.0,1.0,1.0,3.0,1.0,1.0,1.0,1.0,1.0,3.0,1.0,1.0
1439,1.0,1.0,1.0,3.0,1.0,1.0,1.0,1.0,1.0,4.0,1.0,1.0
1440,1.0,1.0,1.0,3.0,1.0,1.0,1.0,1.0,1.0,4.0,1.0,1.0
1441,1.0,1.0,1.0,3.0,1.0,1.0,1.0,1.0,1.0,3.0,1.0,1.0
1442,1.0,1.0,1.0,3.0,1.0,1.0,1.0,1.0,1.0,5.0,2.0,1.0
1443,1.0,1.0,1.0,3.0,1.0,1.0,1.0,1.0,1.0,3.0,1.0,1.0
1444,1.0,1.0,1.0,3.0,1.0,1.0,1.0,1.0,1.0,3.0,1.0,1.0
1445,1.0,1.0,1.0,3.0,1.0,1.0,1.0,1.0,1.0,3.0,1.0,1.0
1446,1.0,1.0,1.0,3.0,1.0,1.0,1.0,1.0,1.0,4.0,1.0,1.0
1447,1.0,1.0,1.0,3.0,1.0,1.0,1.0,1.0,1.0,3.0,1.0,1.0
1448,1.0,1.0,1.0,3.0,1.0,1.0,1.0,1.0,1.0,3.0,1.0,1.0
1449,1.0,1.0,1.0,3.0,1.0,1.0,1.0,1.0,1.0,5.0,2.0,1.0
1450,1.0,1.0,1.0,3.0,1.0,1.0,1.0,1.0,1.0,5.0,2.0,1.0
1451,1.0,1.0,1.0,3.0,1.0,1.0,1.0,1.0,1.0,4.0,1.0,1.0
1452,1.0,1.0,1.0,3.0,1.0,1.0,1.0,1.0,1.0,3.0,1.0,1.0
1453,1.0,1.0,1.0,3.0,1.0,1.0,1.0,1.0,1.0,3.0,1.0,1.0
1454,1.0,1.0,1.0,3.0,1.0,1.0,1.0,1.0,1.0,4.0,1.0,1.0
1455,1.0,1.0,1.0,3.0,1.0,1.0,1.0,1.0,1.0,5.0,2.0,1.0
1456,1.0,1.0,1.0,3.0,1.0,1.0,1.0,1.0,1.0,3.0,1.0,1.0
1457,1.0,1.0,1.0,3.0,1.0,1.0,1.0,1.0,1.0,3.0,1.0,1.0
1458,1.0,1.0,1.0,3.0,1.0,1.0,1.0,1.0,1.0,3.0,1.0,1.0
1459,1.0,1.0,1.0,3.0,1.0,1.0,1.0,1.0,1.0,4.0,1.0,1.0
1460,1.0,1.0,1.0,3.0,1.0,1.0,1.0,1.0,1.0,3.0,1.0,1.0
1461,1.0,1.0,1.0,3.0,1.0,1.0,1.0,1.0,1.0,3.0,1.0,1.0
1462,1.0,1.0,1.0,3.0,1.0,1.0,1.0,1.0,1.0,3.0,1.0,1.0
1463,1.0,1.0,1.0,3.0,1.0,1.0,1.0,1.0,1.0,5.0,2.0,1.0
1464,1.0,1.0,1.0,3.0,1.0,1.0,1.0,1.0,1.0,3.0,1.0,1.0
1465,1.0,1.0,1.0,3.0,1.0,1.0,1.0,1.0,1.0,4.0,1.0,1.0
1466,1.0,1.0,1.0,3.0,1.0,1.0,1.0,1.0,1.0,5.0,2.0,1.0
1467,1.0,1.0,1.0,3.0,1.0,1.0,1.0,1.0,1.0,3.0,1.0,1.0
1468,1.0,1.0,1.0,3.0,1.0,1.0,1.0,1.0,1.0,5.0,2.0,1.0
1469,1.0,1.0,1.0,3.0,1.0,1.0,1.0,1.0,1.0,3.0,1.0,1.0
1470,1.0,1.0,1.0,3.0,1.0,1.0,1.0,1.0,1.0,5.0,2.0,1.0
1471,1.0,1.0,1.0,3.0,1.0,1.0,1.0,1.0,1.0,4.0,1.0,1.0
1472,1.0,1.0,1.0,3.0,1.0,1.0,1.0,1.0,1.0,3.0,1.0,1.0
1473,1.0,1.0,1.0,3.0,1.0,1.0,1.0,1.0,1.0,5.0,2.0,1.0
1474,1.0,1.0,1.0,3.0,1.0,1.0,1.0,1.0,1.0,5.0,2.0,1.0
1475,1.0,1.0,1.0,3.0,1.0,1.0,1.0,1.0,1.0,3.0,1.0,1.0
1476,1.0,1.0,1.0,3.0,1.0,1.0,1.0,1.0,1.0,3.0,1.0,1.0
1477,1.0,1.0,1.0,3.0,1.0,1.0,1.0,1.0,1.0,3.0,1.0,1.0
1478,1.0,1.0,1.0,3.0,1.0,1.0,1.0,1.0,1.0,3.0,1.0,1.0
1479,1.0,1.0,1.0,3.0,1.0,1.0,1.0,1.0,1.0,4.0,1.0,1.0
1480,1.0,1.0,1.0,3.0,1.0,1.0,1.0,1.0,1.0,3.0,1.0,1.0
1481,1.0,1.0,1.0,3.0,1.0,1.0,1.0,1.0,1.0,3.0,1.0,1.0
1482,1.0,1.0,1.0,3.0,1.0,1.0,1.0,1.0,1.0,5.0,2.0,1.0
1483,1.0,1.0,1.0,3.0,1.0,1.0,1.0,1.0,1.0,5.0,2.0,1.0
1484,1.0,1.0,1.0,3.0,1.0,1.0,1.0,1.0,1.0,3.0,1.0,1.0
1485,1.0,1.0,1.0,3.0,1.0,1.0,1.0,1.0,1.0,4.0,1.0,1.0
1486,1.0,1.0,1.0,3.0,1.0,1.0,1.0,1.0,1.0,3.0,1.0,1.0
1487,1.0,1.0,1.0,3.0,1.0,1.0,1.0,1.0,1.0,5.0,2.0,1.0
1488,1.0,1.0,1.0,3.0,1.0,1.0,1.0,1.0,1.0,4.0,1.0,1.0
1489,1.0,1.0,1.0,3.0,1.0,1.0,1.0,1.0,1.0,5.0,2.0,1.0
1490,1.0,1.0,1.0,3.0,1.0,1.0,1.0,1.0,1.0,3.0,1.0,1.0
1491,1.0,1.0,1.0,3.0,1.0,1.0,1.0,1.0,1.0,5.0,2.0,1.0
1492,1.0,1.0,1.0,3.0,1.0,1.0,1.0,1.0,1.0,3.0,1.0,1.0
1493,1.0,1.0,1.0,3.0,1.0,1.0,1.0,1.0,1.0,3.0,1.0,1.0
1494,1.0,1.0,1.0,3.0,1.0,1.0,1.0,1.0,1.0,3.0,1.0,1.0
1495,1.0,1.0,1.0,3.0,1.0,1.0,1.0,1.0,1.0,4.0,1.0,1.0
1496,1.0,1.0,1.0,3.0,1.0,1.0,1.0,1.0,1.0,5.0,2.0,1.0
1497,1.0,1.0,1.0,3.0,1.0,1.0,1.0,1.0,1.0,3.0,1.0,1.0
1498,1.0,1.0,1.0,3.0,1.0,1.0,1.0,1.0,1.0,5.0,2.0,1.0
1499,1.0,1.0,1.0,3.0,1.0,1.0,1.0,1.0,1.0,3.0,1.0,1.0
1500,1.0,1.0,1.0,3.0,1.0,1.0,1.0,1.0,1.0,3.0,1.0,1.0
1501,1.0,1.0,1.0,3.0,1.0,1.0,1.0,1.0,1.0,3.0,1.0,1.0
1502,1.0,1.0,1.0,3.0,1.0,1.0,1.0,1.0,1.0,3.0,1.0,1.0
1503,1.0,1.0,1.0,3.0,1.0,1.0,1.0,1.0,1.0,3.0,1.0,1.0
1504,1.0,1.0,1.0,3.0,1.0,1.0,1.0,1.0,1.0,4.0,1.0,1.0
1505,1.0,1.0,1.0,3.0,1.0,1.0,1.0,1.0,1.0,3.0,1.0,1.0
1506,1.0,1.0,1.0,3.0,1.0,1.0,1.0,1.0,1.0,3.0,1.0,1.0
1507,1.0,1.0,1.0,3.0,1.0,1.0,1.0,1.0,1.0,4.0,1.0,1.0
1508,1.0,1.0,1.0,3.0,1.0,1.0,1.0,1.0,1.0,3.0,1.0,1.0
1509,1.0,1.0,1.0,3.0,1.0,1.0,1.0,1.0,1.0,5.0,2.0,1.0
1510,1.0,1.0,1.0,3.0,1.0,1.0,1.0,1.0,1.0,4.0,1.0,1.0
1511,1.0,1.0,1.0,3.0,1.0,1.0,1.0,1.0,1.0,4.0,1.0,1.0
1512,1.0,1.0,1.0,3.0,1.0,1.0,1.0,1.0,1.0,3.0,1.0,1.0
1513,1.0,1.0,1.0,3.0,1.0,1.0,1.0,1.0,1.0,3.0,1.0,1.0
1514,1.0,1.0,1.0,3.0,1.0,1.0,1.0,1.0,1.0,5.0,2.0,1.0
1515,1.0,1.0,1.0,3.0,1.0,1.0,1.0,1.0,1.0,4.0,1.0,1.0
1516,1.0,1.0,1.0,3.0,1.0,1.0,1.0,1.0,1.0,3.0,1.0,1.0
1517,1.0,1.0,1.0,3.0,1.0,1.0,1.0,1.0,1.0,3.0,1.0,1.0
1518,1.0,1.0,1.0,3.0,1.0,1.0,1.0,1.0,1.0,4.0,1.0,1.0
1519,1.0,1.0,1.0,3.0,1.0,1.0,1.0,1.0,1.0,3.0,1.0,1.0
1520,1.0,1.0,1.0,3.0,1.0,1.0,1.0,1.0,1.0,3.0,1.0,1.0
1521,1.0,1.0,1.0,3.0,1.0,1.0,1.0,1.0,1.0,3.0,1.0,1.0
1522,1.0,1.0,1.0,3.0,1.0,1.0,1.0,1.0,1.0,3.0,1.0,1.0
1523,1.0,1.0,1.0,3.0,1.0,1.0,1.0,1.0,1.0,5.0,2.0,1.0
1524,1.0,1.0,1.0,3.0,1.0,1.0,1.0,1.0,1.0,4.0,1.0,1.0
1525,1.0,1.0,1.0,3.0,1.0,1.0,1.0,1.0,1.0,5.0,2.0,1.0
1526,1.0,1.0,1.0,3.0,1.0,1.0,1.0,1.0,1.0,3.0,1.0,1.0
1527,1.0,1.0,1.0,3.0,1.0,1.0,1.0,1.0,1.0,3.0,1.0,1.0
1528,1.0,1.0,1.0,3.0,1.0,1.0,1.0,1.0,1.0,3.0,1.0,1.0
1529,1.0,1.0,1.0,3.0,1.0,1.0,1.0,1.0,1.0,3.0,1.0,1.0
1530,1.0,1.0,1.0,3.0,1.0,1.0,1.0,1.0,1.0,3.0,1.0,1.0
1531,1.0,1.0,1.0,3.0,1.0,1.0,1.0,1.0,1.0,5.0,2.0,1.0
1532,1.0,1.0,1.0,3.0,1.0,1.0,1.0,1.0,1.0,5.0,2.0,1.0
1533,1.0,1.0,1.0,3.0,1.0,1.0,1.0,1.0,1.0,3.0,1.0,1.0
1534,1.0,1.0,1.0,3.0,1.0,1.0,1.0,1.0,1.0,5.0,2.0,1.0
1535,1.0,1.0,1.0,3.0,1.0,1.0,1.0,1.0,1.0,3.0,1.0,1.0
1536,1.0,1.0,1.0,3.0,1.0,1.0,1.0,1.0,1.0,3.0,1.0,1.0
1537,1.0,1.0,1.0,3.0,1.0,1.0,1.0,1.0,1.0,3.0,1.0,1.0
1538,1.0,1.0,1.0,3.0,1.0,1.0,1.0,1.0,1.0,4.0,1.0,1.0
1539,1.0,1.0,1.0,3.0,1.0,1.0,1.0,1.0,1.0,4.0,1.0,1.0
1540,1.0,1.0,1.0,3.0,1.0,1.0,1.0,1.0,1.0,5.0,2.0,1.0
1541,1.0,1.0,1.0,3.0,1.0,1.0,1.0,1.0,1.0,5.0,2.0,1.0
1542,1.0,1.0,1.0,3.0,1.0,1.0,1.0,1.0,1.0,5.0,2.0,1.0
1543,1.0,1.0,1.0,3.0,1.0,1.0,1.0,1.0,1.0,5.0,2.0,1.0
1544,1.0,1.0,1.0,3.0,1.0,1.0,1.0,1.0,1.0,4.0,1.0,1.0
1545,1.0,1.0,1.0,3.0,1.0,1.0,1.0,1.0,1.0,5.0,2.0,1.0
1546,1.0,1.0,1.0,3.0,1.0,1.0,1.0,1.0,1.0,3.0,1.0,1.0
1547,1.0,1.0,1.0,3.0,1.0,1.0,1.0,1.0,1.0,4.0,1.0,1.0
1548,1.0,1.0,1.0,3.0,1.0,1.0,1.0,1.0,1.0,3.0,1.0,1.0
1549,1.0,1.0,1.0,3.0,1.0,1.0,1.0,1.0,1.0,4.0,1.0,1.0
1550,1.0,1.0,1.0,3.0,1.0,1.0,1.0,1.0,1.0,4.0,1.0,1.0
1551,1.0,1.0,1.0,3.0,1.0,1.0,1.0,1.0,1.0,3.0,1.0,1.0
1552,1.0,1.0,1.0,3.0,1.0,1.0,1.0,1.0,1.0,4.0,1.0,1.0
1553,1.0,1.0,1.0,3.0,1.0,1.0,1.0,1.0,1.0,3.0,1.0,1.0
1554,1.0,1.0,1.0,3.0,1.0,1.0,1.0,1.0,1.0,5.0,2.0,1.0
1555,1.0,1.0,1.0,3.0,1.0,1.0,1.0,1.0,1.0,3.0,1.0,1.0
1556,1.0,1.0,1.0,3.0,1.0,1.0,1.0,1.0,1.0,3.0,1.0,1.0
1557,1.0,1.0,1.0,3.0,1.0,1.0,1.0,1.0,1.0,5.0,2.0,1.0
1558,1.0,1.0,1.0,3.0,1.0,1.0,1.0,1.0,1.0,5.0,2.0,1.0
1559,1.0,1.0,1.0,3.0,1.0,1.0,1.0,1.0,1.0,3.0,1.0,1.0
1560,1.0,1.0,1.0,3.0,1.0,1.0,1.0,1.0,1.0,5.0,2.0,1.0
1561,1.0,1.0,1.0,3.0,1.0,1.0,1.0,1.0,1.0,3.0,1.0,1.0
1562,1.0,1.0,1.0,3.0,1.0,1.0,1.0,1.0,1.0,3.0,1.0,1.0
1563,1.0,1.0,1.0,3.0,1.0,1.0,1.0,1.0,1.0,3.0,1.0,1.0
1564,1.0,1.0,1.0,3.0,1.0,1.0,1.0,1.0,1.0,4.0,1.0,1.0
1565,1.0,1.0,1.0,3.0,1.0,1.0,1.0,1.0,1.0,3.0,1.0,1.0
1566,1.0,1.0,1.0,3.0,1.0,1.0,1.0,1.0,1.0,5.0,2.0,1.0
1567,1.0,1.0,1.0,3.0,1.0,1.0,1.0,1.0,1.0,3.0,1.0,1.0
1568,1.0,1.0,1.0,3.0,1.0,1.0,1.0,1.0,1.0,5.0,2.0,1.0
1569,1.0,1.0,1.0,3.0,1.0,1.0,1.0,1.0,1.0,4.0,1.0,1.0
1570,1.0,1.0,1.0,3.0,1.0,1.0,1.0,1.0,1.0,5.0,2.0,1.0
1571,1.0,1.0,1.0,3.0,1.0,1.0,1.0,1.0,1.0,3.0,1.0,1.0
1572,1.0,1.0,1.0,3.0,1.0,1.0,1.0,1.0,1.0,3.0,1.0,1.0
1573,1.0,1.0,1.0,3.0,1.0,1.0,1.0,1.0,1.0,3.0,1.0,1.0
1574,1.0,1.0,1.0,3.0,1.0,1.0,1.0,1.0,1.0,4.0,1.0,1.0
1575,1.0,1.0,1.0,3.0,1.0,1.0,1.0,1.0,1.0,3.0,1.0,1.0
1576,1.0,1.0,1.0,3.0,1.0,1.0,1.0,1.0,1.0,5.0,2.0,1.0
1577,1.0,1.0,1.0,3.0,1.0,1.0,1.0,1.0,1.0,4.0,1.0,1.0
1578,1.0,1.0,1.0,3.0,1.0,1.0,1.0,1.0,1.0,4.0,1.0,1.0
1579,1.0,1.0,1.0,3.0,1.0,1.0,1.0,1.0,1.0,3.0,1.0,1.0
1580,1.0,1.0,1.0,3.0,1.0,1.0,1.0,1.0,1.0,3.0,1.0,1.0
1581,1.0,1.0,1.0,3.0,1.0,1.0,1.0,1.0,1.0,5.0,2.0,1.0
1582,1.0,1.0,1.0,3.0,1.0,1.0,1.0,1.0,1.0,5.0,2.0,1.0
1583,1.0,1.0,1.0,3.0,1.0,1.0,1.0,1.0,1.0,5.0,2.0,1.0
1584,1.0,1.0,1.0,3.0,1.0,1.0,1.0,1.0,1.0,3.0,1.0,1.0
1585,1.0,1.0,1.0,3.0,1.0,1.0,1.0,1.0,1.0,3.0,1.0,1.0
1586,1.0,1.0,1.0,3.0,1.0,1.0,1.0,1.0,1.0,3.0,1.0,1.0
1587,1.0,1.0,1.0,3.0,1.0,1.0,1.0,1.0,1.0,5.0,2.0,1.0
1588,1.0,1.0,1.0,3.0,1.0,1.0,1.0,1.0,1.0,3.0,1.0,1.0
1589,1.0,1.0,1.0,3.0,1.0,1.0,1.0,1.0,1.0,5.0,2.0,1.0
1590,1.0,1.0,1.0,3.0,1.0,1.0,1.0,1.0,1.0,3.0,1.0,1.0
1591,1.0,1.0,1.0,3.0,1.0,1.0,1.0,1.0,1.0,4.0,1.0,1.0
1592,1.0,1.0,1.0,3.0,1.0,1.0,1.0,1.0,1.0,3.0,1.0,1.0
1593,1.0,1.0,1.0,3.0,1.0,1.0,1.0,1.0,1.0,4.0,1.0,1.0
1594,1.0,1.0,1.0,3.0,1.0,1.0,1.0,1.0,1.0,3.0,1.0,1.0
1595,1.0,1.0,1.0,3.0,1.0,1.0,1.0,1.0,1.0,3.0,1.0,1.0
1596,1.0,1.0,1.0,3.0,1.0,1.0,1.0,1.0,1.0,4.0,1.0,1.0
1597,1.0,1.0,1.0,3.0,1.0,1.0,1.0,1.0,1.0,3.0,1.0,1.0
1598,1.0,1.0,1.0,3.0,1.0,1.0,1.0,1.0,1.0,4.0,1.0,1.0
1599,1.0,1.0,1.0,3.0,1.0,1.0,1.0,1.0,1.0,3.0,1.0,1.0
1600,1.0,1.0,1.0,3.0,1.0,1.0,1.0,1.0,1.0,5.0,2.0,1.0
1601,1.0,1.0,1.0,3.0,1.0,1.0,1.0,1.0,1.0,3.0,1.0,1.0
1602,1.0,1.0,1.0,3.0,1.0,1.0,1.0,1.0,1.0,4.0,1.0,1.0
1603,1.0,1.0,1.0,3.0,1.0,1.0,1.0,1.0,1.0,3.0,1.0,1.0
1604,1.0,1.0,1.0,3.0,1.0,1.0,1.0,1.0,1.0,5.0,2.0,1.0
1605,1.0,1.0,1.0,3.0,1.0,1.0,1.0,1.0,1.0,3.0,1.0,1.0
1606,1.0,1.0,1.0,3.0,1.0,1.0,1.0,1.0,1.0,4.0,1.0,1.0
1607,1.0,1.0,1.0,3.0,1.0,1.0,1.0,1.0,1.0,3.0,1.0,1.0
1608,1.0,1.0,1.0,3.0,1.0,1.0,1.0,1.0,1.0,3.0,1.0,1.0
1609,1.0,1.0,1.0,3.0,1.0,1.0,1.0,1.0,1.0,3.0,1.0,1.0
1610,1.0,1.0,1.0,3.0,1.0,1.0,1.0,1.0,1.0,3.0,1.0,1.0
1611,1.0,1.0,1.0,3.0,1.0,1.0,1.0,1.0,1.0,3.0,1.0,1.0
1612,1.0,1.0,1.0,3.0,1.0,1.0,1.0,1.0,1.0,4.0,1.0,1.0
1613,1.0,1.0,1.0,3.0,1.0,1.0,1.0,1.0,1.0,3.0,1.0,1.0
1614,1.0,1.0,1.0,3.0,1.0,1.0,1.0,1.0,1.0,4.0,1.0,1.0
1615,1.0,1.0,1.0,3.0,1.0,1.0,1.0,1.0,1.0,3.0,1.0,1.0
1616,1.0,1.0,1.0,3.0,1.0,1.0,1.0,1.0,1.0,3.0,1.0,1.0
1617,1.0,1.0,1.0,3.0,1.0,1.0,1.0,1.0,1.0,3.0,1.0,1.0
1618,1.0,1.0,1.0,3.0,1.0,1.0,1.0,1.0,1.0,3.0,1.0,1.0
1619,1.0,1.0,1.0,3.0,1.0,1.0,1.0,1.0,1.0,5.0,2.0,1.0
1620,1.0,1.0,1.0,3.0,1.0,1.0,1.0,1.0,1.0,3.0,1.0,1.0
1621,1.0,1.0,1.0,3.0,1.0,1.0,1.0,1.0,1.0,3.0,1.0,1.0
1622,1.0,1.0,1.0,3.0,1.0,1.0,1.0,1.0,1.0,3.0,1.0,1.0
1623,1.0,1.0,1.0,3.0,1.0,1.0,1.0,1.0,1.0,5.0,2.0,1.0
1624,1.0,1.0,1.0,3.0,1.0,1.0,1.0,1.0,1.0,3.0,1.0,1.0
1625,1.0,1.0,1.0,3.0,1.0,1.0,1.0,1.0,1.0,3.0,1.0,1.0
1626,1.0,1.0,1.0,3.0,1.0,1.0,1.0,1.0,1.0,3.0,1.0,1.0
1627,1.0,1.0,1.0,3.0,1.0,1.0,1.0,1.0,1.0,3.0,1.0,1.0
1628,1.0,1.0,1.0,3.0,1.0,1.0,1.0,1.0,1.0,5.0,2.0,1.0
1629,1.0,1.0,1.0,3.0,1.0,1.0,1.0,1.0,1.0,3.0,1.0,1.0
1630,1.0,1.0,1.0,3.0,1.0,1.0,1.0,1.0,1.0,3.0,1.0,1.0
1631,1.0,1.0,1.0,3.0,1.0,1.0,1.0,1.0,1.0,4.0,1.0,1.0
1632,1.0,1.0,1.0,3.0,1.0,1.0,1.0,1.0,1.0,3.0,1.0,1.0
1633,1.0,1.0,1.0,3.0,1.0,1.0,1.0,1.0,1.0,3.0,1.0,1.0
1634,1.0,1.0,1.0,3.0,1.0,1.0,1.0,1.0,1.0,5.0,2.0,1.0
1635,1.0,1.0,1.0,3.0,1.0,1.0,1.0,1.0,1.0,3.0,1.0,1.0
1636,1.0,1.0,1.0,3.0,1.0,1.0,1.0,1.0,1.0,4.0,1.0,1.0
1637,1.0,1.0,1.0,3.0,1.0,1.0,1.0,1.0,1.0,3.0,1.0,1.0
1638,1.0,1.0,1.0,3.0,1.0,1.0,1.0,1.0,1.0,3.0,1.0,1.0
1639,1.0,1.0,1.0,3.0,1.0,1.0,1.0,1.0,1.0,5.0,2.0,1.0
1640,1.0,1.0,1.0,3.0,1.0,1.0,1.0,1.0,1.0,5.0,2.0,1.0
1641,1.0,1.0,1.0,3.0,1.0,1.0,1.0,1.0,1.0,4.0,1.0,1.0
1642,1.0,1.0,1.0,3.0,1.0,1.0,1.0,1.0,1.0,4.0,1.0,1.0
1643,1.0,1.0,1.0,3.0,1.0,1.0,1.0,1.0,1.0,3.0,1.0,1.0
1644,1.0,1.0,1.0,3.0,1.0,1.0,1.0,1.0,1.0,4.0,1.0,1.0
1645,1.0,1.0,1.0,3.0,1.0,1.0,1.0,1.0,1.0,5.0,2.0,1.0
1646,1.0,1.0,1.0,3.0,1.0,1.0,1.0,1.0,1.0,3.0,1.0,1.0
1647,1.0,1.0,1.0,3.0,1.0,1.0,1.0,1.0,1.0,3.0,1.0,1.0
1648,1.0,1.0,1.0,3.0,1.0,1.0,1.0,1.0,1.0,4.0,1.0,1.0
1649,1.0,1.0,1.0,3.0,1.0,1.0,1.0,1.0,1.0,4.0,1.0,1.0
1650,1.0,1.0,1.0,3.0,1.0,1.0,1.0,1.0,1.0,3.0,1.0,1.0
1651,1.0,1.0,1.0,3.0,1.0,1.0,1.0,1.0,1.0,3.0,1.0,1.0
1652,1.0,1.0,1.0,3.0,1.0,1.0,1.0,1.0,1.0,5.0,2.0,1.0
1653,1.0,1.0,1.0,3.0,1.0,1.0,1.0,1.0,1.0,4.0,1.0,1.0
1654,1.0,1.0,1.0,3.0,1.0,1.0,1.0,1.0,1.0,5.0,2.0,1.0
1655,1.0,1.0,1.0,3.0,1.0,1.0,1.0,1.0,1.0,3.0,1.0,1.0
1656,1.0,1.0,1.0,3.0,1.0,1.0,1.0,1.0,1.0,4.0,1.0,1.0
1657,1.0,1.0,1.0,3.0,1.0,1.0,1.0,1.0,1.0,5.0,2.0,1.0
1658,1.0,1.0,1.0,3.0,1.0,1.0,1.0,1.0,1.0,3.0,1.0,1.0
1659,1.0,1.0,1.0,3.0,1.0,1.0,1.0,1.0,1.0,5.0,2.0,1.0
1660,1.0,1.0,1.0,3.0,1.0,1.0,1.0,1.0,1.0,3.0,1.0,1.0
1661,1.0,1.0,1.0,3.0,1.0,1.0,1.0,1.0,1.0,5.0,2.0,1.0
1662,1.0,1.0,1.0,3.0,1.0,1.0,1.0,1.0,1.0,4.0,1.0,1.0
1663,1.0,1.0,1.0,3.0,1.0,1.0,1.0,1.0,1.0,3.0,1.0,1.0
1664,1.0,1.0,1.0,3.0,1.0,1.0,1.0,1.0,1.0,3.0,1.0,1.0
1665,1.0,1.0,1.0,3.0,1.0,1.0,1.0,1.0,1.0,4.0,1.0,1.0
1666,1.0,1.0,1.0,3.0,1.0,1.0,1.0,1.0,1.0,3.0,1.0,1.0
1667,1.0,1.0,1.0,3.0,1.0,1.0,1.0,1.0,1.0,3.0,1.0,1.0
1668,1.0,1.0,1.0,3.0,1.0,1.0,1.0,1.0,1.0,4.0,1.0,1.0
1669,1.0,1.0,1.0,3.0,1.0,1.0,1.0,1.0,1.0,5.0,2.0,1.0
1670,1.0,1.0,1.0,3.0,1.0,1.0,1.0,1.0,1.0,3.0,1.0,1.0
1671,1.0,1.0,1.0,3.0,1.0,1.0,1.0,1.0,1.0,3.0,1.0,1.0
1672,1.0,1.0,1.0,3.0,1.0,1.0,1.0,1.0,1.0,3.0,1.0,1.0
1673,1.0,1.0,1.0,3.0,1.0,1.0,1.0,1.0,1.0,5.0,2.0,1.0
1674,1.0,1.0,1.0,3.0,1.0,1.0,1.0,1.0,1.0,3.0,1.0,1.0
1675,1.0,1.0,1.0,3.0,1.0,1.0,1.0,1.0,1.0,3.0,1.0,1.0
1676,1.0,1.0,1.0,3.0,1.0,1.0,1.0,1.0,1.0,5.0,2.0,1.0
1677,1.0,1.0,1.0,3.0,1.0,1.0,1.0,1.0,1.0,3.0,1.0,1.0
1678,1.0,1.0,1.0,3.0,1.0,1.0,1.0,1.0,1.0,4.0,1.0,1.0
1679,1.0,1.0,1.0,3.0,1.0,1.0,1.0,1.0,1.0,4.0,1.0,1.0
1680,1.0,1.0,1.0,3.0,1.0,1.0,1.0,1.0,1.0,3.0,1.0,1.0
1681,1.0,1.0,1.0,3.0,1.0,1.0,1.0,1.0,1.0,3.0,1.0,1.0
1682,1.0,1.0,1.0,3.0,1.0,1.0,1.0,1.0,1.0,3.0,1.0,1.0
1683,1.0,1.0,1.0,3.0,1.0,1.0,1.0,1.0,1.0,4.0,1.0,1.0
1684,1.0,1.0,1.0,3.0,1.0,1.0,1.0,1.0,1.0,3.0,1.0,1.0
1685,1.0,1.0,1.0,3.0,1.0,1.0,1.0,1.0,1.0,5.0,2.0,1.0
1686,1.0,1.0,1.0,3.0,1.0,1.0,1.0,1.0,1.0,3.0,1.0,1.0
1687,1.0,1.0,1.0,3.0,1.0,1.0,1.0,1.0,1.0,3.0,1.0,1.0
1688,1.0,1.0,1.0,3.0,1.0,1.0,1.0,1.0,1.0,4.0,1.0,1.0
1689,1.0,1.0,1.0,3.0,1.0,1.0,1.0,1.0,1.0,3.0,1.0,1.0
1690,1.0,1.0,1.0,3.0,1.0,1.0,1.0,1.0,1.0,5.0,2.0,1.0
1691,1.0,1.0,1.0,3.0,1.0,1.0,1.0,1.0,1.0,3.0,1.0,1.0
1692,1.0,1.0,1.0,3.0,1.0,1.0,1.0,1.0,1.0,3.0,1.0,1.0
1693,1.0,1.0,1.0,3.0,1.0,1.0,1.0,1.0,1.0,3.0,1.0,1.0
1694,1.0,1.0,1.0,3.0,1.0,1.0,1.0,1.0,1.0,4.0,1.0,1.0
1695,1.0,1.0,1.0,3.0,1.0,1.0,1.0,1.0,1.0,5.0,2.0,1.0
1696,1.0,1.0,1.0,3.0,1.0,1.0,1.0,1.0,1.0,3.0,1.0,1.0
1697,1.0,1.0,1.0,3.0,1.0,1.0,1.0,1.0,1.0,3.0,1.0,1.0
1698,1.0,1.0,1.0,3.0,1.0,1.0,1.0,1.0,1.0,3.0,1.0,1.0
1699,1.0,1.0,1.0,3.0,1.0,1.0,1.0,1.0,1.0,3.0,1.0,1.0
1700,1.0,1.0,1.0,3.0,1.0,1.0,1.0,1.0,1.0,5.0,2.0,1.0
1701,1.0,1.0,1.0,3.0,1.0,1.0,1.0,1.0,1.0,3.0,1.0,1.0
1702,1.0,1.0,1.0,3.0,1.0,1.0,1.0,1.0,1.0,5.0,2.0,1.0
1703,1.0,1.0,1.0,3.0,1.0,1.0,1.0,1.0,1.0,4.0,1.0,1.0
1704,1.0,1.0,1.0,3.0,1.0,1.0,1.0,1.0,1.0,3.0,1.0,1.0
1705,1.0,1.0,1.0,3.0,1.0,1.0,1.0,1.0,1.0,4.0,1.0,1.0
1706,1.0,1.0,1.0,3.0,1.0,1.0,1.0,1.0,1.0,5.0,2.0,1.0
1707,1.0,1.0,1.0,3.0,1.0,1.0,1.0,1.0,1.0,4.0,1.0,1.0
1708,1.0,1.0,1.0,3.0,1.0,1.0,1.0,1.0,1.0,3.0,1.0,1.0
1709,1.0,1.0,1.0,3.0,1.0,1.0,1.0,1.0,1.0,3.0,1.0,1.0
1710,1.0,1.0,1.0,3.0,1.0,1.0,1.0,1.0,1.0,3.0,1.0,1.0
1711,1.0,1.0,1.0,3.0,1.0,1.0,1.0,1.0,1.0,3.0,1.0,1.0
1712,1.0,1.0,1.0,3.0,1.0,1.0,1.0,1.0,1.0,4.0,1.0,1.0
1713,1.0,1.0,1.0,3.0,1.0,1.0,1.0,1.0,1.0,5.0,2.0,1.0
1714,1.0,1.0,1.0,3.0,1.0,1.0,1.0,1.0,1.0,3.0,1.0,1.0
1715,1.0,1.0,1.0,3.0,1.0,1.0,1.0,1.0,1.0,5.0,2.0,1.0
1716,1.0,1.0,1.0,3.0,1.0,1.0,1.0,1.0,1.0,4.0,1.0,1.0
1717,1.0,1.0,1.0,3.0,1.0,1.0,1.0,1.0,1.0,3.0,1.0,1.0
1718,1.0,1.0,1.0,3.0,1.0,1.0,1.0,1.0,1.0,5.0,2.0,1.0
1719,1.0,1.0,1.0,3.0,1.0,1.0,1.0,1.0,1.0,5.0,2.0,1.0
1720,1.0,1.0,1.0,3.0,1.0,1.0,1.0,1.0,1.0,3.0,1.0,1.0
1721,1.0,1.0,1.0,3.0,1.0,1.0,1.0,1.0,1.0,3.0,1.0,1.0
1722,1.0,1.0,1.0,3.0,1.0,1.0,1.0,1.0,1.0,3.0,1.0,1.0
1723,1.0,1.0,1.0,3.0,1.0,1.0,1.0,1.0,1.0,3.0,1.0,1.0
1724,1.0,1.0,1.0,3.0,1.0,1.0,1.0,1.0,1.0,4.0,1.0,1.0
1725,1.0,1.0,1.0,3.0,1.0,1.0,1.0,1.0,1.0,5.0,2.0,1.0
1726,1.0,1.0,1.0,3.0,1.0,1.0,1.0,1.0,1.0,3.0,1.0,1.0
1727,1.0,1.0,1.0,3.0,1.0,1.0,1.0,1.0,1.0,5.0,2.0,1.0
1728,1.0,1.0,1.0,3.0,1.0,1.0,1.0,1.0,1.0,3.0,1.0,1.0
1729,1.0,1.0,1.0,3.0,1.0,1.0,1.0,1.0,1.0,3.0,1.0,1.0
1730,1.0,1.0,1.0,3.0,1.0,1.0,1.0,1.0,1.0,3.0,1.0,1.0
1731,1.0,1.0,1.0,3.0,1.0,1.0,1.0,1.0,1.0,5.0,2.0,1.0
1732,1.0,1.0,1.0,3.0,1.0,1.0,1.0,1.0,1.0,3.0,1.0,1.0
1733,1.0,1.0,1.0,3.0,1.0,1.0,1.0,1.0,1.0,3.0,1.0,1.0
1734,1.0,1.0,1.0,3.0,1.0,1.0,1.0,1.0,1.0,3.0,1.0,1.0
1735,1.0,1.0,1.0,3.0,1.0,1.0,1.0,1.0,1.0,5.0,2.0,1.0
1736,1.0,1.0,1.0,3.0,1.0,1.0,1.0,1.0,1.0,3.0,1.0,1.0
1737,1.0,1.0,1.0,3.0,1.0,1.0,1.0,1.0,1.0,5.0,2.0,1.0
1738,1.0,1.0,1.0,3.0,1.0,1.0,1.0,1.0,1.0,3.0,1.0,1.0
1739,1.0,1.0,1.0,3.0,1.0,1.0,1.0,1.0,1.0,3.0,1.0,1.0
1740,1.0,1.0,1.0,3.0,1.0,1.0,1.0,1.0,1.0,5.0,2.0,1.0
1741,1.0,1.0,1.0,3.0,1.0,1.0,1.0,1.0,1.0,3.0,1.0,1.0
1742,1.0,1.0,1.0,3.0,1.0,1.0,1.0,1.0,1.0,4.0,1.0,1.0
1743,1.0,1.0,1.0,3.0,1.0,1.0,1.0,1.0,1.0,3.0,1.0,1.0
1744,1.0,1.0,1.0,3.0,1.0,1.0,1.0,1.0,1.0,5.0,2.0,1.0
1745,1.0,1.0,1.0,3.0,1.0,1.0,1.0,1.0,1.0,5.0,2.0,1.0
1746,1.0,1.0,1.0,3.0,1.0,1.0,1.0,1.0,1.0,3.0,1.0,1.0
1747,1.0,1.0,1.0,3.0,1.0,1.0,1.0,1.0,1.0,3.0,1.0,1.0
1748,1.0,1.0,1.0,3.0,1.0,1.0,1.0,1.0,1.0,3.0,1.0,1.0
1749,1.0,1.0,1.0,3.0,1.0,1.0,1.0,1.0,1.0,3.0,1.0,1.0
1750,1.0,1.0,1.0,3.0,1.0,1.0,1.0,1.0,1.0,3.0,1.0,1.0
1751,1.0,1.0,1.0,3.0,1.0,1.0,1.0,1.0,1.0,5.0,2.0,1.0
1752,1.0,1.0,1.0,3.0,1.0,1.0,1.0,1.0,1.0,4.0,1.0,1.0
1753,1.0,1.0,1.0,3.0,1.0,1.0,1.0,1.0,1.0,3.0,1.0,1.0
1754,1.0,1.0,1.0,3.0,1.0,1.0,1.0,1.0,1.0,5.0,2.0,1.0
1755,1.0,1.0,1.0,3.0,1.0,1.0,1.0,1.0,1.0,4.0,1.0,1.0
1756,1.0,1.0,1.0,3.0,1.0,1.0,1.0,1.0,1.0,3.0,1.0,1.0
1757,1.0,1.0,1.0,3.0,1.0,1.0,1.0,1.0,1.0,3.0,1.0,1.0
1758,1.0,1.0,1.0,3.0,1.0,1.0,1.0,1.0,1.0,4.0,1.0,1.0
1759,1.0,1.0,1.0,3.0,1.0,1.0,1.0,1.0,1.0,3.0,1.0,1.0
1760,1.0,1.0,1.0,3.0,1.0,1.0,1.0,1.0,1.0,5.0,2.0,1.0
1761,1.0,1.0,1.0,3.0,1.0,1.0,1.0,1.0,1.0,3.0,1.0,1.0
1762,1.0,1.0,1.0,3.0,1.0,1.0,1.0,1.0,1.0,3.0,1.0,1.0
1763,1.0,1.0,1.0,3.0,1.0,1.0,1.0,1.0,1.0,4.0,1.0,1.0
1764,1.0,1.0,1.0,3.0,1.0,1.0,1.0,1.0,1.0,5.0,2.0,1.0
1765,1.0,1.0,1.0,3.0,1.0,1.0,1.0,1.0,1.0,5.0,2.0,1.0
1766,1.0,1.0,1.0,3.0,1.0,1.0,1.0,1.0,1.0,3.0,1.0,1.0
1767,1.0,1.0,1.0,3.0,1.0,1.0,1.0,1.0,1.0,3.0,1.0,1.0
1768,1.0,1.0,1.0,3.0,1.0,1.0,1.0,1.0,1.0,5.0,2.0,1.0
1769,1.0,1.0,1.0,3.0,1.0,1.0,1.0,1.0,1.0,4.0,1.0,1.0
1770,1.0,1.0,1.0,3.0,1.0,1.0,1.0,1.0,1.0,3.0,1.0,1.0
1771,1.0,1.0,1.0,3.0,1.0,1.0,1.0,1.0,1.0,3.0,1.0,1.0
1772,1.0,1.0,1.0,3.0,1.0,1.0,1.0,1.0,1.0,3.0,1.0,1.0
1773,1.0,1.0,1.0,3.0,1.0,1.0,1.0,1.0,1.0,4.0,1.0,1.0
1774,1.0,1.0,1.0,3.0,1.0,1.0,1.0,1.0,1.0,3.0,1.0,1.0
1775,1.0,1.0,1.0,3.0,1.0,1.0,1.0,1.0,1.0,3.0,1.0,1.0
1776,1.0,1.0,1.0,3.0,1.0,1.0,1.0,1.0,1.0,5.0,2.0,1.0
1777,1.0,1.0,1.0,3.0,1.0,1.0,1.0,1.0,1.0,3.0,1.0,1.0
1778,1.0,1.0,1.0,3.0,1.0,1.0,1.0,1.0,1.0,3.0,1.0,1.0
1779,1.0,1.0,1.0,3.0,1.0,1.0,1.0,1.0,1.0,4.0,1.0,1.0
1780,1.0,1.0,1.0,3.0,1.0,1.0,1.0,1.0,1.0,3.0,1.0,1.0
1781,1.0,1.0,1.0,3.0,1.0,1.0,1.0,1.0,1.0,5.0,2.0,1.0
1782,1.0,1.0,1.0,3.0,1.0,1.0,1.0,1.0,1.0,5.0,2.0,1.0
1783,1.0,1.0,1.0,3.0,1.0,1.0,1.0,1.0,1.0,5.0,2.0,1.0
1784,1.0,1.0,1.0,3.0,1.0,1.0,1.0,1.0,1.0,3.0,1.0,1.0
1785,1.0,1.0,1.0,3.0,1.0,1.0,1.0,1.0,1.0,3.0,1.0,1.0
1786,1.0,1.0,1.0,3.0,1.0,1.0,1.0,1.0,1.0,4.0,1.0,1.0
1787,1.0,1.0,1.0,3.0,1.0,1.0,1.0,1.0,1.0,5.0,2.0,1.0
1788,1.0,1.0,1.0,3.0,1.0,1.0,1.0,1.0,1.0,5.0,2.0,1.0
1789,1.0,1.0,1.0,3.0,1.0,1.0,1.0,1.0,1.0,5.0,2.0,1.0
1790,1.0,1.0,1.0,3.0,1.0,1.0,1.0,1.0,1.0,4.0,1.0,1.0
1791,1.0,1.0,1.0,3.0,1.0,1.0,1.0,1.0,1.0,3.0,1.0,1.0
1792,1.0,1.0,1.0,3.0,1.0,1.0,1.0,1.0,1.0,3.0,1.0,1.0
1793,1.0,1.0,1.0,3.0,1.0,1.0,1.0,1.0,1.0,3.0,1.0,1.0
1794,1.0,1.0,1.0,3.0,1.0,1.0,1.0,1.0,1.0,3.0,1.0,1.0
1795,1.0,1.0,1.0,3.0,1.0,1.0,1.0,1.0,1.0,3.0,1.0,1.0
1796,1.0,1.0,1.0,3.0,1.0,1.0,1.0,1.0,1.0,4.0,1.0,1.0
1797,1.0,1.0,1.0,3.0,1.0,1.0,1.0,1.0,1.0,3.0,1.0,1.0
1798,1.0,1.0,1.0,3.0,1.0,1.0,1.0,1.0,1.0,3.0,1.0,1.0
1799,1.0,1.0,1.0,3.0,1.0,1.0,1.0,1.0,1.0,3.0,1.0,1.0
1800,1.0,1.0,1.0,3.0,1.0,1.0,1.0,1.0,1.0,5.0,2.0,1.0
1801,1.0,1.0,1.0,3.0,1.0,1.0,1.0,1.0,1.0,4.0,1.0,1.0
1802,1.0,1.0,1.0,3.0,1.0,1.0,1.0,1.0,1.0,5.0,2.0,1.0
1803,1.0,1.0,1.0,3.0,1.0,1.0,1.0,1.0,1.0,4.0,1.0,1.0
1804,1.0,1.0,1.0,3.0,1.0,1.0,1.0,1.0,1.0,3.0,1.0,1.0
1805,1.0,1.0,1.0,3.0,1.0,1.0,1.0,1.0,1.0,3.0,1.0,1.0
1806,1.0,1.0,1.0,3.0,1.0,1.0,1.0,1.0,1.0,5.0,2.0,1.0
1807,1.0,1.0,1.0,3.0,1.0,1.0,1.0,1.0,1.0,5.0,2.0,1.0
1808,1.0,1.0,1.0,3.0,1.0,1.0,1.0,1.0,1.0,3.0,1.0,1.0
1809,1.0,1.0,1.0,3.0,1.0,1.0,1.0,1.0,1.0,4.0,1.0,1.0
1810,1.0,1.0,1.0,3.0,1.0,1.0,1.0,1.0,1.0,4.0,1.0,1.0
1811,1.0,1.0,1.0,3.0,1.0,1.0,1.0,1.0,1.0,5.0,2.0,1.0
1812,1.0,1.0,1.0,3.0,1.0,1.0,1.0,1.0,1.0,3.0,1.0,1.0
1813,1.0,1.0,1.0,3.0,1.0,1.0,1.0,1.0,1.0,3.0,1.0,1.0
1814,1.0,1.0,1.0,3.0,1.0,1.0,1.0,1.0,1.0,3.0,1.0,1.0
1815,1.0,1.0,1.0,3.0,1.0,1.0,1.0,1.0,1.0,5.0,2.0,1.0
1816,1.0,1.0,1.0,3.0,1.0,1.0,1.0,1.0,1.0,5.0,2.0,1.0
1817,1.0,1.0,1.0,3.0,1.0,1.0,1.0,1.0,1.0,4.0,1.0,1.0
1818,1.0,1.0,1.0,3.0,1.0,1.0,1.0,1.0,1.0,4.0,1.0,1.0
1819,1.0,1.0,1.0,3.0,1.0,1.0,1.0,1.0,1.0,4.0,1.0,1.0
1820,1.0,1.0,1.0,3.0,1.0,1.0,1.0,1.0,1.0,5.0,2.0,1.0
1821,1.0,1.0,1.0,3.0,1.0,1.0,1.0,1.0,1.0,5.0,2.0,1.0
1822,1.0,1.0,1.0,3.0,1.0,1.0,1.0,1.0,1.0,4.0,1.0,1.0
1823,1.0,1.0,1.0,3.0,1.0,1.0,1.0,1.0,1.0,3.0,1.0,1.0
1824,1.0,1.0,1.0,3.0,1.0,1.0,1.0,1.0,1.0,4.0,1.0,1.0
1825,1.0,1.0,1.0,3.0,1.0,1.0,1.0,1.0,1.0,5.0,2.0,1.0
1826,1.0,1.0,1.0,3.0,1.0,1.0,1.0,1.0,1.0,4.0,1.0,1.0
1827,1.0,1.0,1.0,3.0,1.0,1.0,1.0,1.0,1.0,4.0,1.0,1.0
1828,1.0,1.0,1.0,3.0,1.0,1.0,1.0,1.0,1.0,5.0,2.0,1.0
1829,1.0,1.0,1.0,3.0,1.0,1.0,1.0,1.0,1.0,4.0,1.0,1.0
1830,1.0,1.0,1.0,3.0,1.0,1.0,1.0,1.0,1.0,5.0,2.0,1.0
1831,1.0,1.0,1.0,3.0,1.0,1.0,1.0,1.0,1.0,4.0,1.0,1.0
1832,1.0,1.0,1.0,3.0,1.0,1.0,1.0,1.0,1.0,3.0,1.0,1.0
1833,1.0,1.0,1.0,3.0,1.0,1.0,1.0,1.0,1.0,5.0,2.0,1.0
1834,1.0,1.0,1.0,3.0,1.0,1.0,1.0,1.0,1.0,4.0,1.0,1.0
1835,1.0,1.0,1.0,3.0,1.0,1.0,1.0,1.0,1.0,5.0,2.0,1.0
1836,1.0,1.0,1.0,3.0,1.0,1.0,1.0,1.0,1.0,4.0,1.0,1.0
1837,1.0,1.0,1.0,3.0,1.0,1.0,1.0,1.0,1.0,5.0,2.0,1.0
1838,1.0,1.0,1.0,3.0,1.0,1.0,1.0,1.0,1.0,3.0,1.0,1.0
1839,1.0,1.0,1.0,3.0,1.0,1.0,1.0,1.0,1.0,3.0,1.0,1.0
1840,1.0,1.0,1.0,3.0,1.0,1.0,1.0,1.0,1.0,5.0,2.0,1.0
1841,1.0,1.0,1.0,3.0,1.0,1.0,1.0,1.0,1.0,3.0,1.0,1.0
1842,1.0,1.0,1.0,3.0,1.0,1.0,1.0,1.0,1.0,3.0,1.0,1.0
1843,1.0,1.0,1.0,3.0,1.0,1.0,1.0,1.0,1.0,3.0,1.0,1.0
1844,1.0,1.0,1.0,3.0,1.0,1.0,1.0,1.0,1.0,3.0,1.0,1.0
1845,1.0,1.0,1.0,3.0,1.0,1.0,1.0,1.0,1.0,5.0,2.0,1.0
1846,1.0,1.0,1.0,3.0,1.0,1.0,1.0,1.0,1.0,5.0,2.0,1.0
1847,1.0,1.0,1.0,3.0,1.0,1.0,1.0,1.0,1.0,3.0,1.0,1.0
1848,1.0,1.0,1.0,3.0,1.0,1.0,1.0,1.0,1.0,4.0,1.0,1.0
1849,1.0,1.0,1.0,3.0,1.0,1.0,1.0,1.0,1.0,4.0,1.0,1.0
1850,1.0,1.0,1.0,3.0,1.0,1.0,1.0,1.0,1.0,5.0,2.0,1.0
1851,1.0,1.0,1.0,3.0,1.0,1.0,1.0,1.0,1.0,5.0,2.0,1.0
1852,1.0,1.0,1.0,3.0,1.0,1.0,1.0,1.0,1.0,4.0,1.0,1.0
1853,1.0,1.0,1.0,3.0,1.0,1.0,1.0,1.0,1.0,3.0,1.0,1.0
1854,1.0,1.0,1.0,3.0,1.0,1.0,1.0,1.0,1.0,4.0,1.0,1.0
1855,1.0,1.0,1.0,3.0,1.0,1.0,1.0,1.0,1.0,3.0,1.0,1.0
1856,1.0,1.0,1.0,3.0,1.0,1.0,1.0,1.0,1.0,3.0,1.0,1.0
1857,1.0,1.0,1.0,3.0,1.0,1.0,1.0,1.0,1.0,4.0,1.0,1.0
1858,1.0,1.0,1.0,3.0,1.0,1.0,1.0,1.0,1.0,5.0,2.0,1.0
1859,1.0,1.0,1.0,3.0,1.0,1.0,1.0,1.0,1.0,3.0,1.0,1.0
1860,1.0,1.0,1.0,3.0,1.0,1.0,1.0,1.0,1.0,5.0,2.0,1.0
1861,1.0,1.0,1.0,3.0,1.0,1.0,1.0,1.0,1.0,3.0,1.0,1.0
1862,1.0,1.0,1.0,3.0,1.0,1.0,1.0,1.0,1.0,4.0,1.0,1.0
1863,1.0,1.0,1.0,3.0,1.0,1.0,1.0,1.0,1.0,5.0,2.0,1.0
1864,1.0,1.0,1.0,3.0,1.0,1.0,1.0,1.0,1.0,3.0,1.0,1.0
1865,1.0,1.0,1.0,3.0,1.0,1.0,1.0,1.0,1.0,5.0,2.0,1.0
1866,1.0,1.0,1.0,3.0,1.0,1.0,1.0,1.0,1.0,4.0,1.0,1.0
1867,1.0,1.0,1.0,3.0,1.0,1.0,1.0,1.0,1.0,4.0,1.0,1.0
1868,1.0,1.0,1.0,5.0,1.0,1.0,1.0,1.0,1.0,3.0,1.0,1.0
1869,1.0,1.0,1.0,5.0,1.0,1.0,1.0,1.0,1.0,3.0,1.0,1.0
1870,1.0,1.0,1.0,3.0,1.0,1.0,1.0,1.0,1.0,5.0,2.0,1.0
1871,1.0,1.0,1.0,3.0,1.0,1.0,1.0,1.0,1.0,5.0,2.0,1.0
1872,1.0,1.0,1.0,3.0,1.0,1.0,1.0,1.0,1.0,3.0,1.0,1.0
1873,1.0,1.0,1.0,3.0,1.0,1.0,1.0,1.0,1.0,3.0,1.0,1.0
1874,1.0,1.0,1.0,3.0,1.0,1.0,1.0,1.0,1.0,3.0,1.0,1.0
1875,1.0,1.0,1.0,3.0,1.0,1.0,1.0,1.0,1.0,3.0,1.0,1.0
1876,1.0,1.0,1.0,3.0,1.0,1.0,1.0,1.0,1.0,3.0,1.0,1.0
1877,1.0,1.0,1.0,3.0,1.0,1.0,1.0,1.0,1.0,3.0,1.0,1.0
1878,1.0,1.0,1.0,3.0,1.0,1.0,1.0,1.0,1.0,5.0,2.0,1.0
1879,1.0,1.0,1.0,3.0,1.0,1.0,1.0,1.0,1.0,3.0,1.0,1.0
1880,1.0,1.0,1.0,3.0,1.0,1.0,1.0,1.0,1.0,3.0,1.0,1.0
1881,1.0,1.0,1.0,3.0,1.0,1.0,1.0,1.0,1.0,4.0,1.0,1.0
1882,1.0,1.0,1.0,3.0,1.0,1.0,1.0,1.0,1.0,3.0,1.0,1.0
1883,1.0,1.0,1.0,3.0,1.0,1.0,1.0,1.0,1.0,4.0,1.0,1.0
1884,1.0,1.0,1.0,3.0,1.0,1.0,1.0,1.0,1.0,3.0,1.0,1.0
1885,1.0,1.0,1.0,3.0,1.0,1.0,1.0,1.0,1.0,5.0,2.0,1.0
1886,1.0,1.0,1.0,3.0,1.0,1.0,1.0,1.0,1.0,3.0,1.0,1.0
1887,1.0,1.0,1.0,3.0,1.0,1.0,1.0,1.0,1.0,4.0,1.0,1.0
1888,1.0,1.0,1.0,3.0,1.0,1.0,1.0,1.0,1.0,5.0,2.0,1.0
1889,1.0,1.0,1.0,3.0,1.0,1.0,1.0,1.0,1.0,5.0,2.0,1.0
1890,1.0,1.0,1.0,3.0,1.0,1.0,1.0,1.0,1.0,5.0,2.0,1.0
1891,1.0,1.0,1.0,3.0,1.0,1.0,1.0,1.0,1.0,3.0,1.0,1.0
1892,1.0,1.0,1.0,3.0,1.0,1.0,1.0,1.0,1.0,3.0,1.0,1.0
1893,1.0,1.0,1.0,3.0,1.0,1.0,1.0,1.0,1.0,3.0,1.0,1.0
1894,1.0,1.0,1.0,3.0,1.0,1.0,1.0,1.0,1.0,3.0,1.0,1.0
1895,1.0,1.0,1.0,3.0,1.0,1.0,1.0,1.0,1.0,3.0,1.0,1.0
1896,1.0,1.0,1.0,3.0,1.0,1.0,1.0,1.0,1.0,3.0,1.0,1.0
1897,1.0,1.0,1.0,3.0,1.0,1.0,1.0,1.0,1.0,3.0,1.0,1.0
1898,1.0,1.0,1.0,3.0,1.0,1.0,1.0,1.0,1.0,3.0,1.0,1.0
1899,1.0,1.0,1.0,3.0,1.0,1.0,1.0,1.0,1.0,4.0,1.0,1.0
1900,1.0,1.0,1.0,3.0,1.0,1.0,1.0,1.0,1.0,4.0,1.0,1.0
1901,1.0,1.0,1.0,3.0,1.0,1.0,1.0,1.0,1.0,5.0,2.0,1.0
1902,1.0,1.0,1.0,3.0,1.0,1.0,1.0,1.0,1.0,5.0,2.0,1.0
1903,1.0,1.0,1.0,3.0,1.0,1.0,1.0,1.0,1.0,5.0,2.0,1.0
1904,1.0,1.0,1.0,3.0,1.0,1.0,1.0,1.0,1.0,5.0,2.0,1.0
1905,1.0,1.0,1.0,3.0,1.0,1.0,1.0,1.0,1.0,3.0,1.0,1.0
1906,1.0,1.0,1.0,3.0,1.0,1.0,1.0,1.0,1.0,5.0,2.0,1.0
1907,1.0,1.0,1.0,3.0,1.0,1.0,1.0,1.0,1.0,5.0,2.0,1.0
1908,1.0,1.0,1.0,3.0,1.0,1.0,1.0,1.0,1.0,5.0,2.0,1.0
1909,1.0,1.0,1.0,3.0,1.0,1.0,1.0,1.0,1.0,5.0,2.0,1.0
1910,1.0,1.0,1.0,3.0,1.0,1.0,1.0,1.0,1.0,5.0,2.0,1.0
1911,1.0,1.0,1.0,3.0,1.0,1.0,1.0,1.0,1.0,4.0,1.0,1.0
1912,1.0,1.0,1.0,3.0,1.0,1.0,1.0,1.0,1.0,5.0,2.0,1.0
1913,1.0,1.0,1.0,3.0,1.0,1.0,1.0,1.0,1.0,5.0,2.0,1.0
1914,1.0,1.0,1.0,3.0,1.0,1.0,1.0,1.0,1.0,4.0,1.0,1.0
1915,1.0,1.0,1.0,3.0,1.0,1.0,1.0,1.0,1.0,5.0,2.0,1.0
1916,1.0,1.0,1.0,3.0,1.0,1.0,1.0,1.0,1.0,3.0,1.0,1.0
1917,1.0,1.0,1.0,3.0,1.0,1.0,1.0,1.0,1.0,3.0,1.0,1.0
1918,1.0,1.0,1.0,3.0,1.0,1.0,1.0,1.0,1.0,3.0,1.0,1.0
1919,1.0,1.0,1.0,3.0,1.0,1.0,1.0,1.0,1.0,5.0,2.0,1.0
1920,1.0,1.0,1.0,3.0,1.0,1.0,1.0,1.0,1.0,5.0,2.0,1.0
1921,1.0,1.0,1.0,3.0,1.0,1.0,1.0,1.0,1.0,4.0,1.0,1.0
1922,1.0,1.0,1.0,3.0,1.0,1.0,1.0,1.0,1.0,3.0,1.0,1.0
1923,1.0,1.0,1.0,3.0,1.0,1.0,1.0,1.0,1.0,5.0,2.0,1.0
1924,1.0,1.0,1.0,3.0,1.0,1.0,1.0,1.0,1.0,4.0,1.0,1.0
1925,1.0,1.0,1.0,3.0,1.0,1.0,1.0,1.0,1.0,3.0,1.0,1.0
1926,1.0,1.0,1.0,3.0,1.0,1.0,1.0,1.0,1.0,3.0,1.0,1.0
1927,1.0,1.0,1.0,3.0,1.0,1.0,1.0,1.0,1.0,4.0,1.0,1.0
1928,1.0,1.0,1.0,3.0,1.0,1.0,1.0,1.0,1.0,3.0,1.0,1.0
1929,1.0,1.0,1.0,3.0,1.0,1.0,1.0,1.0,1.0,5.0,2.0,1.0
1930,1.0,1.0,1.0,3.0,1.0,1.0,1.0,1.0,1.0,3.0,1.0,1.0
1931,1.0,1.0,1.0,3.0,1.0,1.0,1.0,1.0,1.0,3.0,1.0,1.0
1932,1.0,1.0,1.0,3.0,1.0,1.0,1.0,1.0,1.0,5.0,2.0,1.0
1933,1.0,1.0,1.0,3.0,1.0,1.0,1.0,1.0,1.0,3.0,1.0,1.0
1934,1.0,1.0,1.0,3.0,1.0,1.0,1.0,1.0,1.0,5.0,2.0,1.0
1935,1.0,1.0,1.0,3.0,1.0,1.0,1.0,1.0,1.0,3.0,1.0,1.0
1936,1.0,1.0,1.0,3.0,1.0,1.0,1.0,1.0,1.0,5.0,2.0,1.0
1937,1.0,1.0,1.0,3.0,1.0,1.0,1.0,1.0,1.0,3.0,1.0,1.0
1938,1.0,1.0,1.0,3.0,1.0,1.0,1.0,1.0,1.0,3.0,1.0,1.0
1939,1.0,1.0,1.0,3.0,1.0,1.0,1.0,1.0,1.0,3.0,1.0,1.0
1940,1.0,1.0,1.0,3.0,1.0,1.0,1.0,1.0,1.0,4.0,1.0,1.0
1941,1.0,1.0,1.0,3.0,1.0,1.0,1.0,1.0,1.0,3.0,1.0,1.0
1942,1.0,1.0,1.0,3.0,1.0,1.0,1.0,1.0,1.0,3.0,1.0,1.0
1943,1.0,1.0,1.0,3.0,1.0,1.0,1.0,1.0,1.0,5.0,2.0,1.0
1944,1.0,1.0,1.0,3.0,1.0,1.0,1.0,1.0,1.0,3.0,1.0,1.0
1945,1.0,1.0,1.0,3.0,1.0,1.0,1.0,1.0,1.0,4.0,1.0,1.0
1946,1.0,1.0,1.0,3.0,1.0,1.0,1.0,1.0,1.0,3.0,1.0,1.0
1947,1.0,1.0,1.0,3.0,1.0,1.0,1.0,1.0,1.0,4.0,1.0,1.0
1948,1.0,1.0,1.0,3.0,1.0,1.0,1.0,1.0,1.0,3.0,1.0,1.0
1949,1.0,1.0,1.0,3.0,1.0,1.0,1.0,1.0,1.0,3.0,1.0,1.0
1950,1.0,1.0,1.0,3.0,1.0,1.0,1.0,1.0,1.0,3.0,1.0,1.0
1951,1.0,1.0,1.0,3.0,1.0,1.0,1.0,1.0,1.0,5.0,2.0,1.0
1952,1.0,1.0,1.0,3.0,1.0,1.0,1.0,1.0,1.0,5.0,2.0,1.0
1953,1.0,1.0,1.0,3.0,1.0,1.0,1.0,1.0,1.0,5.0,2.0,1.0
1954,1.0,1.0,1.0,3.0,1.0,1.0,1.0,1.0,1.0,4.0,1.0,1.0
1955,1.0,1.0,1.0,3.0,1.0,1.0,1.0,1.0,1.0,4.0,1.0,1.0
1956,1.0,1.0,1.0,3.0,1.0,1.0,1.0,1.0,1.0,3.0,1.0,1.0
1957,1.0,1.0,1.0,3.0,1.0,1.0,1.0,1.0,1.0,4.0,1.0,1.0
1958,1.0,1.0,1.0,3.0,1.0,1.0,1.0,1.0,1.0,3.0,1.0,1.0
1959,1.0,1.0,1.0,3.0,1.0,1.0,1.0,1.0,1.0,5.0,2.0,1.0
1960,1.0,1.0,1.0,3.0,1.0,1.0,1.0,1.0,1.0,4.0,1.0,1.0
1961,1.0,1.0,1.0,3.0,1.0,1.0,1.0,1.0,1.0,5.0,2.0,1.0
1962,1.0,1.0,1.0,3.0,1.0,1.0,1.0,1.0,1.0,3.0,1.0,1.0
1963,1.0,1.0,1.0,3.0,1.0,1.0,1.0,1.0,1.0,3.0,1.0,1.0
1964,1.0,1.0,1.0,3.0,1.0,1.0,1.0,1.0,1.0,3.0,1.0,1.0
1965,1.0,1.0,1.0,3.0,1.0,1.0,1.0,1.0,1.0,3.0,1.0,1.0
1966,1.0,1.0,1.0,3.0,1.0,1.0,1.0,1.0,1.0,5.0,2.0,1.0
1967,1.0,1.0,1.0,3.0,1.0,1.0,1.0,1.0,1.0,3.0,1.0,1.0
1968,1.0,1.0,1.0,3.0,1.0,1.0,1.0,1.0,1.0,3.0,1.0,1.0
1969,1.0,1.0,1.0,3.0,1.0,1.0,1.0,1.0,1.0,3.0,1.0,1.0
1970,1.0,1.0,1.0,3.0,1.0,1.0,1.0,1.0,1.0,5.0,2.0,1.0
1971,1.0,1.0,1.0,3.0,1.0,1.0,1.0,1.0,1.0,3.0,1.0,1.0
1972,1.0,1.0,1.0,3.0,1.0,1.0,1.0,1.0,1.0,3.0,1.0,1.0
1973,1.0,1.0,1.0,3.0,1.0,1.0,1.0,1.0,1.0,5.0,2.0,1.0
1974,1.0,1.0,1.0,3.0,1.0,1.0,1.0,1.0,1.0,4.0,1.0,1.0
1975,1.0,1.0,1.0,3.0,1.0,1.0,1.0,1.0,1.0,5.0,2.0,1.0
1976,1.0,1.0,1.0,3.0,1.0,1.0,1.0,1.0,1.0,4.0,1.0,1.0
1977,1.0,1.0,1.0,3.0,1.0,1.0,1.0,1.0,1.0,3.0,1.0,1.0
1978,1.0,1.0,1.0,3.0,1.0,1.0,1.0,1.0,1.0,5.0,2.0,1.0
1979,1.0,1.0,1.0,3.0,1.0,1.0,1.0,1.0,1.0,4.0,1.0,1.0
1980,1.0,1.0,1.0,3.0,1.0,1.0,1.0,1.0,1.0,3.0,1.0,1.0
1981,1.0,1.0,1.0,3.0,1.0,1.0,1.0,1.0,1.0,4.0,1.0,1.0
1982,1.0,1.0,1.0,3.0,1.0,1.0,1.0,1.0,1.0,5.0,2.0,1.0
1983,1.0,1.0,1.0,3.0,1.0,1.0,1.0,1.0,1.0,3.0,1.0,1.0
1984,1.0,1.0,1.0,3.0,1.0,1.0,1.0,1.0,1.0,5.0,2.0,1.0
1985,1.0,1.0,1.0,3.0,1.0,1.0,1.0,1.0,1.0,3.0,1.0,1.0
1986,1.0,1.0,1.0,3.0,1.0,1.0,1.0,1.0,1.0,4.0,1.0,1.0
1987,1.0,1.0,1.0,3.0,1.0,1.0,1.0,1.0,1.0,4.0,1.0,1.0
1988,1.0,1.0,1.0,3.0,1.0,1.0,1.0,1.0,1.0,3.0,1.0,1.0
1989,1.0,1.0,1.0,3.0,1.0,1.0,1.0,1.0,1.0,5.0,2.0,1.0
1990,1.0,1.0,1.0,3.0,1.0,1.0,1.0,1.0,1.0,3.0,1.0,1.0
1991,1.0,1.0,1.0,3.0,1.0,1.0,1.0,1.0,1.0,3.0,1.0,1.0
1992,1.0,1.0,1.0,3.0,1.0,1.0,1.0,1.0,1.0,4.0,1.0,1.0
1993,1.0,1.0,1.0,3.0,1.0,1.0,1.0,1.0,1.0,5.0,2.0,1.0
1994,1.0,1.0,1.0,3.0,1.0,1.0,1.0,1.0,1.0,3.0,1.0,1.0
1995,1.0,1.0,1.0,3.0,1.0,1.0,1.0,1.0,1.0,3.0,1.0,1.0
1996,1.0,1.0,1.0,3.0,1.0,1.0,1.0,1.0,1.0,3.0,1.0,1.0
1997,1.0,1.0,1.0,3.0,1.0,1.0,1.0,1.0,1.0,3.0,1.0,1.0
1998,1.0,1.0,1.0,3.0,1.0,1.0,1.0,1.0,1.0,3.0,1.0,1.0
1999,1.0,1.0,1.0,3.0,1.0,1.0,1.0,1.0,1.0,3.0,1.0,1.0
2000,1.0,1.0,1.0,3.0,1.0,1.0,1.0,1.0,1.0,5.0,2.0,1.0
2001,1.0,1.0,1.0,3.0,1.0,1.0,1.0,1.0,1.0,3.0,1.0,1.0
2002,1.0,1.0,1.0,3.0,1.0,1.0,1.0,1.0,1.0,5.0,2.0,1.0
2003,1.0,1.0,1.0,3.0,1.0,1.0,1.0,1.0,1.0,5.0,2.0,1.0
2004,1.0,1.0,1.0,3.0,1.0,1.0,1.0,1.0,1.0,4.0,1.0,1.0
2005,1.0,1.0,1.0,3.0,1.0,1.0,1.0,1.0,1.0,4.0,1.0,1.0
2006,1.0,1.0,1.0,3.0,1.0,1.0,1.0,1.0,1.0,5.0,2.0,1.0
2007,1.0,1.0,1.0,3.0,1.0,1.0,1.0,1.0,1.0,5.0,2.0,1.0
2008,1.0,1.0,1.0,3.0,1.0,1.0,1.0,1.0,1.0,3.0,1.0,1.0
2009,1.0,1.0,1.0,3.0,1.0,1.0,1.0,1.0,1.0,4.0,1.0,1.0
2010,1.0,1.0,1.0,3.0,1.0,1.0,1.0,1.0,1.0,3.0,1.0,1.0
2011,1.0,1.0,1.0,3.0,1.0,1.0,1.0,1.0,1.0,5.0,2.0,1.0
2012,1.0,1.0,1.0,3.0,1.0,1.0,1.0,1.0,1.0,3.0,1.0,1.0
2013,1.0,1.0,1.0,3.0,1.0,1.0,1.0,1.0,1.0,3.0,1.0,1.0
2014,1.0,1.0,1.0,3.0,1.0,1.0,1.0,1.0,1.0,5.0,2.0,1.0
2015,1.0,1.0,1.0,3.0,1.0,1.0,1.0,1.0,1.0,5.0,2.0,1.0
2016,1.0,1.0,1.0,3.0,1.0,1.0,1.0,1.0,1.0,4.0,1.0,1.0
2017,1.0,1.0,1.0,3.0,1.0,1.0,1.0,1.0,1.0,3.0,1.0,1.0
2018,1.0,1.0,1.0,3.0,1.0,1.0,1.0,1.0,1.0,3.0,1.0,1.0
2019,1.0,1.0,1.0,3.0,1.0,1.0,1.0,1.0,1.0,4.0,1.0,1.0
2020,1.0,1.0,1.0,3.0,1.0,1.0,1.0,1.0,1.0,3.0,1.0,1.0
2021,1.0,1.0,1.0,3.0,1.0,1.0,1.0,1.0,1.0,4.0,1.0,1.0
2022,1.0,1.0,1.0,3.0,1.0,1.0,1.0,1.0,1.0,3.0,1.0,1.0
2023,1.0,1.0,1.0,3.0,1.0,1.0,1.0,1.0,1.0,3.0,1.0,1.0
2024,1.0,1.0,1.0,3.0,1.0,1.0,1.0,1.0,1.0,5.0,2.0,1.0
2025,1.0,1.0,1.0,3.0,1.0,1.0,1.0,1.0,1.0,5.0,2.0,1.0
2026,1.0,1.0,1.0,3.0,1.0,1.0,1.0,1.0,1.0,3.0,1.0,1.0
2027,1.0,1.0,1.0,3.0,1.0,1.0,1.0,1.0,1.0,3.0,1.0,1.0
2028,1.0,1.0,1.0,3.0,1.0,1.0,1.0,1.0,1.0,3.0,1.0,1.0
2029,1.0,1.0,1.0,3.0,1.0,1.0,1.0,1.0,1.0,3.0,1.0,1.0
2030,1.0,1.0,1.0,3.0,1.0,1.0,1.0,1.0,1.0,3.0,1.0,1.0
2031,1.0,1.0,1.0,3.0,1.0,1.0,1.0,1.0,1.0,5.0,2.0,1.0
2032,1.0,1.0,1.0,3.0,1.0,1.0,1.0,1.0,1.0,5.0,2.0,1.0
2033,1.0,1.0,1.0,3.0,1.0,1.0,1.0,1.0,1.0,5.0,2.0,1.0
2034,1.0,1.0,1.0,3.0,1.0,1.0,1.0,1.0,1.0,3.0,1.0,1.0
2035,1.0,1.0,1.0,3.0,1.0,1.0,1.0,1.0,1.0,4.0,1.0,1.0
2036,1.0,1.0,1.0,3.0,1.0,1.0,1.0,1.0,1.0,3.0,1.0,1.0
2037,1.0,1.0,1.0,3.0,1.0,1.0,1.0,1.0,1.0,4.0,1.0,1.0
2038,1.0,1.0,1.0,3.0,1.0,1.0,1.0,1.0,1.0,3.0,1.0,1.0
2039,1.0,1.0,1.0,3.0,1.0,1.0,1.0,1.0,1.0,3.0,1.0,1.0
2040,1.0,1.0,1.0,3.0,1.0,1.0,1.0,1.0,1.0,3.0,1.0,1.0
2041,1.0,1.0,1.0,3.0,1.0,1.0,1.0,1.0,1.0,3.0,1.0,1.0
2042,1.0,1.0,1.0,3.0,1.0,1.0,1.0,1.0,1.0,3.0,1.0,1.0
2043,1.0,1.0,1.0,3.0,1.0,1.0,1.0,1.0,1.0,4.0,1.0,1.0
2044,1.0,1.0,1.0,3.0,1.0,1.0,1.0,1.0,1.0,3.0,1.0,1.0
2045,1.0,1.0,1.0,3.0,1.0,1.0,1.0,1.0,1.0,4.0,1.0,1.0
2046,1.0,1.0,1.0,3.0,1.0,1.0,1.0,1.0,1.0,4.0,1.0,1.0
2047,1.0,1.0,1.0,3.0,1.0,1.0,1.0,1.0,1.0,3.0,1.0,1.0
2048,1.0,1.0,1.0,3.0,1.0,1.0,1.0,1.0,1.0,4.0,1.0,1.0
2049,1.0,1.0,1.0,3.0,1.0,1.0,1.0,1.0,1.0,4.0,1.0,1.0
2050,1.0,1.0,1.0,3.0,1.0,1.0,1.0,1.0,1.0,5.0,2.0,1.0
2051,1.0,1.0,1.0,3.0,1.0,1.0,1.0,1.0,1.0,5.0,2.0,1.0
2052,1.0,1.0,1.0,3.0,1.0,1.0,1.0,1.0,1.0,5.0,2.0,1.0
2053,1.0,1.0,1.0,3.0,1.0,1.0,1.0,1.0,1.0,5.0,2.0,1.0
2054,1.0,1.0,1.0,3.0,1.0,1.0,1.0,1.0,1.0,4.0,1.0,1.0
2055,1.0,1.0,1.0,3.0,1.0,1.0,1.0,1.0,1.0,5.0,2.0,1.0
2056,1.0,1.0,1.0,3.0,1.0,1.0,1.0,1.0,1.0,3.0,1.0,1.0
2057,1.0,1.0,1.0,3.0,1.0,1.0,1.0,1.0,1.0,4.0,1.0,1.0
2058,1.0,1.0,1.0,3.0,1.0,1.0,1.0,1.0,1.0,3.0,1.0,1.0
2059,1.0,1.0,1.0,3.0,1.0,1.0,1.0,1.0,1.0,4.0,1.0,1.0
2060,1.0,1.0,1.0,3.0,1.0,1.0,1.0,1.0,1.0,5.0,2.0,1.0
2061,1.0,1.0,1.0,3.0,1.0,1.0,1.0,1.0,1.0,3.0,1.0,1.0
2062,1.0,1.0,1.0,3.0,1.0,1.0,1.0,1.0,1.0,4.0,1.0,1.0
2063,1.0,1.0,1.0,3.0,1.0,1.0,1.0,1.0,1.0,3.0,1.0,1.0
2064,1.0,1.0,1.0,3.0,1.0,1.0,1.0,1.0,1.0,3.0,1.0,1.0
2065,1.0,1.0,1.0,3.0,1.0,1.0,1.0,1.0,1.0,4.0,1.0,1.0
2066,1.0,1.0,1.0,3.0,1.0,1.0,1.0,1.0,1.0,5.0,2.0,1.0
2067,1.0,1.0,1.0,3.0,1.0,1.0,1.0,1.0,1.0,3.0,1.0,1.0
2068,1.0,1.0,1.0,3.0,1.0,1.0,1.0,1.0,1.0,3.0,1.0,1.0
2069,1.0,1.0,1.0,3.0,1.0,1.0,1.0,1.0,1.0,4.0,1.0,1.0
2070,1.0,1.0,1.0,3.0,1.0,1.0,1.0,1.0,1.0,3.0,1.0,1.0
2071,1.0,1.0,1.0,3.0,1.0,1.0,1.0,1.0,1.0,3.0,1.0,1.0
2072,1.0,1.0,1.0,3.0,1.0,1.0,1.0,1.0,1.0,5.0,2.0,1.0
2073,1.0,1.0,1.0,3.0,1.0,1.0,1.0,1.0,1.0,4.0,1.0,1.0
2074,1.0,1.0,1.0,3.0,1.0,1.0,1.0,1.0,1.0,3.0,1.0,1.0
2075,1.0,1.0,1.0,3.0,1.0,1.0,1.0,1.0,1.0,5.0,2.0,1.0
2076,1.0,1.0,1.0,3.0,1.0,1.0,1.0,1.0,1.0,5.0,2.0,1.0
2077,1.0,1.0,1.0,3.0,1.0,1.0,1.0,1.0,1.0,3.0,1.0,1.0
2078,1.0,1.0,1.0,3.0,1.0,1.0,1.0,1.0,1.0,3.0,1.0,1.0
2079,1.0,1.0,1.0,3.0,1.0,1.0,1.0,1.0,1.0,3.0,1.0,1.0
2080,1.0,1.0,1.0,3.0,1.0,1.0,1.0,1.0,1.0,3.0,1.0,1.0
2081,1.0,1.0,1.0,3.0,1.0,1.0,1.0,1.0,1.0,3.0,1.0,1.0
2082,1.0,1.0,1.0,3.0,1.0,1.0,1.0,1.0,1.0,4.0,1.0,1.0
2083,1.0,1.0,1.0,3.0,1.0,1.0,1.0,1.0,1.0,4.0,1.0,1.0
2084,1.0,1.0,1.0,3.0,1.0,1.0,1.0,1.0,1.0,5.0,2.0,1.0
2085,1.0,1.0,1.0,3.0,1.0,1.0,1.0,1.0,1.0,3.0,1.0,1.0
2086,1.0,1.0,1.0,3.0,1.0,1.0,1.0,1.0,1.0,4.0,1.0,1.0
2087,1.0,1.0,1.0,3.0,1.0,1.0,1.0,1.0,1.0,3.0,1.0,1.0
2088,1.0,1.0,1.0,3.0,1.0,1.0,1.0,1.0,1.0,4.0,1.0,1.0
2089,1.0,1.0,1.0,3.0,1.0,1.0,1.0,1.0,1.0,5.0,2.0,1.0
2090,1.0,1.0,1.0,3.0,1.0,1.0,1.0,1.0,1.0,5.0,2.0,1.0
2091,1.0,1.0,1.0,3.0,1.0,1.0,1.0,1.0,1.0,5.0,2.0,1.0
2092,1.0,1.0,1.0,3.0,1.0,1.0,1.0,1.0,1.0,3.0,1.0,1.0
2093,1.0,1.0,1.0,3.0,1.0,1.0,1.0,1.0,1.0,3.0,1.0,1.0
2094,1.0,1.0,1.0,3.0,1.0,1.0,1.0,1.0,1.0,4.0,1.0,1.0
2095,1.0,1.0,1.0,3.0,1.0,1.0,1.0,1.0,1.0,3.0,1.0,1.0
2096,1.0,1.0,1.0,3.0,1.0,1.0,1.0,1.0,1.0,4.0,1.0,1.0
2097,1.0,1.0,1.0,3.0,1.0,1.0,1.0,1.0,1.0,4.0,1.0,1.0
2098,1.0,1.0,1.0,3.0,1.0,1.0,1.0,1.0,1.0,3.0,1.0,1.0
2099,1.0,1.0,1.0,3.0,1.0,1.0,1.0,1.0,1.0,3.0,1.0,1.0
2100,1.0,1.0,1.0,3.0,1.0,1.0,1.0,1.0,1.0,3.0,1.0,1.0
2101,1.0,1.0,1.0,3.0,1.0,1.0,1.0,1.0,1.0,3.0,1.0,1.0
2102,1.0,1.0,1.0,3.0,1.0,1.0,1.0,1.0,1.0,3.0,1.0,1.0
2103,1.0,1.0,1.0,3.0,1.0,1.0,1.0,1.0,1.0,5.0,2.0,1.0
2104,1.0,1.0,1.0,3.0,1.0,1.0,1.0,1.0,1.0,3.0,1.0,1.0
2105,1.0,1.0,1.0,3.0,1.0,1.0,1.0,1.0,1.0,5.0,2.0,1.0
2106,1.0,1.0,1.0,3.0,1.0,1.0,1.0,1.0,1.0,4.0,1.0,1.0
2107,1.0,1.0,1.0,3.0,1.0,1.0,1.0,1.0,1.0,5.0,2.0,1.0
2108,1.0,1.0,1.0,3.0,1.0,1.0,1.0,1.0,1.0,3.0,1.0,1.0
2109,1.0,1.0,1.0,3.0,1.0,1.0,1.0,1.0,1.0,3.0,1.0,1.0
2110,1.0,1.0,1.0,3.0,1.0,1.0,1.0,1.0,1.0,3.0,1.0,1.0
2111,1.0,1.0,1.0,3.0,1.0,1.0,1.0,1.0,1.0,3.0,1.0,1.0
2112,1.0,1.0,1.0,3.0,1.0,1.0,1.0,1.0,1.0,5.0,2.0,1.0
2113,1.0,1.0,1.0,3.0,1.0,1.0,1.0,1.0,1.0,3.0,1.0,1.0
2114,1.0,1.0,1.0,3.0,1.0,1.0,1.0,1.0,1.0,3.0,1.0,1.0
2115,1.0,1.0,1.0,3.0,1.0,1.0,1.0,1.0,1.0,3.0,1.0,1.0
2116,1.0,1.0,1.0,3.0,1.0,1.0,1.0,1.0,1.0,3.0,1.0,1.0
2117,1.0,1.0,1.0,3.0,1.0,1.0,1.0,1.0,1.0,3.0,1.0,1.0
2118,1.0,1.0,1.0,3.0,1.0,1.0,1.0,1.0,1.0,5.0,2.0,1.0
2119,1.0,1.0,1.0,3.0,1.0,1.0,1.0,1.0,1.0,3.0,1.0,1.0
2120,1.0,1.0,1.0,3.0,1.0,1.0,1.0,1.0,1.0,5.0,2.0,1.0
2121,1.0,1.0,1.0,3.0,1.0,1.0,1.0,1.0,1.0,3.0,1.0,1.0
2122,1.0,1.0,1.0,3.0,1.0,1.0,1.0,1.0,1.0,3.0,1.0,1.0
2123,1.0,1.0,1.0,3.0,1.0,1.0,1.0,1.0,1.0,4.0,1.0,1.0
2124,1.0,1.0,1.0,3.0,1.0,1.0,1.0,1.0,1.0,3.0,1.0,1.0
2125,1.0,1.0,1.0,3.0,1.0,1.0,1.0,1.0,1.0,3.0,1.0,1.0
2126,1.0,1.0,1.0,3.0,1.0,1.0,1.0,1.0,1.0,4.0,1.0,1.0
2127,1.0,1.0,1.0,3.0,1.0,1.0,1.0,1.0,1.0,3.0,1.0,1.0
2128,1.0,1.0,1.0,3.0,1.0,1.0,1.0,1.0,1.0,5.0,2.0,1.0
2129,1.0,1.0,1.0,3.0,1.0,1.0,1.0,1.0,1.0,3.0,1.0,1.0
2130,1.0,1.0,1.0,3.0,1.0,1.0,1.0,1.0,1.0,3.0,1.0,1.0
2131,1.0,1.0,1.0,3.0,1.0,1.0,1.0,1.0,1.0,3.0,1.0,1.0
2132,1.0,1.0,1.0,3.0,1.0,1.0,1.0,1.0,1.0,3.0,1.0,1.0
2133,1.0,1.0,1.0,3.0,1.0,1.0,1.0,1.0,1.0,4.0,1.0,1.0
2134,1.0,1.0,1.0,3.0,1.0,1.0,1.0,1.0,1.0,3.0,1.0,1.0
2135,1.0,1.0,1.0,3.0,1.0,1.0,1.0,1.0,1.0,3.0,1.0,1.0
2136,1.0,1.0,1.0,3.0,1.0,1.0,1.0,1.0,1.0,3.0,1.0,1.0
2137,1.0,1.0,1.0,3.0,1.0,1.0,1.0,1.0,1.0,4.0,1.0,1.0
2138,1.0,1.0,1.0,3.0,1.0,1.0,1.0,1.0,1.0,5.0,2.0,1.0
2139,1.0,1.0,1.0,3.0,1.0,1.0,1.0,1.0,1.0,3.0,1.0,1.0
2140,1.0,1.0,1.0,3.0,1.0,1.0,1.0,1.0,1.0,3.0,1.0,1.0
2141,1.0,1.0,1.0,3.0,1.0,1.0,1.0,1.0,1.0,3.0,1.0,1.0
2142,1.0,1.0,1.0,3.0,1.0,1.0,1.0,1.0,1.0,3.0,1.0,1.0
2143,1.0,1.0,1.0,3.0,1.0,1.0,1.0,1.0,1.0,5.0,2.0,1.0
2144,1.0,1.0,1.0,3.0,1.0,1.0,1.0,1.0,1.0,4.0,1.0,1.0
2145,1.0,1.0,1.0,3.0,1.0,1.0,1.0,1.0,1.0,4.0,1.0,1.0
2146,1.0,1.0,1.0,3.0,1.0,1.0,1.0,1.0,1.0,4.0,1.0,1.0
2147,1.0,1.0,1.0,3.0,1.0,1.0,1.0,1.0,1.0,4.0,1.0,1.0
2148,1.0,1.0,1.0,3.0,1.0,1.0,1.0,1.0,1.0,4.0,1.0,1.0
2149,1.0,1.0,1.0,3.0,1.0,1.0,1.0,1.0,1.0,3.0,1.0,1.0
2150,1.0,1.0,1.0,3.0,1.0,1.0,1.0,1.0,1.0,3.0,1.0,1.0
2151,1.0,1.0,1.0,3.0,1.0,1.0,1.0,1.0,1.0,4.0,1.0,1.0
2152,1.0,1.0,1.0,3.0,1.0,1.0,1.0,1.0,1.0,3.0,1.0,1.0
2153,1.0,1.0,1.0,3.0,1.0,1.0,1.0,1.0,1.0,3.0,1.0,1.0
2154,1.0,1.0,1.0,3.0,1.0,1.0,1.0,1.0,1.0,3.0,1.0,1.0
2155,1.0,1.0,1.0,3.0,1.0,1.0,1.0,1.0,1.0,3.0,1.0,1.0
2156,1.0,1.0,1.0,3.0,1.0,1.0,1.0,1.0,1.0,5.0,2.0,1.0
2157,1.0,1.0,1.0,3.0,1.0,1.0,1.0,1.0,1.0,5.0,2.0,1.0
2158,1.0,1.0,1.0,3.0,1.0,1.0,1.0,1.0,1.0,3.0,1.0,1.0
2159,1.0,1.0,1.0,3.0,1.0,1.0,1.0,1.0,1.0,4.0,1.0,1.0
2160,1.0,1.0,1.0,3.0,1.0,1.0,1.0,1.0,1.0,3.0,1.0,1.0
2161,1.0,1.0,1.0,3.0,1.0,1.0,1.0,1.0,1.0,3.0,1.0,1.0
2162,1.0,1.0,1.0,3.0,1.0,1.0,1.0,1.0,1.0,3.0,1.0,1.0
2163,1.0,1.0,1.0,3.0,1.0,1.0,1.0,1.0,1.0,3.0,1.0,1.0
2164,1.0,1.0,1.0,3.0,1.0,1.0,1.0,1.0,1.0,4.0,1.0,1.0
2165,1.0,1.0,1.0,3.0,1.0,1.0,1.0,1.0,1.0,3.0,1.0,1.0
2166,1.0,1.0,1.0,3.0,1.0,1.0,1.0,1.0,1.0,3.0,1.0,1.0
2167,1.0,1.0,1.0,3.0,1.0,1.0,1.0,1.0,1.0,3.0,1.0,1.0
2168,1.0,1.0,1.0,3.0,1.0,1.0,1.0,1.0,1.0,3.0,1.0,1.0
2169,1.0,1.0,1.0,3.0,1.0,1.0,1.0,1.0,1.0,3.0,1.0,1.0
2170,1.0,1.0,1.0,3.0,1.0,1.0,1.0,1.0,1.0,3.0,1.0,1.0
2171,1.0,1.0,1.0,3.0,1.0,1.0,1.0,1.0,1.0,3.0,1.0,1.0
2172,1.0,1.0,1.0,3.0,1.0,1.0,1.0,1.0,1.0,5.0,2.0,1.0
2173,1.0,1.0,1.0,3.0,1.0,1.0,1.0,1.0,1.0,3.0,1.0,1.0
2174,1.0,1.0,1.0,3.0,1.0,1.0,1.0,1.0,1.0,4.0,1.0,1.0
2175,1.0,1.0,1.0,3.0,1.0,1.0,1.0,1.0,1.0,4.0,1.0,1.0
2176,1.0,1.0,1.0,3.0,1.0,1.0,1.0,1.0,1.0,3.0,1.0,1.0
2177,1.0,1.0,1.0,3.0,1.0,1.0,1.0,1.0,1.0,3.0,1.0,1.0
2178,1.0,1.0,1.0,3.0,1.0,1.0,1.0,1.0,1.0,4.0,1.0,1.0
2179,1.0,1.0,1.0,3.0,1.0,1.0,1.0,1.0,1.0,4.0,1.0,1.0
2180,1.0,1.0,1.0,3.0,1.0,1.0,1.0,1.0,1.0,3.0,1.0,1.0
2181,1.0,1.0,1.0,3.0,1.0,1.0,1.0,1.0,1.0,4.0,1.0,1.0
2182,1.0,1.0,1.0,3.0,1.0,1.0,1.0,1.0,1.0,3.0,1.0,1.0
2183,1.0,1.0,1.0,3.0,1.0,1.0,1.0,1.0,1.0,3.0,1.0,1.0
2184,1.0,1.0,1.0,3.0,1.0,1.0,1.0,1.0,1.0,5.0,2.0,1.0
2185,1.0,1.0,1.0,3.0,1.0,1.0,1.0,1.0,1.0,5.0,2.0,1.0
2186,1.0,1.0,1.0,3.0,1.0,1.0,1.0,1.0,1.0,3.0,1.0,1.0
2187,1.0,1.0,1.0,3.0,1.0,1.0,1.0,1.0,1.0,3.0,1.0,1.0
2188,1.0,1.0,1.0,3.0,1.0,1.0,1.0,1.0,1.0,3.0,1.0,1.0
2189,1.0,1.0,1.0,3.0,1.0,1.0,1.0,1.0,1.0,3.0,1.0,1.0
2190,1.0,1.0,1.0,3.0,1.0,1.0,1.0,1.0,1.0,5.0,2.0,1.0
2191,1.0,1.0,1.0,3.0,1.0,1.0,1.0,1.0,1.0,3.0,1.0,1.0
2192,1.0,1.0,1.0,3.0,1.0,1.0,1.0,1.0,1.0,3.0,1.0,1.0
2193,1.0,1.0,1.0,3.0,1.0,1.0,1.0,1.0,1.0,3.0,1.0,1.0
2194,1.0,1.0,1.0,3.0,1.0,1.0,1.0,1.0,1.0,5.0,2.0,1.0
2195,1.0,1.0,1.0,3.0,1.0,1.0,1.0,1.0,1.0,5.0,2.0,1.0
2196,1.0,1.0,1.0,3.0,1.0,1.0,1.0,1.0,1.0,3.0,1.0,1.0
2197,1.0,1.0,1.0,3.0,1.0,1.0,1.0,1.0,1.0,3.0,1.0,1.0
2198,1.0,1.0,1.0,3.0,1.0,1.0,1.0,1.0,1.0,5.0,2.0,1.0
2199,1.0,1.0,1.0,3.0,1.0,1.0,1.0,1.0,1.0,3.0,1.0,1.0
2200,1.0,1.0,1.0,3.0,1.0,1.0,1.0,1.0,1.0,5.0,2.0,1.0
2201,1.0,1.0,1.0,3.0,1.0,1.0,1.0,1.0,1.0,3.0,1.0,1.0
2202,1.0,1.0,1.0,3.0,1.0,1.0,1.0,1.0,1.0,4.0,1.0,1.0
2203,1.0,1.0,1.0,3.0,1.0,1.0,1.0,1.0,1.0,5.0,2.0,1.0
2204,1.0,1.0,1.0,3.0,1.0,1.0,1.0,1.0,1.0,3.0,1.0,1.0
2205,1.0,1.0,1.0,3.0,1.0,1.0,1.0,1.0,1.0,3.0,1.0,1.0
2206,1.0,1.0,1.0,3.0,1.0,1.0,1.0,1.0,1.0,5.0,2.0,1.0
2207,1.0,1.0,1.0,3.0,1.0,1.0,1.0,1.0,1.0,5.0,2.0,1.0
2208,1.0,1.0,1.0,3.0,1.0,1.0,1.0,1.0,1.0,4.0,1.0,1.0
2209,1.0,1.0,1.0,3.0,1.0,1.0,1.0,1.0,1.0,3.0,1.0,1.0
2210,1.0,1.0,1.0,3.0,1.0,1.0,1.0,1.0,1.0,3.0,1.0,1.0
2211,1.0,1.0,1.0,3.0,1.0,1.0,1.0,1.0,1.0,5.0,2.0,1.0
2212,1.0,1.0,1.0,3.0,1.0,1.0,1.0,1.0,1.0,4.0,1.0,1.0
2213,1.0,1.0,1.0,3.0,1.0,1.0,1.0,1.0,1.0,4.0,1.0,1.0
2214,1.0,1.0,1.0,3.0,1.0,1.0,1.0,1.0,1.0,4.0,1.0,1.0
2215,1.0,1.0,1.0,3.0,1.0,1.0,1.0,1.0,1.0,3.0,1.0,1.0
2216,1.0,1.0,1.0,3.0,1.0,1.0,1.0,1.0,1.0,3.0,1.0,1.0
2217,1.0,1.0,1.0,3.0,1.0,1.0,1.0,1.0,1.0,3.0,1.0,1.0
2218,1.0,1.0,1.0,3.0,1.0,1.0,1.0,1.0,1.0,3.0,1.0,1.0
2219,1.0,1.0,1.0,3.0,1.0,1.0,1.0,1.0,1.0,3.0,1.0,1.0
2220,1.0,1.0,1.0,3.0,1.0,1.0,1.0,1.0,1.0,3.0,1.0,1.0
2221,1.0,1.0,1.0,3.0,1.0,1.0,1.0,1.0,1.0,3.0,1.0,1.0
2222,1.0,1.0,1.0,3.0,1.0,1.0,1.0,1.0,1.0,5.0,2.0,1.0
2223,1.0,1.0,1.0,3.0,1.0,1.0,1.0,1.0,1.0,3.0,1.0,1.0
2224,1.0,1.0,1.0,3.0,1.0,1.0,1.0,1.0,1.0,3.0,1.0,1.0
2225,1.0,1.0,1.0,3.0,1.0,1.0,1.0,1.0,1.0,4.0,1.0,1.0
2226,1.0,1.0,1.0,3.0,1.0,1.0,1.0,1.0,1.0,3.0,1.0,1.0
2227,1.0,1.0,1.0,3.0,1.0,1.0,1.0,1.0,1.0,4.0,1.0,1.0
2228,1.0,1.0,1.0,3.0,1.0,1.0,1.0,1.0,1.0,3.0,1.0,1.0
2229,1.0,1.0,1.0,3.0,1.0,1.0,1.0,1.0,1.0,3.0,1.0,1.0
2230,1.0,1.0,1.0,3.0,1.0,1.0,1.0,1.0,1.0,3.0,1.0,1.0
2231,1.0,1.0,1.0,3.0,1.0,1.0,1.0,1.0,1.0,5.0,2.0,1.0
2232,1.0,1.0,1.0,3.0,1.0,1.0,1.0,1.0,1.0,3.0,1.0,1.0
2233,1.0,1.0,1.0,3.0,1.0,1.0,1.0,1.0,1.0,5.0,2.0,1.0
2234,1.0,1.0,1.0,3.0,1.0,1.0,1.0,1.0,1.0,5.0,2.0,1.0
2235,1.0,1.0,1.0,3.0,1.0,1.0,1.0,1.0,1.0,4.0,1.0,1.0
2236,1.0,1.0,1.0,3.0,1.0,1.0,1.0,1.0,1.0,3.0,1.0,1.0
2237,1.0,1.0,1.0,3.0,1.0,1.0,1.0,1.0,1.0,3.0,1.0,1.0
2238,1.0,1.0,1.0,3.0,1.0,1.0,1.0,1.0,1.0,5.0,2.0,1.0
2239,1.0,1.0,1.0,3.0,1.0,1.0,1.0,1.0,1.0,3.0,1.0,1.0
2240,1.0,1.0,1.0,3.0,1.0,1.0,1.0,1.0,1.0,3.0,1.0,1.0
2241,1.0,1.0,1.0,3.0,1.0,1.0,1.0,1.0,1.0,3.0,1.0,1.0
2242,1.0,1.0,1.0,3.0,1.0,1.0,1.0,1.0,1.0,3.0,1.0,1.0
2243,1.0,1.0,1.0,3.0,1.0,1.0,1.0,1.0,1.0,5.0,2.0,1.0
2244,1.0,1.0,1.0,3.0,1.0,1.0,1.0,1.0,1.0,3.0,1.0,1.0
2245,1.0,1.0,1.0,3.0,1.0,1.0,1.0,1.0,1.0,3.0,1.0,1.0
2246,1.0,1.0,1.0,3.0,1.0,1.0,1.0,1.0,1.0,3.0,1.0,1.0
2247,1.0,1.0,1.0,3.0,1.0,1.0,1.0,1.0,1.0,3.0,1.0,1.0
2248,1.0,1.0,1.0,3.0,1.0,1.0,1.0,1.0,1.0,5.0,2.0,1.0
2249,1.0,1.0,1.0,3.0,1.0,1.0,1.0,1.0,1.0,4.0,1.0,1.0
2250,1.0,1.0,1.0,3.0,1.0,1.0,1.0,1.0,1.0,4.0,1.0,1.0
2251,1.0,1.0,1.0,3.0,1.0,1.0,1.0,1.0,1.0,4.0,1.0,1.0
2252,1.0,1.0,1.0,3.0,1.0,1.0,1.0,1.0,1.0,3.0,1.0,1.0
2253,1.0,1.0,1.0,3.0,1.0,1.0,1.0,1.0,1.0,3.0,1.0,1.0
2254,1.0,1.0,1.0,3.0,1.0,1.0,1.0,1.0,1.0,4.0,1.0,1.0
2255,1.0,1.0,1.0,3.0,1.0,1.0,1.0,1.0,1.0,4.0,1.0,1.0
2256,1.0,1.0,1.0,3.0,1.0,1.0,1.0,1.0,1.0,5.0,2.0,1.0
2257,1.0,1.0,1.0,3.0,1.0,1.0,1.0,1.0,1.0,5.0,2.0,1.0
2258,1.0,1.0,1.0,3.0,1.0,1.0,1.0,1.0,1.0,3.0,1.0,1.0
2259,1.0,1.0,1.0,3.0,1.0,1.0,1.0,1.0,1.0,5.0,2.0,1.0
2260,1.0,1.0,1.0,3.0,1.0,1.0,1.0,1.0,1.0,3.0,1.0,1.0
2261,1.0,1.0,1.0,3.0,1.0,1.0,1.0,1.0,1.0,4.0,1.0,1.0
2262,1.0,1.0,1.0,3.0,1.0,1.0,1.0,1.0,1.0,3.0,1.0,1.0
2263,1.0,1.0,1.0,3.0,1.0,1.0,1.0,1.0,1.0,4.0,1.0,1.0
2264,1.0,1.0,1.0,3.0,1.0,1.0,1.0,1.0,1.0,3.0,1.0,1.0
2265,1.0,1.0,1.0,3.0,1.0,1.0,1.0,1.0,1.0,5.0,2.0,1.0
2266,1.0,1.0,1.0,3.0,1.0,1.0,1.0,1.0,1.0,4.0,1.0,1.0
2267,1.0,1.0,1.0,3.0,1.0,1.0,1.0,1.0,1.0,3.0,1.0,1.0
2268,1.0,1.0,1.0,3.0,1.0,1.0,1.0,1.0,1.0,3.0,1.0,1.0
2269,1.0,1.0,1.0,3.0,1.0,1.0,1.0,1.0,1.0,4.0,1.0,1.0
2270,1.0,1.0,1.0,3.0,1.0,1.0,1.0,1.0,1.0,3.0,1.0,1.0
2271,1.0,1.0,1.0,3.0,1.0,1.0,1.0,1.0,1.0,3.0,1.0,1.0
2272,1.0,1.0,1.0,3.0,1.0,1.0,1.0,1.0,1.0,3.0,1.0,1.0
2273,1.0,1.0,1.0,3.0,1.0,1.0,1.0,1.0,1.0,5.0,2.0,1.0
2274,1.0,1.0,1.0,3.0,1.0,1.0,1.0,1.0,1.0,4.0,1.0,1.0
2275,1.0,1.0,1.0,3.0,1.0,1.0,1.0,1.0,1.0,3.0,1.0,1.0
2276,1.0,1.0,1.0,3.0,1.0,1.0,1.0,1.0,1.0,5.0,2.0,1.0
2277,1.0,1.0,1.0,3.0,1.0,1.0,1.0,1.0,1.0,5.0,2.0,1.0
2278,1.0,1.0,1.0,3.0,1.0,1.0,1.0,1.0,1.0,3.0,1.0,1.0
2279,1.0,1.0,1.0,3.0,1.0,1.0,1.0,1.0,1.0,4.0,1.0,1.0
2280,1.0,1.0,1.0,3.0,1.0,1.0,1.0,1.0,1.0,5.0,2.0,1.0
2281,1.0,1.0,1.0,3.0,1.0,1.0,1.0,1.0,1.0,3.0,1.0,1.0
2282,1.0,1.0,1.0,3.0,1.0,1.0,1.0,1.0,1.0,3.0,1.0,1.0
2283,1.0,1.0,1.0,3.0,1.0,1.0,1.0,1.0,1.0,3.0,1.0,1.0
2284,1.0,1.0,1.0,3.0,1.0,1.0,1.0,1.0,1.0,4.0,1.0,1.0
2285,1.0,1.0,1.0,3.0,1.0,1.0,1.0,1.0,1.0,5.0,2.0,1.0
2286,1.0,1.0,1.0,3.0,1.0,1.0,1.0,1.0,1.0,5.0,2.0,1.0
2287,1.0,1.0,1.0,3.0,1.0,1.0,1.0,1.0,1.0,3.0,1.0,1.0
2288,1.0,1.0,1.0,3.0,1.0,1.0,1.0,1.0,1.0,4.0,1.0,1.0
2289,1.0,1.0,1.0,3.0,1.0,1.0,1.0,1.0,1.0,3.0,1.0,1.0
2290,1.0,1.0,1.0,3.0,1.0,1.0,1.0,1.0,1.0,5.0,2.0,1.0
2291,1.0,1.0,1.0,3.0,1.0,1.0,1.0,1.0,1.0,4.0,1.0,1.0
2292,1.0,1.0,1.0,3.0,1.0,1.0,1.0,1.0,1.0,5.0,2.0,1.0
2293,1.0,1.0,1.0,3.0,1.0,1.0,1.0,1.0,1.0,3.0,1.0,1.0
2294,1.0,1.0,1.0,3.0,1.0,1.0,1.0,1.0,1.0,5.0,2.0,1.0
2295,1.0,1.0,1.0,3.0,1.0,1.0,1.0,1.0,1.0,5.0,2.0,1.0
2296,1.0,1.0,1.0,3.0,1.0,1.0,1.0,1.0,1.0,4.0,1.0,1.0
2297,1.0,1.0,1.0,3.0,1.0,1.0,1.0,1.0,1.0,5.0,2.0,1.0
2298,1.0,1.0,1.0,3.0,1.0,1.0,1.0,1.0,1.0,3.0,1.0,1.0
2299,1.0,1.0,1.0,3.0,1.0,1.0,1.0,1.0,1.0,3.0,1.0,1.0
2300,1.0,1.0,1.0,3.0,1.0,1.0,1.0,1.0,1.0,5.0,2.0,1.0
2301,1.0,1.0,1.0,3.0,1.0,1.0,1.0,1.0,1.0,3.0,1.0,1.0
2302,1.0,1.0,1.0,3.0,1.0,1.0,1.0,1.0,1.0,4.0,1.0,1.0
2303,1.0,1.0,1.0,3.0,1.0,1.0,1.0,1.0,1.0,3.0,1.0,1.0
2304,1.0,1.0,1.0,3.0,1.0,1.0,1.0,1.0,1.0,4.0,1.0,1.0
2305,1.0,1.0,1.0,3.0,1.0,1.0,1.0,1.0,1.0,4.0,1.0,1.0
2306,1.0,1.0,1.0,3.0,1.0,1.0,1.0,1.0,1.0,5.0,2.0,1.0
2307,1.0,1.0,1.0,3.0,1.0,1.0,1.0,1.0,1.0,3.0,1.0,1.0
2308,1.0,1.0,1.0,3.0,1.0,1.0,1.0,1.0,1.0,3.0,1.0,1.0
2309,1.0,1.0,1.0,3.0,1.0,1.0,1.0,1.0,1.0,4.0,1.0,1.0
2310,1.0,1.0,1.0,3.0,1.0,1.0,1.0,1.0,1.0,3.0,1.0,1.0
2311,1.0,1.0,1.0,3.0,1.0,1.0,1.0,1.0,1.0,4.0,1.0,1.0
2312,1.0,1.0,1.0,3.0,1.0,1.0,1.0,1.0,1.0,3.0,1.0,1.0
2313,1.0,1.0,1.0,3.0,1.0,1.0,1.0,1.0,1.0,4.0,1.0,1.0
2314,1.0,1.0,1.0,3.0,1.0,1.0,1.0,1.0,1.0,3.0,1.0,1.0
2315,1.0,1.0,1.0,3.0,1.0,1.0,1.0,1.0,1.0,5.0,2.0,1.0
2316,1.0,1.0,1.0,3.0,1.0,1.0,1.0,1.0,1.0,3.0,1.0,1.0
2317,1.0,1.0,1.0,3.0,1.0,1.0,1.0,1.0,1.0,4.0,1.0,1.0
2318,1.0,1.0,1.0,3.0,1.0,1.0,1.0,1.0,1.0,4.0,1.0,1.0
2319,1.0,1.0,1.0,3.0,1.0,1.0,1.0,1.0,1.0,3.0,1.0,1.0
2320,1.0,1.0,1.0,3.0,1.0,1.0,1.0,1.0,1.0,4.0,1.0,1.0
2321,1.0,1.0,1.0,3.0,1.0,1.0,1.0,1.0,1.0,5.0,2.0,1.0
2322,1.0,1.0,1.0,3.0,1.0,1.0,1.0,1.0,1.0,4.0,1.0,1.0
2323,1.0,1.0,1.0,3.0,1.0,1.0,1.0,1.0,1.0,3.0,1.0,1.0
2324,1.0,1.0,1.0,3.0,1.0,1.0,1.0,1.0,1.0,3.0,1.0,1.0
2325,1.0,1.0,1.0,3.0,1.0,1.0,1.0,1.0,1.0,3.0,1.0,1.0
2326,1.0,1.0,1.0,3.0,1.0,1.0,1.0,1.0,1.0,3.0,1.0,1.0
2327,1.0,1.0,1.0,3.0,1.0,1.0,1.0,1.0,1.0,3.0,1.0,1.0
2328,1.0,1.0,1.0,3.0,1.0,1.0,1.0,1.0,1.0,3.0,1.0,1.0
2329,1.0,1.0,1.0,3.0,1.0,1.0,1.0,1.0,1.0,3.0,1.0,1.0
2330,1.0,1.0,1.0,3.0,1.0,1.0,1.0,1.0,1.0,5.0,2.0,1.0
2331,1.0,1.0,1.0,3.0,1.0,1.0,1.0,1.0,1.0,4.0,1.0,1.0
2332,1.0,1.0,1.0,3.0,1.0,1.0,1.0,1.0,1.0,3.0,1.0,1.0
2333,1.0,1.0,1.0,3.0,1.0,1.0,1.0,1.0,1.0,5.0,2.0,1.0
2334,1.0,1.0,1.0,3.0,1.0,1.0,1.0,1.0,1.0,3.0,1.0,1.0
2335,1.0,1.0,1.0,3.0,1.0,1.0,1.0,1.0,1.0,3.0,1.0,1.0
2336,1.0,1.0,1.0,3.0,1.0,1.0,1.0,1.0,1.0,5.0,2.0,1.0
2337,1.0,1.0,1.0,3.0,1.0,1.0,1.0,1.0,1.0,4.0,1.0,1.0
2338,1.0,1.0,1.0,3.0,1.0,1.0,1.0,1.0,1.0,4.0,1.0,1.0
2339,1.0,1.0,1.0,3.0,1.0,1.0,1.0,1.0,1.0,5.0,2.0,1.0
2340,1.0,1.0,1.0,3.0,1.0,1.0,1.0,1.0,1.0,3.0,1.0,1.0
2341,1.0,1.0,1.0,3.0,1.0,1.0,1.0,1.0,1.0,4.0,1.0,1.0
2342,1.0,1.0,1.0,3.0,1.0,1.0,1.0,1.0,1.0,5.0,2.0,1.0
2343,1.0,1.0,1.0,3.0,1.0,1.0,1.0,1.0,1.0,5.0,2.0,1.0
2344,1.0,1.0,1.0,3.0,1.0,1.0,1.0,1.0,1.0,3.0,1.0,1.0
2345,1.0,1.0,1.0,3.0,1.0,1.0,1.0,1.0,1.0,3.0,1.0,1.0
2346,1.0,1.0,1.0,3.0,1.0,1.0,1.0,1.0,1.0,5.0,2.0,1.0
2347,1.0,1.0,1.0,3.0,1.0,1.0,1.0,1.0,1.0,3.0,1.0,1.0
2348,1.0,1.0,1.0,3.0,1.0,1.0,1.0,1.0,1.0,5.0,2.0,1.0
2349,1.0,1.0,1.0,3.0,1.0,1.0,1.0,1.0,1.0,3.0,1.0,1.0
2350,1.0,1.0,1.0,3.0,1.0,1.0,1.0,1.0,1.0,4.0,1.0,1.0
2351,1.0,1.0,1.0,3.0,1.0,1.0,1.0,1.0,1.0,5.0,2.0,1.0
2352,1.0,1.0,1.0,3.0,1.0,1.0,1.0,1.0,1.0,5.0,2.0,1.0
2353,1.0,1.0,1.0,3.0,1.0,1.0,1.0,1.0,1.0,4.0,1.0,1.0
2354,1.0,1.0,1.0,3.0,1.0,1.0,1.0,1.0,1.0,3.0,1.0,1.0
2355,1.0,1.0,1.0,3.0,1.0,1.0,1.0,1.0,1.0,5.0,2.0,1.0
2356,1.0,1.0,1.0,3.0,1.0,1.0,1.0,1.0,1.0,3.0,1.0,1.0
2357,1.0,1.0,1.0,3.0,1.0,1.0,1.0,1.0,1.0,4.0,1.0,1.0
2358,1.0,1.0,1.0,3.0,1.0,1.0,1.0,1.0,1.0,4.0,1.0,1.0
2359,1.0,1.0,1.0,3.0,1.0,1.0,1.0,1.0,1.0,3.0,1.0,1.0
2360,1.0,1.0,1.0,3.0,1.0,1.0,1.0,1.0,1.0,3.0,1.0,1.0
2361,1.0,1.0,1.0,3.0,1.0,1.0,1.0,1.0,1.0,3.0,1.0,1.0
2362,1.0,1.0,1.0,3.0,1.0,1.0,1.0,1.0,1.0,4.0,1.0,1.0
2363,1.0,1.0,1.0,3.0,1.0,1.0,1.0,1.0,1.0,3.0,1.0,1.0
2364,1.0,1.0,1.0,3.0,1.0,1.0,1.0,1.0,1.0,5.0,2.0,1.0
2365,1.0,1.0,1.0,3.0,1.0,1.0,1.0,1.0,1.0,3.0,1.0,1.0
2366,1.0,1.0,1.0,3.0,1.0,1.0,1.0,1.0,1.0,3.0,1.0,1.0
2367,1.0,1.0,1.0,3.0,1.0,1.0,1.0,1.0,1.0,4.0,1.0,1.0
2368,1.0,1.0,1.0,3.0,1.0,1.0,1.0,1.0,1.0,5.0,2.0,1.0
2369,1.0,1.0,1.0,3.0,1.0,1.0,1.0,1.0,1.0,5.0,2.0,1.0
2370,1.0,1.0,1.0,3.0,1.0,1.0,1.0,1.0,1.0,3.0,1.0,1.0
2371,1.0,1.0,1.0,3.0,1.0,1.0,1.0,1.0,1.0,5.0,2.0,1.0
2372,1.0,1.0,1.0,3.0,1.0,1.0,1.0,1.0,1.0,3.0,1.0,1.0
2373,1.0,1.0,1.0,3.0,1.0,1.0,1.0,1.0,1.0,3.0,1.0,1.0
2374,1.0,1.0,1.0,3.0,1.0,1.0,1.0,1.0,1.0,3.0,1.0,1.0
2375,1.0,1.0,1.0,3.0,1.0,1.0,1.0,1.0,1.0,4.0,1.0,1.0
2376,1.0,1.0,1.0,3.0,1.0,1.0,1.0,1.0,1.0,3.0,1.0,1.0
2377,1.0,1.0,1.0,3.0,1.0,1.0,1.0,1.0,1.0,3.0,1.0,1.0
2378,1.0,1.0,1.0,3.0,1.0,1.0,1.0,1.0,1.0,3.0,1.0,1.0
2379,1.0,1.0,1.0,3.0,1.0,1.0,1.0,1.0,1.0,3.0,1.0,1.0
2380,1.0,1.0,1.0,3.0,1.0,1.0,1.0,1.0,1.0,3.0,1.0,1.0
2381,1.0,1.0,1.0,3.0,1.0,1.0,1.0,1.0,1.0,3.0,1.0,1.0
2382,1.0,1.0,1.0,3.0,1.0,1.0,1.0,1.0,1.0,3.0,1.0,1.0
2383,1.0,1.0,1.0,3.0,1.0,1.0,1.0,1.0,1.0,4.0,1.0,1.0
2384,1.0,1.0,1.0,3.0,1.0,1.0,1.0,1.0,1.0,3.0,1.0,1.0
2385,1.0,1.0,1.0,3.0,1.0,1.0,1.0,1.0,1.0,3.0,1.0,1.0
2386,1.0,1.0,1.0,3.0,1.0,1.0,1.0,1.0,1.0,5.0,2.0,1.0
2387,1.0,1.0,1.0,3.0,1.0,1.0,1.0,1.0,1.0,3.0,1.0,1.0
2388,1.0,1.0,1.0,3.0,1.0,1.0,1.0,1.0,1.0,5.0,2.0,1.0
2389,1.0,1.0,1.0,3.0,1.0,1.0,1.0,1.0,1.0,3.0,1.0,1.0
2390,1.0,1.0,1.0,3.0,1.0,1.0,1.0,1.0,1.0,5.0,2.0,1.0
2391,1.0,1.0,1.0,3.0,1.0,1.0,1.0,1.0,1.0,5.0,2.0,1.0
2392,1.0,1.0,1.0,3.0,1.0,1.0,1.0,1.0,1.0,3.0,1.0,1.0
2393,1.0,1.0,1.0,3.0,1.0,1.0,1.0,1.0,1.0,3.0,1.0,1.0
2394,1.0,1.0,1.0,3.0,1.0,1.0,1.0,1.0,1.0,5.0,2.0,1.0
2395,1.0,1.0,1.0,3.0,1.0,1.0,1.0,1.0,1.0,5.0,2.0,1.0
2396,1.0,1.0,1.0,3.0,1.0,1.0,1.0,1.0,1.0,3.0,1.0,1.0
2397,1.0,1.0,1.0,3.0,1.0,1.0,1.0,1.0,1.0,3.0,1.0,1.0
2398,1.0,1.0,1.0,3.0,1.0,1.0,1.0,1.0,1.0,3.0,1.0,1.0
2399,1.0,1.0,1.0,3.0,1.0,1.0,1.0,1.0,1.0,3.0,1.0,1.0
2400,1.0,1.0,1.0,3.0,1.0,1.0,1.0,1.0,1.0,3.0,1.0,1.0
2401,1.0,1.0,1.0,3.0,1.0,1.0,1.0,1.0,1.0,5.0,2.0,1.0
2402,1.0,1.0,1.0,3.0,1.0,1.0,1.0,1.0,1.0,5.0,2.0,1.0
2403,1.0,1.0,1.0,3.0,1.0,1.0,1.0,1.0,1.0,3.0,1.0,1.0
2404,1.0,1.0,1.0,3.0,1.0,1.0,1.0,1.0,1.0,4.0,1.0,1.0
2405,1.0,1.0,1.0,3.0,1.0,1.0,1.0,1.0,1.0,5.0,2.0,1.0
2406,1.0,1.0,1.0,3.0,1.0,1.0,1.0,1.0,1.0,4.0,1.0,1.0
2407,1.0,1.0,1.0,3.0,1.0,1.0,1.0,1.0,1.0,3.0,1.0,1.0
2408,1.0,1.0,1.0,3.0,1.0,1.0,1.0,1.0,1.0,4.0,1.0,1.0
2409,1.0,1.0,1.0,3.0,1.0,1.0,1.0,1.0,1.0,4.0,1.0,1.0
2410,1.0,1.0,1.0,3.0,1.0,1.0,1.0,1.0,1.0,5.0,2.0,1.0
2411,1.0,1.0,1.0,3.0,1.0,1.0,1.0,1.0,1.0,3.0,1.0,1.0
2412,1.0,1.0,1.0,3.0,1.0,1.0,1.0,1.0,1.0,3.0,1.0,1.0
2413,1.0,1.0,1.0,3.0,1.0,1.0,1.0,1.0,1.0,5.0,2.0,1.0
2414,1.0,1.0,1.0,3.0,1.0,1.0,1.0,1.0,1.0,3.0,1.0,1.0
2415,1.0,1.0,1.0,3.0,1.0,1.0,1.0,1.0,1.0,3.0,1.0,1.0
2416,1.0,1.0,1.0,3.0,1.0,1.0,1.0,1.0,1.0,3.0,1.0,1.0
2417,1.0,1.0,1.0,3.0,1.0,1.0,1.0,1.0,1.0,3.0,1.0,1.0
2418,1.0,1.0,1.0,3.0,1.0,1.0,1.0,1.0,1.0,5.0,2.0,1.0
2419,1.0,1.0,1.0,3.0,1.0,1.0,1.0,1.0,1.0,3.0,1.0,1.0
2420,1.0,1.0,1.0,3.0,1.0,1.0,1.0,1.0,1.0,5.0,2.0,1.0
2421,1.0,1.0,1.0,3.0,1.0,1.0,1.0,1.0,1.0,5.0,2.0,1.0
2422,1.0,1.0,1.0,3.0,1.0,1.0,1.0,1.0,1.0,4.0,1.0,1.0
2423,1.0,1.0,1.0,3.0,1.0,1.0,1.0,1.0,1.0,5.0,2.0,1.0
2424,1.0,1.0,1.0,3.0,1.0,1.0,1.0,1.0,1.0,5.0,2.0,1.0
2425,1.0,1.0,1.0,3.0,1.0,1.0,1.0,1.0,1.0,3.0,1.0,1.0
2426,1.0,1.0,1.0,3.0,1.0,1.0,1.0,1.0,1.0,3.0,1.0,1.0
2427,1.0,1.0,1.0,3.0,1.0,1.0,1.0,1.0,1.0,4.0,1.0,1.0
2428,1.0,1.0,1.0,3.0,1.0,1.0,1.0,1.0,1.0,3.0,1.0,1.0
2429,1.0,1.0,1.0,3.0,1.0,1.0,1.0,1.0,1.0,5.0,2.0,1.0
2430,1.0,1.0,1.0,3.0,1.0,1.0,1.0,1.0,1.0,3.0,1.0,1.0
2431,1.0,1.0,1.0,3.0,1.0,1.0,1.0,1.0,1.0,3.0,1.0,1.0
2432,1.0,1.0,1.0,3.0,1.0,1.0,1.0,1.0,1.0,3.0,1.0,1.0
2433,1.0,1.0,1.0,3.0,1.0,1.0,1.0,1.0,1.0,5.0,2.0,1.0
2434,1.0,1.0,1.0,3.0,1.0,1.0,1.0,1.0,1.0,5.0,2.0,1.0
2435,1.0,1.0,1.0,3.0,1.0,1.0,1.0,1.0,1.0,5.0,2.0,1.0
2436,1.0,1.0,1.0,3.0,1.0,1.0,1.0,1.0,1.0,3.0,1.0,1.0
2437,1.0,1.0,1.0,3.0,1.0,1.0,1.0,1.0,1.0,5.0,2.0,1.0
2438,1.0,1.0,1.0,3.0,1.0,1.0,1.0,1.0,1.0,3.0,1.0,1.0
2439,1.0,1.0,1.0,3.0,1.0,1.0,1.0,1.0,1.0,5.0,2.0,1.0
2440,1.0,1.0,1.0,3.0,1.0,1.0,1.0,1.0,1.0,3.0,1.0,1.0
2441,1.0,1.0,1.0,3.0,1.0,1.0,1.0,1.0,1.0,3.0,1.0,1.0
2442,1.0,1.0,1.0,3.0,1.0,1.0,1.0,1.0,1.0,4.0,1.0,1.0
2443,1.0,1.0,1.0,3.0,1.0,1.0,1.0,1.0,1.0,3.0,1.0,1.0
2444,1.0,1.0,1.0,3.0,1.0,1.0,1.0,1.0,1.0,3.0,1.0,1.0
2445,1.0,1.0,1.0,3.0,1.0,1.0,1.0,1.0,1.0,5.0,2.0,1.0
2446,1.0,1.0,1.0,3.0,1.0,1.0,1.0,1.0,1.0,5.0,2.0,1.0
2447,1.0,1.0,1.0,3.0,1.0,1.0,1.0,1.0,1.0,3.0,1.0,1.0
2448,1.0,1.0,1.0,3.0,1.0,1.0,1.0,1.0,1.0,3.0,1.0,1.0
2449,1.0,1.0,1.0,3.0,1.0,1.0,1.0,1.0,1.0,5.0,2.0,1.0
2450,1.0,1.0,1.0,3.0,1.0,1.0,1.0,1.0,1.0,3.0,1.0,1.0
2451,1.0,1.0,1.0,3.0,1.0,1.0,1.0,1.0,1.0,3.0,1.0,1.0
2452,1.0,1.0,1.0,3.0,1.0,1.0,1.0,1.0,1.0,3.0,1.0,1.0
2453,1.0,1.0,1.0,3.0,1.0,1.0,1.0,1.0,1.0,4.0,1.0,1.0
2454,1.0,1.0,1.0,3.0,1.0,1.0,1.0,1.0,1.0,3.0,1.0,1.0
2455,1.0,1.0,1.0,3.0,1.0,1.0,1.0,1.0,1.0,4.0,1.0,1.0
2456,1.0,1.0,1.0,3.0,1.0,1.0,1.0,1.0,1.0,3.0,1.0,1.0
2457,1.0,1.0,1.0,3.0,1.0,1.0,1.0,1.0,1.0,4.0,1.0,1.0
2458,1.0,1.0,1.0,3.0,1.0,1.0,1.0,1.0,1.0,4.0,1.0,1.0
2459,1.0,1.0,1.0,3.0,1.0,1.0,1.0,1.0,1.0,3.0,1.0,1.0
2460,1.0,1.0,1.0,3.0,1.0,1.0,1.0,1.0,1.0,5.0,2.0,1.0
2461,1.0,1.0,1.0,3.0,1.0,1.0,1.0,1.0,1.0,4.0,1.0,1.0
2462,1.0,1.0,1.0,3.0,1.0,1.0,1.0,1.0,1.0,4.0,1.0,1.0
2463,1.0,1.0,1.0,3.0,1.0,1.0,1.0,1.0,1.0,3.0,1.0,1.0
2464,1.0,1.0,1.0,3.0,1.0,1.0,1.0,1.0,1.0,3.0,1.0,1.0
2465,1.0,1.0,1.0,3.0,1.0,1.0,1.0,1.0,1.0,3.0,1.0,1.0
2466,1.0,1.0,1.0,3.0,1.0,1.0,1.0,1.0,1.0,5.0,2.0,1.0
2467,1.0,1.0,1.0,3.0,1.0,1.0,1.0,1.0,1.0,3.0,1.0,1.0
2468,1.0,1.0,1.0,3.0,1.0,1.0,1.0,1.0,1.0,4.0,1.0,1.0
2469,1.0,1.0,1.0,3.0,1.0,1.0,1.0,1.0,1.0,3.0,1.0,1.0
2470,1.0,1.0,1.0,3.0,1.0,1.0,1.0,1.0,1.0,5.0,2.0,1.0
2471,1.0,1.0,1.0,3.0,1.0,1.0,1.0,1.0,1.0,5.0,2.0,1.0
2472,1.0,1.0,1.0,3.0,1.0,1.0,1.0,1.0,1.0,4.0,1.0,1.0
2473,1.0,1.0,1.0,3.0,1.0,1.0,1.0,1.0,1.0,5.0,2.0,1.0
2474,1.0,1.0,1.0,3.0,1.0,1.0,1.0,1.0,1.0,3.0,1.0,1.0
2475,1.0,1.0,1.0,3.0,1.0,1.0,1.0,1.0,1.0,3.0,1.0,1.0
2476,1.0,1.0,1.0,3.0,1.0,1.0,1.0,1.0,1.0,3.0,1.0,1.0
2477,1.0,1.0,1.0,3.0,1.0,1.0,1.0,1.0,1.0,3.0,1.0,1.0
2478,1.0,1.0,1.0,3.0,1.0,1.0,1.0,1.0,1.0,3.0,1.0,1.0
2479,1.0,1.0,1.0,3.0,1.0,1.0,1.0,1.0,1.0,3.0,1.0,1.0
2480,1.0,1.0,1.0,3.0,1.0,1.0,1.0,1.0,1.0,4.0,1.0,1.0
2481,1.0,1.0,1.0,3.0,1.0,1.0,1.0,1.0,1.0,4.0,1.0,1.0
2482,1.0,1.0,1.0,3.0,1.0,1.0,1.0,1.0,1.0,3.0,1.0,1.0
2483,1.0,1.0,1.0,3.0,1.0,1.0,1.0,1.0,1.0,3.0,1.0,1.0
2484,1.0,1.0,1.0,3.0,1.0,1.0,1.0,1.0,1.0,5.0,2.0,1.0
2485,1.0,1.0,1.0,3.0,1.0,1.0,1.0,1.0,1.0,3.0,1.0,1.0
2486,1.0,1.0,1.0,3.0,1.0,1.0,1.0,1.0,1.0,4.0,1.0,1.0
2487,1.0,1.0,1.0,3.0,1.0,1.0,1.0,1.0,1.0,5.0,2.0,1.0
2488,1.0,1.0,1.0,3.0,1.0,1.0,1.0,1.0,1.0,5.0,2.0,1.0
2489,1.0,1.0,1.0,3.0,1.0,1.0,1.0,1.0,1.0,5.0,2.0,1.0
2490,1.0,1.0,1.0,3.0,1.0,1.0,1.0,1.0,1.0,3.0,1.0,1.0
2491,1.0,1.0,1.0,3.0,1.0,1.0,1.0,1.0,1.0,5.0,2.0,1.0
2492,1.0,1.0,1.0,3.0,1.0,1.0,1.0,1.0,1.0,5.0,2.0,1.0
2493,1.0,1.0,1.0,3.0,1.0,1.0,1.0,1.0,1.0,5.0,2.0,1.0
2494,1.0,1.0,1.0,3.0,1.0,1.0,1.0,1.0,1.0,3.0,1.0,1.0
2495,1.0,1.0,1.0,3.0,1.0,1.0,1.0,1.0,1.0,5.0,2.0,1.0
2496,1.0,1.0,1.0,3.0,1.0,1.0,1.0,1.0,1.0,5.0,2.0,1.0
2497,1.0,1.0,1.0,3.0,1.0,1.0,1.0,1.0,1.0,5.0,2.0,1.0
2498,1.0,1.0,1.0,3.0,1.0,1.0,1.0,1.0,1.0,3.0,1.0,1.0
2499,1.0,1.0,1.0,3.0,1.0,1.0,1.0,1.0,1.0,3.0,1.0,1.0
2500,1.0,1.0,1.0,3.0,1.0,1.0,1.0,1.0,1.0,3.0,1.0,1.0
2501,1.0,1.0,1.0,3.0,1.0,1.0,1.0,1.0,1.0,3.0,1.0,1.0
2502,1.0,1.0,1.0,3.0,1.0,1.0,1.0,1.0,1.0,3.0,1.0,1.0
2503,1.0,1.0,1.0,3.0,1.0,1.0,1.0,1.0,1.0,3.0,1.0,1.0
2504,1.0,1.0,1.0,3.0,1.0,1.0,1.0,1.0,1.0,3.0,1.0,1.0
2505,1.0,1.0,1.0,3.0,1.0,1.0,1.0,1.0,1.0,3.0,1.0,1.0
2506,1.0,1.0,1.0,3.0,1.0,1.0,1.0,1.0,1.0,3.0,1.0,1.0
2507,1.0,1.0,1.0,3.0,1.0,1.0,1.0,1.0,1.0,3.0,1.0,1.0
2508,1.0,1.0,1.0,3.0,1.0,1.0,1.0,1.0,1.0,3.0,1.0,1.0
2509,1.0,1.0,1.0,3.0,1.0,1.0,1.0,1.0,1.0,3.0,1.0,1.0
2510,1.0,1.0,1.0,3.0,1.0,1.0,1.0,1.0,1.0,5.0,2.0,1.0
2511,1.0,1.0,1.0,3.0,1.0,1.0,1.0,1.0,1.0,4.0,1.0,1.0
2512,1.0,1.0,1.0,3.0,1.0,1.0,1.0,1.0,1.0,5.0,2.0,1.0
2513,1.0,1.0,1.0,3.0,1.0,1.0,1.0,1.0,1.0,3.0,1.0,1.0
2514,1.0,1.0,1.0,3.0,1.0,1.0,1.0,1.0,1.0,3.0,1.0,1.0
2515,1.0,1.0,1.0,3.0,1.0,1.0,1.0,1.0,1.0,5.0,2.0,1.0
2516,1.0,1.0,1.0,3.0,1.0,1.0,1.0,1.0,1.0,3.0,1.0,1.0
2517,1.0,1.0,1.0,3.0,1.0,1.0,1.0,1.0,1.0,3.0,1.0,1.0
2518,1.0,1.0,1.0,3.0,1.0,1.0,1.0,1.0,1.0,3.0,1.0,1.0
2519,1.0,1.0,1.0,3.0,1.0,1.0,1.0,1.0,1.0,3.0,1.0,1.0
2520,1.0,1.0,1.0,3.0,1.0,1.0,1.0,1.0,1.0,4.0,1.0,1.0
2521,1.0,1.0,1.0,3.0,1.0,1.0,1.0,1.0,1.0,4.0,1.0,1.0
2522,1.0,1.0,1.0,3.0,1.0,1.0,1.0,1.0,1.0,5.0,2.0,1.0
2523,1.0,1.0,1.0,3.0,1.0,1.0,1.0,1.0,1.0,3.0,1.0,1.0
2524,1.0,1.0,1.0,3.0,1.0,1.0,1.0,1.0,1.0,3.0,1.0,1.0
2525,1.0,1.0,1.0,3.0,1.0,1.0,1.0,1.0,1.0,3.0,1.0,1.0
2526,1.0,1.0,1.0,3.0,1.0,1.0,1.0,1.0,1.0,4.0,1.0,1.0
2527,1.0,1.0,1.0,3.0,1.0,1.0,1.0,1.0,1.0,4.0,1.0,1.0
2528,1.0,1.0,1.0,3.0,1.0,1.0,1.0,1.0,1.0,4.0,1.0,1.0
2529,1.0,1.0,1.0,3.0,1.0,1.0,1.0,1.0,1.0,5.0,2.0,1.0
2530,1.0,1.0,1.0,3.0,1.0,1.0,1.0,1.0,1.0,4.0,1.0,1.0
2531,1.0,1.0,1.0,3.0,1.0,1.0,1.0,1.0,1.0,3.0,1.0,1.0
2532,1.0,1.0,1.0,3.0,1.0,1.0,1.0,1.0,1.0,4.0,1.0,1.0
2533,1.0,1.0,1.0,3.0,1.0,1.0,1.0,1.0,1.0,3.0,1.0,1.0
2534,1.0,1.0,1.0,3.0,1.0,1.0,1.0,1.0,1.0,3.0,1.0,1.0
2535,1.0,1.0,1.0,3.0,1.0,1.0,1.0,1.0,1.0,3.0,1.0,1.0
2536,1.0,1.0,1.0,3.0,1.0,1.0,1.0,1.0,1.0,3.0,1.0,1.0
2537,1.0,1.0,1.0,3.0,1.0,1.0,1.0,1.0,1.0,5.0,2.0,1.0
2538,1.0,1.0,1.0,3.0,1.0,1.0,1.0,1.0,1.0,5.0,2.0,1.0
2539,1.0,1.0,1.0,3.0,1.0,1.0,1.0,1.0,1.0,5.0,2.0,1.0
2540,1.0,1.0,1.0,3.0,1.0,1.0,1.0,1.0,1.0,3.0,1.0,1.0
2541,1.0,1.0,1.0,3.0,1.0,1.0,1.0,1.0,1.0,4.0,1.0,1.0
2542,1.0,1.0,1.0,3.0,1.0,1.0,1.0,1.0,1.0,3.0,1.0,1.0
2543,1.0,1.0,1.0,3.0,1.0,1.0,1.0,1.0,1.0,5.0,2.0,1.0
2544,1.0,1.0,1.0,3.0,1.0,1.0,1.0,1.0,1.0,3.0,1.0,1.0
2545,1.0,1.0,1.0,3.0,1.0,1.0,1.0,1.0,1.0,3.0,1.0,1.0
2546,1.0,1.0,1.0,3.0,1.0,1.0,1.0,1.0,1.0,3.0,1.0,1.0
2547,1.0,1.0,1.0,3.0,1.0,1.0,1.0,1.0,1.0,3.0,1.0,1.0
2548,1.0,1.0,1.0,3.0,1.0,1.0,1.0,1.0,1.0,3.0,1.0,1.0
2549,1.0,1.0,1.0,3.0,1.0,1.0,1.0,1.0,1.0,3.0,1.0,1.0
2550,1.0,1.0,1.0,3.0,1.0,1.0,1.0,1.0,1.0,4.0,1.0,1.0
2551,1.0,1.0,1.0,3.0,1.0,1.0,1.0,1.0,1.0,3.0,1.0,1.0
2552,1.0,1.0,1.0,3.0,1.0,1.0,1.0,1.0,1.0,5.0,2.0,1.0
2553,1.0,1.0,1.0,3.0,1.0,1.0,1.0,1.0,1.0,3.0,1.0,1.0
2554,1.0,1.0,1.0,3.0,1.0,1.0,1.0,1.0,1.0,3.0,1.0,1.0
2555,1.0,1.0,1.0,3.0,1.0,1.0,1.0,1.0,1.0,5.0,2.0,1.0
2556,1.0,1.0,1.0,3.0,1.0,1.0,1.0,1.0,1.0,3.0,1.0,1.0
2557,1.0,1.0,1.0,3.0,1.0,1.0,1.0,1.0,1.0,3.0,1.0,1.0
2558,1.0,1.0,1.0,3.0,1.0,1.0,1.0,1.0,1.0,5.0,2.0,1.0
2559,1.0,1.0,1.0,3.0,1.0,1.0,1.0,1.0,1.0,3.0,1.0,1.0
2560,1.0,1.0,1.0,3.0,1.0,1.0,1.0,1.0,1.0,3.0,1.0,1.0
2561,1.0,1.0,1.0,3.0,1.0,1.0,1.0,1.0,1.0,5.0,2.0,1.0
2562,1.0,1.0,1.0,3.0,1.0,1.0,1.0,1.0,1.0,3.0,1.0,1.0
2563,1.0,1.0,1.0,3.0,1.0,1.0,1.0,1.0,1.0,5.0,2.0,1.0
2564,1.0,1.0,1.0,3.0,1.0,1.0,1.0,1.0,1.0,4.0,1.0,1.0
2565,1.0,1.0,1.0,3.0,1.0,1.0,1.0,1.0,1.0,4.0,1.0,1.0
2566,1.0,1.0,1.0,3.0,1.0,1.0,1.0,1.0,1.0,3.0,1.0,1.0
2567,1.0,1.0,1.0,3.0,1.0,1.0,1.0,1.0,1.0,3.0,1.0,1.0
2568,1.0,1.0,1.0,3.0,1.0,1.0,1.0,1.0,1.0,5.0,2.0,1.0
2569,1.0,1.0,1.0,3.0,1.0,1.0,1.0,1.0,1.0,3.0,1.0,1.0
2570,1.0,1.0,1.0,3.0,1.0,1.0,1.0,1.0,1.0,3.0,1.0,1.0
2571,1.0,1.0,1.0,3.0,1.0,1.0,1.0,1.0,1.0,3.0,1.0,1.0
2572,1.0,1.0,1.0,3.0,1.0,1.0,1.0,1.0,1.0,3.0,1.0,1.0
2573,1.0,1.0,1.0,3.0,1.0,1.0,1.0,1.0,1.0,3.0,1.0,1.0
2574,1.0,1.0,1.0,3.0,1.0,1.0,1.0,1.0,1.0,3.0,1.0,1.0
2575,1.0,1.0,1.0,3.0,1.0,1.0,1.0,1.0,1.0,4.0,1.0,1.0
2576,1.0,1.0,1.0,3.0,1.0,1.0,1.0,1.0,1.0,4.0,1.0,1.0
2577,1.0,1.0,1.0,3.0,1.0,1.0,1.0,1.0,1.0,5.0,2.0,1.0
2578,1.0,1.0,1.0,3.0,1.0,1.0,1.0,1.0,1.0,5.0,2.0,1.0
2579,1.0,1.0,1.0,3.0,1.0,1.0,1.0,1.0,1.0,3.0,1.0,1.0
2580,1.0,1.0,1.0,3.0,1.0,1.0,1.0,1.0,1.0,5.0,2.0,1.0
2581,1.0,1.0,1.0,3.0,1.0,1.0,1.0,1.0,1.0,5.0,2.0,1.0
2582,1.0,1.0,1.0,3.0,1.0,1.0,1.0,1.0,1.0,3.0,1.0,1.0
2583,1.0,1.0,1.0,3.0,1.0,1.0,1.0,1.0,1.0,3.0,1.0,1.0
2584,1.0,1.0,1.0,3.0,1.0,1.0,1.0,1.0,1.0,3.0,1.0,1.0
2585,1.0,1.0,1.0,3.0,1.0,1.0,1.0,1.0,1.0,4.0,1.0,1.0
2586,1.0,1.0,1.0,3.0,1.0,1.0,1.0,1.0,1.0,4.0,1.0,1.0
2587,1.0,1.0,1.0,3.0,1.0,1.0,1.0,1.0,1.0,3.0,1.0,1.0
2588,1.0,1.0,1.0,3.0,1.0,1.0,1.0,1.0,1.0,5.0,2.0,1.0
2589,1.0,1.0,1.0,3.0,1.0,1.0,1.0,1.0,1.0,3.0,1.0,1.0
2590,1.0,1.0,1.0,3.0,1.0,1.0,1.0,1.0,1.0,3.0,1.0,1.0
2591,1.0,1.0,1.0,3.0,1.0,1.0,1.0,1.0,1.0,4.0,1.0,1.0
2592,1.0,1.0,1.0,3.0,1.0,1.0,1.0,1.0,1.0,5.0,2.0,1.0
2593,1.0,1.0,1.0,3.0,1.0,1.0,1.0,1.0,1.0,4.0,1.0,1.0
2594,1.0,1.0,1.0,3.0,1.0,1.0,1.0,1.0,1.0,3.0,1.0,1.0
2595,1.0,1.0,1.0,3.0,1.0,1.0,1.0,1.0,1.0,5.0,2.0,1.0
2596,1.0,1.0,1.0,3.0,1.0,1.0,1.0,1.0,1.0,4.0,1.0,1.0
2597,1.0,1.0,1.0,3.0,1.0,1.0,1.0,1.0,1.0,4.0,1.0,1.0
2598,1.0,1.0,1.0,3.0,1.0,1.0,1.0,1.0,1.0,5.0,2.0,1.0
2599,1.0,1.0,1.0,3.0,1.0,1.0,1.0,1.0,1.0,3.0,1.0,1.0
2600,1.0,1.0,1.0,3.0,1.0,1.0,1.0,1.0,1.0,5.0,2.0,1.0
2601,1.0,1.0,1.0,3.0,1.0,1.0,1.0,1.0,1.0,5.0,2.0,1.0
2602,1.0,1.0,1.0,3.0,1.0,1.0,1.0,1.0,1.0,5.0,2.0,1.0
2603,1.0,1.0,1.0,3.0,1.0,1.0,1.0,1.0,1.0,3.0,1.0,1.0
2604,1.0,1.0,1.0,3.0,1.0,1.0,1.0,1.0,1.0,3.0,1.0,1.0
2605,1.0,1.0,1.0,3.0,1.0,1.0,1.0,1.0,1.0,4.0,1.0,1.0
2606,1.0,1.0,1.0,3.0,1.0,1.0,1.0,1.0,1.0,5.0,2.0,1.0
2607,1.0,1.0,1.0,3.0,1.0,1.0,1.0,1.0,1.0,5.0,2.0,1.0
2608,1.0,1.0,1.0,3.0,1.0,1.0,1.0,1.0,1.0,4.0,1.0,1.0
2609,1.0,1.0,1.0,3.0,1.0,1.0,1.0,1.0,1.0,3.0,1.0,1.0
2610,1.0,1.0,1.0,3.0,1.0,1.0,1.0,1.0,1.0,4.0,1.0,1.0
2611,1.0,1.0,1.0,3.0,1.0,1.0,1.0,1.0,1.0,3.0,1.0,1.0
2612,1.0,1.0,1.0,3.0,1.0,1.0,1.0,1.0,1.0,4.0,1.0,1.0
2613,1.0,1.0,1.0,3.0,1.0,1.0,1.0,1.0,1.0,5.0,2.0,1.0
2614,1.0,1.0,1.0,3.0,1.0,1.0,1.0,1.0,1.0,3.0,1.0,1.0
2615,1.0,1.0,1.0,3.0,1.0,1.0,1.0,1.0,1.0,3.0,1.0,1.0
2616,1.0,1.0,1.0,3.0,1.0,1.0,1.0,1.0,1.0,3.0,1.0,1.0
2617,1.0,1.0,1.0,3.0,1.0,1.0,1.0,1.0,1.0,5.0,2.0,1.0
2618,1.0,1.0,1.0,3.0,1.0,1.0,1.0,1.0,1.0,3.0,1.0,1.0
2619,1.0,1.0,1.0,3.0,1.0,1.0,1.0,1.0,1.0,3.0,1.0,1.0
2620,1.0,1.0,1.0,3.0,1.0,1.0,1.0,1.0,1.0,4.0,1.0,1.0
2621,1.0,1.0,1.0,3.0,1.0,1.0,1.0,1.0,1.0,4.0,1.0,1.0
2622,1.0,1.0,1.0,3.0,1.0,1.0,1.0,1.0,1.0,4.0,1.0,1.0
2623,1.0,1.0,1.0,3.0,1.0,1.0,1.0,1.0,1.0,3.0,1.0,1.0
2624,1.0,1.0,1.0,3.0,1.0,1.0,1.0,1.0,1.0,5.0,2.0,1.0
2625,1.0,1.0,1.0,3.0,1.0,1.0,1.0,1.0,1.0,5.0,2.0,1.0
2626,1.0,1.0,1.0,3.0,1.0,1.0,1.0,1.0,1.0,3.0,1.0,1.0
2627,1.0,1.0,1.0,3.0,1.0,1.0,1.0,1.0,1.0,5.0,2.0,1.0
2628,1.0,1.0,1.0,3.0,1.0,1.0,1.0,1.0,1.0,5.0,2.0,1.0
2629,1.0,1.0,1.0,3.0,1.0,1.0,1.0,1.0,1.0,5.0,2.0,1.0
2630,1.0,1.0,1.0,3.0,1.0,1.0,1.0,1.0,1.0,3.0,1.0,1.0
2631,1.0,1.0,1.0,3.0,1.0,1.0,1.0,1.0,1.0,5.0,2.0,1.0
2632,1.0,1.0,1.0,3.0,1.0,1.0,1.0,1.0,1.0,3.0,1.0,1.0
2633,1.0,1.0,1.0,3.0,1.0,1.0,1.0,1.0,1.0,4.0,1.0,1.0
2634,1.0,1.0,1.0,3.0,1.0,1.0,1.0,1.0,1.0,3.0,1.0,1.0
2635,1.0,1.0,1.0,3.0,1.0,1.0,1.0,1.0,1.0,3.0,1.0,1.0
2636,1.0,1.0,1.0,3.0,1.0,1.0,1.0,1.0,1.0,3.0,1.0,1.0
2637,1.0,1.0,1.0,3.0,1.0,1.0,1.0,1.0,1.0,5.0,2.0,1.0
2638,1.0,1.0,1.0,3.0,1.0,1.0,1.0,1.0,1.0,3.0,1.0,1.0
2639,1.0,1.0,1.0,3.0,1.0,1.0,1.0,1.0,1.0,4.0,1.0,1.0
2640,1.0,1.0,1.0,3.0,1.0,1.0,1.0,1.0,1.0,5.0,2.0,1.0
2641,1.0,1.0,1.0,3.0,1.0,1.0,1.0,1.0,1.0,3.0,1.0,1.0
2642,1.0,1.0,1.0,3.0,1.0,1.0,1.0,1.0,1.0,5.0,2.0,1.0
2643,1.0,1.0,1.0,3.0,1.0,1.0,1.0,1.0,1.0,3.0,1.0,1.0
2644,1.0,1.0,1.0,3.0,1.0,1.0,1.0,1.0,1.0,3.0,1.0,1.0
2645,1.0,1.0,1.0,3.0,1.0,1.0,1.0,1.0,1.0,3.0,1.0,1.0
2646,1.0,1.0,1.0,3.0,1.0,1.0,1.0,1.0,1.0,3.0,1.0,1.0
2647,1.0,1.0,1.0,3.0,1.0,1.0,1.0,1.0,1.0,3.0,1.0,1.0
2648,1.0,1.0,1.0,3.0,1.0,1.0,1.0,1.0,1.0,3.0,1.0,1.0
2649,1.0,1.0,1.0,3.0,1.0,1.0,1.0,1.0,1.0,5.0,2.0,1.0
2650,1.0,1.0,1.0,3.0,1.0,1.0,1.0,1.0,1.0,4.0,1.0,1.0
2651,1.0,1.0,1.0,3.0,1.0,1.0,1.0,1.0,1.0,3.0,1.0,1.0
2652,1.0,1.0,1.0,3.0,1.0,1.0,1.0,1.0,1.0,3.0,1.0,1.0
2653,1.0,1.0,1.0,3.0,1.0,1.0,1.0,1.0,1.0,5.0,2.0,1.0
2654,1.0,1.0,1.0,3.0,1.0,1.0,1.0,1.0,1.0,3.0,1.0,1.0
2655,1.0,1.0,1.0,3.0,1.0,1.0,1.0,1.0,1.0,5.0,2.0,1.0
2656,1.0,1.0,1.0,3.0,1.0,1.0,1.0,1.0,1.0,3.0,1.0,1.0
2657,1.0,1.0,1.0,3.0,1.0,1.0,1.0,1.0,1.0,3.0,1.0,1.0
2658,1.0,1.0,1.0,3.0,1.0,1.0,1.0,1.0,1.0,4.0,1.0,1.0
2659,1.0,1.0,1.0,3.0,1.0,1.0,1.0,1.0,1.0,5.0,2.0,1.0
2660,1.0,1.0,1.0,3.0,1.0,1.0,1.0,1.0,1.0,5.0,2.0,1.0
2661,1.0,1.0,1.0,3.0,1.0,1.0,1.0,1.0,1.0,5.0,2.0,1.0
2662,1.0,1.0,1.0,3.0,1.0,1.0,1.0,1.0,1.0,5.0,2.0,1.0
2663,1.0,1.0,1.0,3.0,1.0,1.0,1.0,1.0,1.0,3.0,1.0,1.0
2664,1.0,1.0,1.0,3.0,1.0,1.0,1.0,1.0,1.0,3.0,1.0,1.0
2665,1.0,1.0,1.0,3.0,1.0,1.0,1.0,1.0,1.0,3.0,1.0,1.0
2666,1.0,1.0,1.0,3.0,1.0,1.0,1.0,1.0,1.0,3.0,1.0,1.0
2667,1.0,1.0,1.0,3.0,1.0,1.0,1.0,1.0,1.0,3.0,1.0,1.0
2668,1.0,1.0,1.0,3.0,1.0,1.0,1.0,1.0,1.0,3.0,1.0,1.0
2669,1.0,1.0,1.0,3.0,1.0,1.0,1.0,1.0,1.0,5.0,2.0,1.0
2670,1.0,1.0,1.0,3.0,1.0,1.0,1.0,1.0,1.0,3.0,1.0,1.0
2671,1.0,1.0,1.0,3.0,1.0,1.0,1.0,1.0,1.0,3.0,1.0,1.0
2672,1.0,1.0,1.0,3.0,1.0,1.0,1.0,1.0,1.0,5.0,2.0,1.0
2673,1.0,1.0,1.0,3.0,1.0,1.0,1.0,1.0,1.0,4.0,1.0,1.0
2674,1.0,1.0,1.0,3.0,1.0,1.0,1.0,1.0,1.0,3.0,1.0,1.0
2675,1.0,1.0,1.0,3.0,1.0,1.0,1.0,1.0,1.0,3.0,1.0,1.0
2676,1.0,1.0,1.0,3.0,1.0,1.0,1.0,1.0,1.0,3.0,1.0,1.0
2677,1.0,1.0,1.0,3.0,1.0,1.0,1.0,1.0,1.0,3.0,1.0,1.0
2678,1.0,1.0,1.0,3.0,1.0,1.0,1.0,1.0,1.0,3.0,1.0,1.0
2679,1.0,1.0,1.0,3.0,1.0,1.0,1.0,1.0,1.0,3.0,1.0,1.0
2680,1.0,1.0,1.0,3.0,1.0,1.0,1.0,1.0,1.0,5.0,2.0,1.0
2681,1.0,1.0,1.0,3.0,1.0,1.0,1.0,1.0,1.0,5.0,2.0,1.0
2682,1.0,1.0,1.0,3.0,1.0,1.0,1.0,1.0,1.0,4.0,1.0,1.0
2683,1.0,1.0,1.0,3.0,1.0,1.0,1.0,1.0,1.0,3.0,1.0,1.0
2684,1.0,1.0,1.0,3.0,1.0,1.0,1.0,1.0,1.0,3.0,1.0,1.0
2685,1.0,1.0,1.0,3.0,1.0,1.0,1.0,1.0,1.0,5.0,2.0,1.0
2686,1.0,1.0,1.0,3.0,1.0,1.0,1.0,1.0,1.0,3.0,1.0,1.0
2687,1.0,1.0,1.0,3.0,1.0,1.0,1.0,1.0,1.0,3.0,1.0,1.0
2688,1.0,1.0,1.0,3.0,1.0,1.0,1.0,1.0,1.0,3.0,1.0,1.0
2689,1.0,1.0,1.0,3.0,1.0,1.0,1.0,1.0,1.0,3.0,1.0,1.0
2690,1.0,1.0,1.0,3.0,1.0,1.0,1.0,1.0,1.0,5.0,2.0,1.0
2691,1.0,1.0,1.0,3.0,1.0,1.0,1.0,1.0,1.0,3.0,1.0,1.0
2692,1.0,1.0,1.0,3.0,1.0,1.0,1.0,1.0,1.0,5.0,2.0,1.0
2693,1.0,1.0,1.0,3.0,1.0,1.0,1.0,1.0,1.0,5.0,2.0,1.0
2694,1.0,1.0,1.0,3.0,1.0,1.0,1.0,1.0,1.0,5.0,2.0,1.0
2695,1.0,1.0,1.0,3.0,1.0,1.0,1.0,1.0,1.0,3.0,1.0,1.0
2696,1.0,1.0,1.0,3.0,1.0,1.0,1.0,1.0,1.0,3.0,1.0,1.0
2697,1.0,1.0,1.0,3.0,1.0,1.0,1.0,1.0,1.0,3.0,1.0,1.0
2698,1.0,1.0,1.0,3.0,1.0,1.0,1.0,1.0,1.0,4.0,1.0,1.0
2699,1.0,1.0,1.0,3.0,1.0,1.0,1.0,1.0,1.0,4.0,1.0,1.0
2700,1.0,1.0,1.0,3.0,1.0,1.0,1.0,1.0,1.0,3.0,1.0,1.0
2701,1.0,1.0,1.0,3.0,1.0,1.0,1.0,1.0,1.0,3.0,1.0,1.0
2702,1.0,1.0,1.0,3.0,1.0,1.0,1.0,1.0,1.0,5.0,2.0,1.0
2703,1.0,1.0,1.0,3.0,1.0,1.0,1.0,1.0,1.0,3.0,1.0,1.0
2704,1.0,1.0,1.0,3.0,1.0,1.0,1.0,1.0,1.0,5.0,2.0,1.0
2705,1.0,1.0,1.0,3.0,1.0,1.0,1.0,1.0,1.0,5.0,2.0,1.0
2706,1.0,1.0,1.0,3.0,1.0,1.0,1.0,1.0,1.0,3.0,1.0,1.0
2707,1.0,1.0,1.0,3.0,1.0,1.0,1.0,1.0,1.0,4.0,1.0,1.0
2708,1.0,1.0,1.0,3.0,1.0,1.0,1.0,1.0,1.0,5.0,2.0,1.0
2709,1.0,1.0,1.0,3.0,1.0,1.0,1.0,1.0,1.0,3.0,1.0,1.0
2710,1.0,1.0,1.0,3.0,1.0,1.0,1.0,1.0,1.0,3.0,1.0,1.0
2711,1.0,1.0,1.0,3.0,1.0,1.0,1.0,1.0,1.0,5.0,2.0,1.0
2712,1.0,1.0,1.0,3.0,1.0,1.0,1.0,1.0,1.0,3.0,1.0,1.0
2713,1.0,1.0,1.0,3.0,1.0,1.0,1.0,1.0,1.0,4.0,1.0,1.0
2714,1.0,1.0,1.0,3.0,1.0,1.0,1.0,1.0,1.0,3.0,1.0,1.0
2715,1.0,1.0,1.0,3.0,1.0,1.0,1.0,1.0,1.0,5.0,2.0,1.0
2716,1.0,1.0,1.0,3.0,1.0,1.0,1.0,1.0,1.0,4.0,1.0,1.0
2717,1.0,1.0,1.0,3.0,1.0,1.0,1.0,1.0,1.0,5.0,2.0,1.0
2718,1.0,1.0,1.0,3.0,1.0,1.0,1.0,1.0,1.0,3.0,1.0,1.0
2719,1.0,1.0,1.0,3.0,1.0,1.0,1.0,1.0,1.0,3.0,1.0,1.0
2720,1.0,1.0,1.0,3.0,1.0,1.0,1.0,1.0,1.0,3.0,1.0,1.0
2721,1.0,1.0,1.0,3.0,1.0,1.0,1.0,1.0,1.0,5.0,2.0,1.0
2722,1.0,1.0,1.0,3.0,1.0,1.0,1.0,1.0,1.0,4.0,1.0,1.0
2723,1.0,1.0,1.0,3.0,1.0,1.0,1.0,1.0,1.0,4.0,1.0,1.0
2724,1.0,1.0,1.0,3.0,1.0,1.0,1.0,1.0,1.0,5.0,2.0,1.0
2725,1.0,1.0,1.0,3.0,1.0,1.0,1.0,1.0,1.0,3.0,1.0,1.0
2726,1.0,1.0,1.0,3.0,1.0,1.0,1.0,1.0,1.0,3.0,1.0,1.0
2727,1.0,1.0,1.0,3.0,1.0,1.0,1.0,1.0,1.0,3.0,1.0,1.0
2728,1.0,1.0,1.0,3.0,1.0,1.0,1.0,1.0,1.0,3.0,1.0,1.0
2729,1.0,1.0,1.0,3.0,1.0,1.0,1.0,1.0,1.0,3.0,1.0,1.0
2730,1.0,1.0,1.0,3.0,1.0,1.0,1.0,1.0,1.0,3.0,1.0,1.0
2731,1.0,1.0,1.0,3.0,1.0,1.0,1.0,1.0,1.0,5.0,2.0,1.0
2732,1.0,1.0,1.0,3.0,1.0,1.0,1.0,1.0,1.0,3.0,1.0,1.0
2733,1.0,1.0,1.0,3.0,1.0,1.0,1.0,1.0,1.0,3.0,1.0,1.0
2734,1.0,1.0,1.0,3.0,1.0,1.0,1.0,1.0,1.0,5.0,2.0,1.0
2735,1.0,1.0,1.0,3.0,1.0,1.0,1.0,1.0,1.0,3.0,1.0,1.0
2736,1.0,1.0,1.0,3.0,1.0,1.0,1.0,1.0,1.0,5.0,2.0,1.0
2737,1.0,1.0,1.0,3.0,1.0,1.0,1.0,1.0,1.0,3.0,1.0,1.0
2738,1.0,1.0,1.0,3.0,1.0,1.0,1.0,1.0,1.0,4.0,1.0,1.0
2739,1.0,1.0,1.0,3.0,1.0,1.0,1.0,1.0,1.0,3.0,1.0,1.0
2740,1.0,1.0,1.0,3.0,1.0,1.0,1.0,1.0,1.0,3.0,1.0,1.0
2741,1.0,1.0,1.0,3.0,1.0,1.0,1.0,1.0,1.0,3.0,1.0,1.0
2742,1.0,1.0,1.0,3.0,1.0,1.0,1.0,1.0,1.0,3.0,1.0,1.0
2743,1.0,1.0,1.0,3.0,1.0,1.0,1.0,1.0,1.0,3.0,1.0,1.0
2744,1.0,1.0,1.0,3.0,1.0,1.0,1.0,1.0,1.0,5.0,2.0,1.0
2745,1.0,1.0,1.0,3.0,1.0,1.0,1.0,1.0,1.0,3.0,1.0,1.0
2746,1.0,1.0,1.0,3.0,1.0,1.0,1.0,1.0,1.0,3.0,1.0,1.0
2747,1.0,1.0,1.0,3.0,1.0,1.0,1.0,1.0,1.0,3.0,1.0,1.0
2748,1.0,1.0,1.0,3.0,1.0,1.0,1.0,1.0,1.0,3.0,1.0,1.0
2749,1.0,1.0,1.0,3.0,1.0,1.0,1.0,1.0,1.0,3.0,1.0,1.0
2750,1.0,1.0,1.0,3.0,1.0,1.0,1.0,1.0,1.0,3.0,1.0,1.0
2751,1.0,1.0,1.0,3.0,1.0,1.0,1.0,1.0,1.0,5.0,2.0,1.0
2752,1.0,1.0,1.0,3.0,1.0,1.0,1.0,1.0,1.0,3.0,1.0,1.0
2753,1.0,1.0,1.0,3.0,1.0,1.0,1.0,1.0,1.0,3.0,1.0,1.0
2754,1.0,1.0,1.0,3.0,1.0,1.0,1.0,1.0,1.0,5.0,2.0,1.0
2755,1.0,1.0,1.0,3.0,1.0,1.0,1.0,1.0,1.0,3.0,1.0,1.0
2756,1.0,1.0,1.0,3.0,1.0,1.0,1.0,1.0,1.0,3.0,1.0,1.0
2757,1.0,1.0,1.0,3.0,1.0,1.0,1.0,1.0,1.0,3.0,1.0,1.0
2758,1.0,1.0,1.0,3.0,1.0,1.0,1.0,1.0,1.0,3.0,1.0,1.0
2759,1.0,1.0,1.0,3.0,1.0,1.0,1.0,1.0,1.0,5.0,2.0,1.0
2760,1.0,1.0,1.0,3.0,1.0,1.0,1.0,1.0,1.0,3.0,1.0,1.0
2761,1.0,1.0,1.0,3.0,1.0,1.0,1.0,1.0,1.0,3.0,1.0,1.0
2762,1.0,1.0,1.0,3.0,1.0,1.0,1.0,1.0,1.0,3.0,1.0,1.0
2763,1.0,1.0,1.0,3.0,1.0,1.0,1.0,1.0,1.0,4.0,1.0,1.0
2764,1.0,1.0,1.0,3.0,1.0,1.0,1.0,1.0,1.0,3.0,1.0,1.0
2765,1.0,1.0,1.0,3.0,1.0,1.0,1.0,1.0,1.0,3.0,1.0,1.0
2766,1.0,1.0,1.0,3.0,1.0,1.0,1.0,1.0,1.0,3.0,1.0,1.0
2767,1.0,1.0,1.0,3.0,1.0,1.0,1.0,1.0,1.0,4.0,1.0,1.0
2768,1.0,1.0,1.0,3.0,1.0,1.0,1.0,1.0,1.0,3.0,1.0,1.0
2769,1.0,1.0,1.0,3.0,1.0,1.0,1.0,1.0,1.0,5.0,2.0,1.0
2770,1.0,1.0,1.0,3.0,1.0,1.0,1.0,1.0,1.0,3.0,1.0,1.0
2771,1.0,1.0,1.0,3.0,1.0,1.0,1.0,1.0,1.0,3.0,1.0,1.0
2772,1.0,1.0,1.0,3.0,1.0,1.0,1.0,1.0,1.0,5.0,2.0,1.0
2773,1.0,1.0,1.0,3.0,1.0,1.0,1.0,1.0,1.0,3.0,1.0,1.0
2774,1.0,1.0,1.0,3.0,1.0,1.0,1.0,1.0,1.0,3.0,1.0,1.0
2775,1.0,1.0,1.0,3.0,1.0,1.0,1.0,1.0,1.0,5.0,2.0,1.0
2776,1.0,1.0,1.0,3.0,1.0,1.0,1.0,1.0,1.0,5.0,2.0,1.0
2777,1.0,1.0,1.0,3.0,1.0,1.0,1.0,1.0,1.0,5.0,2.0,1.0
2778,1.0,1.0,1.0,3.0,1.0,1.0,1.0,1.0,1.0,3.0,1.0,1.0
2779,1.0,1.0,1.0,3.0,1.0,1.0,1.0,1.0,1.0,4.0,1.0,1.0
2780,1.0,1.0,1.0,3.0,1.0,1.0,1.0,1.0,1.0,4.0,1.0,1.0
2781,1.0,1.0,1.0,3.0,1.0,1.0,1.0,1.0,1.0,5.0,2.0,1.0
2782,1.0,1.0,1.0,3.0,1.0,1.0,1.0,1.0,1.0,3.0,1.0,1.0
2783,1.0,1.0,1.0,3.0,1.0,1.0,1.0,1.0,1.0,5.0,2.0,1.0
2784,1.0,1.0,1.0,3.0,1.0,1.0,1.0,1.0,1.0,4.0,1.0,1.0
2785,1.0,1.0,1.0,3.0,1.0,1.0,1.0,1.0,1.0,3.0,1.0,1.0
2786,1.0,1.0,1.0,3.0,1.0,1.0,1.0,1.0,1.0,4.0,1.0,1.0
2787,1.0,1.0,1.0,5.0,1.0,1.0,1.0,1.0,1.0,3.0,1.0,1.0
2788,1.0,1.0,1.0,3.0,1.0,1.0,1.0,1.0,1.0,3.0,1.0,1.0
2789,1.0,1.0,1.0,3.0,1.0,1.0,1.0,1.0,1.0,3.0,1.0,1.0
2790,1.0,1.0,1.0,3.0,1.0,1.0,1.0,1.0,1.0,5.0,2.0,1.0
2791,1.0,1.0,1.0,3.0,1.0,1.0,1.0,1.0,1.0,3.0,1.0,1.0
2792,1.0,1.0,1.0,3.0,1.0,1.0,1.0,1.0,1.0,3.0,1.0,1.0
2793,1.0,1.0,1.0,3.0,1.0,1.0,1.0,1.0,1.0,3.0,1.0,1.0
2794,1.0,1.0,1.0,3.0,1.0,1.0,1.0,1.0,1.0,4.0,1.0,1.0
2795,1.0,1.0,1.0,3.0,1.0,1.0,1.0,1.0,1.0,5.0,2.0,1.0
2796,1.0,1.0,1.0,3.0,1.0,1.0,1.0,1.0,1.0,5.0,2.0,1.0
2797,1.0,1.0,1.0,3.0,1.0,1.0,1.0,1.0,1.0,5.0,2.0,1.0
2798,1.0,1.0,1.0,3.0,1.0,1.0,1.0,1.0,1.0,3.0,1.0,1.0
2799,1.0,1.0,1.0,3.0,1.0,1.0,1.0,1.0,1.0,5.0,2.0,1.0
2800,1.0,1.0,1.0,3.0,1.0,1.0,1.0,1.0,1.0,4.0,1.0,1.0
2801,1.0,1.0,1.0,3.0,1.0,1.0,1.0,1.0,1.0,4.0,1.0,1.0
2802,1.0,1.0,1.0,3.0,1.0,1.0,1.0,1.0,1.0,3.0,1.0,1.0
2803,1.0,1.0,1.0,3.0,1.0,1.0,1.0,1.0,1.0,3.0,1.0,1.0
2804,1.0,1.0,1.0,3.0,1.0,1.0,1.0,1.0,1.0,5.0,2.0,1.0
2805,1.0,1.0,1.0,3.0,1.0,1.0,1.0,1.0,1.0,3.0,1.0,1.0
2806,1.0,1.0,1.0,3.0,1.0,1.0,1.0,1.0,1.0,3.0,1.0,1.0
2807,1.0,1.0,1.0,3.0,1.0,1.0,1.0,1.0,1.0,4.0,1.0,1.0
2808,1.0,1.0,1.0,3.0,1.0,1.0,1.0,1.0,1.0,3.0,1.0,1.0
2809,1.0,1.0,1.0,3.0,1.0,1.0,1.0,1.0,1.0,3.0,1.0,1.0
2810,1.0,1.0,1.0,3.0,1.0,1.0,1.0,1.0,1.0,3.0,1.0,1.0
2811,1.0,1.0,1.0,3.0,1.0,1.0,1.0,1.0,1.0,4.0,1.0,1.0
2812,1.0,1.0,1.0,3.0,1.0,1.0,1.0,1.0,1.0,3.0,1.0,1.0
2813,1.0,1.0,1.0,3.0,1.0,1.0,1.0,1.0,1.0,4.0,1.0,1.0
2814,1.0,1.0,1.0,3.0,1.0,1.0,1.0,1.0,1.0,4.0,1.0,1.0
2815,1.0,1.0,1.0,3.0,1.0,1.0,1.0,1.0,1.0,5.0,2.0,1.0
2816,1.0,1.0,1.0,3.0,1.0,1.0,1.0,1.0,1.0,4.0,1.0,1.0
2817,1.0,1.0,1.0,3.0,1.0,1.0,1.0,1.0,1.0,3.0,1.0,1.0
2818,1.0,1.0,1.0,3.0,1.0,1.0,1.0,1.0,1.0,5.0,2.0,1.0
2819,1.0,1.0,1.0,3.0,1.0,1.0,1.0,1.0,1.0,4.0,1.0,1.0
2820,1.0,1.0,1.0,3.0,1.0,1.0,1.0,1.0,1.0,4.0,1.0,1.0
2821,1.0,1.0,1.0,3.0,1.0,1.0,1.0,1.0,1.0,3.0,1.0,1.0
2822,1.0,1.0,1.0,3.0,1.0,1.0,1.0,1.0,1.0,5.0,2.0,1.0
2823,1.0,1.0,1.0,3.0,1.0,1.0,1.0,1.0,1.0,4.0,1.0,1.0
2824,1.0,1.0,1.0,3.0,1.0,1.0,1.0,1.0,1.0,5.0,2.0,1.0
2825,1.0,1.0,1.0,3.0,1.0,1.0,1.0,1.0,1.0,3.0,1.0,1.0
2826,1.0,1.0,1.0,3.0,1.0,1.0,1.0,1.0,1.0,3.0,1.0,1.0
2827,1.0,1.0,1.0,3.0,1.0,1.0,1.0,1.0,1.0,3.0,1.0,1.0
2828,1.0,1.0,1.0,3.0,1.0,1.0,1.0,1.0,1.0,3.0,1.0,1.0
2829,1.0,1.0,1.0,3.0,1.0,1.0,1.0,1.0,1.0,3.0,1.0,1.0
2830,1.0,1.0,1.0,3.0,1.0,1.0,1.0,1.0,1.0,3.0,1.0,1.0
2831,1.0,1.0,1.0,3.0,1.0,1.0,1.0,1.0,1.0,5.0,2.0,1.0
2832,1.0,1.0,1.0,3.0,1.0,1.0,1.0,1.0,1.0,4.0,1.0,1.0
2833,1.0,1.0,1.0,3.0,1.0,1.0,1.0,1.0,1.0,3.0,1.0,1.0
2834,1.0,1.0,1.0,3.0,1.0,1.0,1.0,1.0,1.0,3.0,1.0,1.0
2835,1.0,1.0,1.0,3.0,1.0,1.0,1.0,1.0,1.0,3.0,1.0,1.0
2836,1.0,1.0,1.0,3.0,1.0,1.0,1.0,1.0,1.0,5.0,2.0,1.0
2837,1.0,1.0,1.0,3.0,1.0,1.0,1.0,1.0,1.0,4.0,1.0,1.0
2838,1.0,1.0,1.0,3.0,1.0,1.0,1.0,1.0,1.0,4.0,1.0,1.0
2839,1.0,1.0,1.0,3.0,1.0,1.0,1.0,1.0,1.0,3.0,1.0,1.0
2840,1.0,1.0,1.0,3.0,1.0,1.0,1.0,1.0,1.0,3.0,1.0,1.0
2841,1.0,1.0,1.0,3.0,1.0,1.0,1.0,1.0,1.0,5.0,2.0,1.0
2842,1.0,1.0,1.0,3.0,1.0,1.0,1.0,1.0,1.0,3.0,1.0,1.0
2843,1.0,1.0,1.0,3.0,1.0,1.0,1.0,1.0,1.0,5.0,2.0,1.0
2844,1.0,1.0,1.0,3.0,1.0,1.0,1.0,1.0,1.0,3.0,1.0,1.0
2845,1.0,1.0,1.0,3.0,1.0,1.0,1.0,1.0,1.0,3.0,1.0,1.0
2846,1.0,1.0,1.0,3.0,1.0,1.0,1.0,1.0,1.0,3.0,1.0,1.0
2847,1.0,1.0,1.0,3.0,1.0,1.0,1.0,1.0,1.0,3.0,1.0,1.0
2848,1.0,1.0,1.0,3.0,1.0,1.0,1.0,1.0,1.0,5.0,2.0,1.0
2849,1.0,1.0,1.0,3.0,1.0,1.0,1.0,1.0,1.0,3.0,1.0,1.0
2850,1.0,1.0,1.0,3.0,1.0,1.0,1.0,1.0,1.0,3.0,1.0,1.0
2851,1.0,1.0,1.0,3.0,1.0,1.0,1.0,1.0,1.0,3.0,1.0,1.0
2852,1.0,1.0,1.0,3.0,1.0,1.0,1.0,1.0,1.0,3.0,1.0,1.0
2853,1.0,1.0,1.0,3.0,1.0,1.0,1.0,1.0,1.0,5.0,2.0,1.0
2854,1.0,1.0,1.0,3.0,1.0,1.0,1.0,1.0,1.0,4.0,1.0,1.0
2855,1.0,1.0,1.0,3.0,1.0,1.0,1.0,1.0,1.0,5.0,2.0,1.0
2856,1.0,1.0,1.0,3.0,1.0,1.0,1.0,1.0,1.0,5.0,2.0,1.0
2857,1.0,1.0,1.0,3.0,1.0,1.0,1.0,1.0,1.0,3.0,1.0,1.0
2858,1.0,1.0,1.0,3.0,1.0,1.0,1.0,1.0,1.0,3.0,1.0,1.0
2859,1.0,1.0,1.0,3.0,1.0,1.0,1.0,1.0,1.0,4.0,1.0,1.0
2860,1.0,1.0,1.0,3.0,1.0,1.0,1.0,1.0,1.0,5.0,2.0,1.0
2861,1.0,1.0,1.0,3.0,1.0,1.0,1.0,1.0,1.0,3.0,1.0,1.0
2862,1.0,1.0,1.0,3.0,1.0,1.0,1.0,1.0,1.0,4.0,1.0,1.0
2863,1.0,1.0,1.0,3.0,1.0,1.0,1.0,1.0,1.0,3.0,1.0,1.0
2864,1.0,1.0,1.0,3.0,1.0,1.0,1.0,1.0,1.0,3.0,1.0,1.0
2865,1.0,1.0,1.0,3.0,1.0,1.0,1.0,1.0,1.0,5.0,2.0,1.0
2866,1.0,1.0,1.0,3.0,1.0,1.0,1.0,1.0,1.0,4.0,1.0,1.0
2867,1.0,1.0,1.0,3.0,1.0,1.0,1.0,1.0,1.0,5.0,2.0,1.0
2868,1.0,1.0,1.0,3.0,1.0,1.0,1.0,1.0,1.0,3.0,1.0,1.0
2869,1.0,1.0,1.0,3.0,1.0,1.0,1.0,1.0,1.0,3.0,1.0,1.0
2870,1.0,1.0,1.0,3.0,1.0,1.0,1.0,1.0,1.0,3.0,1.0,1.0
2871,1.0,1.0,1.0,3.0,1.0,1.0,1.0,1.0,1.0,3.0,1.0,1.0
2872,1.0,1.0,1.0,3.0,1.0,1.0,1.0,1.0,1.0,3.0,1.0,1.0
2873,1.0,1.0,1.0,3.0,1.0,1.0,1.0,1.0,1.0,5.0,2.0,1.0
2874,1.0,1.0,1.0,3.0,1.0,1.0,1.0,1.0,1.0,5.0,2.0,1.0
2875,1.0,1.0,1.0,3.0,1.0,1.0,1.0,1.0,1.0,3.0,1.0,1.0
2876,1.0,1.0,1.0,3.0,1.0,1.0,1.0,1.0,1.0,3.0,1.0,1.0
2877,1.0,1.0,1.0,3.0,1.0,1.0,1.0,1.0,1.0,4.0,1.0,1.0
2878,1.0,1.0,1.0,3.0,1.0,1.0,1.0,1.0,1.0,3.0,1.0,1.0
2879,1.0,1.0,1.0,3.0,1.0,1.0,1.0,1.0,1.0,5.0,2.0,1.0
2880,1.0,1.0,1.0,3.0,1.0,1.0,1.0,1.0,1.0,3.0,1.0,1.0
2881,1.0,1.0,1.0,3.0,1.0,1.0,1.0,1.0,1.0,3.0,1.0,1.0
2882,1.0,1.0,1.0,3.0,1.0,1.0,1.0,1.0,1.0,5.0,2.0,1.0
2883,1.0,1.0,1.0,3.0,1.0,1.0,1.0,1.0,1.0,5.0,2.0,1.0
2884,1.0,1.0,1.0,3.0,1.0,1.0,1.0,1.0,1.0,3.0,1.0,1.0
2885,1.0,1.0,1.0,3.0,1.0,1.0,1.0,1.0,1.0,5.0,2.0,1.0
2886,1.0,1.0,1.0,3.0,1.0,1.0,1.0,1.0,1.0,4.0,1.0,1.0
2887,1.0,1.0,1.0,3.0,1.0,1.0,1.0,1.0,1.0,3.0,1.0,1.0
2888,1.0,1.0,1.0,3.0,1.0,1.0,1.0,1.0,1.0,4.0,1.0,1.0
2889,1.0,1.0,1.0,3.0,1.0,1.0,1.0,1.0,1.0,3.0,1.0,1.0
2890,1.0,1.0,1.0,3.0,1.0,1.0,1.0,1.0,1.0,5.0,2.0,1.0
2891,1.0,1.0,1.0,3.0,1.0,1.0,1.0,1.0,1.0,5.0,2.0,1.0
2892,1.0,1.0,1.0,3.0,1.0,1.0,1.0,1.0,1.0,4.0,1.0,1.0
2893,1.0,1.0,1.0,3.0,1.0,1.0,1.0,1.0,1.0,4.0,1.0,1.0
2894,1.0,1.0,1.0,3.0,1.0,1.0,1.0,1.0,1.0,3.0,1.0,1.0
2895,1.0,1.0,1.0,3.0,1.0,1.0,1.0,1.0,1.0,5.0,2.0,1.0
2896,1.0,1.0,1.0,3.0,1.0,1.0,1.0,1.0,1.0,3.0,1.0,1.0
2897,1.0,1.0,1.0,3.0,1.0,1.0,1.0,1.0,1.0,3.0,1.0,1.0
2898,1.0,1.0,1.0,3.0,1.0,1.0,1.0,1.0,1.0,3.0,1.0,1.0
2899,1.0,1.0,1.0,3.0,1.0,1.0,1.0,1.0,1.0,5.0,2.0,1.0
2900,1.0,1.0,1.0,3.0,1.0,1.0,1.0,1.0,1.0,5.0,2.0,1.0
2901,1.0,1.0,1.0,3.0,1.0,1.0,1.0,1.0,1.0,4.0,1.0,1.0
2902,1.0,1.0,1.0,3.0,1.0,1.0,1.0,1.0,1.0,3.0,1.0,1.0
2903,1.0,1.0,1.0,3.0,1.0,1.0,1.0,1.0,1.0,4.0,1.0,1.0
2904,1.0,1.0,1.0,3.0,1.0,1.0,1.0,1.0,1.0,3.0,1.0,1.0
2905,1.0,1.0,1.0,3.0,1.0,1.0,1.0,1.0,1.0,5.0,2.0,1.0
2906,1.0,1.0,1.0,3.0,1.0,1.0,1.0,1.0,1.0,3.0,1.0,1.0
2907,1.0,1.0,1.0,3.0,1.0,1.0,1.0,1.0,1.0,3.0,1.0,1.0
2908,1.0,1.0,1.0,3.0,1.0,1.0,1.0,1.0,1.0,5.0,2.0,1.0
2909,1.0,1.0,1.0,3.0,1.0,1.0,1.0,1.0,1.0,3.0,1.0,1.0
2910,1.0,1.0,1.0,3.0,1.0,1.0,1.0,1.0,1.0,5.0,2.0,1.0
2911,1.0,1.0,1.0,3.0,1.0,1.0,1.0,1.0,1.0,3.0,1.0,1.0
2912,1.0,1.0,1.0,3.0,1.0,1.0,1.0,1.0,1.0,3.0,1.0,1.0
2913,1.0,1.0,1.0,3.0,1.0,1.0,1.0,1.0,1.0,4.0,1.0,1.0
2914,1.0,1.0,1.0,3.0,1.0,1.0,1.0,1.0,1.0,5.0,2.0,1.0
2915,1.0,1.0,1.0,3.0,1.0,1.0,1.0,1.0,1.0,5.0,2.0,1.0
2916,1.0,1.0,1.0,3.0,1.0,1.0,1.0,1.0,1.0,5.0,2.0,1.0
2917,1.0,1.0,1.0,3.0,1.0,1.0,1.0,1.0,1.0,3.0,1.0,1.0
2918,1.0,1.0,1.0,3.0,1.0,1.0,1.0,1.0,1.0,3.0,1.0,1.0
2919,1.0,1.0,1.0,3.0,1.0,1.0,1.0,1.0,1.0,4.0,1.0,1.0
2920,1.0,1.0,1.0,3.0,1.0,1.0,1.0,1.0,1.0,4.0,1.0,1.0
2921,1.0,1.0,1.0,3.0,1.0,1.0,1.0,1.0,1.0,3.0,1.0,1.0
2922,1.0,1.0,1.0,3.0,1.0,1.0,1.0,1.0,1.0,3.0,1.0,1.0
2923,1.0,1.0,1.0,3.0,1.0,1.0,1.0,1.0,1.0,5.0,2.0,1.0
2924,1.0,1.0,1.0,3.0,1.0,1.0,1.0,1.0,1.0,3.0,1.0,1.0
2925,1.0,1.0,1.0,3.0,1.0,1.0,1.0,1.0,1.0,3.0,1.0,1.0
2926,1.0,1.0,1.0,3.0,1.0,1.0,1.0,1.0,1.0,3.0,1.0,1.0
2927,1.0,1.0,1.0,3.0,1.0,1.0,1.0,1.0,1.0,3.0,1.0,1.0
2928,1.0,1.0,1.0,3.0,1.0,1.0,1.0,1.0,1.0,5.0,2.0,1.0
2929,1.0,1.0,1.0,3.0,1.0,1.0,1.0,1.0,1.0,5.0,2.0,1.0
2930,1.0,1.0,1.0,3.0,1.0,1.0,1.0,1.0,1.0,3.0,1.0,1.0
2931,1.0,1.0,1.0,3.0,1.0,1.0,1.0,1.0,1.0,5.0,2.0,1.0
2932,1.0,1.0,1.0,3.0,1.0,1.0,1.0,1.0,1.0,3.0,1.0,1.0
2933,1.0,1.0,1.0,3.0,1.0,1.0,1.0,1.0,1.0,4.0,1.0,1.0
2934,1.0,1.0,1.0,3.0,1.0,1.0,1.0,1.0,1.0,3.0,1.0,1.0
2935,1.0,1.0,1.0,3.0,1.0,1.0,1.0,1.0,1.0,3.0,1.0,1.0
2936,1.0,1.0,1.0,3.0,1.0,1.0,1.0,1.0,1.0,5.0,2.0,1.0
2937,1.0,1.0,1.0,3.0,1.0,1.0,1.0,1.0,1.0,3.0,1.0,1.0
2938,1.0,1.0,1.0,3.0,1.0,1.0,1.0,1.0,1.0,3.0,1.0,1.0
2939,1.0,1.0,1.0,3.0,1.0,1.0,1.0,1.0,1.0,5.0,2.0,1.0
2940,1.0,1.0,1.0,3.0,1.0,1.0,1.0,1.0,1.0,3.0,1.0,1.0
2941,1.0,1.0,1.0,3.0,1.0,1.0,1.0,1.0,1.0,3.0,1.0,1.0
2942,1.0,1.0,1.0,3.0,1.0,1.0,1.0,1.0,1.0,3.0,1.0,1.0
2943,1.0,1.0,1.0,3.0,1.0,1.0,1.0,1.0,1.0,5.0,2.0,1.0
2944,1.0,1.0,1.0,3.0,1.0,1.0,1.0,1.0,1.0,3.0,1.0,1.0
2945,1.0,1.0,1.0,3.0,1.0,1.0,1.0,1.0,1.0,5.0,2.0,1.0
2946,1.0,1.0,1.0,3.0,1.0,1.0,1.0,1.0,1.0,3.0,1.0,1.0
2947,1.0,1.0,1.0,3.0,1.0,1.0,1.0,1.0,1.0,4.0,1.0,1.0
2948,1.0,1.0,1.0,3.0,1.0,1.0,1.0,1.0,1.0,4.0,1.0,1.0
2949,1.0,1.0,1.0,3.0,1.0,1.0,1.0,1.0,1.0,3.0,1.0,1.0
2950,1.0,1.0,1.0,3.0,1.0,1.0,1.0,1.0,1.0,3.0,1.0,1.0
2951,1.0,1.0,1.0,3.0,1.0,1.0,1.0,1.0,1.0,4.0,1.0,1.0
2952,1.0,1.0,1.0,3.0,1.0,1.0,1.0,1.0,1.0,3.0,1.0,1.0
2953,1.0,1.0,1.0,3.0,1.0,1.0,1.0,1.0,1.0,4.0,1.0,1.0
2954,1.0,1.0,1.0,3.0,1.0,1.0,1.0,1.0,1.0,3.0,1.0,1.0
2955,1.0,1.0,1.0,3.0,1.0,1.0,1.0,1.0,1.0,3.0,1.0,1.0
2956,1.0,1.0,1.0,3.0,1.0,1.0,1.0,1.0,1.0,5.0,2.0,1.0
2957,1.0,1.0,1.0,3.0,1.0,1.0,1.0,1.0,1.0,3.0,1.0,1.0
2958,1.0,1.0,1.0,3.0,1.0,1.0,1.0,1.0,1.0,4.0,1.0,1.0
2959,1.0,1.0,1.0,3.0,1.0,1.0,1.0,1.0,1.0,5.0,2.0,1.0
2960,1.0,1.0,1.0,3.0,1.0,1.0,1.0,1.0,1.0,4.0,1.0,1.0
2961,1.0,1.0,1.0,3.0,1.0,1.0,1.0,1.0,1.0,4.0,1.0,1.0
2962,1.0,1.0,1.0,3.0,1.0,1.0,1.0,1.0,1.0,3.0,1.0,1.0
2963,1.0,1.0,1.0,3.0,1.0,1.0,1.0,1.0,1.0,3.0,1.0,1.0
2964,1.0,1.0,1.0,3.0,1.0,1.0,1.0,1.0,1.0,5.0,2.0,1.0
2965,1.0,1.0,1.0,3.0,1.0,1.0,1.0,1.0,1.0,5.0,2.0,1.0
2966,1.0,1.0,1.0,3.0,1.0,1.0,1.0,1.0,1.0,3.0,1.0,1.0
2967,1.0,1.0,1.0,3.0,1.0,1.0,1.0,1.0,1.0,3.0,1.0,1.0
2968,1.0,1.0,1.0,3.0,1.0,1.0,1.0,1.0,1.0,5.0,2.0,1.0
2969,1.0,1.0,1.0,3.0,1.0,1.0,1.0,1.0,1.0,5.0,2.0,1.0
2970,1.0,1.0,1.0,3.0,1.0,1.0,1.0,1.0,1.0,4.0,1.0,1.0
2971,1.0,1.0,1.0,3.0,1.0,1.0,1.0,1.0,1.0,5.0,2.0,1.0
2972,1.0,1.0,1.0,3.0,1.0,1.0,1.0,1.0,1.0,3.0,1.0,1.0
2973,1.0,1.0,1.0,3.0,1.0,1.0,1.0,1.0,1.0,3.0,1.0,1.0
2974,1.0,1.0,1.0,3.0,1.0,1.0,1.0,1.0,1.0,3.0,1.0,1.0
2975,1.0,1.0,1.0,3.0,1.0,1.0,1.0,1.0,1.0,3.0,1.0,1.0
2976,1.0,1.0,1.0,3.0,1.0,1.0,1.0,1.0,1.0,3.0,1.0,1.0
2977,1.0,1.0,1.0,3.0,1.0,1.0,1.0,1.0,1.0,5.0,2.0,1.0
2978,1.0,1.0,1.0,3.0,1.0,1.0,1.0,1.0,1.0,4.0,1.0,1.0
2979,1.0,1.0,1.0,3.0,1.0,1.0,1.0,1.0,1.0,3.0,1.0,1.0
2980,1.0,1.0,1.0,3.0,1.0,1.0,1.0,1.0,1.0,3.0,1.0,1.0
2981,1.0,1.0,1.0,3.0,1.0,1.0,1.0,1.0,1.0,3.0,1.0,1.0
2982,1.0,1.0,1.0,3.0,1.0,1.0,1.0,1.0,1.0,3.0,1.0,1.0
2983,1.0,1.0,1.0,3.0,1.0,1.0,1.0,1.0,1.0,3.0,1.0,1.0
2984,1.0,1.0,1.0,3.0,1.0,1.0,1.0,1.0,1.0,3.0,1.0,1.0
2985,1.0,1.0,1.0,3.0,1.0,1.0,1.0,1.0,1.0,3.0,1.0,1.0
2986,1.0,1.0,1.0,3.0,1.0,1.0,1.0,1.0,1.0,3.0,1.0,1.0
2987,1.0,1.0,1.0,3.0,1.0,1.0,1.0,1.0,1.0,3.0,1.0,1.0
2988,1.0,1.0,1.0,3.0,1.0,1.0,1.0,1.0,1.0,3.0,1.0,1.0
2989,1.0,1.0,1.0,3.0,1.0,1.0,1.0,1.0,1.0,3.0,1.0,1.0
2990,1.0,1.0,1.0,3.0,1.0,1.0,1.0,1.0,1.0,3.0,1.0,1.0
2991,1.0,1.0,1.0,3.0,1.0,1.0,1.0,1.0,1.0,4.0,1.0,1.0
2992,1.0,1.0,1.0,3.0,1.0,1.0,1.0,1.0,1.0,3.0,1.0,1.0
2993,1.0,1.0,1.0,3.0,1.0,1.0,1.0,1.0,1.0,5.0,2.0,1.0
2994,1.0,1.0,1.0,3.0,1.0,1.0,1.0,1.0,1.0,5.0,2.0,1.0
2995,1.0,1.0,1.0,3.0,1.0,1.0,1.0,1.0,1.0,3.0,1.0,1.0
2996,1.0,1.0,1.0,3.0,1.0,1.0,1.0,1.0,1.0,3.0,1.0,1.0
2997,1.0,1.0,1.0,3.0,1.0,1.0,1.0,1.0,1.0,3.0,1.0,1.0
2998,1.0,1.0,1.0,3.0,1.0,1.0,1.0,1.0,1.0,3.0,1.0,1.0
2999,1.0,1.0,1.0,3.0,1.0,1.0,1.0,1.0,1.0,3.0,1.0,1.0
3000,1.0,1.0,1.0,3.0,1.0,1.0,1.0,1.0,1.0,3.0,1.0,1.0
3001,1.0,1.0,1.0,3.0,1.0,1.0,1.0,1.0,1.0,3.0,1.0,1.0
3002,1.0,1.0,1.0,3.0,1.0,1.0,1.0,1.0,1.0,5.0,2.0,1.0
3003,1.0,1.0,1.0,3.0,1.0,1.0,1.0,1.0,1.0,3.0,1.0,1.0
3004,1.0,1.0,1.0,3.0,1.0,1.0,1.0,1.0,1.0,3.0,1.0,1.0
3005,1.0,1.0,1.0,3.0,1.0,1.0,1.0,1.0,1.0,4.0,1.0,1.0
3006,1.0,1.0,1.0,3.0,1.0,1.0,1.0,1.0,1.0,4.0,1.0,1.0
3007,1.0,1.0,1.0,3.0,1.0,1.0,1.0,1.0,1.0,4.0,1.0,1.0
3008,1.0,1.0,1.0,3.0,1.0,1.0,1.0,1.0,1.0,3.0,1.0,1.0
3009,1.0,1.0,1.0,3.0,1.0,1.0,1.0,1.0,1.0,3.0,1.0,1.0
3010,1.0,1.0,1.0,3.0,1.0,1.0,1.0,1.0,1.0,4.0,1.0,1.0
3011,1.0,1.0,1.0,3.0,1.0,1.0,1.0,1.0,1.0,4.0,1.0,1.0
3012,1.0,1.0,1.0,3.0,1.0,1.0,1.0,1.0,1.0,5.0,2.0,1.0
3013,1.0,1.0,1.0,3.0,1.0,1.0,1.0,1.0,1.0,3.0,1.0,1.0
3014,1.0,1.0,1.0,3.0,1.0,1.0,1.0,1.0,1.0,5.0,2.0,1.0
3015,1.0,1.0,1.0,3.0,1.0,1.0,1.0,1.0,1.0,4.0,1.0,1.0
3016,1.0,1.0,1.0,3.0,1.0,1.0,1.0,1.0,1.0,3.0,1.0,1.0
3017,1.0,1.0,1.0,3.0,1.0,1.0,1.0,1.0,1.0,3.0,1.0,1.0
3018,1.0,1.0,1.0,3.0,1.0,1.0,1.0,1.0,1.0,3.0,1.0,1.0
3019,1.0,1.0,1.0,3.0,1.0,1.0,1.0,1.0,1.0,3.0,1.0,1.0
3020,1.0,1.0,1.0,3.0,1.0,1.0,1.0,1.0,1.0,5.0,2.0,1.0
3021,1.0,1.0,1.0,3.0,1.0,1.0,1.0,1.0,1.0,3.0,1.0,1.0
3022,1.0,1.0,1.0,3.0,1.0,1.0,1.0,1.0,1.0,4.0,1.0,1.0
3023,1.0,1.0,1.0,3.0,1.0,1.0,1.0,1.0,1.0,3.0,1.0,1.0
3024,1.0,1.0,1.0,3.0,1.0,1.0,1.0,1.0,1.0,3.0,1.0,1.0
3025,1.0,1.0,1.0,3.0,1.0,1.0,1.0,1.0,1.0,3.0,1.0,1.0
3026,1.0,1.0,1.0,3.0,1.0,1.0,1.0,1.0,1.0,3.0,1.0,1.0
3027,1.0,1.0,1.0,3.0,1.0,1.0,1.0,1.0,1.0,5.0,2.0,1.0
3028,1.0,1.0,1.0,3.0,1.0,1.0,1.0,1.0,1.0,4.0,1.0,1.0
3029,1.0,1.0,1.0,3.0,1.0,1.0,1.0,1.0,1.0,4.0,1.0,1.0
3030,1.0,1.0,1.0,3.0,1.0,1.0,1.0,1.0,1.0,3.0,1.0,1.0
3031,1.0,1.0,1.0,3.0,1.0,1.0,1.0,1.0,1.0,5.0,2.0,1.0
3032,1.0,1.0,1.0,3.0,1.0,1.0,1.0,1.0,1.0,5.0,2.0,1.0
3033,1.0,1.0,1.0,3.0,1.0,1.0,1.0,1.0,1.0,5.0,2.0,1.0
3034,1.0,1.0,1.0,3.0,1.0,1.0,1.0,1.0,1.0,3.0,1.0,1.0
3035,1.0,1.0,1.0,3.0,1.0,1.0,1.0,1.0,1.0,4.0,1.0,1.0
3036,1.0,1.0,1.0,3.0,1.0,1.0,1.0,1.0,1.0,3.0,1.0,1.0
3037,1.0,1.0,1.0,3.0,1.0,1.0,1.0,1.0,1.0,3.0,1.0,1.0
3038,1.0,1.0,1.0,3.0,1.0,1.0,1.0,1.0,1.0,3.0,1.0,1.0
3039,1.0,1.0,1.0,3.0,1.0,1.0,1.0,1.0,1.0,3.0,1.0,1.0
3040,1.0,1.0,1.0,3.0,1.0,1.0,1.0,1.0,1.0,3.0,1.0,1.0
3041,1.0,1.0,1.0,3.0,1.0,1.0,1.0,1.0,1.0,3.0,1.0,1.0
3042,1.0,1.0,1.0,3.0,1.0,1.0,1.0,1.0,1.0,5.0,2.0,1.0
3043,1.0,1.0,1.0,3.0,1.0,1.0,1.0,1.0,1.0,5.0,2.0,1.0
3044,1.0,1.0,1.0,3.0,1.0,1.0,1.0,1.0,1.0,5.0,2.0,1.0
3045,1.0,1.0,1.0,3.0,1.0,1.0,1.0,1.0,1.0,3.0,1.0,1.0
3046,1.0,1.0,1.0,3.0,1.0,1.0,1.0,1.0,1.0,3.0,1.0,1.0
3047,1.0,1.0,1.0,3.0,1.0,1.0,1.0,1.0,1.0,3.0,1.0,1.0
3048,1.0,1.0,1.0,3.0,1.0,1.0,1.0,1.0,1.0,3.0,1.0,1.0
3049,1.0,1.0,1.0,3.0,1.0,1.0,1.0,1.0,1.0,3.0,1.0,1.0
3050,1.0,1.0,1.0,3.0,1.0,1.0,1.0,1.0,1.0,4.0,1.0,1.0
3051,1.0,1.0,1.0,3.0,1.0,1.0,1.0,1.0,1.0,5.0,2.0,1.0
3052,1.0,1.0,1.0,3.0,1.0,1.0,1.0,1.0,1.0,5.0,2.0,1.0
3053,1.0,1.0,1.0,3.0,1.0,1.0,1.0,1.0,1.0,5.0,2.0,1.0
3054,1.0,1.0,1.0,3.0,1.0,1.0,1.0,1.0,1.0,5.0,2.0,1.0
3055,1.0,1.0,1.0,3.0,1.0,1.0,1.0,1.0,1.0,3.0,1.0,1.0
3056,1.0,1.0,1.0,3.0,1.0,1.0,1.0,1.0,1.0,3.0,1.0,1.0
3057,1.0,1.0,1.0,3.0,1.0,1.0,1.0,1.0,1.0,3.0,1.0,1.0
3058,1.0,1.0,1.0,3.0,1.0,1.0,1.0,1.0,1.0,5.0,2.0,1.0
3059,1.0,1.0,1.0,3.0,1.0,1.0,1.0,1.0,1.0,5.0,2.0,1.0
3060,1.0,1.0,1.0,3.0,1.0,1.0,1.0,1.0,1.0,3.0,1.0,1.0
3061,1.0,1.0,1.0,3.0,1.0,1.0,1.0,1.0,1.0,3.0,1.0,1.0
3062,1.0,1.0,1.0,3.0,1.0,1.0,1.0,1.0,1.0,3.0,1.0,1.0
3063,1.0,1.0,1.0,3.0,1.0,1.0,1.0,1.0,1.0,5.0,2.0,1.0
3064,1.0,1.0,1.0,3.0,1.0,1.0,1.0,1.0,1.0,3.0,1.0,1.0
3065,1.0,1.0,1.0,3.0,1.0,1.0,1.0,1.0,1.0,5.0,2.0,1.0
3066,1.0,1.0,1.0,3.0,1.0,1.0,1.0,1.0,1.0,3.0,1.0,1.0
3067,1.0,1.0,1.0,3.0,1.0,1.0,1.0,1.0,1.0,5.0,2.0,1.0
3068,1.0,1.0,1.0,3.0,1.0,1.0,1.0,1.0,1.0,5.0,2.0,1.0
3069,1.0,1.0,1.0,3.0,1.0,1.0,1.0,1.0,1.0,3.0,1.0,1.0
3070,1.0,1.0,1.0,3.0,1.0,1.0,1.0,1.0,1.0,3.0,1.0,1.0
3071,1.0,1.0,1.0,3.0,1.0,1.0,1.0,1.0,1.0,5.0,2.0,1.0
3072,1.0,1.0,1.0,3.0,1.0,1.0,1.0,1.0,1.0,3.0,1.0,1.0
3073,1.0,1.0,1.0,3.0,1.0,1.0,1.0,1.0,1.0,3.0,1.0,1.0
3074,1.0,1.0,1.0,3.0,1.0,1.0,1.0,1.0,1.0,3.0,1.0,1.0
3075,1.0,1.0,1.0,3.0,1.0,1.0,1.0,1.0,1.0,4.0,1.0,1.0
3076,1.0,1.0,1.0,3.0,1.0,1.0,1.0,1.0,1.0,5.0,2.0,1.0
3077,1.0,1.0,1.0,3.0,1.0,1.0,1.0,1.0,1.0,5.0,2.0,1.0
3078,1.0,1.0,1.0,3.0,1.0,1.0,1.0,1.0,1.0,3.0,1.0,1.0
3079,1.0,1.0,1.0,3.0,1.0,1.0,1.0,1.0,1.0,3.0,1.0,1.0
3080,1.0,1.0,1.0,3.0,1.0,1.0,1.0,1.0,1.0,4.0,1.0,1.0
3081,1.0,1.0,1.0,3.0,1.0,1.0,1.0,1.0,1.0,5.0,2.0,1.0
3082,1.0,1.0,1.0,3.0,1.0,1.0,1.0,1.0,1.0,4.0,1.0,1.0
3083,1.0,1.0,1.0,3.0,1.0,1.0,1.0,1.0,1.0,3.0,1.0,1.0
3084,1.0,1.0,1.0,3.0,1.0,1.0,1.0,1.0,1.0,3.0,1.0,1.0
3085,1.0,1.0,1.0,3.0,1.0,1.0,1.0,1.0,1.0,3.0,1.0,1.0
3086,1.0,1.0,1.0,3.0,1.0,1.0,1.0,1.0,1.0,3.0,1.0,1.0
3087,1.0,1.0,1.0,3.0,1.0,1.0,1.0,1.0,1.0,5.0,2.0,1.0
3088,1.0,1.0,1.0,3.0,1.0,1.0,1.0,1.0,1.0,4.0,1.0,1.0
3089,1.0,1.0,1.0,3.0,1.0,1.0,1.0,1.0,1.0,3.0,1.0,1.0
3090,1.0,1.0,1.0,3.0,1.0,1.0,1.0,1.0,1.0,4.0,1.0,1.0
3091,1.0,1.0,1.0,3.0,1.0,1.0,1.0,1.0,1.0,3.0,1.0,1.0
3092,1.0,1.0,1.0,3.0,1.0,1.0,1.0,1.0,1.0,5.0,2.0,1.0
3093,1.0,1.0,1.0,3.0,1.0,1.0,1.0,1.0,1.0,3.0,1.0,1.0
3094,1.0,1.0,1.0,3.0,1.0,1.0,1.0,1.0,1.0,5.0,2.0,1.0
3095,1.0,1.0,1.0,3.0,1.0,1.0,1.0,1.0,1.0,3.0,1.0,1.0
3096,1.0,1.0,1.0,3.0,1.0,1.0,1.0,1.0,1.0,3.0,1.0,1.0
3097,1.0,1.0,1.0,3.0,1.0,1.0,1.0,1.0,1.0,3.0,1.0,1.0
3098,1.0,1.0,1.0,3.0,1.0,1.0,1.0,1.0,1.0,3.0,1.0,1.0
3099,1.0,1.0,1.0,3.0,1.0,1.0,1.0,1.0,1.0,4.0,1.0,1.0
3100,1.0,1.0,1.0,3.0,1.0,1.0,1.0,1.0,1.0,5.0,2.0,1.0
3101,1.0,1.0,1.0,3.0,1.0,1.0,1.0,1.0,1.0,3.0,1.0,1.0
3102,1.0,1.0,1.0,3.0,1.0,1.0,1.0,1.0,1.0,3.0,1.0,1.0
3103,1.0,1.0,1.0,3.0,1.0,1.0,1.0,1.0,1.0,3.0,1.0,1.0
3104,1.0,1.0,1.0,3.0,1.0,1.0,1.0,1.0,1.0,3.0,1.0,1.0
3105,1.0,1.0,1.0,3.0,1.0,1.0,1.0,1.0,1.0,3.0,1.0,1.0
3106,1.0,1.0,1.0,3.0,1.0,1.0,1.0,1.0,1.0,3.0,1.0,1.0
3107,1.0,1.0,1.0,3.0,1.0,1.0,1.0,1.0,1.0,3.0,1.0,1.0
3108,1.0,1.0,1.0,3.0,1.0,1.0,1.0,1.0,1.0,3.0,1.0,1.0
3109,1.0,1.0,1.0,3.0,1.0,1.0,1.0,1.0,1.0,3.0,1.0,1.0
3110,1.0,1.0,1.0,3.0,1.0,1.0,1.0,1.0,1.0,4.0,1.0,1.0
3111,1.0,1.0,1.0,3.0,1.0,1.0,1.0,1.0,1.0,5.0,2.0,1.0
3112,1.0,1.0,1.0,3.0,1.0,1.0,1.0,1.0,1.0,3.0,1.0,1.0
3113,1.0,1.0,1.0,3.0,1.0,1.0,1.0,1.0,1.0,3.0,1.0,1.0
3114,1.0,1.0,1.0,3.0,1.0,1.0,1.0,1.0,1.0,3.0,1.0,1.0
3115,1.0,1.0,1.0,3.0,1.0,1.0,1.0,1.0,1.0,5.0,2.0,1.0
3116,1.0,1.0,1.0,3.0,1.0,1.0,1.0,1.0,1.0,3.0,1.0,1.0
3117,1.0,1.0,1.0,3.0,1.0,1.0,1.0,1.0,1.0,3.0,1.0,1.0
3118,1.0,1.0,1.0,3.0,1.0,1.0,1.0,1.0,1.0,5.0,2.0,1.0
3119,1.0,1.0,1.0,3.0,1.0,1.0,1.0,1.0,1.0,4.0,1.0,1.0
3120,1.0,1.0,1.0,3.0,1.0,1.0,1.0,1.0,1.0,3.0,1.0,1.0
3121,1.0,1.0,1.0,3.0,1.0,1.0,1.0,1.0,1.0,3.0,1.0,1.0
3122,1.0,1.0,1.0,3.0,1.0,1.0,1.0,1.0,1.0,5.0,2.0,1.0
3123,1.0,1.0,1.0,3.0,1.0,1.0,1.0,1.0,1.0,5.0,2.0,1.0
3124,1.0,1.0,1.0,3.0,1.0,1.0,1.0,1.0,1.0,5.0,2.0,1.0
3125,1.0,1.0,1.0,3.0,1.0,1.0,1.0,1.0,1.0,4.0,1.0,1.0
3126,1.0,1.0,1.0,3.0,1.0,1.0,1.0,1.0,1.0,5.0,2.0,1.0
3127,1.0,1.0,1.0,3.0,1.0,1.0,1.0,1.0,1.0,3.0,1.0,1.0
3128,1.0,1.0,1.0,3.0,1.0,1.0,1.0,1.0,1.0,4.0,1.0,1.0
3129,1.0,1.0,1.0,3.0,1.0,1.0,1.0,1.0,1.0,4.0,1.0,1.0
3130,1.0,1.0,1.0,3.0,1.0,1.0,1.0,1.0,1.0,3.0,1.0,1.0
3131,1.0,1.0,1.0,3.0,1.0,1.0,1.0,1.0,1.0,3.0,1.0,1.0
3132,1.0,1.0,1.0,3.0,1.0,1.0,1.0,1.0,1.0,3.0,1.0,1.0
3133,1.0,1.0,1.0,3.0,1.0,1.0,1.0,1.0,1.0,3.0,1.0,1.0
3134,1.0,1.0,1.0,3.0,1.0,1.0,1.0,1.0,1.0,5.0,2.0,1.0
3135,1.0,1.0,1.0,3.0,1.0,1.0,1.0,1.0,1.0,3.0,1.0,1.0
3136,1.0,1.0,1.0,3.0,1.0,1.0,1.0,1.0,1.0,3.0,1.0,1.0
3137,1.0,1.0,1.0,3.0,1.0,1.0,1.0,1.0,1.0,4.0,1.0,1.0
3138,1.0,1.0,1.0,3.0,1.0,1.0,1.0,1.0,1.0,3.0,1.0,1.0
3139,1.0,1.0,1.0,3.0,1.0,1.0,1.0,1.0,1.0,3.0,1.0,1.0
3140,1.0,1.0,1.0,3.0,1.0,1.0,1.0,1.0,1.0,5.0,2.0,1.0
3141,1.0,1.0,1.0,3.0,1.0,1.0,1.0,1.0,1.0,4.0,1.0,1.0
3142,1.0,1.0,1.0,3.0,1.0,1.0,1.0,1.0,1.0,4.0,1.0,1.0
3143,1.0,1.0,1.0,3.0,1.0,1.0,1.0,1.0,1.0,3.0,1.0,1.0
3144,1.0,1.0,1.0,3.0,1.0,1.0,1.0,1.0,1.0,3.0,1.0,1.0
3145,1.0,1.0,1.0,3.0,1.0,1.0,1.0,1.0,1.0,4.0,1.0,1.0
3146,1.0,1.0,1.0,3.0,1.0,1.0,1.0,1.0,1.0,4.0,1.0,1.0
3147,1.0,1.0,1.0,3.0,1.0,1.0,1.0,1.0,1.0,3.0,1.0,1.0
3148,1.0,1.0,1.0,3.0,1.0,1.0,1.0,1.0,1.0,3.0,1.0,1.0
3149,1.0,1.0,1.0,3.0,1.0,1.0,1.0,1.0,1.0,5.0,2.0,1.0
3150,1.0,1.0,1.0,3.0,1.0,1.0,1.0,1.0,1.0,3.0,1.0,1.0
3151,1.0,1.0,1.0,3.0,1.0,1.0,1.0,1.0,1.0,4.0,1.0,1.0
3152,1.0,1.0,1.0,3.0,1.0,1.0,1.0,1.0,1.0,4.0,1.0,1.0
3153,1.0,1.0,1.0,3.0,1.0,1.0,1.0,1.0,1.0,3.0,1.0,1.0
3154,1.0,1.0,1.0,3.0,1.0,1.0,1.0,1.0,1.0,3.0,1.0,1.0
3155,1.0,1.0,1.0,3.0,1.0,1.0,1.0,1.0,1.0,5.0,2.0,1.0
3156,1.0,1.0,1.0,3.0,1.0,1.0,1.0,1.0,1.0,5.0,2.0,1.0
3157,1.0,1.0,1.0,3.0,1.0,1.0,1.0,1.0,1.0,5.0,2.0,1.0
3158,1.0,1.0,1.0,3.0,1.0,1.0,1.0,1.0,1.0,3.0,1.0,1.0
3159,1.0,1.0,1.0,3.0,1.0,1.0,1.0,1.0,1.0,3.0,1.0,1.0
3160,1.0,1.0,1.0,3.0,1.0,1.0,1.0,1.0,1.0,4.0,1.0,1.0
3161,1.0,1.0,1.0,3.0,1.0,1.0,1.0,1.0,1.0,4.0,1.0,1.0
3162,1.0,1.0,1.0,3.0,1.0,1.0,1.0,1.0,1.0,5.0,2.0,1.0
3163,1.0,1.0,1.0,3.0,1.0,1.0,1.0,1.0,1.0,3.0,1.0,1.0
3164,1.0,1.0,1.0,3.0,1.0,1.0,1.0,1.0,1.0,3.0,1.0,1.0
3165,1.0,1.0,1.0,3.0,1.0,1.0,1.0,1.0,1.0,3.0,1.0,1.0
3166,1.0,1.0,1.0,3.0,1.0,1.0,1.0,1.0,1.0,5.0,2.0,1.0
3167,1.0,1.0,1.0,3.0,1.0,1.0,1.0,1.0,1.0,3.0,1.0,1.0
3168,1.0,1.0,1.0,3.0,1.0,1.0,1.0,1.0,1.0,3.0,1.0,1.0
3169,1.0,1.0,1.0,3.0,1.0,1.0,1.0,1.0,1.0,3.0,1.0,1.0
3170,1.0,1.0,1.0,3.0,1.0,1.0,1.0,1.0,1.0,5.0,2.0,1.0
3171,1.0,1.0,1.0,3.0,1.0,1.0,1.0,1.0,1.0,3.0,1.0,1.0
3172,1.0,1.0,1.0,3.0,1.0,1.0,1.0,1.0,1.0,3.0,1.0,1.0
3173,1.0,1.0,1.0,3.0,1.0,1.0,1.0,1.0,1.0,3.0,1.0,1.0
3174,1.0,1.0,1.0,3.0,1.0,1.0,1.0,1.0,1.0,4.0,1.0,1.0
3175,1.0,1.0,1.0,3.0,1.0,1.0,1.0,1.0,1.0,4.0,1.0,1.0
3176,1.0,1.0,1.0,3.0,1.0,1.0,1.0,1.0,1.0,5.0,2.0,1.0
3177,1.0,1.0,1.0,3.0,1.0,1.0,1.0,1.0,1.0,4.0,1.0,1.0
3178,1.0,1.0,1.0,3.0,1.0,1.0,1.0,1.0,1.0,3.0,1.0,1.0
3179,1.0,1.0,1.0,3.0,1.0,1.0,1.0,1.0,1.0,4.0,1.0,1.0
3180,1.0,1.0,1.0,3.0,1.0,1.0,1.0,1.0,1.0,5.0,2.0,1.0
3181,1.0,1.0,1.0,3.0,1.0,1.0,1.0,1.0,1.0,3.0,1.0,1.0
3182,1.0,1.0,1.0,3.0,1.0,1.0,1.0,1.0,1.0,4.0,1.0,1.0
3183,1.0,1.0,1.0,3.0,1.0,1.0,1.0,1.0,1.0,5.0,2.0,1.0
3184,1.0,1.0,1.0,3.0,1.0,1.0,1.0,1.0,1.0,3.0,1.0,1.0
3185,1.0,1.0,1.0,3.0,1.0,1.0,1.0,1.0,1.0,4.0,1.0,1.0
3186,1.0,1.0,1.0,3.0,1.0,1.0,1.0,1.0,1.0,3.0,1.0,1.0
3187,1.0,1.0,1.0,3.0,1.0,1.0,1.0,1.0,1.0,3.0,1.0,1.0
3188,1.0,1.0,1.0,3.0,1.0,1.0,1.0,1.0,1.0,3.0,1.0,1.0
3189,1.0,1.0,1.0,3.0,1.0,1.0,1.0,1.0,1.0,4.0,1.0,1.0
3190,1.0,1.0,1.0,3.0,1.0,1.0,1.0,1.0,1.0,3.0,1.0,1.0
3191,1.0,1.0,1.0,3.0,1.0,1.0,1.0,1.0,1.0,3.0,1.0,1.0
3192,1.0,1.0,1.0,3.0,1.0,1.0,1.0,1.0,1.0,5.0,2.0,1.0
3193,1.0,1.0,1.0,3.0,1.0,1.0,1.0,1.0,1.0,3.0,1.0,1.0
3194,1.0,1.0,1.0,3.0,1.0,1.0,1.0,1.0,1.0,4.0,1.0,1.0
3195,1.0,1.0,1.0,3.0,1.0,1.0,1.0,1.0,1.0,5.0,2.0,1.0
3196,1.0,1.0,1.0,3.0,1.0,1.0,1.0,1.0,1.0,4.0,1.0,1.0
3197,1.0,1.0,1.0,3.0,1.0,1.0,1.0,1.0,1.0,3.0,1.0,1.0
3198,1.0,1.0,1.0,3.0,1.0,1.0,1.0,1.0,1.0,5.0,2.0,1.0
3199,1.0,1.0,1.0,3.0,1.0,1.0,1.0,1.0,1.0,3.0,1.0,1.0
3200,1.0,1.0,1.0,3.0,1.0,1.0,1.0,1.0,1.0,5.0,2.0,1.0
3201,1.0,1.0,1.0,3.0,1.0,1.0,1.0,1.0,1.0,3.0,1.0,1.0
3202,1.0,1.0,1.0,3.0,1.0,1.0,1.0,1.0,1.0,3.0,1.0,1.0
3203,1.0,1.0,1.0,3.0,1.0,1.0,1.0,1.0,1.0,3.0,1.0,1.0
3204,1.0,1.0,1.0,3.0,1.0,1.0,1.0,1.0,1.0,4.0,1.0,1.0
3205,1.0,1.0,1.0,3.0,1.0,1.0,1.0,1.0,1.0,3.0,1.0,1.0
3206,1.0,1.0,1.0,3.0,1.0,1.0,1.0,1.0,1.0,4.0,1.0,1.0
3207,1.0,1.0,1.0,3.0,1.0,1.0,1.0,1.0,1.0,3.0,1.0,1.0
3208,1.0,1.0,1.0,3.0,1.0,1.0,1.0,1.0,1.0,3.0,1.0,1.0
3209,1.0,1.0,1.0,3.0,1.0,1.0,1.0,1.0,1.0,3.0,1.0,1.0
3210,1.0,1.0,1.0,3.0,1.0,1.0,1.0,1.0,1.0,4.0,1.0,1.0
3211,1.0,1.0,1.0,3.0,1.0,1.0,1.0,1.0,1.0,3.0,1.0,1.0
3212,1.0,1.0,1.0,3.0,1.0,1.0,1.0,1.0,1.0,4.0,1.0,1.0
3213,1.0,1.0,1.0,3.0,1.0,1.0,1.0,1.0,1.0,3.0,1.0,1.0
3214,1.0,1.0,1.0,3.0,1.0,1.0,1.0,1.0,1.0,4.0,1.0,1.0
3215,1.0,1.0,1.0,3.0,1.0,1.0,1.0,1.0,1.0,5.0,2.0,1.0
3216,1.0,1.0,1.0,3.0,1.0,1.0,1.0,1.0,1.0,3.0,1.0,1.0
3217,1.0,1.0,1.0,3.0,1.0,1.0,1.0,1.0,1.0,3.0,1.0,1.0
3218,1.0,1.0,1.0,3.0,1.0,1.0,1.0,1.0,1.0,5.0,2.0,1.0
3219,1.0,1.0,1.0,3.0,1.0,1.0,1.0,1.0,1.0,5.0,2.0,1.0
3220,1.0,1.0,1.0,3.0,1.0,1.0,1.0,1.0,1.0,3.0,1.0,1.0
3221,1.0,1.0,1.0,3.0,1.0,1.0,1.0,1.0,1.0,5.0,2.0,1.0
3222,1.0,1.0,1.0,3.0,1.0,1.0,1.0,1.0,1.0,4.0,1.0,1.0
3223,1.0,1.0,1.0,3.0,1.0,1.0,1.0,1.0,1.0,3.0,1.0,1.0
3224,1.0,1.0,1.0,3.0,1.0,1.0,1.0,1.0,1.0,3.0,1.0,1.0
3225,1.0,1.0,1.0,3.0,1.0,1.0,1.0,1.0,1.0,4.0,1.0,1.0
3226,1.0,1.0,1.0,3.0,1.0,1.0,1.0,1.0,1.0,3.0,1.0,1.0
3227,1.0,1.0,1.0,3.0,1.0,1.0,1.0,1.0,1.0,3.0,1.0,1.0
3228,1.0,1.0,1.0,3.0,1.0,1.0,1.0,1.0,1.0,4.0,1.0,1.0
3229,1.0,1.0,1.0,3.0,1.0,1.0,1.0,1.0,1.0,5.0,2.0,1.0
3230,1.0,1.0,1.0,3.0,1.0,1.0,1.0,1.0,1.0,4.0,1.0,1.0
3231,1.0,1.0,1.0,3.0,1.0,1.0,1.0,1.0,1.0,5.0,2.0,1.0
3232,1.0,1.0,1.0,3.0,1.0,1.0,1.0,1.0,1.0,4.0,1.0,1.0
3233,1.0,1.0,1.0,3.0,1.0,1.0,1.0,1.0,1.0,4.0,1.0,1.0
3234,1.0,1.0,1.0,3.0,1.0,1.0,1.0,1.0,1.0,4.0,1.0,1.0
3235,1.0,1.0,1.0,3.0,1.0,1.0,1.0,1.0,1.0,5.0,2.0,1.0
3236,1.0,1.0,1.0,3.0,1.0,1.0,1.0,1.0,1.0,5.0,2.0,1.0
3237,1.0,1.0,1.0,3.0,1.0,1.0,1.0,1.0,1.0,5.0,2.0,1.0
3238,1.0,1.0,1.0,3.0,1.0,1.0,1.0,1.0,1.0,4.0,1.0,1.0
3239,1.0,1.0,1.0,3.0,1.0,1.0,1.0,1.0,1.0,4.0,1.0,1.0
3240,1.0,1.0,1.0,3.0,1.0,1.0,1.0,1.0,1.0,5.0,2.0,1.0
3241,1.0,1.0,1.0,3.0,1.0,1.0,1.0,1.0,1.0,3.0,1.0,1.0
3242,1.0,1.0,1.0,3.0,1.0,1.0,1.0,1.0,1.0,5.0,2.0,1.0
3243,1.0,1.0,1.0,3.0,1.0,1.0,1.0,1.0,1.0,5.0,2.0,1.0
3244,1.0,1.0,1.0,3.0,1.0,1.0,1.0,1.0,1.0,3.0,1.0,1.0
3245,1.0,1.0,1.0,3.0,1.0,1.0,1.0,1.0,1.0,4.0,1.0,1.0
3246,1.0,1.0,1.0,3.0,1.0,1.0,1.0,1.0,1.0,4.0,1.0,1.0
3247,1.0,1.0,1.0,3.0,1.0,1.0,1.0,1.0,1.0,3.0,1.0,1.0
3248,1.0,1.0,1.0,3.0,1.0,1.0,1.0,1.0,1.0,3.0,1.0,1.0
3249,1.0,1.0,1.0,3.0,1.0,1.0,1.0,1.0,1.0,4.0,1.0,1.0
3250,1.0,1.0,1.0,3.0,1.0,1.0,1.0,1.0,1.0,5.0,2.0,1.0
3251,1.0,1.0,1.0,3.0,1.0,1.0,1.0,1.0,1.0,3.0,1.0,1.0
3252,1.0,1.0,1.0,3.0,1.0,1.0,1.0,1.0,1.0,3.0,1.0,1.0
3253,1.0,1.0,1.0,3.0,1.0,1.0,1.0,1.0,1.0,3.0,1.0,1.0
3254,1.0,1.0,1.0,3.0,1.0,1.0,1.0,1.0,1.0,3.0,1.0,1.0
3255,1.0,1.0,1.0,3.0,1.0,1.0,1.0,1.0,1.0,3.0,1.0,1.0
3256,1.0,1.0,1.0,3.0,1.0,1.0,1.0,1.0,1.0,4.0,1.0,1.0
3257,1.0,1.0,1.0,3.0,1.0,1.0,1.0,1.0,1.0,5.0,2.0,1.0
3258,1.0,1.0,1.0,3.0,1.0,1.0,1.0,1.0,1.0,4.0,1.0,1.0
3259,1.0,1.0,1.0,3.0,1.0,1.0,1.0,1.0,1.0,5.0,2.0,1.0
3260,1.0,1.0,1.0,3.0,1.0,1.0,1.0,1.0,1.0,3.0,1.0,1.0
3261,1.0,1.0,1.0,3.0,1.0,1.0,1.0,1.0,1.0,3.0,1.0,1.0
3262,1.0,1.0,1.0,3.0,1.0,1.0,1.0,1.0,1.0,4.0,1.0,1.0
3263,1.0,1.0,1.0,3.0,1.0,1.0,1.0,1.0,1.0,3.0,1.0,1.0
3264,1.0,1.0,1.0,3.0,1.0,1.0,1.0,1.0,1.0,5.0,2.0,1.0
3265,1.0,1.0,1.0,3.0,1.0,1.0,1.0,1.0,1.0,5.0,2.0,1.0
3266,1.0,1.0,1.0,3.0,1.0,1.0,1.0,1.0,1.0,4.0,1.0,1.0
3267,1.0,1.0,1.0,3.0,1.0,1.0,1.0,1.0,1.0,5.0,2.0,1.0
3268,1.0,1.0,1.0,3.0,1.0,1.0,1.0,1.0,1.0,4.0,1.0,1.0
3269,1.0,1.0,1.0,3.0,1.0,1.0,1.0,1.0,1.0,5.0,2.0,1.0
3270,1.0,1.0,1.0,3.0,1.0,1.0,1.0,1.0,1.0,5.0,2.0,1.0
3271,1.0,1.0,1.0,3.0,1.0,1.0,1.0,1.0,1.0,3.0,1.0,1.0
3272,1.0,1.0,1.0,3.0,1.0,1.0,1.0,1.0,1.0,4.0,1.0,1.0
3273,1.0,1.0,1.0,3.0,1.0,1.0,1.0,1.0,1.0,3.0,1.0,1.0
3274,1.0,1.0,1.0,3.0,1.0,1.0,1.0,1.0,1.0,5.0,2.0,1.0
3275,1.0,1.0,1.0,3.0,1.0,1.0,1.0,1.0,1.0,5.0,2.0,1.0
3276,1.0,1.0,1.0,3.0,1.0,1.0,1.0,1.0,1.0,3.0,1.0,1.0
3277,1.0,1.0,1.0,3.0,1.0,1.0,1.0,1.0,1.0,4.0,1.0,1.0
3278,1.0,1.0,1.0,3.0,1.0,1.0,1.0,1.0,1.0,5.0,2.0,1.0
3279,1.0,1.0,1.0,3.0,1.0,1.0,1.0,1.0,1.0,4.0,1.0,1.0
3280,1.0,1.0,1.0,3.0,1.0,1.0,1.0,1.0,1.0,4.0,1.0,1.0
3281,1.0,1.0,1.0,3.0,1.0,1.0,1.0,1.0,1.0,4.0,1.0,1.0
3282,1.0,1.0,1.0,3.0,1.0,1.0,1.0,1.0,1.0,3.0,1.0,1.0
3283,1.0,1.0,1.0,3.0,1.0,1.0,1.0,1.0,1.0,3.0,1.0,1.0
3284,1.0,1.0,1.0,3.0,1.0,1.0,1.0,1.0,1.0,5.0,2.0,1.0
3285,1.0,1.0,1.0,3.0,1.0,1.0,1.0,1.0,1.0,5.0,2.0,1.0
3286,1.0,1.0,1.0,3.0,1.0,1.0,1.0,1.0,1.0,3.0,1.0,1.0
3287,1.0,1.0,1.0,3.0,1.0,1.0,1.0,1.0,1.0,4.0,1.0,1.0
3288,1.0,1.0,1.0,3.0,1.0,1.0,1.0,1.0,1.0,5.0,2.0,1.0
3289,1.0,1.0,1.0,3.0,1.0,1.0,1.0,1.0,1.0,4.0,1.0,1.0
3290,1.0,1.0,1.0,3.0,1.0,1.0,1.0,1.0,1.0,3.0,1.0,1.0
3291,1.0,1.0,1.0,3.0,1.0,1.0,1.0,1.0,1.0,4.0,1.0,1.0
3292,1.0,1.0,1.0,3.0,1.0,1.0,1.0,1.0,1.0,4.0,1.0,1.0
3293,1.0,1.0,1.0,3.0,1.0,1.0,1.0,1.0,1.0,3.0,1.0,1.0
3294,1.0,1.0,1.0,3.0,1.0,1.0,1.0,1.0,1.0,5.0,2.0,1.0
3295,1.0,1.0,1.0,3.0,1.0,1.0,1.0,1.0,1.0,4.0,1.0,1.0
3296,1.0,1.0,1.0,3.0,1.0,1.0,1.0,1.0,1.0,5.0,2.0,1.0
3297,1.0,1.0,1.0,3.0,1.0,1.0,1.0,1.0,1.0,4.0,1.0,1.0
3298,1.0,1.0,1.0,3.0,1.0,1.0,1.0,1.0,1.0,3.0,1.0,1.0
3299,1.0,1.0,1.0,3.0,1.0,1.0,1.0,1.0,1.0,5.0,2.0,1.0
3300,1.0,1.0,1.0,3.0,1.0,1.0,1.0,1.0,1.0,3.0,1.0,1.0
3301,1.0,1.0,1.0,3.0,1.0,1.0,1.0,1.0,1.0,5.0,2.0,1.0
3302,1.0,1.0,1.0,3.0,1.0,1.0,1.0,1.0,1.0,5.0,2.0,1.0
3303,1.0,1.0,1.0,3.0,1.0,1.0,1.0,1.0,1.0,3.0,1.0,1.0
3304,1.0,1.0,1.0,3.0,1.0,1.0,1.0,1.0,1.0,5.0,2.0,1.0
3305,1.0,1.0,1.0,3.0,1.0,1.0,1.0,1.0,1.0,3.0,1.0,1.0
3306,1.0,1.0,1.0,3.0,1.0,1.0,1.0,1.0,1.0,3.0,1.0,1.0
3307,1.0,1.0,1.0,3.0,1.0,1.0,1.0,1.0,1.0,3.0,1.0,1.0
3308,1.0,1.0,1.0,3.0,1.0,1.0,1.0,1.0,1.0,3.0,1.0,1.0
3309,1.0,1.0,1.0,3.0,1.0,1.0,1.0,1.0,1.0,5.0,2.0,1.0
3310,1.0,1.0,1.0,3.0,1.0,1.0,1.0,1.0,1.0,4.0,1.0,1.0
3311,1.0,1.0,1.0,3.0,1.0,1.0,1.0,1.0,1.0,3.0,1.0,1.0
3312,1.0,1.0,1.0,3.0,1.0,1.0,1.0,1.0,1.0,3.0,1.0,1.0
3313,1.0,1.0,1.0,3.0,1.0,1.0,1.0,1.0,1.0,3.0,1.0,1.0
3314,1.0,1.0,1.0,3.0,1.0,1.0,1.0,1.0,1.0,3.0,1.0,1.0
3315,1.0,1.0,1.0,3.0,1.0,1.0,1.0,1.0,1.0,4.0,1.0,1.0
3316,1.0,1.0,1.0,3.0,1.0,1.0,1.0,1.0,1.0,3.0,1.0,1.0
3317,1.0,1.0,1.0,3.0,1.0,1.0,1.0,1.0,1.0,3.0,1.0,1.0
3318,1.0,1.0,1.0,3.0,1.0,1.0,1.0,1.0,1.0,3.0,1.0,1.0
3319,1.0,1.0,1.0,3.0,1.0,1.0,1.0,1.0,1.0,4.0,1.0,1.0
3320,1.0,1.0,1.0,3.0,1.0,1.0,1.0,1.0,1.0,3.0,1.0,1.0
3321,1.0,1.0,1.0,3.0,1.0,1.0,1.0,1.0,1.0,5.0,2.0,1.0
3322,1.0,1.0,1.0,3.0,1.0,1.0,1.0,1.0,1.0,4.0,1.0,1.0
3323,1.0,1.0,1.0,3.0,1.0,1.0,1.0,1.0,1.0,5.0,2.0,1.0
3324,1.0,1.0,1.0,3.0,1.0,1.0,1.0,1.0,1.0,3.0,1.0,1.0
3325,1.0,1.0,1.0,3.0,1.0,1.0,1.0,1.0,1.0,5.0,2.0,1.0
3326,1.0,1.0,1.0,3.0,1.0,1.0,1.0,1.0,1.0,3.0,1.0,1.0
3327,1.0,1.0,1.0,3.0,1.0,1.0,1.0,1.0,1.0,3.0,1.0,1.0
3328,1.0,1.0,1.0,3.0,1.0,1.0,1.0,1.0,1.0,5.0,2.0,1.0
3329,1.0,1.0,1.0,3.0,1.0,1.0,1.0,1.0,1.0,3.0,1.0,1.0
3330,1.0,1.0,1.0,3.0,1.0,1.0,1.0,1.0,1.0,5.0,2.0,1.0
3331,1.0,1.0,1.0,3.0,1.0,1.0,1.0,1.0,1.0,3.0,1.0,1.0
3332,1.0,1.0,1.0,3.0,1.0,1.0,1.0,1.0,1.0,3.0,1.0,1.0
3333,1.0,1.0,1.0,3.0,1.0,1.0,1.0,1.0,1.0,3.0,1.0,1.0
3334,1.0,1.0,1.0,3.0,1.0,1.0,1.0,1.0,1.0,3.0,1.0,1.0
3335,1.0,1.0,1.0,3.0,1.0,1.0,1.0,1.0,1.0,3.0,1.0,1.0
3336,1.0,1.0,1.0,3.0,1.0,1.0,1.0,1.0,1.0,4.0,1.0,1.0
3337,1.0,1.0,1.0,3.0,1.0,1.0,1.0,1.0,1.0,5.0,2.0,1.0
3338,1.0,1.0,1.0,3.0,1.0,1.0,1.0,1.0,1.0,3.0,1.0,1.0
3339,1.0,1.0,1.0,3.0,1.0,1.0,1.0,1.0,1.0,3.0,1.0,1.0
3340,1.0,1.0,1.0,3.0,1.0,1.0,1.0,1.0,1.0,3.0,1.0,1.0
3341,1.0,1.0,1.0,3.0,1.0,1.0,1.0,1.0,1.0,4.0,1.0,1.0
3342,1.0,1.0,1.0,3.0,1.0,1.0,1.0,1.0,1.0,3.0,1.0,1.0
3343,1.0,1.0,1.0,3.0,1.0,1.0,1.0,1.0,1.0,3.0,1.0,1.0
3344,1.0,1.0,1.0,3.0,1.0,1.0,1.0,1.0,1.0,5.0,2.0,1.0
3345,1.0,1.0,1.0,3.0,1.0,1.0,1.0,1.0,1.0,3.0,1.0,1.0
3346,1.0,1.0,1.0,3.0,1.0,1.0,1.0,1.0,1.0,4.0,1.0,1.0
3347,1.0,1.0,1.0,3.0,1.0,1.0,1.0,1.0,1.0,5.0,2.0,1.0
3348,1.0,1.0,1.0,3.0,1.0,1.0,1.0,1.0,1.0,4.0,1.0,1.0
3349,1.0,1.0,1.0,3.0,1.0,1.0,1.0,1.0,1.0,3.0,1.0,1.0
3350,1.0,1.0,1.0,3.0,1.0,1.0,1.0,1.0,1.0,4.0,1.0,1.0
3351,1.0,1.0,1.0,3.0,1.0,1.0,1.0,1.0,1.0,4.0,1.0,1.0
3352,1.0,1.0,1.0,3.0,1.0,1.0,1.0,1.0,1.0,3.0,1.0,1.0
3353,1.0,1.0,1.0,3.0,1.0,1.0,1.0,1.0,1.0,5.0,2.0,1.0
3354,1.0,1.0,1.0,3.0,1.0,1.0,1.0,1.0,1.0,5.0,2.0,1.0
3355,1.0,1.0,1.0,3.0,1.0,1.0,1.0,1.0,1.0,3.0,1.0,1.0
3356,1.0,1.0,1.0,3.0,1.0,1.0,1.0,1.0,1.0,3.0,1.0,1.0
3357,1.0,1.0,1.0,3.0,1.0,1.0,1.0,1.0,1.0,3.0,1.0,1.0
3358,1.0,1.0,1.0,3.0,1.0,1.0,1.0,1.0,1.0,3.0,1.0,1.0
3359,1.0,1.0,1.0,3.0,1.0,1.0,1.0,1.0,1.0,3.0,1.0,1.0
3360,1.0,1.0,1.0,3.0,1.0,1.0,1.0,1.0,1.0,5.0,2.0,1.0
3361,1.0,1.0,1.0,3.0,1.0,1.0,1.0,1.0,1.0,3.0,1.0,1.0
3362,1.0,1.0,1.0,3.0,1.0,1.0,1.0,1.0,1.0,3.0,1.0,1.0
3363,1.0,1.0,1.0,3.0,1.0,1.0,1.0,1.0,1.0,5.0,2.0,1.0
3364,1.0,1.0,1.0,3.0,1.0,1.0,1.0,1.0,1.0,3.0,1.0,1.0
3365,1.0,1.0,1.0,3.0,1.0,1.0,1.0,1.0,1.0,5.0,2.0,1.0
3366,1.0,1.0,1.0,3.0,1.0,1.0,1.0,1.0,1.0,3.0,1.0,1.0
3367,1.0,1.0,1.0,3.0,1.0,1.0,1.0,1.0,1.0,4.0,1.0,1.0
3368,1.0,1.0,1.0,3.0,1.0,1.0,1.0,1.0,1.0,3.0,1.0,1.0
3369,1.0,1.0,1.0,3.0,1.0,1.0,1.0,1.0,1.0,5.0,2.0,1.0
3370,1.0,1.0,1.0,3.0,1.0,1.0,1.0,1.0,1.0,3.0,1.0,1.0
3371,1.0,1.0,1.0,3.0,1.0,1.0,1.0,1.0,1.0,3.0,1.0,1.0
3372,1.0,1.0,1.0,3.0,1.0,1.0,1.0,1.0,1.0,3.0,1.0,1.0
3373,1.0,1.0,1.0,3.0,1.0,1.0,1.0,1.0,1.0,3.0,1.0,1.0
3374,1.0,1.0,1.0,3.0,1.0,1.0,1.0,1.0,1.0,3.0,1.0,1.0
3375,1.0,1.0,1.0,3.0,1.0,1.0,1.0,1.0,1.0,4.0,1.0,1.0
3376,1.0,1.0,1.0,3.0,1.0,1.0,1.0,1.0,1.0,3.0,1.0,1.0
3377,1.0,1.0,1.0,3.0,1.0,1.0,1.0,1.0,1.0,4.0,1.0,1.0
3378,1.0,1.0,1.0,3.0,1.0,1.0,1.0,1.0,1.0,4.0,1.0,1.0
3379,1.0,1.0,1.0,3.0,1.0,1.0,1.0,1.0,1.0,5.0,2.0,1.0
3380,1.0,1.0,1.0,3.0,1.0,1.0,1.0,1.0,1.0,3.0,1.0,1.0
3381,1.0,1.0,1.0,3.0,1.0,1.0,1.0,1.0,1.0,5.0,2.0,1.0
3382,1.0,1.0,1.0,3.0,1.0,1.0,1.0,1.0,1.0,3.0,1.0,1.0
3383,1.0,1.0,1.0,3.0,1.0,1.0,1.0,1.0,1.0,3.0,1.0,1.0
3384,1.0,1.0,1.0,3.0,1.0,1.0,1.0,1.0,1.0,4.0,1.0,1.0
3385,1.0,1.0,1.0,3.0,1.0,1.0,1.0,1.0,1.0,4.0,1.0,1.0
3386,1.0,1.0,1.0,3.0,1.0,1.0,1.0,1.0,1.0,4.0,1.0,1.0
3387,1.0,1.0,1.0,3.0,1.0,1.0,1.0,1.0,1.0,5.0,2.0,1.0
3388,1.0,1.0,1.0,3.0,1.0,1.0,1.0,1.0,1.0,4.0,1.0,1.0
3389,1.0,1.0,1.0,3.0,1.0,1.0,1.0,1.0,1.0,4.0,1.0,1.0
3390,1.0,1.0,1.0,3.0,1.0,1.0,1.0,1.0,1.0,3.0,1.0,1.0
3391,1.0,1.0,1.0,3.0,1.0,1.0,1.0,1.0,1.0,3.0,1.0,1.0
3392,1.0,1.0,1.0,3.0,1.0,1.0,1.0,1.0,1.0,5.0,2.0,1.0
3393,1.0,1.0,1.0,3.0,1.0,1.0,1.0,1.0,1.0,5.0,2.0,1.0
3394,1.0,1.0,1.0,3.0,1.0,1.0,1.0,1.0,1.0,5.0,2.0,1.0
3395,1.0,1.0,1.0,3.0,1.0,1.0,1.0,1.0,1.0,3.0,1.0,1.0
3396,1.0,1.0,1.0,3.0,1.0,1.0,1.0,1.0,1.0,4.0,1.0,1.0
3397,1.0,1.0,1.0,3.0,1.0,1.0,1.0,1.0,1.0,3.0,1.0,1.0
3398,1.0,1.0,1.0,3.0,1.0,1.0,1.0,1.0,1.0,3.0,1.0,1.0
3399,1.0,1.0,1.0,3.0,1.0,1.0,1.0,1.0,1.0,5.0,2.0,1.0
3400,1.0,1.0,1.0,3.0,1.0,1.0,1.0,1.0,1.0,5.0,2.0,1.0
3401,1.0,1.0,1.0,3.0,1.0,1.0,1.0,1.0,1.0,3.0,1.0,1.0
3402,1.0,1.0,1.0,3.0,1.0,1.0,1.0,1.0,1.0,5.0,2.0,1.0
3403,1.0,1.0,1.0,3.0,1.0,1.0,1.0,1.0,1.0,3.0,1.0,1.0
3404,1.0,1.0,1.0,3.0,1.0,1.0,1.0,1.0,1.0,3.0,1.0,1.0
3405,1.0,1.0,1.0,3.0,1.0,1.0,1.0,1.0,1.0,4.0,1.0,1.0
3406,1.0,1.0,1.0,3.0,1.0,1.0,1.0,1.0,1.0,5.0,2.0,1.0
3407,1.0,1.0,1.0,3.0,1.0,1.0,1.0,1.0,1.0,4.0,1.0,1.0
3408,1.0,1.0,1.0,3.0,1.0,1.0,1.0,1.0,1.0,3.0,1.0,1.0
3409,1.0,1.0,1.0,3.0,1.0,1.0,1.0,1.0,1.0,5.0,2.0,1.0
3410,1.0,1.0,1.0,3.0,1.0,1.0,1.0,1.0,1.0,4.0,1.0,1.0
3411,1.0,1.0,1.0,3.0,1.0,1.0,1.0,1.0,1.0,5.0,2.0,1.0
3412,1.0,1.0,1.0,3.0,1.0,1.0,1.0,1.0,1.0,3.0,1.0,1.0
3413,1.0,1.0,1.0,3.0,1.0,1.0,1.0,1.0,1.0,3.0,1.0,1.0
3414,1.0,1.0,1.0,3.0,1.0,1.0,1.0,1.0,1.0,4.0,1.0,1.0
3415,1.0,1.0,1.0,3.0,1.0,1.0,1.0,1.0,1.0,5.0,2.0,1.0
3416,1.0,1.0,1.0,3.0,1.0,1.0,1.0,1.0,1.0,4.0,1.0,1.0
3417,1.0,1.0,1.0,3.0,1.0,1.0,1.0,1.0,1.0,5.0,2.0,1.0
3418,1.0,1.0,1.0,3.0,1.0,1.0,1.0,1.0,1.0,3.0,1.0,1.0
3419,1.0,1.0,1.0,3.0,1.0,1.0,1.0,1.0,1.0,3.0,1.0,1.0
3420,1.0,1.0,1.0,3.0,1.0,1.0,1.0,1.0,1.0,3.0,1.0,1.0
3421,1.0,1.0,1.0,3.0,1.0,1.0,1.0,1.0,1.0,3.0,1.0,1.0
3422,1.0,1.0,1.0,3.0,1.0,1.0,1.0,1.0,1.0,5.0,2.0,1.0
3423,1.0,1.0,1.0,3.0,1.0,1.0,1.0,1.0,1.0,3.0,1.0,1.0
3424,1.0,1.0,1.0,3.0,1.0,1.0,1.0,1.0,1.0,5.0,2.0,1.0
3425,1.0,1.0,1.0,3.0,1.0,1.0,1.0,1.0,1.0,4.0,1.0,1.0
3426,1.0,1.0,1.0,3.0,1.0,1.0,1.0,1.0,1.0,4.0,1.0,1.0
3427,1.0,1.0,1.0,3.0,1.0,1.0,1.0,1.0,1.0,3.0,1.0,1.0
3428,1.0,1.0,1.0,3.0,1.0,1.0,1.0,1.0,1.0,4.0,1.0,1.0
3429,1.0,1.0,1.0,3.0,1.0,1.0,1.0,1.0,1.0,5.0,2.0,1.0
3430,1.0,1.0,1.0,3.0,1.0,1.0,1.0,1.0,1.0,3.0,1.0,1.0
3431,1.0,1.0,1.0,3.0,1.0,1.0,1.0,1.0,1.0,3.0,1.0,1.0
3432,1.0,1.0,1.0,3.0,1.0,1.0,1.0,1.0,1.0,3.0,1.0,1.0
3433,1.0,1.0,1.0,3.0,1.0,1.0,1.0,1.0,1.0,3.0,1.0,1.0
3434,1.0,1.0,1.0,3.0,1.0,1.0,1.0,1.0,1.0,5.0,2.0,1.0
3435,1.0,1.0,1.0,3.0,1.0,1.0,1.0,1.0,1.0,5.0,2.0,1.0
3436,1.0,1.0,1.0,3.0,1.0,1.0,1.0,1.0,1.0,4.0,1.0,1.0
3437,1.0,1.0,1.0,3.0,1.0,1.0,1.0,1.0,1.0,3.0,1.0,1.0
3438,1.0,1.0,1.0,3.0,1.0,1.0,1.0,1.0,1.0,3.0,1.0,1.0
3439,1.0,1.0,1.0,3.0,1.0,1.0,1.0,1.0,1.0,3.0,1.0,1.0
3440,1.0,1.0,1.0,3.0,1.0,1.0,1.0,1.0,1.0,3.0,1.0,1.0
3441,1.0,1.0,1.0,3.0,1.0,1.0,1.0,1.0,1.0,5.0,2.0,1.0
3442,1.0,1.0,1.0,3.0,1.0,1.0,1.0,1.0,1.0,3.0,1.0,1.0
3443,1.0,1.0,1.0,3.0,1.0,1.0,1.0,1.0,1.0,3.0,1.0,1.0
3444,1.0,1.0,1.0,3.0,1.0,1.0,1.0,1.0,1.0,3.0,1.0,1.0
3445,1.0,1.0,1.0,3.0,1.0,1.0,1.0,1.0,1.0,4.0,1.0,1.0
3446,1.0,1.0,1.0,3.0,1.0,1.0,1.0,1.0,1.0,3.0,1.0,1.0
3447,1.0,1.0,1.0,3.0,1.0,1.0,1.0,1.0,1.0,3.0,1.0,1.0
3448,1.0,1.0,1.0,3.0,1.0,1.0,1.0,1.0,1.0,4.0,1.0,1.0
3449,1.0,1.0,1.0,3.0,1.0,1.0,1.0,1.0,1.0,3.0,1.0,1.0
3450,1.0,1.0,1.0,3.0,1.0,1.0,1.0,1.0,1.0,5.0,2.0,1.0
3451,1.0,1.0,1.0,3.0,1.0,1.0,1.0,1.0,1.0,3.0,1.0,1.0
3452,1.0,1.0,1.0,3.0,1.0,1.0,1.0,1.0,1.0,3.0,1.0,1.0
3453,1.0,1.0,1.0,3.0,1.0,1.0,1.0,1.0,1.0,3.0,1.0,1.0
3454,1.0,1.0,1.0,3.0,1.0,1.0,1.0,1.0,1.0,3.0,1.0,1.0
3455,1.0,1.0,1.0,3.0,1.0,1.0,1.0,1.0,1.0,3.0,1.0,1.0
3456,1.0,1.0,1.0,3.0,1.0,1.0,1.0,1.0,1.0,3.0,1.0,1.0
3457,1.0,1.0,1.0,3.0,1.0,1.0,1.0,1.0,1.0,3.0,1.0,1.0
3458,1.0,1.0,1.0,3.0,1.0,1.0,1.0,1.0,1.0,3.0,1.0,1.0
3459,1.0,1.0,1.0,3.0,1.0,1.0,1.0,1.0,1.0,3.0,1.0,1.0
3460,1.0,1.0,1.0,3.0,1.0,1.0,1.0,1.0,1.0,3.0,1.0,1.0
3461,1.0,1.0,1.0,3.0,1.0,1.0,1.0,1.0,1.0,3.0,1.0,1.0
3462,1.0,1.0,1.0,3.0,1.0,1.0,1.0,1.0,1.0,5.0,2.0,1.0
3463,1.0,1.0,1.0,3.0,1.0,1.0,1.0,1.0,1.0,3.0,1.0,1.0
3464,1.0,1.0,1.0,3.0,1.0,1.0,1.0,1.0,1.0,4.0,1.0,1.0
3465,1.0,1.0,1.0,3.0,1.0,1.0,1.0,1.0,1.0,3.0,1.0,1.0
3466,1.0,1.0,1.0,3.0,1.0,1.0,1.0,1.0,1.0,4.0,1.0,1.0
3467,1.0,1.0,1.0,3.0,1.0,1.0,1.0,1.0,1.0,5.0,2.0,1.0
3468,1.0,1.0,1.0,3.0,1.0,1.0,1.0,1.0,1.0,4.0,1.0,1.0
3469,1.0,1.0,1.0,3.0,1.0,1.0,1.0,1.0,1.0,3.0,1.0,1.0
3470,1.0,1.0,1.0,3.0,1.0,1.0,1.0,1.0,1.0,5.0,2.0,1.0
3471,1.0,1.0,1.0,3.0,1.0,1.0,1.0,1.0,1.0,3.0,1.0,1.0
3472,1.0,1.0,1.0,3.0,1.0,1.0,1.0,1.0,1.0,3.0,1.0,1.0
3473,1.0,1.0,1.0,3.0,1.0,1.0,1.0,1.0,1.0,4.0,1.0,1.0
3474,1.0,1.0,1.0,3.0,1.0,1.0,1.0,1.0,1.0,3.0,1.0,1.0
3475,1.0,1.0,1.0,3.0,1.0,1.0,1.0,1.0,1.0,5.0,2.0,1.0
3476,1.0,1.0,1.0,3.0,1.0,1.0,1.0,1.0,1.0,3.0,1.0,1.0
3477,1.0,1.0,1.0,3.0,1.0,1.0,1.0,1.0,1.0,5.0,2.0,1.0
3478,1.0,1.0,1.0,3.0,1.0,1.0,1.0,1.0,1.0,5.0,2.0,1.0
3479,1.0,1.0,1.0,3.0,1.0,1.0,1.0,1.0,1.0,5.0,2.0,1.0
3480,1.0,1.0,1.0,3.0,1.0,1.0,1.0,1.0,1.0,5.0,2.0,1.0
3481,1.0,1.0,1.0,3.0,1.0,1.0,1.0,1.0,1.0,3.0,1.0,1.0
3482,1.0,1.0,1.0,3.0,1.0,1.0,1.0,1.0,1.0,3.0,1.0,1.0
3483,1.0,1.0,1.0,3.0,1.0,1.0,1.0,1.0,1.0,3.0,1.0,1.0
3484,1.0,1.0,1.0,3.0,1.0,1.0,1.0,1.0,1.0,5.0,2.0,1.0
3485,1.0,1.0,1.0,3.0,1.0,1.0,1.0,1.0,1.0,3.0,1.0,1.0
3486,1.0,1.0,1.0,3.0,1.0,1.0,1.0,1.0,1.0,5.0,2.0,1.0
3487,1.0,1.0,1.0,3.0,1.0,1.0,1.0,1.0,1.0,3.0,1.0,1.0
3488,1.0,1.0,1.0,3.0,1.0,1.0,1.0,1.0,1.0,3.0,1.0,1.0
3489,1.0,1.0,1.0,3.0,1.0,1.0,1.0,1.0,1.0,3.0,1.0,1.0
3490,1.0,1.0,1.0,3.0,1.0,1.0,1.0,1.0,1.0,5.0,2.0,1.0
3491,1.0,1.0,1.0,3.0,1.0,1.0,1.0,1.0,1.0,3.0,1.0,1.0
3492,1.0,1.0,1.0,3.0,1.0,1.0,1.0,1.0,1.0,4.0,1.0,1.0
3493,1.0,1.0,1.0,3.0,1.0,1.0,1.0,1.0,1.0,4.0,1.0,1.0
3494,1.0,1.0,1.0,3.0,1.0,1.0,1.0,1.0,1.0,3.0,1.0,1.0
3495,1.0,1.0,1.0,3.0,1.0,1.0,1.0,1.0,1.0,3.0,1.0,1.0
3496,1.0,1.0,1.0,3.0,1.0,1.0,1.0,1.0,1.0,3.0,1.0,1.0
3497,1.0,1.0,1.0,3.0,1.0,1.0,1.0,1.0,1.0,3.0,1.0,1.0
3498,1.0,1.0,1.0,3.0,1.0,1.0,1.0,1.0,1.0,4.0,1.0,1.0
3499,1.0,1.0,1.0,3.0,1.0,1.0,1.0,1.0,1.0,3.0,1.0,1.0
3500,1.0,1.0,1.0,3.0,1.0,1.0,1.0,1.0,1.0,5.0,2.0,1.0
3501,1.0,1.0,1.0,3.0,1.0,1.0,1.0,1.0,1.0,5.0,2.0,1.0
3502,1.0,1.0,1.0,3.0,1.0,1.0,1.0,1.0,1.0,4.0,1.0,1.0
3503,1.0,1.0,1.0,3.0,1.0,1.0,1.0,1.0,1.0,3.0,1.0,1.0
3504,1.0,1.0,1.0,3.0,1.0,1.0,1.0,1.0,1.0,3.0,1.0,1.0
3505,1.0,1.0,1.0,3.0,1.0,1.0,1.0,1.0,1.0,3.0,1.0,1.0
3506,1.0,1.0,1.0,3.0,1.0,1.0,1.0,1.0,1.0,4.0,1.0,1.0
3507,1.0,1.0,1.0,3.0,1.0,1.0,1.0,1.0,1.0,3.0,1.0,1.0
3508,1.0,1.0,1.0,3.0,1.0,1.0,1.0,1.0,1.0,3.0,1.0,1.0
3509,1.0,1.0,1.0,3.0,1.0,1.0,1.0,1.0,1.0,5.0,2.0,1.0
3510,1.0,1.0,1.0,3.0,1.0,1.0,1.0,1.0,1.0,3.0,1.0,1.0
3511,1.0,1.0,1.0,3.0,1.0,1.0,1.0,1.0,1.0,3.0,1.0,1.0
3512,1.0,1.0,1.0,3.0,1.0,1.0,1.0,1.0,1.0,3.0,1.0,1.0
3513,1.0,1.0,1.0,3.0,1.0,1.0,1.0,1.0,1.0,3.0,1.0,1.0
3514,1.0,1.0,1.0,3.0,1.0,1.0,1.0,1.0,1.0,3.0,1.0,1.0
3515,1.0,1.0,1.0,3.0,1.0,1.0,1.0,1.0,1.0,5.0,2.0,1.0
3516,1.0,1.0,1.0,3.0,1.0,1.0,1.0,1.0,1.0,4.0,1.0,1.0
3517,1.0,1.0,1.0,3.0,1.0,1.0,1.0,1.0,1.0,4.0,1.0,1.0
3518,1.0,1.0,1.0,3.0,1.0,1.0,1.0,1.0,1.0,5.0,2.0,1.0
3519,1.0,1.0,1.0,3.0,1.0,1.0,1.0,1.0,1.0,5.0,2.0,1.0
3520,1.0,1.0,1.0,3.0,1.0,1.0,1.0,1.0,1.0,5.0,2.0,1.0
3521,1.0,1.0,1.0,3.0,1.0,1.0,1.0,1.0,1.0,4.0,1.0,1.0
3522,1.0,1.0,1.0,3.0,1.0,1.0,1.0,1.0,1.0,4.0,1.0,1.0
3523,1.0,1.0,1.0,3.0,1.0,1.0,1.0,1.0,1.0,3.0,1.0,1.0
3524,1.0,1.0,1.0,3.0,1.0,1.0,1.0,1.0,1.0,4.0,1.0,1.0
3525,1.0,1.0,1.0,3.0,1.0,1.0,1.0,1.0,1.0,3.0,1.0,1.0
3526,1.0,1.0,1.0,3.0,1.0,1.0,1.0,1.0,1.0,3.0,1.0,1.0
3527,1.0,1.0,1.0,3.0,1.0,1.0,1.0,1.0,1.0,3.0,1.0,1.0
3528,1.0,1.0,1.0,3.0,1.0,1.0,1.0,1.0,1.0,3.0,1.0,1.0
3529,1.0,1.0,1.0,3.0,1.0,1.0,1.0,1.0,1.0,3.0,1.0,1.0
3530,1.0,1.0,1.0,3.0,1.0,1.0,1.0,1.0,1.0,3.0,1.0,1.0
3531,1.0,1.0,1.0,3.0,1.0,1.0,1.0,1.0,1.0,5.0,2.0,1.0
3532,1.0,1.0,1.0,3.0,1.0,1.0,1.0,1.0,1.0,3.0,1.0,1.0
3533,1.0,1.0,1.0,3.0,1.0,1.0,1.0,1.0,1.0,5.0,2.0,1.0
3534,1.0,1.0,1.0,3.0,1.0,1.0,1.0,1.0,1.0,5.0,2.0,1.0
3535,1.0,1.0,1.0,3.0,1.0,1.0,1.0,1.0,1.0,4.0,1.0,1.0
3536,1.0,1.0,1.0,3.0,1.0,1.0,1.0,1.0,1.0,3.0,1.0,1.0
3537,1.0,1.0,1.0,3.0,1.0,1.0,1.0,1.0,1.0,3.0,1.0,1.0
3538,1.0,1.0,1.0,3.0,1.0,1.0,1.0,1.0,1.0,3.0,1.0,1.0
3539,1.0,1.0,1.0,3.0,1.0,1.0,1.0,1.0,1.0,3.0,1.0,1.0
3540,1.0,1.0,1.0,3.0,1.0,1.0,1.0,1.0,1.0,5.0,2.0,1.0
3541,1.0,1.0,1.0,3.0,1.0,1.0,1.0,1.0,1.0,5.0,2.0,1.0
3542,1.0,1.0,1.0,3.0,1.0,1.0,1.0,1.0,1.0,3.0,1.0,1.0
3543,1.0,1.0,1.0,3.0,1.0,1.0,1.0,1.0,1.0,5.0,2.0,1.0
3544,1.0,1.0,1.0,3.0,1.0,1.0,1.0,1.0,1.0,3.0,1.0,1.0
3545,1.0,1.0,1.0,3.0,1.0,1.0,1.0,1.0,1.0,4.0,1.0,1.0
3546,1.0,1.0,1.0,3.0,1.0,1.0,1.0,1.0,1.0,4.0,1.0,1.0
3547,1.0,1.0,1.0,3.0,1.0,1.0,1.0,1.0,1.0,4.0,1.0,1.0
3548,1.0,1.0,1.0,3.0,1.0,1.0,1.0,1.0,1.0,5.0,2.0,1.0
3549,1.0,1.0,1.0,3.0,1.0,1.0,1.0,1.0,1.0,3.0,1.0,1.0
3550,1.0,1.0,1.0,3.0,1.0,1.0,1.0,1.0,1.0,5.0,2.0,1.0
3551,1.0,1.0,1.0,3.0,1.0,1.0,1.0,1.0,1.0,3.0,1.0,1.0
3552,1.0,1.0,1.0,3.0,1.0,1.0,1.0,1.0,1.0,5.0,2.0,1.0
3553,1.0,1.0,1.0,3.0,1.0,1.0,1.0,1.0,1.0,4.0,1.0,1.0
3554,1.0,1.0,1.0,3.0,1.0,1.0,1.0,1.0,1.0,4.0,1.0,1.0
3555,1.0,1.0,1.0,3.0,1.0,1.0,1.0,1.0,1.0,3.0,1.0,1.0
3556,1.0,1.0,1.0,3.0,1.0,1.0,1.0,1.0,1.0,3.0,1.0,1.0
3557,1.0,1.0,1.0,3.0,1.0,1.0,1.0,1.0,1.0,5.0,2.0,1.0
3558,1.0,1.0,1.0,3.0,1.0,1.0,1.0,1.0,1.0,3.0,1.0,1.0
3559,1.0,1.0,1.0,3.0,1.0,1.0,1.0,1.0,1.0,5.0,2.0,1.0
3560,1.0,1.0,1.0,3.0,1.0,1.0,1.0,1.0,1.0,4.0,1.0,1.0
3561,1.0,1.0,1.0,3.0,1.0,1.0,1.0,1.0,1.0,3.0,1.0,1.0
3562,1.0,1.0,1.0,3.0,1.0,1.0,1.0,1.0,1.0,3.0,1.0,1.0
3563,1.0,1.0,1.0,3.0,1.0,1.0,1.0,1.0,1.0,3.0,1.0,1.0
3564,1.0,1.0,1.0,3.0,1.0,1.0,1.0,1.0,1.0,4.0,1.0,1.0
3565,1.0,1.0,1.0,3.0,1.0,1.0,1.0,1.0,1.0,3.0,1.0,1.0
3566,1.0,1.0,1.0,3.0,1.0,1.0,1.0,1.0,1.0,4.0,1.0,1.0
3567,1.0,1.0,1.0,3.0,1.0,1.0,1.0,1.0,1.0,5.0,2.0,1.0
3568,1.0,1.0,1.0,3.0,1.0,1.0,1.0,1.0,1.0,3.0,1.0,1.0
3569,1.0,1.0,1.0,3.0,1.0,1.0,1.0,1.0,1.0,3.0,1.0,1.0
3570,1.0,1.0,1.0,3.0,1.0,1.0,1.0,1.0,1.0,5.0,2.0,1.0
3571,1.0,1.0,1.0,3.0,1.0,1.0,1.0,1.0,1.0,4.0,1.0,1.0
3572,1.0,1.0,1.0,3.0,1.0,1.0,1.0,1.0,1.0,3.0,1.0,1.0
3573,1.0,1.0,1.0,3.0,1.0,1.0,1.0,1.0,1.0,3.0,1.0,1.0
3574,1.0,1.0,1.0,3.0,1.0,1.0,1.0,1.0,1.0,3.0,1.0,1.0
3575,1.0,1.0,1.0,3.0,1.0,1.0,1.0,1.0,1.0,3.0,1.0,1.0
3576,1.0,1.0,1.0,3.0,1.0,1.0,1.0,1.0,1.0,3.0,1.0,1.0
3577,1.0,1.0,1.0,3.0,1.0,1.0,1.0,1.0,1.0,3.0,1.0,1.0
3578,1.0,1.0,1.0,3.0,1.0,1.0,1.0,1.0,1.0,3.0,1.0,1.0
3579,1.0,1.0,1.0,3.0,1.0,1.0,1.0,1.0,1.0,4.0,1.0,1.0
3580,1.0,1.0,1.0,3.0,1.0,1.0,1.0,1.0,1.0,4.0,1.0,1.0
3581,1.0,1.0,1.0,3.0,1.0,1.0,1.0,1.0,1.0,3.0,1.0,1.0
3582,1.0,1.0,1.0,3.0,1.0,1.0,1.0,1.0,1.0,3.0,1.0,1.0
3583,1.0,1.0,1.0,3.0,1.0,1.0,1.0,1.0,1.0,5.0,2.0,1.0
3584,1.0,1.0,1.0,3.0,1.0,1.0,1.0,1.0,1.0,5.0,2.0,1.0
3585,1.0,1.0,1.0,3.0,1.0,1.0,1.0,1.0,1.0,3.0,1.0,1.0
3586,1.0,1.0,1.0,3.0,1.0,1.0,1.0,1.0,1.0,3.0,1.0,1.0
3587,1.0,1.0,1.0,3.0,1.0,1.0,1.0,1.0,1.0,4.0,1.0,1.0
3588,1.0,1.0,1.0,3.0,1.0,1.0,1.0,1.0,1.0,3.0,1.0,1.0
3589,1.0,1.0,1.0,3.0,1.0,1.0,1.0,1.0,1.0,3.0,1.0,1.0
3590,1.0,1.0,1.0,3.0,1.0,1.0,1.0,1.0,1.0,3.0,1.0,1.0
3591,1.0,1.0,1.0,3.0,1.0,1.0,1.0,1.0,1.0,3.0,1.0,1.0
3592,1.0,1.0,1.0,3.0,1.0,1.0,1.0,1.0,1.0,4.0,1.0,1.0
3593,1.0,1.0,1.0,3.0,1.0,1.0,1.0,1.0,1.0,3.0,1.0,1.0
3594,1.0,1.0,1.0,3.0,1.0,1.0,1.0,1.0,1.0,4.0,1.0,1.0
3595,1.0,1.0,1.0,3.0,1.0,1.0,1.0,1.0,1.0,3.0,1.0,1.0
3596,1.0,1.0,1.0,3.0,1.0,1.0,1.0,1.0,1.0,3.0,1.0,1.0
3597,1.0,1.0,1.0,3.0,1.0,1.0,1.0,1.0,1.0,3.0,1.0,1.0
3598,1.0,1.0,1.0,3.0,1.0,1.0,1.0,1.0,1.0,4.0,1.0,1.0
3599,1.0,1.0,1.0,3.0,1.0,1.0,1.0,1.0,1.0,4.0,1.0,1.0
3600,1.0,1.0,1.0,3.0,1.0,1.0,1.0,1.0,1.0,3.0,1.0,1.0
3601,1.0,1.0,1.0,3.0,1.0,1.0,1.0,1.0,1.0,3.0,1.0,1.0
3602,1.0,1.0,1.0,3.0,1.0,1.0,1.0,1.0,1.0,5.0,2.0,1.0
3603,1.0,1.0,1.0,3.0,1.0,1.0,1.0,1.0,1.0,5.0,2.0,1.0
3604,1.0,1.0,1.0,3.0,1.0,1.0,1.0,1.0,1.0,3.0,1.0,1.0
3605,1.0,1.0,1.0,3.0,1.0,1.0,1.0,1.0,1.0,3.0,1.0,1.0
3606,1.0,1.0,1.0,3.0,1.0,1.0,1.0,1.0,1.0,3.0,1.0,1.0
3607,1.0,1.0,1.0,3.0,1.0,1.0,1.0,1.0,1.0,3.0,1.0,1.0
3608,1.0,1.0,1.0,3.0,1.0,1.0,1.0,1.0,1.0,4.0,1.0,1.0
3609,1.0,1.0,1.0,3.0,1.0,1.0,1.0,1.0,1.0,3.0,1.0,1.0
3610,1.0,1.0,1.0,3.0,1.0,1.0,1.0,1.0,1.0,5.0,2.0,1.0
3611,1.0,1.0,1.0,3.0,1.0,1.0,1.0,1.0,1.0,5.0,2.0,1.0
3612,1.0,1.0,1.0,3.0,1.0,1.0,1.0,1.0,1.0,5.0,2.0,1.0
3613,1.0,1.0,1.0,3.0,1.0,1.0,1.0,1.0,1.0,3.0,1.0,1.0
3614,1.0,1.0,1.0,3.0,1.0,1.0,1.0,1.0,1.0,3.0,1.0,1.0
3615,1.0,1.0,1.0,3.0,1.0,1.0,1.0,1.0,1.0,3.0,1.0,1.0
3616,1.0,1.0,1.0,3.0,1.0,1.0,1.0,1.0,1.0,3.0,1.0,1.0
3617,1.0,1.0,1.0,3.0,1.0,1.0,1.0,1.0,1.0,5.0,2.0,1.0
3618,1.0,1.0,1.0,3.0,1.0,1.0,1.0,1.0,1.0,3.0,1.0,1.0
3619,1.0,1.0,1.0,3.0,1.0,1.0,1.0,1.0,1.0,4.0,1.0,1.0
3620,1.0,1.0,1.0,3.0,1.0,1.0,1.0,1.0,1.0,3.0,1.0,1.0
3621,1.0,1.0,1.0,3.0,1.0,1.0,1.0,1.0,1.0,5.0,2.0,1.0
3622,1.0,1.0,1.0,3.0,1.0,1.0,1.0,1.0,1.0,3.0,1.0,1.0
3623,1.0,1.0,1.0,3.0,1.0,1.0,1.0,1.0,1.0,3.0,1.0,1.0
3624,1.0,1.0,1.0,3.0,1.0,1.0,1.0,1.0,1.0,4.0,1.0,1.0
3625,1.0,1.0,1.0,3.0,1.0,1.0,1.0,1.0,1.0,3.0,1.0,1.0
3626,1.0,1.0,1.0,3.0,1.0,1.0,1.0,1.0,1.0,4.0,1.0,1.0
3627,1.0,1.0,1.0,3.0,1.0,1.0,1.0,1.0,1.0,3.0,1.0,1.0
3628,1.0,1.0,1.0,3.0,1.0,1.0,1.0,1.0,1.0,4.0,1.0,1.0
3629,1.0,1.0,1.0,3.0,1.0,1.0,1.0,1.0,1.0,3.0,1.0,1.0
3630,1.0,1.0,1.0,3.0,1.0,1.0,1.0,1.0,1.0,5.0,2.0,1.0
3631,1.0,1.0,1.0,3.0,1.0,1.0,1.0,1.0,1.0,3.0,1.0,1.0
3632,1.0,1.0,1.0,3.0,1.0,1.0,1.0,1.0,1.0,3.0,1.0,1.0
3633,1.0,1.0,1.0,3.0,1.0,1.0,1.0,1.0,1.0,3.0,1.0,1.0
3634,1.0,1.0,1.0,3.0,1.0,1.0,1.0,1.0,1.0,3.0,1.0,1.0
3635,1.0,1.0,1.0,3.0,1.0,1.0,1.0,1.0,1.0,3.0,1.0,1.0
3636,1.0,1.0,1.0,3.0,1.0,1.0,1.0,1.0,1.0,5.0,2.0,1.0
3637,1.0,1.0,1.0,3.0,1.0,1.0,1.0,1.0,1.0,5.0,2.0,1.0
3638,1.0,1.0,1.0,3.0,1.0,1.0,1.0,1.0,1.0,3.0,1.0,1.0
3639,1.0,1.0,1.0,3.0,1.0,1.0,1.0,1.0,1.0,3.0,1.0,1.0
3640,1.0,1.0,1.0,3.0,1.0,1.0,1.0,1.0,1.0,3.0,1.0,1.0
3641,1.0,1.0,1.0,3.0,1.0,1.0,1.0,1.0,1.0,4.0,1.0,1.0
3642,1.0,1.0,1.0,3.0,1.0,1.0,1.0,1.0,1.0,4.0,1.0,1.0
3643,1.0,1.0,1.0,3.0,1.0,1.0,1.0,1.0,1.0,5.0,2.0,1.0
3644,1.0,1.0,1.0,3.0,1.0,1.0,1.0,1.0,1.0,3.0,1.0,1.0
3645,1.0,1.0,1.0,3.0,1.0,1.0,1.0,1.0,1.0,4.0,1.0,1.0
3646,1.0,1.0,1.0,3.0,1.0,1.0,1.0,1.0,1.0,4.0,1.0,1.0
3647,1.0,1.0,1.0,3.0,1.0,1.0,1.0,1.0,1.0,3.0,1.0,1.0
3648,1.0,1.0,1.0,3.0,1.0,1.0,1.0,1.0,1.0,3.0,1.0,1.0
3649,1.0,1.0,1.0,3.0,1.0,1.0,1.0,1.0,1.0,3.0,1.0,1.0
3650,1.0,1.0,1.0,3.0,1.0,1.0,1.0,1.0,1.0,3.0,1.0,1.0
3651,1.0,1.0,1.0,3.0,1.0,1.0,1.0,1.0,1.0,3.0,1.0,1.0
3652,1.0,1.0,1.0,3.0,1.0,1.0,1.0,1.0,1.0,3.0,1.0,1.0
3653,1.0,1.0,1.0,3.0,1.0,1.0,1.0,1.0,1.0,4.0,1.0,1.0
3654,1.0,1.0,1.0,3.0,1.0,1.0,1.0,1.0,1.0,3.0,1.0,1.0
3655,1.0,1.0,1.0,3.0,1.0,1.0,1.0,1.0,1.0,3.0,1.0,1.0
3656,1.0,1.0,1.0,3.0,1.0,1.0,1.0,1.0,1.0,4.0,1.0,1.0
3657,1.0,1.0,1.0,3.0,1.0,1.0,1.0,1.0,1.0,4.0,1.0,1.0
3658,1.0,1.0,1.0,3.0,1.0,1.0,1.0,1.0,1.0,3.0,1.0,1.0
3659,1.0,1.0,1.0,3.0,1.0,1.0,1.0,1.0,1.0,3.0,1.0,1.0
3660,1.0,1.0,1.0,3.0,1.0,1.0,1.0,1.0,1.0,3.0,1.0,1.0
3661,1.0,1.0,1.0,3.0,1.0,1.0,1.0,1.0,1.0,4.0,1.0,1.0
3662,1.0,1.0,1.0,3.0,1.0,1.0,1.0,1.0,1.0,3.0,1.0,1.0
3663,1.0,1.0,1.0,3.0,1.0,1.0,1.0,1.0,1.0,3.0,1.0,1.0
3664,1.0,1.0,1.0,3.0,1.0,1.0,1.0,1.0,1.0,5.0,2.0,1.0
3665,1.0,1.0,1.0,3.0,1.0,1.0,1.0,1.0,1.0,3.0,1.0,1.0
3666,1.0,1.0,1.0,3.0,1.0,1.0,1.0,1.0,1.0,3.0,1.0,1.0
3667,1.0,1.0,1.0,3.0,1.0,1.0,1.0,1.0,1.0,3.0,1.0,1.0
3668,1.0,1.0,1.0,3.0,1.0,1.0,1.0,1.0,1.0,4.0,1.0,1.0
3669,1.0,1.0,1.0,3.0,1.0,1.0,1.0,1.0,1.0,3.0,1.0,1.0
3670,1.0,1.0,1.0,3.0,1.0,1.0,1.0,1.0,1.0,3.0,1.0,1.0
3671,1.0,1.0,1.0,3.0,1.0,1.0,1.0,1.0,1.0,3.0,1.0,1.0
3672,1.0,1.0,1.0,3.0,1.0,1.0,1.0,1.0,1.0,3.0,1.0,1.0
3673,1.0,1.0,1.0,3.0,1.0,1.0,1.0,1.0,1.0,3.0,1.0,1.0
3674,1.0,1.0,1.0,3.0,1.0,1.0,1.0,1.0,1.0,3.0,1.0,1.0
3675,1.0,1.0,1.0,3.0,1.0,1.0,1.0,1.0,1.0,5.0,2.0,1.0
3676,1.0,1.0,1.0,3.0,1.0,1.0,1.0,1.0,1.0,3.0,1.0,1.0
3677,1.0,1.0,1.0,3.0,1.0,1.0,1.0,1.0,1.0,3.0,1.0,1.0
3678,1.0,1.0,1.0,3.0,1.0,1.0,1.0,1.0,1.0,3.0,1.0,1.0
3679,1.0,1.0,1.0,3.0,1.0,1.0,1.0,1.0,1.0,3.0,1.0,1.0
3680,1.0,1.0,1.0,3.0,1.0,1.0,1.0,1.0,1.0,5.0,2.0,1.0
3681,1.0,1.0,1.0,3.0,1.0,1.0,1.0,1.0,1.0,3.0,1.0,1.0
3682,1.0,1.0,1.0,3.0,1.0,1.0,1.0,1.0,1.0,3.0,1.0,1.0
3683,1.0,1.0,1.0,3.0,1.0,1.0,1.0,1.0,1.0,5.0,2.0,1.0
3684,1.0,1.0,1.0,3.0,1.0,1.0,1.0,1.0,1.0,3.0,1.0,1.0
3685,1.0,1.0,1.0,3.0,1.0,1.0,1.0,1.0,1.0,3.0,1.0,1.0
3686,1.0,1.0,1.0,3.0,1.0,1.0,1.0,1.0,1.0,4.0,1.0,1.0
3687,1.0,1.0,1.0,3.0,1.0,1.0,1.0,1.0,1.0,5.0,2.0,1.0
3688,1.0,1.0,1.0,3.0,1.0,1.0,1.0,1.0,1.0,4.0,1.0,1.0
3689,1.0,1.0,1.0,3.0,1.0,1.0,1.0,1.0,1.0,4.0,1.0,1.0
3690,1.0,1.0,1.0,3.0,1.0,1.0,1.0,1.0,1.0,5.0,2.0,1.0
3691,1.0,1.0,1.0,3.0,1.0,1.0,1.0,1.0,1.0,3.0,1.0,1.0
3692,1.0,1.0,1.0,3.0,1.0,1.0,1.0,1.0,1.0,3.0,1.0,1.0
3693,1.0,1.0,1.0,3.0,1.0,1.0,1.0,1.0,1.0,4.0,1.0,1.0
3694,1.0,1.0,1.0,3.0,1.0,1.0,1.0,1.0,1.0,3.0,1.0,1.0
3695,1.0,1.0,1.0,3.0,1.0,1.0,1.0,1.0,1.0,3.0,1.0,1.0
3696,1.0,1.0,1.0,3.0,1.0,1.0,1.0,1.0,1.0,3.0,1.0,1.0
3697,1.0,1.0,1.0,3.0,1.0,1.0,1.0,1.0,1.0,3.0,1.0,1.0
3698,1.0,1.0,1.0,3.0,1.0,1.0,1.0,1.0,1.0,5.0,2.0,1.0
3699,1.0,1.0,1.0,3.0,1.0,1.0,1.0,1.0,1.0,3.0,1.0,1.0
3700,1.0,1.0,1.0,3.0,1.0,1.0,1.0,1.0,1.0,4.0,1.0,1.0
3701,1.0,1.0,1.0,3.0,1.0,1.0,1.0,1.0,1.0,3.0,1.0,1.0
3702,1.0,1.0,1.0,3.0,1.0,1.0,1.0,1.0,1.0,3.0,1.0,1.0
3703,1.0,1.0,1.0,3.0,1.0,1.0,1.0,1.0,1.0,3.0,1.0,1.0
3704,1.0,1.0,1.0,3.0,1.0,1.0,1.0,1.0,1.0,4.0,1.0,1.0
3705,1.0,1.0,1.0,3.0,1.0,1.0,1.0,1.0,1.0,3.0,1.0,1.0
3706,1.0,1.0,1.0,3.0,1.0,1.0,1.0,1.0,1.0,3.0,1.0,1.0
3707,1.0,1.0,1.0,3.0,1.0,1.0,1.0,1.0,1.0,5.0,2.0,1.0
3708,1.0,1.0,1.0,3.0,1.0,1.0,1.0,1.0,1.0,5.0,2.0,1.0
3709,1.0,1.0,1.0,3.0,1.0,1.0,1.0,1.0,1.0,3.0,1.0,1.0
3710,1.0,1.0,1.0,3.0,1.0,1.0,1.0,1.0,1.0,3.0,1.0,1.0
3711,1.0,1.0,1.0,3.0,1.0,1.0,1.0,1.0,1.0,5.0,2.0,1.0
3712,1.0,1.0,1.0,3.0,1.0,1.0,1.0,1.0,1.0,4.0,1.0,1.0
3713,1.0,1.0,1.0,3.0,1.0,1.0,1.0,1.0,1.0,5.0,2.0,1.0
3714,1.0,1.0,1.0,3.0,1.0,1.0,1.0,1.0,1.0,5.0,2.0,1.0
3715,1.0,1.0,1.0,3.0,1.0,1.0,1.0,1.0,1.0,3.0,1.0,1.0
3716,1.0,1.0,1.0,3.0,1.0,1.0,1.0,1.0,1.0,5.0,2.0,1.0
3717,1.0,1.0,1.0,3.0,1.0,1.0,1.0,1.0,1.0,3.0,1.0,1.0
3718,1.0,1.0,1.0,3.0,1.0,1.0,1.0,1.0,1.0,4.0,1.0,1.0
3719,1.0,1.0,1.0,3.0,1.0,1.0,1.0,1.0,1.0,4.0,1.0,1.0
3720,1.0,1.0,1.0,3.0,1.0,1.0,1.0,1.0,1.0,5.0,2.0,1.0
3721,1.0,1.0,1.0,3.0,1.0,1.0,1.0,1.0,1.0,4.0,1.0,1.0
3722,1.0,1.0,1.0,3.0,1.0,1.0,1.0,1.0,1.0,3.0,1.0,1.0
3723,1.0,1.0,1.0,3.0,1.0,1.0,1.0,1.0,1.0,4.0,1.0,1.0
3724,1.0,1.0,1.0,3.0,1.0,1.0,1.0,1.0,1.0,3.0,1.0,1.0
3725,1.0,1.0,1.0,3.0,1.0,1.0,1.0,1.0,1.0,3.0,1.0,1.0
3726,1.0,1.0,1.0,3.0,1.0,1.0,1.0,1.0,1.0,3.0,1.0,1.0
3727,1.0,1.0,1.0,3.0,1.0,1.0,1.0,1.0,1.0,3.0,1.0,1.0
3728,1.0,1.0,1.0,3.0,1.0,1.0,1.0,1.0,1.0,4.0,1.0,1.0
3729,1.0,1.0,1.0,3.0,1.0,1.0,1.0,1.0,1.0,5.0,2.0,1.0
3730,1.0,1.0,1.0,3.0,1.0,1.0,1.0,1.0,1.0,3.0,1.0,1.0
3731,1.0,1.0,1.0,3.0,1.0,1.0,1.0,1.0,1.0,3.0,1.0,1.0
3732,1.0,1.0,1.0,3.0,1.0,1.0,1.0,1.0,1.0,3.0,1.0,1.0
3733,1.0,1.0,1.0,3.0,1.0,1.0,1.0,1.0,1.0,3.0,1.0,1.0
3734,1.0,1.0,1.0,3.0,1.0,1.0,1.0,1.0,1.0,4.0,1.0,1.0
3735,1.0,1.0,1.0,3.0,1.0,1.0,1.0,1.0,1.0,3.0,1.0,1.0
3736,1.0,1.0,1.0,3.0,1.0,1.0,1.0,1.0,1.0,3.0,1.0,1.0
3737,1.0,1.0,1.0,3.0,1.0,1.0,1.0,1.0,1.0,4.0,1.0,1.0
3738,1.0,1.0,1.0,3.0,1.0,1.0,1.0,1.0,1.0,3.0,1.0,1.0
3739,1.0,1.0,1.0,3.0,1.0,1.0,1.0,1.0,1.0,3.0,1.0,1.0
3740,1.0,1.0,1.0,3.0,1.0,1.0,1.0,1.0,1.0,5.0,2.0,1.0
3741,1.0,1.0,1.0,3.0,1.0,1.0,1.0,1.0,1.0,5.0,2.0,1.0
3742,1.0,1.0,1.0,3.0,1.0,1.0,1.0,1.0,1.0,5.0,2.0,1.0
3743,1.0,1.0,1.0,3.0,1.0,1.0,1.0,1.0,1.0,3.0,1.0,1.0
3744,1.0,1.0,1.0,3.0,1.0,1.0,1.0,1.0,1.0,3.0,1.0,1.0
3745,1.0,1.0,1.0,3.0,1.0,1.0,1.0,1.0,1.0,3.0,1.0,1.0
3746,1.0,1.0,1.0,3.0,1.0,1.0,1.0,1.0,1.0,5.0,2.0,1.0
3747,1.0,1.0,1.0,3.0,1.0,1.0,1.0,1.0,1.0,3.0,1.0,1.0
3748,1.0,1.0,1.0,3.0,1.0,1.0,1.0,1.0,1.0,3.0,1.0,1.0
3749,1.0,1.0,1.0,3.0,1.0,1.0,1.0,1.0,1.0,3.0,1.0,1.0
3750,1.0,1.0,1.0,3.0,1.0,1.0,1.0,1.0,1.0,3.0,1.0,1.0
3751,1.0,1.0,1.0,3.0,1.0,1.0,1.0,1.0,1.0,3.0,1.0,1.0
3752,1.0,1.0,1.0,3.0,1.0,1.0,1.0,1.0,1.0,5.0,2.0,1.0
3753,1.0,1.0,1.0,3.0,1.0,1.0,1.0,1.0,1.0,3.0,1.0,1.0
3754,1.0,1.0,1.0,3.0,1.0,1.0,1.0,1.0,1.0,3.0,1.0,1.0
3755,1.0,1.0,1.0,3.0,1.0,1.0,1.0,1.0,1.0,3.0,1.0,1.0
3756,1.0,1.0,1.0,3.0,1.0,1.0,1.0,1.0,1.0,3.0,1.0,1.0
3757,1.0,1.0,1.0,3.0,1.0,1.0,1.0,1.0,1.0,4.0,1.0,1.0
3758,1.0,1.0,1.0,3.0,1.0,1.0,1.0,1.0,1.0,5.0,2.0,1.0
3759,1.0,1.0,1.0,3.0,1.0,1.0,1.0,1.0,1.0,3.0,1.0,1.0
3760,1.0,1.0,1.0,3.0,1.0,1.0,1.0,1.0,1.0,4.0,1.0,1.0
3761,1.0,1.0,1.0,3.0,1.0,1.0,1.0,1.0,1.0,4.0,1.0,1.0
3762,1.0,1.0,1.0,3.0,1.0,1.0,1.0,1.0,1.0,3.0,1.0,1.0
3763,1.0,1.0,1.0,3.0,1.0,1.0,1.0,1.0,1.0,5.0,2.0,1.0
3764,1.0,1.0,1.0,3.0,1.0,1.0,1.0,1.0,1.0,3.0,1.0,1.0
3765,1.0,1.0,1.0,3.0,1.0,1.0,1.0,1.0,1.0,3.0,1.0,1.0
3766,1.0,1.0,1.0,3.0,1.0,1.0,1.0,1.0,1.0,3.0,1.0,1.0
3767,1.0,1.0,1.0,3.0,1.0,1.0,1.0,1.0,1.0,3.0,1.0,1.0
3768,1.0,1.0,1.0,3.0,1.0,1.0,1.0,1.0,1.0,3.0,1.0,1.0
3769,1.0,1.0,1.0,3.0,1.0,1.0,1.0,1.0,1.0,4.0,1.0,1.0
3770,1.0,1.0,1.0,3.0,1.0,1.0,1.0,1.0,1.0,3.0,1.0,1.0
3771,1.0,1.0,1.0,3.0,1.0,1.0,1.0,1.0,1.0,3.0,1.0,1.0
3772,1.0,1.0,1.0,3.0,1.0,1.0,1.0,1.0,1.0,3.0,1.0,1.0
3773,1.0,1.0,1.0,3.0,1.0,1.0,1.0,1.0,1.0,5.0,2.0,1.0
3774,1.0,1.0,1.0,3.0,1.0,1.0,1.0,1.0,1.0,3.0,1.0,1.0
3775,1.0,1.0,1.0,3.0,1.0,1.0,1.0,1.0,1.0,3.0,1.0,1.0
3776,1.0,1.0,1.0,3.0,1.0,1.0,1.0,1.0,1.0,4.0,1.0,1.0
3777,1.0,1.0,1.0,3.0,1.0,1.0,1.0,1.0,1.0,3.0,1.0,1.0
3778,1.0,1.0,1.0,3.0,1.0,1.0,1.0,1.0,1.0,3.0,1.0,1.0
3779,1.0,1.0,1.0,3.0,1.0,1.0,1.0,1.0,1.0,3.0,1.0,1.0
3780,1.0,1.0,1.0,3.0,1.0,1.0,1.0,1.0,1.0,4.0,1.0,1.0
3781,1.0,1.0,1.0,3.0,1.0,1.0,1.0,1.0,1.0,5.0,2.0,1.0
3782,1.0,1.0,1.0,3.0,1.0,1.0,1.0,1.0,1.0,3.0,1.0,1.0
3783,1.0,1.0,1.0,3.0,1.0,1.0,1.0,1.0,1.0,3.0,1.0,1.0
3784,1.0,1.0,1.0,3.0,1.0,1.0,1.0,1.0,1.0,3.0,1.0,1.0
3785,1.0,1.0,1.0,3.0,1.0,1.0,1.0,1.0,1.0,5.0,2.0,1.0
3786,1.0,1.0,1.0,3.0,1.0,1.0,1.0,1.0,1.0,5.0,2.0,1.0
3787,1.0,1.0,1.0,3.0,1.0,1.0,1.0,1.0,1.0,3.0,1.0,1.0
3788,1.0,1.0,1.0,3.0,1.0,1.0,1.0,1.0,1.0,5.0,2.0,1.0
3789,1.0,1.0,1.0,3.0,1.0,1.0,1.0,1.0,1.0,3.0,1.0,1.0
3790,1.0,1.0,1.0,3.0,1.0,1.0,1.0,1.0,1.0,3.0,1.0,1.0
3791,1.0,1.0,1.0,3.0,1.0,1.0,1.0,1.0,1.0,4.0,1.0,1.0
3792,1.0,1.0,1.0,3.0,1.0,1.0,1.0,1.0,1.0,3.0,1.0,1.0
3793,1.0,1.0,1.0,3.0,1.0,1.0,1.0,1.0,1.0,3.0,1.0,1.0
3794,1.0,1.0,1.0,3.0,1.0,1.0,1.0,1.0,1.0,4.0,1.0,1.0
3795,1.0,1.0,1.0,3.0,1.0,1.0,1.0,1.0,1.0,5.0,2.0,1.0
3796,1.0,1.0,1.0,3.0,1.0,1.0,1.0,1.0,1.0,3.0,1.0,1.0
3797,1.0,1.0,1.0,3.0,1.0,1.0,1.0,1.0,1.0,5.0,2.0,1.0
3798,1.0,1.0,1.0,3.0,1.0,1.0,1.0,1.0,1.0,3.0,1.0,1.0
3799,1.0,1.0,1.0,3.0,1.0,1.0,1.0,1.0,1.0,3.0,1.0,1.0
3800,1.0,1.0,1.0,3.0,1.0,1.0,1.0,1.0,1.0,3.0,1.0,1.0
3801,1.0,1.0,1.0,3.0,1.0,1.0,1.0,1.0,1.0,3.0,1.0,1.0
3802,1.0,1.0,1.0,3.0,1.0,1.0,1.0,1.0,1.0,3.0,1.0,1.0
3803,1.0,1.0,1.0,3.0,1.0,1.0,1.0,1.0,1.0,3.0,1.0,1.0
3804,1.0,1.0,1.0,3.0,1.0,1.0,1.0,1.0,1.0,3.0,1.0,1.0
3805,1.0,1.0,1.0,3.0,1.0,1.0,1.0,1.0,1.0,3.0,1.0,1.0
3806,1.0,1.0,1.0,3.0,1.0,1.0,1.0,1.0,1.0,5.0,2.0,1.0
3807,1.0,1.0,1.0,3.0,1.0,1.0,1.0,1.0,1.0,4.0,1.0,1.0
3808,1.0,1.0,1.0,3.0,1.0,1.0,1.0,1.0,1.0,3.0,1.0,1.0
3809,1.0,1.0,1.0,3.0,1.0,1.0,1.0,1.0,1.0,4.0,1.0,1.0
3810,1.0,1.0,1.0,3.0,1.0,1.0,1.0,1.0,1.0,5.0,2.0,1.0
3811,1.0,1.0,1.0,3.0,1.0,1.0,1.0,1.0,1.0,3.0,1.0,1.0
3812,1.0,1.0,1.0,3.0,1.0,1.0,1.0,1.0,1.0,5.0,2.0,1.0
3813,1.0,1.0,1.0,3.0,1.0,1.0,1.0,1.0,1.0,3.0,1.0,1.0
3814,1.0,1.0,1.0,3.0,1.0,1.0,1.0,1.0,1.0,5.0,2.0,1.0
3815,1.0,1.0,1.0,3.0,1.0,1.0,1.0,1.0,1.0,3.0,1.0,1.0
3816,1.0,1.0,1.0,3.0,1.0,1.0,1.0,1.0,1.0,3.0,1.0,1.0
3817,1.0,1.0,1.0,3.0,1.0,1.0,1.0,1.0,1.0,4.0,1.0,1.0
3818,1.0,1.0,1.0,3.0,1.0,1.0,1.0,1.0,1.0,3.0,1.0,1.0
3819,1.0,1.0,1.0,3.0,1.0,1.0,1.0,1.0,1.0,5.0,2.0,1.0
3820,1.0,1.0,1.0,3.0,1.0,1.0,1.0,1.0,1.0,4.0,1.0,1.0
3821,1.0,1.0,1.0,3.0,1.0,1.0,1.0,1.0,1.0,4.0,1.0,1.0
3822,1.0,1.0,1.0,3.0,1.0,1.0,1.0,1.0,1.0,3.0,1.0,1.0
3823,1.0,1.0,1.0,3.0,1.0,1.0,1.0,1.0,1.0,5.0,2.0,1.0
3824,1.0,1.0,1.0,3.0,1.0,1.0,1.0,1.0,1.0,4.0,1.0,1.0
3825,1.0,1.0,1.0,3.0,1.0,1.0,1.0,1.0,1.0,4.0,1.0,1.0
3826,1.0,1.0,1.0,3.0,1.0,1.0,1.0,1.0,1.0,4.0,1.0,1.0
3827,1.0,1.0,1.0,3.0,1.0,1.0,1.0,1.0,1.0,5.0,2.0,1.0
3828,1.0,1.0,1.0,3.0,1.0,1.0,1.0,1.0,1.0,4.0,1.0,1.0
3829,1.0,1.0,1.0,3.0,1.0,1.0,1.0,1.0,1.0,3.0,1.0,1.0
3830,1.0,1.0,1.0,3.0,1.0,1.0,1.0,1.0,1.0,3.0,1.0,1.0
3831,1.0,1.0,1.0,3.0,1.0,1.0,1.0,1.0,1.0,3.0,1.0,1.0
3832,1.0,1.0,1.0,3.0,1.0,1.0,1.0,1.0,1.0,5.0,2.0,1.0
3833,1.0,1.0,1.0,3.0,1.0,1.0,1.0,1.0,1.0,3.0,1.0,1.0
3834,1.0,1.0,1.0,3.0,1.0,1.0,1.0,1.0,1.0,3.0,1.0,1.0
3835,1.0,1.0,1.0,3.0,1.0,1.0,1.0,1.0,1.0,3.0,1.0,1.0
3836,1.0,1.0,1.0,3.0,1.0,1.0,1.0,1.0,1.0,3.0,1.0,1.0
3837,1.0,1.0,1.0,3.0,1.0,1.0,1.0,1.0,1.0,3.0,1.0,1.0
3838,1.0,1.0,1.0,3.0,1.0,1.0,1.0,1.0,1.0,5.0,2.0,1.0
3839,1.0,1.0,1.0,3.0,1.0,1.0,1.0,1.0,1.0,3.0,1.0,1.0
3840,1.0,1.0,1.0,3.0,1.0,1.0,1.0,1.0,1.0,3.0,1.0,1.0
3841,1.0,1.0,1.0,3.0,1.0,1.0,1.0,1.0,1.0,5.0,2.0,1.0
3842,1.0,1.0,1.0,3.0,1.0,1.0,1.0,1.0,1.0,4.0,1.0,1.0
3843,1.0,1.0,1.0,3.0,1.0,1.0,1.0,1.0,1.0,3.0,1.0,1.0
3844,1.0,1.0,1.0,3.0,1.0,1.0,1.0,1.0,1.0,3.0,1.0,1.0
3845,1.0,1.0,1.0,3.0,1.0,1.0,1.0,1.0,1.0,3.0,1.0,1.0
3846,1.0,1.0,1.0,3.0,1.0,1.0,1.0,1.0,1.0,4.0,1.0,1.0
3847,1.0,1.0,1.0,3.0,1.0,1.0,1.0,1.0,1.0,3.0,1.0,1.0
3848,1.0,1.0,1.0,3.0,1.0,1.0,1.0,1.0,1.0,3.0,1.0,1.0
3849,1.0,1.0,1.0,3.0,1.0,1.0,1.0,1.0,1.0,5.0,2.0,1.0
3850,1.0,1.0,1.0,3.0,1.0,1.0,1.0,1.0,1.0,4.0,1.0,1.0
3851,1.0,1.0,1.0,3.0,1.0,1.0,1.0,1.0,1.0,4.0,1.0,1.0
3852,1.0,1.0,1.0,3.0,1.0,1.0,1.0,1.0,1.0,5.0,2.0,1.0
3853,1.0,1.0,1.0,3.0,1.0,1.0,1.0,1.0,1.0,3.0,1.0,1.0
3854,1.0,1.0,1.0,3.0,1.0,1.0,1.0,1.0,1.0,3.0,1.0,1.0
3855,1.0,1.0,1.0,3.0,1.0,1.0,1.0,1.0,1.0,3.0,1.0,1.0
3856,1.0,1.0,1.0,3.0,1.0,1.0,1.0,1.0,1.0,3.0,1.0,1.0
3857,1.0,1.0,1.0,3.0,1.0,1.0,1.0,1.0,1.0,3.0,1.0,1.0
3858,1.0,1.0,1.0,3.0,1.0,1.0,1.0,1.0,1.0,5.0,2.0,1.0
3859,1.0,1.0,1.0,3.0,1.0,1.0,1.0,1.0,1.0,4.0,1.0,1.0
3860,1.0,1.0,1.0,3.0,1.0,1.0,1.0,1.0,1.0,3.0,1.0,1.0
3861,1.0,1.0,1.0,3.0,1.0,1.0,1.0,1.0,1.0,4.0,1.0,1.0
3862,1.0,1.0,1.0,3.0,1.0,1.0,1.0,1.0,1.0,3.0,1.0,1.0
3863,1.0,1.0,1.0,3.0,1.0,1.0,1.0,1.0,1.0,3.0,1.0,1.0
3864,1.0,1.0,1.0,3.0,1.0,1.0,1.0,1.0,1.0,3.0,1.0,1.0
3865,1.0,1.0,1.0,3.0,1.0,1.0,1.0,1.0,1.0,5.0,2.0,1.0
3866,1.0,1.0,1.0,3.0,1.0,1.0,1.0,1.0,1.0,3.0,1.0,1.0
3867,1.0,1.0,1.0,3.0,1.0,1.0,1.0,1.0,1.0,3.0,1.0,1.0
3868,1.0,1.0,1.0,3.0,1.0,1.0,1.0,1.0,1.0,5.0,2.0,1.0
3869,1.0,1.0,1.0,3.0,1.0,1.0,1.0,1.0,1.0,5.0,2.0,1.0
3870,1.0,1.0,1.0,3.0,1.0,1.0,1.0,1.0,1.0,4.0,1.0,1.0
3871,1.0,1.0,1.0,3.0,1.0,1.0,1.0,1.0,1.0,3.0,1.0,1.0
3872,1.0,1.0,1.0,3.0,1.0,1.0,1.0,1.0,1.0,3.0,1.0,1.0
3873,1.0,1.0,1.0,3.0,1.0,1.0,1.0,1.0,1.0,4.0,1.0,1.0
3874,1.0,1.0,1.0,3.0,1.0,1.0,1.0,1.0,1.0,3.0,1.0,1.0
3875,1.0,1.0,1.0,3.0,1.0,1.0,1.0,1.0,1.0,4.0,1.0,1.0
3876,1.0,1.0,1.0,3.0,1.0,1.0,1.0,1.0,1.0,3.0,1.0,1.0
3877,1.0,1.0,1.0,3.0,1.0,1.0,1.0,1.0,1.0,3.0,1.0,1.0
3878,1.0,1.0,1.0,3.0,1.0,1.0,1.0,1.0,1.0,4.0,1.0,1.0
3879,1.0,1.0,1.0,3.0,1.0,1.0,1.0,1.0,1.0,3.0,1.0,1.0
3880,1.0,1.0,1.0,3.0,1.0,1.0,1.0,1.0,1.0,5.0,2.0,1.0
3881,1.0,1.0,1.0,3.0,1.0,1.0,1.0,1.0,1.0,4.0,1.0,1.0
3882,1.0,1.0,1.0,3.0,1.0,1.0,1.0,1.0,1.0,4.0,1.0,1.0
3883,1.0,1.0,1.0,3.0,1.0,1.0,1.0,1.0,1.0,3.0,1.0,1.0
3884,1.0,1.0,1.0,3.0,1.0,1.0,1.0,1.0,1.0,3.0,1.0,1.0
3885,1.0,1.0,1.0,3.0,1.0,1.0,1.0,1.0,1.0,3.0,1.0,1.0
3886,1.0,1.0,1.0,3.0,1.0,1.0,1.0,1.0,1.0,5.0,2.0,1.0
3887,1.0,1.0,1.0,3.0,1.0,1.0,1.0,1.0,1.0,4.0,1.0,1.0
3888,1.0,1.0,1.0,3.0,1.0,1.0,1.0,1.0,1.0,3.0,1.0,1.0
3889,1.0,1.0,1.0,3.0,1.0,1.0,1.0,1.0,1.0,5.0,2.0,1.0
3890,1.0,1.0,1.0,3.0,1.0,1.0,1.0,1.0,1.0,4.0,1.0,1.0
3891,1.0,1.0,1.0,3.0,1.0,1.0,1.0,1.0,1.0,3.0,1.0,1.0
3892,1.0,1.0,1.0,3.0,1.0,1.0,1.0,1.0,1.0,4.0,1.0,1.0
3893,1.0,1.0,1.0,3.0,1.0,1.0,1.0,1.0,1.0,3.0,1.0,1.0
3894,1.0,1.0,1.0,3.0,1.0,1.0,1.0,1.0,1.0,3.0,1.0,1.0
3895,1.0,1.0,1.0,3.0,1.0,1.0,1.0,1.0,1.0,4.0,1.0,1.0
3896,1.0,1.0,1.0,3.0,1.0,1.0,1.0,1.0,1.0,5.0,2.0,1.0
3897,1.0,1.0,1.0,3.0,1.0,1.0,1.0,1.0,1.0,3.0,1.0,1.0
3898,1.0,1.0,1.0,3.0,1.0,1.0,1.0,1.0,1.0,4.0,1.0,1.0
3899,1.0,1.0,1.0,3.0,1.0,1.0,1.0,1.0,1.0,3.0,1.0,1.0
3900,1.0,1.0,1.0,3.0,1.0,1.0,1.0,1.0,1.0,5.0,2.0,1.0
3901,1.0,1.0,1.0,3.0,1.0,1.0,1.0,1.0,1.0,4.0,1.0,1.0
3902,1.0,1.0,1.0,3.0,1.0,1.0,1.0,1.0,1.0,3.0,1.0,1.0
3903,1.0,1.0,1.0,3.0,1.0,1.0,1.0,1.0,1.0,3.0,1.0,1.0
3904,1.0,1.0,1.0,3.0,1.0,1.0,1.0,1.0,1.0,3.0,1.0,1.0
3905,1.0,1.0,1.0,3.0,1.0,1.0,1.0,1.0,1.0,3.0,1.0,1.0
3906,1.0,1.0,1.0,3.0,1.0,1.0,1.0,1.0,1.0,3.0,1.0,1.0
3907,1.0,1.0,1.0,3.0,1.0,1.0,1.0,1.0,1.0,4.0,1.0,1.0
3908,1.0,1.0,1.0,3.0,1.0,1.0,1.0,1.0,1.0,3.0,1.0,1.0
3909,1.0,1.0,1.0,3.0,1.0,1.0,1.0,1.0,1.0,5.0,2.0,1.0
3910,1.0,1.0,1.0,3.0,1.0,1.0,1.0,1.0,1.0,5.0,2.0,1.0
3911,1.0,1.0,1.0,3.0,1.0,1.0,1.0,1.0,1.0,3.0,1.0,1.0
3912,1.0,1.0,1.0,3.0,1.0,1.0,1.0,1.0,1.0,3.0,1.0,1.0
3913,1.0,1.0,1.0,3.0,1.0,1.0,1.0,1.0,1.0,4.0,1.0,1.0
3914,1.0,1.0,1.0,3.0,1.0,1.0,1.0,1.0,1.0,3.0,1.0,1.0
3915,1.0,1.0,1.0,3.0,1.0,1.0,1.0,1.0,1.0,3.0,1.0,1.0
3916,1.0,1.0,1.0,3.0,1.0,1.0,1.0,1.0,1.0,4.0,1.0,1.0
3917,1.0,1.0,1.0,3.0,1.0,1.0,1.0,1.0,1.0,5.0,2.0,1.0
3918,1.0,1.0,1.0,3.0,1.0,1.0,1.0,1.0,1.0,3.0,1.0,1.0
3919,1.0,1.0,1.0,3.0,1.0,1.0,1.0,1.0,1.0,3.0,1.0,1.0
3920,1.0,1.0,1.0,3.0,1.0,1.0,1.0,1.0,1.0,4.0,1.0,1.0
3921,1.0,1.0,1.0,3.0,1.0,1.0,1.0,1.0,1.0,5.0,2.0,1.0
3922,1.0,1.0,1.0,3.0,1.0,1.0,1.0,1.0,1.0,3.0,1.0,1.0
3923,1.0,1.0,1.0,3.0,1.0,1.0,1.0,1.0,1.0,4.0,1.0,1.0
3924,1.0,1.0,1.0,3.0,1.0,1.0,1.0,1.0,1.0,3.0,1.0,1.0
3925,1.0,1.0,1.0,3.0,1.0,1.0,1.0,1.0,1.0,3.0,1.0,1.0
3926,1.0,1.0,1.0,3.0,1.0,1.0,1.0,1.0,1.0,4.0,1.0,1.0
3927,1.0,1.0,1.0,3.0,1.0,1.0,1.0,1.0,1.0,5.0,2.0,1.0
3928,1.0,1.0,1.0,3.0,1.0,1.0,1.0,1.0,1.0,4.0,1.0,1.0
3929,1.0,1.0,1.0,3.0,1.0,1.0,1.0,1.0,1.0,5.0,2.0,1.0
3930,1.0,1.0,1.0,3.0,1.0,1.0,1.0,1.0,1.0,3.0,1.0,1.0
3931,1.0,1.0,1.0,3.0,1.0,1.0,1.0,1.0,1.0,3.0,1.0,1.0
3932,1.0,1.0,1.0,3.0,1.0,1.0,1.0,1.0,1.0,4.0,1.0,1.0
3933,1.0,1.0,1.0,3.0,1.0,1.0,1.0,1.0,1.0,5.0,2.0,1.0
3934,1.0,1.0,1.0,3.0,1.0,1.0,1.0,1.0,1.0,3.0,1.0,1.0
3935,1.0,1.0,1.0,3.0,1.0,1.0,1.0,1.0,1.0,5.0,2.0,1.0
3936,1.0,1.0,1.0,3.0,1.0,1.0,1.0,1.0,1.0,3.0,1.0,1.0
3937,1.0,1.0,1.0,3.0,1.0,1.0,1.0,1.0,1.0,5.0,2.0,1.0
3938,1.0,1.0,1.0,3.0,1.0,1.0,1.0,1.0,1.0,3.0,1.0,1.0
3939,1.0,1.0,1.0,3.0,1.0,1.0,1.0,1.0,1.0,3.0,1.0,1.0
3940,1.0,1.0,1.0,3.0,1.0,1.0,1.0,1.0,1.0,3.0,1.0,1.0
3941,1.0,1.0,1.0,3.0,1.0,1.0,1.0,1.0,1.0,5.0,2.0,1.0
3942,1.0,1.0,1.0,3.0,1.0,1.0,1.0,1.0,1.0,3.0,1.0,1.0
3943,1.0,1.0,1.0,3.0,1.0,1.0,1.0,1.0,1.0,4.0,1.0,1.0
3944,1.0,1.0,1.0,3.0,1.0,1.0,1.0,1.0,1.0,5.0,2.0,1.0
3945,1.0,1.0,1.0,3.0,1.0,1.0,1.0,1.0,1.0,5.0,2.0,1.0
3946,1.0,1.0,1.0,3.0,1.0,1.0,1.0,1.0,1.0,4.0,1.0,1.0
3947,1.0,1.0,1.0,3.0,1.0,1.0,1.0,1.0,1.0,5.0,2.0,1.0
3948,1.0,1.0,1.0,3.0,1.0,1.0,1.0,1.0,1.0,3.0,1.0,1.0
3949,1.0,1.0,1.0,3.0,1.0,1.0,1.0,1.0,1.0,3.0,1.0,1.0
3950,1.0,1.0,1.0,3.0,1.0,1.0,1.0,1.0,1.0,4.0,1.0,1.0
3951,1.0,1.0,1.0,3.0,1.0,1.0,1.0,1.0,1.0,4.0,1.0,1.0
3952,1.0,1.0,1.0,3.0,1.0,1.0,1.0,1.0,1.0,4.0,1.0,1.0
3953,1.0,1.0,1.0,3.0,1.0,1.0,1.0,1.0,1.0,3.0,1.0,1.0
3954,1.0,1.0,1.0,3.0,1.0,1.0,1.0,1.0,1.0,3.0,1.0,1.0
3955,1.0,1.0,1.0,3.0,1.0,1.0,1.0,1.0,1.0,3.0,1.0,1.0
3956,1.0,1.0,1.0,3.0,1.0,1.0,1.0,1.0,1.0,4.0,1.0,1.0
3957,1.0,1.0,1.0,3.0,1.0,1.0,1.0,1.0,1.0,5.0,2.0,1.0
3958,1.0,1.0,1.0,3.0,1.0,1.0,1.0,1.0,1.0,3.0,1.0,1.0
3959,1.0,1.0,1.0,3.0,1.0,1.0,1.0,1.0,1.0,5.0,2.0,1.0
3960,1.0,1.0,1.0,3.0,1.0,1.0,1.0,1.0,1.0,5.0,2.0,1.0
3961,1.0,1.0,1.0,3.0,1.0,1.0,1.0,1.0,1.0,3.0,1.0,1.0
3962,1.0,1.0,1.0,3.0,1.0,1.0,1.0,1.0,1.0,5.0,2.0,1.0
3963,1.0,1.0,1.0,3.0,1.0,1.0,1.0,1.0,1.0,5.0,2.0,1.0
3964,1.0,1.0,1.0,3.0,1.0,1.0,1.0,1.0,1.0,3.0,1.0,1.0
3965,1.0,1.0,1.0,3.0,1.0,1.0,1.0,1.0,1.0,3.0,1.0,1.0
3966,1.0,1.0,1.0,3.0,1.0,1.0,1.0,1.0,1.0,5.0,2.0,1.0
3967,1.0,1.0,1.0,3.0,1.0,1.0,1.0,1.0,1.0,3.0,1.0,1.0
3968,1.0,1.0,1.0,3.0,1.0,1.0,1.0,1.0,1.0,3.0,1.0,1.0
3969,1.0,1.0,1.0,3.0,1.0,1.0,1.0,1.0,1.0,3.0,1.0,1.0
3970,1.0,1.0,1.0,3.0,1.0,1.0,1.0,1.0,1.0,4.0,1.0,1.0
3971,1.0,1.0,1.0,3.0,1.0,1.0,1.0,1.0,1.0,3.0,1.0,1.0
3972,1.0,1.0,1.0,3.0,1.0,1.0,1.0,1.0,1.0,3.0,1.0,1.0
3973,1.0,1.0,1.0,3.0,1.0,1.0,1.0,1.0,1.0,3.0,1.0,1.0
3974,1.0,1.0,1.0,3.0,1.0,1.0,1.0,1.0,1.0,5.0,2.0,1.0
3975,1.0,1.0,1.0,3.0,1.0,1.0,1.0,1.0,1.0,3.0,1.0,1.0
3976,1.0,1.0,1.0,3.0,1.0,1.0,1.0,1.0,1.0,3.0,1.0,1.0
3977,1.0,1.0,1.0,3.0,1.0,1.0,1.0,1.0,1.0,3.0,1.0,1.0
3978,1.0,1.0,1.0,3.0,1.0,1.0,1.0,1.0,1.0,4.0,1.0,1.0
3979,1.0,1.0,1.0,3.0,1.0,1.0,1.0,1.0,1.0,4.0,1.0,1.0
3980,1.0,1.0,1.0,3.0,1.0,1.0,1.0,1.0,1.0,3.0,1.0,1.0
3981,1.0,1.0,1.0,3.0,1.0,1.0,1.0,1.0,1.0,3.0,1.0,1.0
3982,1.0,1.0,1.0,3.0,1.0,1.0,1.0,1.0,1.0,4.0,1.0,1.0
3983,1.0,1.0,1.0,3.0,1.0,1.0,1.0,1.0,1.0,5.0,2.0,1.0
3984,1.0,1.0,1.0,3.0,1.0,1.0,1.0,1.0,1.0,3.0,1.0,1.0
3985,1.0,1.0,1.0,3.0,1.0,1.0,1.0,1.0,1.0,4.0,1.0,1.0
3986,1.0,1.0,1.0,3.0,1.0,1.0,1.0,1.0,1.0,4.0,1.0,1.0
3987,1.0,1.0,1.0,3.0,1.0,1.0,1.0,1.0,1.0,3.0,1.0,1.0
3988,1.0,1.0,1.0,3.0,1.0,1.0,1.0,1.0,1.0,3.0,1.0,1.0
3989,1.0,1.0,1.0,3.0,1.0,1.0,1.0,1.0,1.0,5.0,2.0,1.0
3990,1.0,1.0,1.0,3.0,1.0,1.0,1.0,1.0,1.0,5.0,2.0,1.0
3991,1.0,1.0,1.0,3.0,1.0,1.0,1.0,1.0,1.0,3.0,1.0,1.0
3992,1.0,1.0,1.0,3.0,1.0,1.0,1.0,1.0,1.0,5.0,2.0,1.0
3993,1.0,1.0,1.0,3.0,1.0,1.0,1.0,1.0,1.0,3.0,1.0,1.0
3994,1.0,1.0,1.0,3.0,1.0,1.0,1.0,1.0,1.0,3.0,1.0,1.0
3995,1.0,1.0,1.0,3.0,1.0,1.0,1.0,1.0,1.0,3.0,1.0,1.0
3996,1.0,1.0,1.0,3.0,1.0,1.0,1.0,1.0,1.0,5.0,2.0,1.0
3997,1.0,1.0,1.0,3.0,1.0,1.0,1.0,1.0,1.0,5.0,2.0,1.0
3998,1.0,1.0,1.0,3.0,1.0,1.0,1.0,1.0,1.0,5.0,2.0,1.0
3999,1.0,1.0,1.0,3.0,1.0,1.0,1.0,1.0,1.0,4.0,1.0,1.0
4000,1.0,1.0,1.0,3.0,1.0,1.0,1.0,1.0,1.0,3.0,1.0,1.0
4001,1.0,1.0,1.0,3.0,1.0,1.0,1.0,1.0,1.0,5.0,2.0,1.0
4002,1.0,1.0,1.0,3.0,1.0,1.0,1.0,1.0,1.0,3.0,1.0,1.0
4003,1.0,1.0,1.0,3.0,1.0,1.0,1.0,1.0,1.0,4.0,1.0,1.0
4004,1.0,1.0,1.0,3.0,1.0,1.0,1.0,1.0,1.0,4.0,1.0,1.0
4005,1.0,1.0,1.0,3.0,1.0,1.0,1.0,1.0,1.0,5.0,2.0,1.0
4006,1.0,1.0,1.0,3.0,1.0,1.0,1.0,1.0,1.0,3.0,1.0,1.0
4007,1.0,1.0,1.0,3.0,1.0,1.0,1.0,1.0,1.0,3.0,1.0,1.0
4008,1.0,1.0,1.0,3.0,1.0,1.0,1.0,1.0,1.0,3.0,1.0,1.0
4009,1.0,1.0,1.0,3.0,1.0,1.0,1.0,1.0,1.0,3.0,1.0,1.0
4010,1.0,1.0,1.0,3.0,1.0,1.0,1.0,1.0,1.0,4.0,1.0,1.0
4011,1.0,1.0,1.0,3.0,1.0,1.0,1.0,1.0,1.0,3.0,1.0,1.0
4012,1.0,1.0,1.0,3.0,1.0,1.0,1.0,1.0,1.0,3.0,1.0,1.0
4013,1.0,1.0,1.0,3.0,1.0,1.0,1.0,1.0,1.0,3.0,1.0,1.0
4014,1.0,1.0,1.0,3.0,1.0,1.0,1.0,1.0,1.0,3.0,1.0,1.0
4015,1.0,1.0,1.0,3.0,1.0,1.0,1.0,1.0,1.0,3.0,1.0,1.0
4016,1.0,1.0,1.0,3.0,1.0,1.0,1.0,1.0,1.0,4.0,1.0,1.0
4017,1.0,1.0,1.0,3.0,1.0,1.0,1.0,1.0,1.0,3.0,1.0,1.0
4018,1.0,1.0,1.0,3.0,1.0,1.0,1.0,1.0,1.0,5.0,2.0,1.0
4019,1.0,1.0,1.0,3.0,1.0,1.0,1.0,1.0,1.0,4.0,1.0,1.0
4020,1.0,1.0,1.0,3.0,1.0,1.0,1.0,1.0,1.0,3.0,1.0,1.0
4021,1.0,1.0,1.0,3.0,1.0,1.0,1.0,1.0,1.0,5.0,2.0,1.0
4022,1.0,1.0,1.0,3.0,1.0,1.0,1.0,1.0,1.0,4.0,1.0,1.0
4023,1.0,1.0,1.0,3.0,1.0,1.0,1.0,1.0,1.0,3.0,1.0,1.0
4024,1.0,1.0,1.0,3.0,1.0,1.0,1.0,1.0,1.0,5.0,2.0,1.0
4025,1.0,1.0,1.0,3.0,1.0,1.0,1.0,1.0,1.0,5.0,2.0,1.0
4026,1.0,1.0,1.0,3.0,1.0,1.0,1.0,1.0,1.0,3.0,1.0,1.0
4027,1.0,1.0,1.0,3.0,1.0,1.0,1.0,1.0,1.0,4.0,1.0,1.0
4028,1.0,1.0,1.0,3.0,1.0,1.0,1.0,1.0,1.0,3.0,1.0,1.0
4029,1.0,1.0,1.0,3.0,1.0,1.0,1.0,1.0,1.0,4.0,1.0,1.0
4030,1.0,1.0,1.0,3.0,1.0,1.0,1.0,1.0,1.0,4.0,1.0,1.0
4031,1.0,1.0,1.0,3.0,1.0,1.0,1.0,1.0,1.0,5.0,2.0,1.0
4032,1.0,1.0,1.0,3.0,1.0,1.0,1.0,1.0,1.0,5.0,2.0,1.0
4033,1.0,1.0,1.0,3.0,1.0,1.0,1.0,1.0,1.0,3.0,1.0,1.0
4034,1.0,1.0,1.0,3.0,1.0,1.0,1.0,1.0,1.0,5.0,2.0,1.0
4035,1.0,1.0,1.0,3.0,1.0,1.0,1.0,1.0,1.0,3.0,1.0,1.0
4036,1.0,1.0,1.0,3.0,1.0,1.0,1.0,1.0,1.0,3.0,1.0,1.0
4037,1.0,1.0,1.0,3.0,1.0,1.0,1.0,1.0,1.0,5.0,2.0,1.0
4038,1.0,1.0,1.0,3.0,1.0,1.0,1.0,1.0,1.0,3.0,1.0,1.0
4039,1.0,1.0,1.0,3.0,1.0,1.0,1.0,1.0,1.0,3.0,1.0,1.0
4040,1.0,1.0,1.0,3.0,1.0,1.0,1.0,1.0,1.0,4.0,1.0,1.0
4041,1.0,1.0,1.0,3.0,1.0,1.0,1.0,1.0,1.0,5.0,2.0,1.0
4042,1.0,1.0,1.0,3.0,1.0,1.0,1.0,1.0,1.0,3.0,1.0,1.0
4043,1.0,1.0,1.0,3.0,1.0,1.0,1.0,1.0,1.0,3.0,1.0,1.0
4044,1.0,1.0,1.0,3.0,1.0,1.0,1.0,1.0,1.0,4.0,1.0,1.0
4045,1.0,1.0,1.0,3.0,1.0,1.0,1.0,1.0,1.0,5.0,2.0,1.0
4046,1.0,1.0,1.0,3.0,1.0,1.0,1.0,1.0,1.0,3.0,1.0,1.0
4047,1.0,1.0,1.0,3.0,1.0,1.0,1.0,1.0,1.0,3.0,1.0,1.0
4048,1.0,1.0,1.0,3.0,1.0,1.0,1.0,1.0,1.0,3.0,1.0,1.0
4049,1.0,1.0,1.0,3.0,1.0,1.0,1.0,1.0,1.0,3.0,1.0,1.0
4050,1.0,1.0,1.0,3.0,1.0,1.0,1.0,1.0,1.0,5.0,2.0,1.0
4051,1.0,1.0,1.0,3.0,1.0,1.0,1.0,1.0,1.0,4.0,1.0,1.0
4052,1.0,1.0,1.0,3.0,1.0,1.0,1.0,1.0,1.0,3.0,1.0,1.0
4053,1.0,1.0,1.0,3.0,1.0,1.0,1.0,1.0,1.0,4.0,1.0,1.0
4054,1.0,1.0,1.0,3.0,1.0,1.0,1.0,1.0,1.0,5.0,2.0,1.0
4055,1.0,1.0,1.0,3.0,1.0,1.0,1.0,1.0,1.0,3.0,1.0,1.0
4056,1.0,1.0,1.0,3.0,1.0,1.0,1.0,1.0,1.0,3.0,1.0,1.0
4057,1.0,1.0,1.0,3.0,1.0,1.0,1.0,1.0,1.0,5.0,2.0,1.0
4058,1.0,1.0,1.0,3.0,1.0,1.0,1.0,1.0,1.0,3.0,1.0,1.0
4059,1.0,1.0,1.0,3.0,1.0,1.0,1.0,1.0,1.0,3.0,1.0,1.0
4060,1.0,1.0,1.0,3.0,1.0,1.0,1.0,1.0,1.0,3.0,1.0,1.0
4061,1.0,1.0,1.0,3.0,1.0,1.0,1.0,1.0,1.0,3.0,1.0,1.0
4062,1.0,1.0,1.0,3.0,1.0,1.0,1.0,1.0,1.0,4.0,1.0,1.0
4063,1.0,1.0,1.0,3.0,1.0,1.0,1.0,1.0,1.0,3.0,1.0,1.0
4064,1.0,1.0,1.0,3.0,1.0,1.0,1.0,1.0,1.0,5.0,2.0,1.0
4065,1.0,1.0,1.0,3.0,1.0,1.0,1.0,1.0,1.0,3.0,1.0,1.0
4066,1.0,1.0,1.0,3.0,1.0,1.0,1.0,1.0,1.0,3.0,1.0,1.0
4067,1.0,1.0,1.0,3.0,1.0,1.0,1.0,1.0,1.0,5.0,2.0,1.0
4068,1.0,1.0,1.0,3.0,1.0,1.0,1.0,1.0,1.0,3.0,1.0,1.0
4069,1.0,1.0,1.0,3.0,1.0,1.0,1.0,1.0,1.0,4.0,1.0,1.0
4070,1.0,1.0,1.0,3.0,1.0,1.0,1.0,1.0,1.0,5.0,2.0,1.0
4071,1.0,1.0,1.0,3.0,1.0,1.0,1.0,1.0,1.0,4.0,1.0,1.0
4072,1.0,1.0,1.0,3.0,1.0,1.0,1.0,1.0,1.0,3.0,1.0,1.0
4073,1.0,1.0,1.0,3.0,1.0,1.0,1.0,1.0,1.0,3.0,1.0,1.0
4074,1.0,1.0,1.0,3.0,1.0,1.0,1.0,1.0,1.0,3.0,1.0,1.0
4075,1.0,1.0,1.0,3.0,1.0,1.0,1.0,1.0,1.0,5.0,2.0,1.0
4076,1.0,1.0,1.0,3.0,1.0,1.0,1.0,1.0,1.0,3.0,1.0,1.0
4077,1.0,1.0,1.0,3.0,1.0,1.0,1.0,1.0,1.0,3.0,1.0,1.0
4078,1.0,1.0,1.0,3.0,1.0,1.0,1.0,1.0,1.0,3.0,1.0,1.0
4079,1.0,1.0,1.0,3.0,1.0,1.0,1.0,1.0,1.0,3.0,1.0,1.0
4080,1.0,1.0,1.0,3.0,1.0,1.0,1.0,1.0,1.0,4.0,1.0,1.0
4081,1.0,1.0,1.0,3.0,1.0,1.0,1.0,1.0,1.0,4.0,1.0,1.0
4082,1.0,1.0,1.0,3.0,1.0,1.0,1.0,1.0,1.0,4.0,1.0,1.0
4083,1.0,1.0,1.0,3.0,1.0,1.0,1.0,1.0,1.0,3.0,1.0,1.0
4084,1.0,1.0,1.0,3.0,1.0,1.0,1.0,1.0,1.0,3.0,1.0,1.0
4085,1.0,1.0,1.0,3.0,1.0,1.0,1.0,1.0,1.0,3.0,1.0,1.0
4086,1.0,1.0,1.0,3.0,1.0,1.0,1.0,1.0,1.0,3.0,1.0,1.0
4087,1.0,1.0,1.0,3.0,1.0,1.0,1.0,1.0,1.0,3.0,1.0,1.0
4088,1.0,1.0,1.0,3.0,1.0,1.0,1.0,1.0,1.0,3.0,1.0,1.0
4089,1.0,1.0,1.0,3.0,1.0,1.0,1.0,1.0,1.0,3.0,1.0,1.0
4090,1.0,1.0,1.0,3.0,1.0,1.0,1.0,1.0,1.0,3.0,1.0,1.0
4091,1.0,1.0,1.0,3.0,1.0,1.0,1.0,1.0,1.0,3.0,1.0,1.0
4092,1.0,1.0,1.0,3.0,1.0,1.0,1.0,1.0,1.0,3.0,1.0,1.0
4093,1.0,1.0,1.0,3.0,1.0,1.0,1.0,1.0,1.0,3.0,1.0,1.0
4094,1.0,1.0,1.0,3.0,1.0,1.0,1.0,1.0,1.0,5.0,2.0,1.0
4095,1.0,1.0,1.0,3.0,1.0,1.0,1.0,1.0,1.0,3.0,1.0,1.0
4096,1.0,1.0,1.0,3.0,1.0,1.0,1.0,1.0,1.0,5.0,2.0,1.0
4097,1.0,1.0,1.0,3.0,1.0,1.0,1.0,1.0,1.0,3.0,1.0,1.0
4098,1.0,1.0,1.0,3.0,1.0,1.0,1.0,1.0,1.0,3.0,1.0,1.0
4099,1.0,1.0,1.0,3.0,1.0,1.0,1.0,1.0,1.0,5.0,2.0,1.0
4100,1.0,1.0,1.0,3.0,1.0,1.0,1.0,1.0,1.0,5.0,2.0,1.0
4101,1.0,1.0,1.0,3.0,1.0,1.0,1.0,1.0,1.0,3.0,1.0,1.0
4102,1.0,1.0,1.0,3.0,1.0,1.0,1.0,1.0,1.0,3.0,1.0,1.0
4103,1.0,1.0,1.0,3.0,1.0,1.0,1.0,1.0,1.0,3.0,1.0,1.0
4104,1.0,1.0,1.0,3.0,1.0,1.0,1.0,1.0,1.0,3.0,1.0,1.0
4105,1.0,1.0,1.0,3.0,1.0,1.0,1.0,1.0,1.0,4.0,1.0,1.0
4106,1.0,1.0,1.0,3.0,1.0,1.0,1.0,1.0,1.0,4.0,1.0,1.0
4107,1.0,1.0,1.0,3.0,1.0,1.0,1.0,1.0,1.0,3.0,1.0,1.0
4108,1.0,1.0,1.0,3.0,1.0,1.0,1.0,1.0,1.0,4.0,1.0,1.0
4109,1.0,1.0,1.0,3.0,1.0,1.0,1.0,1.0,1.0,3.0,1.0,1.0
4110,1.0,1.0,1.0,3.0,1.0,1.0,1.0,1.0,1.0,4.0,1.0,1.0
4111,1.0,1.0,1.0,3.0,1.0,1.0,1.0,1.0,1.0,4.0,1.0,1.0
4112,1.0,1.0,1.0,3.0,1.0,1.0,1.0,1.0,1.0,4.0,1.0,1.0
4113,1.0,1.0,1.0,3.0,1.0,1.0,1.0,1.0,1.0,3.0,1.0,1.0
4114,1.0,1.0,1.0,3.0,1.0,1.0,1.0,1.0,1.0,4.0,1.0,1.0
4115,1.0,1.0,1.0,3.0,1.0,1.0,1.0,1.0,1.0,3.0,1.0,1.0
4116,1.0,1.0,1.0,3.0,1.0,1.0,1.0,1.0,1.0,3.0,1.0,1.0
4117,1.0,1.0,1.0,3.0,1.0,1.0,1.0,1.0,1.0,3.0,1.0,1.0
4118,1.0,1.0,1.0,3.0,1.0,1.0,1.0,1.0,1.0,3.0,1.0,1.0
4119,1.0,1.0,1.0,3.0,1.0,1.0,1.0,1.0,1.0,3.0,1.0,1.0
4120,1.0,1.0,1.0,3.0,1.0,1.0,1.0,1.0,1.0,4.0,1.0,1.0
4121,1.0,1.0,1.0,3.0,1.0,1.0,1.0,1.0,1.0,3.0,1.0,1.0
4122,1.0,1.0,1.0,3.0,1.0,1.0,1.0,1.0,1.0,3.0,1.0,1.0
4123,1.0,1.0,1.0,3.0,1.0,1.0,1.0,1.0,1.0,3.0,1.0,1.0
4124,1.0,1.0,1.0,3.0,1.0,1.0,1.0,1.0,1.0,5.0,2.0,1.0
4125,1.0,1.0,1.0,3.0,1.0,1.0,1.0,1.0,1.0,5.0,2.0,1.0
4126,1.0,1.0,1.0,3.0,1.0,1.0,1.0,1.0,1.0,4.0,1.0,1.0
4127,1.0,1.0,1.0,3.0,1.0,1.0,1.0,1.0,1.0,5.0,2.0,1.0
4128,1.0,1.0,1.0,3.0,1.0,1.0,1.0,1.0,1.0,3.0,1.0,1.0
4129,1.0,1.0,1.0,3.0,1.0,1.0,1.0,1.0,1.0,5.0,2.0,1.0
4130,1.0,1.0,1.0,3.0,1.0,1.0,1.0,1.0,1.0,3.0,1.0,1.0
4131,1.0,1.0,1.0,3.0,1.0,1.0,1.0,1.0,1.0,3.0,1.0,1.0
4132,1.0,1.0,1.0,3.0,1.0,1.0,1.0,1.0,1.0,5.0,2.0,1.0
4133,1.0,1.0,1.0,3.0,1.0,1.0,1.0,1.0,1.0,5.0,2.0,1.0
4134,1.0,1.0,1.0,3.0,1.0,1.0,1.0,1.0,1.0,3.0,1.0,1.0
4135,1.0,1.0,1.0,3.0,1.0,1.0,1.0,1.0,1.0,5.0,2.0,1.0
4136,1.0,1.0,1.0,3.0,1.0,1.0,1.0,1.0,1.0,5.0,2.0,1.0
4137,1.0,1.0,1.0,3.0,1.0,1.0,1.0,1.0,1.0,3.0,1.0,1.0
4138,1.0,1.0,1.0,3.0,1.0,1.0,1.0,1.0,1.0,3.0,1.0,1.0
4139,1.0,1.0,1.0,3.0,1.0,1.0,1.0,1.0,1.0,5.0,2.0,1.0
4140,1.0,1.0,1.0,3.0,1.0,1.0,1.0,1.0,1.0,4.0,1.0,1.0
4141,1.0,1.0,1.0,3.0,1.0,1.0,1.0,1.0,1.0,3.0,1.0,1.0
4142,1.0,1.0,1.0,3.0,1.0,1.0,1.0,1.0,1.0,3.0,1.0,1.0
4143,1.0,1.0,1.0,3.0,1.0,1.0,1.0,1.0,1.0,3.0,1.0,1.0
4144,1.0,1.0,1.0,3.0,1.0,1.0,1.0,1.0,1.0,3.0,1.0,1.0
4145,1.0,1.0,1.0,3.0,1.0,1.0,1.0,1.0,1.0,3.0,1.0,1.0
4146,1.0,1.0,1.0,3.0,1.0,1.0,1.0,1.0,1.0,5.0,2.0,1.0
4147,1.0,1.0,1.0,3.0,1.0,1.0,1.0,1.0,1.0,3.0,1.0,1.0
4148,1.0,1.0,1.0,3.0,1.0,1.0,1.0,1.0,1.0,3.0,1.0,1.0
4149,1.0,1.0,1.0,3.0,1.0,1.0,1.0,1.0,1.0,3.0,1.0,1.0
4150,1.0,1.0,1.0,3.0,1.0,1.0,1.0,1.0,1.0,5.0,2.0,1.0
4151,1.0,1.0,1.0,3.0,1.0,1.0,1.0,1.0,1.0,4.0,1.0,1.0
4152,1.0,1.0,1.0,3.0,1.0,1.0,1.0,1.0,1.0,5.0,2.0,1.0
4153,1.0,1.0,1.0,3.0,1.0,1.0,1.0,1.0,1.0,3.0,1.0,1.0
4154,1.0,1.0,1.0,3.0,1.0,1.0,1.0,1.0,1.0,3.0,1.0,1.0
4155,1.0,1.0,1.0,3.0,1.0,1.0,1.0,1.0,1.0,3.0,1.0,1.0
4156,1.0,1.0,1.0,3.0,1.0,1.0,1.0,1.0,1.0,3.0,1.0,1.0
4157,1.0,1.0,1.0,3.0,1.0,1.0,1.0,1.0,1.0,3.0,1.0,1.0
4158,1.0,1.0,1.0,3.0,1.0,1.0,1.0,1.0,1.0,4.0,1.0,1.0
4159,1.0,1.0,1.0,3.0,1.0,1.0,1.0,1.0,1.0,3.0,1.0,1.0
4160,1.0,1.0,1.0,3.0,1.0,1.0,1.0,1.0,1.0,3.0,1.0,1.0
4161,1.0,1.0,1.0,3.0,1.0,1.0,1.0,1.0,1.0,4.0,1.0,1.0
4162,1.0,1.0,1.0,3.0,1.0,1.0,1.0,1.0,1.0,5.0,2.0,1.0
4163,1.0,1.0,1.0,3.0,1.0,1.0,1.0,1.0,1.0,5.0,2.0,1.0
4164,1.0,1.0,1.0,3.0,1.0,1.0,1.0,1.0,1.0,5.0,2.0,1.0
4165,1.0,1.0,1.0,3.0,1.0,1.0,1.0,1.0,1.0,5.0,2.0,1.0
4166,1.0,1.0,1.0,3.0,1.0,1.0,1.0,1.0,1.0,3.0,1.0,1.0
4167,1.0,1.0,1.0,3.0,1.0,1.0,1.0,1.0,1.0,3.0,1.0,1.0
4168,1.0,1.0,1.0,3.0,1.0,1.0,1.0,1.0,1.0,3.0,1.0,1.0
4169,1.0,1.0,1.0,3.0,1.0,1.0,1.0,1.0,1.0,3.0,1.0,1.0
4170,1.0,1.0,1.0,3.0,1.0,1.0,1.0,1.0,1.0,4.0,1.0,1.0
4171,1.0,1.0,1.0,3.0,1.0,1.0,1.0,1.0,1.0,4.0,1.0,1.0
4172,1.0,1.0,1.0,3.0,1.0,1.0,1.0,1.0,1.0,3.0,1.0,1.0
4173,1.0,1.0,1.0,3.0,1.0,1.0,1.0,1.0,1.0,5.0,2.0,1.0
4174,1.0,1.0,1.0,3.0,1.0,1.0,1.0,1.0,1.0,3.0,1.0,1.0
4175,1.0,1.0,1.0,3.0,1.0,1.0,1.0,1.0,1.0,4.0,1.0,1.0
4176,1.0,1.0,1.0,3.0,1.0,1.0,1.0,1.0,1.0,3.0,1.0,1.0
4177,1.0,1.0,1.0,3.0,1.0,1.0,1.0,1.0,1.0,3.0,1.0,1.0
4178,1.0,1.0,1.0,3.0,1.0,1.0,1.0,1.0,1.0,3.0,1.0,1.0
4179,1.0,1.0,1.0,3.0,1.0,1.0,1.0,1.0,1.0,3.0,1.0,1.0
4180,1.0,1.0,1.0,3.0,1.0,1.0,1.0,1.0,1.0,3.0,1.0,1.0
4181,1.0,1.0,1.0,3.0,1.0,1.0,1.0,1.0,1.0,5.0,2.0,1.0
4182,1.0,1.0,1.0,3.0,1.0,1.0,1.0,1.0,1.0,4.0,1.0,1.0
4183,1.0,1.0,1.0,3.0,1.0,1.0,1.0,1.0,1.0,5.0,2.0,1.0
4184,1.0,1.0,1.0,3.0,1.0,1.0,1.0,1.0,1.0,4.0,1.0,1.0
4185,1.0,1.0,1.0,3.0,1.0,1.0,1.0,1.0,1.0,4.0,1.0,1.0
4186,1.0,1.0,1.0,3.0,1.0,1.0,1.0,1.0,1.0,3.0,1.0,1.0
4187,1.0,1.0,1.0,3.0,1.0,1.0,1.0,1.0,1.0,5.0,2.0,1.0
4188,1.0,1.0,1.0,3.0,1.0,1.0,1.0,1.0,1.0,3.0,1.0,1.0
4189,1.0,1.0,1.0,3.0,1.0,1.0,1.0,1.0,1.0,5.0,2.0,1.0
4190,1.0,1.0,1.0,3.0,1.0,1.0,1.0,1.0,1.0,4.0,1.0,1.0
4191,1.0,1.0,1.0,3.0,1.0,1.0,1.0,1.0,1.0,3.0,1.0,1.0
4192,1.0,1.0,1.0,3.0,1.0,1.0,1.0,1.0,1.0,4.0,1.0,1.0
4193,1.0,1.0,1.0,3.0,1.0,1.0,1.0,1.0,1.0,3.0,1.0,1.0
4194,1.0,1.0,1.0,3.0,1.0,1.0,1.0,1.0,1.0,3.0,1.0,1.0
4195,1.0,1.0,1.0,3.0,1.0,1.0,1.0,1.0,1.0,3.0,1.0,1.0
4196,1.0,1.0,1.0,3.0,1.0,1.0,1.0,1.0,1.0,5.0,2.0,1.0
4197,1.0,1.0,1.0,3.0,1.0,1.0,1.0,1.0,1.0,5.0,2.0,1.0
4198,1.0,1.0,1.0,3.0,1.0,1.0,1.0,1.0,1.0,3.0,1.0,1.0
4199,1.0,1.0,1.0,3.0,1.0,1.0,1.0,1.0,1.0,3.0,1.0,1.0
4200,1.0,1.0,1.0,3.0,1.0,1.0,1.0,1.0,1.0,5.0,2.0,1.0
4201,1.0,1.0,1.0,3.0,1.0,1.0,1.0,1.0,1.0,4.0,1.0,1.0
4202,1.0,1.0,1.0,3.0,1.0,1.0,1.0,1.0,1.0,3.0,1.0,1.0
4203,1.0,1.0,1.0,3.0,1.0,1.0,1.0,1.0,1.0,4.0,1.0,1.0
4204,1.0,1.0,1.0,3.0,1.0,1.0,1.0,1.0,1.0,3.0,1.0,1.0
4205,1.0,1.0,1.0,3.0,1.0,1.0,1.0,1.0,1.0,4.0,1.0,1.0
4206,1.0,1.0,1.0,3.0,1.0,1.0,1.0,1.0,1.0,5.0,2.0,1.0
4207,1.0,1.0,1.0,3.0,1.0,1.0,1.0,1.0,1.0,4.0,1.0,1.0
4208,1.0,1.0,1.0,3.0,1.0,1.0,1.0,1.0,1.0,5.0,2.0,1.0
4209,1.0,1.0,1.0,3.0,1.0,1.0,1.0,1.0,1.0,5.0,2.0,1.0
4210,1.0,1.0,1.0,3.0,1.0,1.0,1.0,1.0,1.0,5.0,2.0,1.0
4211,1.0,1.0,1.0,3.0,1.0,1.0,1.0,1.0,1.0,3.0,1.0,1.0
4212,1.0,1.0,1.0,3.0,1.0,1.0,1.0,1.0,1.0,3.0,1.0,1.0
4213,1.0,1.0,1.0,3.0,1.0,1.0,1.0,1.0,1.0,3.0,1.0,1.0
4214,1.0,1.0,1.0,3.0,1.0,1.0,1.0,1.0,1.0,3.0,1.0,1.0
4215,1.0,1.0,1.0,3.0,1.0,1.0,1.0,1.0,1.0,5.0,2.0,1.0
4216,1.0,1.0,1.0,3.0,1.0,1.0,1.0,1.0,1.0,4.0,1.0,1.0
4217,1.0,1.0,1.0,3.0,1.0,1.0,1.0,1.0,1.0,5.0,2.0,1.0
4218,1.0,1.0,1.0,3.0,1.0,1.0,1.0,1.0,1.0,4.0,1.0,1.0
4219,1.0,1.0,1.0,3.0,1.0,1.0,1.0,1.0,1.0,4.0,1.0,1.0
4220,1.0,1.0,1.0,3.0,1.0,1.0,1.0,1.0,1.0,3.0,1.0,1.0
4221,1.0,1.0,1.0,3.0,1.0,1.0,1.0,1.0,1.0,3.0,1.0,1.0
4222,1.0,1.0,1.0,3.0,1.0,1.0,1.0,1.0,1.0,5.0,2.0,1.0
4223,1.0,1.0,1.0,3.0,1.0,1.0,1.0,1.0,1.0,4.0,1.0,1.0
4224,1.0,1.0,1.0,3.0,1.0,1.0,1.0,1.0,1.0,3.0,1.0,1.0
4225,1.0,1.0,1.0,3.0,1.0,1.0,1.0,1.0,1.0,3.0,1.0,1.0
4226,1.0,1.0,1.0,3.0,1.0,1.0,1.0,1.0,1.0,4.0,1.0,1.0
4227,1.0,1.0,1.0,3.0,1.0,1.0,1.0,1.0,1.0,3.0,1.0,1.0
4228,1.0,1.0,1.0,3.0,1.0,1.0,1.0,1.0,1.0,4.0,1.0,1.0
4229,1.0,1.0,1.0,3.0,1.0,1.0,1.0,1.0,1.0,3.0,1.0,1.0
4230,1.0,1.0,1.0,3.0,1.0,1.0,1.0,1.0,1.0,3.0,1.0,1.0
4231,1.0,1.0,1.0,3.0,1.0,1.0,1.0,1.0,1.0,5.0,2.0,1.0
4232,1.0,1.0,1.0,3.0,1.0,1.0,1.0,1.0,1.0,3.0,1.0,1.0
4233,1.0,1.0,1.0,3.0,1.0,1.0,1.0,1.0,1.0,3.0,1.0,1.0
4234,1.0,1.0,1.0,3.0,1.0,1.0,1.0,1.0,1.0,3.0,1.0,1.0
4235,1.0,1.0,1.0,3.0,1.0,1.0,1.0,1.0,1.0,3.0,1.0,1.0
4236,1.0,1.0,1.0,3.0,1.0,1.0,1.0,1.0,1.0,3.0,1.0,1.0
4237,1.0,1.0,1.0,3.0,1.0,1.0,1.0,1.0,1.0,4.0,1.0,1.0
4238,1.0,1.0,1.0,3.0,1.0,1.0,1.0,1.0,1.0,4.0,1.0,1.0
4239,1.0,1.0,1.0,3.0,1.0,1.0,1.0,1.0,1.0,3.0,1.0,1.0
4240,1.0,1.0,1.0,3.0,1.0,1.0,1.0,1.0,1.0,5.0,2.0,1.0
4241,1.0,1.0,1.0,3.0,1.0,1.0,1.0,1.0,1.0,5.0,2.0,1.0
4242,1.0,1.0,1.0,3.0,1.0,1.0,1.0,1.0,1.0,4.0,1.0,1.0
4243,1.0,1.0,1.0,3.0,1.0,1.0,1.0,1.0,1.0,5.0,2.0,1.0
4244,1.0,1.0,1.0,3.0,1.0,1.0,1.0,1.0,1.0,3.0,1.0,1.0
4245,1.0,1.0,1.0,3.0,1.0,1.0,1.0,1.0,1.0,3.0,1.0,1.0
4246,1.0,1.0,1.0,3.0,1.0,1.0,1.0,1.0,1.0,4.0,1.0,1.0
4247,1.0,1.0,1.0,3.0,1.0,1.0,1.0,1.0,1.0,3.0,1.0,1.0
4248,1.0,1.0,1.0,3.0,1.0,1.0,1.0,1.0,1.0,3.0,1.0,1.0
4249,1.0,1.0,1.0,3.0,1.0,1.0,1.0,1.0,1.0,5.0,2.0,1.0
4250,1.0,1.0,1.0,3.0,1.0,1.0,1.0,1.0,1.0,3.0,1.0,1.0
4251,1.0,1.0,1.0,3.0,1.0,1.0,1.0,1.0,1.0,3.0,1.0,1.0
4252,1.0,1.0,1.0,3.0,1.0,1.0,1.0,1.0,1.0,4.0,1.0,1.0
4253,1.0,1.0,1.0,3.0,1.0,1.0,1.0,1.0,1.0,3.0,1.0,1.0
4254,1.0,1.0,1.0,3.0,1.0,1.0,1.0,1.0,1.0,5.0,2.0,1.0
4255,1.0,1.0,1.0,3.0,1.0,1.0,1.0,1.0,1.0,5.0,2.0,1.0
4256,1.0,1.0,1.0,3.0,1.0,1.0,1.0,1.0,1.0,3.0,1.0,1.0
4257,1.0,1.0,1.0,3.0,1.0,1.0,1.0,1.0,1.0,3.0,1.0,1.0
4258,1.0,1.0,1.0,3.0,1.0,1.0,1.0,1.0,1.0,3.0,1.0,1.0
4259,1.0,1.0,1.0,3.0,1.0,1.0,1.0,1.0,1.0,4.0,1.0,1.0
4260,1.0,1.0,1.0,3.0,1.0,1.0,1.0,1.0,1.0,4.0,1.0,1.0
4261,1.0,1.0,1.0,3.0,1.0,1.0,1.0,1.0,1.0,3.0,1.0,1.0
4262,1.0,1.0,1.0,3.0,1.0,1.0,1.0,1.0,1.0,3.0,1.0,1.0
4263,1.0,1.0,1.0,3.0,1.0,1.0,1.0,1.0,1.0,4.0,1.0,1.0
4264,1.0,1.0,1.0,3.0,1.0,1.0,1.0,1.0,1.0,3.0,1.0,1.0
4265,1.0,1.0,1.0,3.0,1.0,1.0,1.0,1.0,1.0,3.0,1.0,1.0
4266,1.0,1.0,1.0,3.0,1.0,1.0,1.0,1.0,1.0,3.0,1.0,1.0
4267,1.0,1.0,1.0,3.0,1.0,1.0,1.0,1.0,1.0,3.0,1.0,1.0
4268,1.0,1.0,1.0,3.0,1.0,1.0,1.0,1.0,1.0,5.0,2.0,1.0
4269,1.0,1.0,1.0,3.0,1.0,1.0,1.0,1.0,1.0,4.0,1.0,1.0
4270,1.0,1.0,1.0,3.0,1.0,1.0,1.0,1.0,1.0,3.0,1.0,1.0
4271,1.0,1.0,1.0,3.0,1.0,1.0,1.0,1.0,1.0,4.0,1.0,1.0
4272,1.0,1.0,1.0,3.0,1.0,1.0,1.0,1.0,1.0,3.0,1.0,1.0
4273,1.0,1.0,1.0,3.0,1.0,1.0,1.0,1.0,1.0,3.0,1.0,1.0
4274,1.0,1.0,1.0,3.0,1.0,1.0,1.0,1.0,1.0,4.0,1.0,1.0
4275,1.0,1.0,1.0,3.0,1.0,1.0,1.0,1.0,1.0,3.0,1.0,1.0
4276,1.0,1.0,1.0,3.0,1.0,1.0,1.0,1.0,1.0,3.0,1.0,1.0
4277,1.0,1.0,1.0,3.0,1.0,1.0,1.0,1.0,1.0,3.0,1.0,1.0
4278,1.0,1.0,1.0,3.0,1.0,1.0,1.0,1.0,1.0,5.0,2.0,1.0
4279,1.0,1.0,1.0,3.0,1.0,1.0,1.0,1.0,1.0,5.0,2.0,1.0
4280,1.0,1.0,1.0,3.0,1.0,1.0,1.0,1.0,1.0,3.0,1.0,1.0
4281,1.0,1.0,1.0,3.0,1.0,1.0,1.0,1.0,1.0,3.0,1.0,1.0
4282,1.0,1.0,1.0,3.0,1.0,1.0,1.0,1.0,1.0,3.0,1.0,1.0
4283,1.0,1.0,1.0,3.0,1.0,1.0,1.0,1.0,1.0,4.0,1.0,1.0
4284,1.0,1.0,1.0,3.0,1.0,1.0,1.0,1.0,1.0,3.0,1.0,1.0
4285,1.0,1.0,1.0,3.0,1.0,1.0,1.0,1.0,1.0,3.0,1.0,1.0
4286,1.0,1.0,1.0,3.0,1.0,1.0,1.0,1.0,1.0,5.0,2.0,1.0
4287,1.0,1.0,1.0,3.0,1.0,1.0,1.0,1.0,1.0,3.0,1.0,1.0
4288,1.0,1.0,1.0,3.0,1.0,1.0,1.0,1.0,1.0,5.0,2.0,1.0
4289,1.0,1.0,1.0,3.0,1.0,1.0,1.0,1.0,1.0,5.0,2.0,1.0
4290,1.0,1.0,1.0,3.0,1.0,1.0,1.0,1.0,1.0,4.0,1.0,1.0
4291,1.0,1.0,1.0,3.0,1.0,1.0,1.0,1.0,1.0,3.0,1.0,1.0
4292,1.0,1.0,1.0,3.0,1.0,1.0,1.0,1.0,1.0,5.0,2.0,1.0
4293,1.0,1.0,1.0,3.0,1.0,1.0,1.0,1.0,1.0,5.0,2.0,1.0
4294,1.0,1.0,1.0,3.0,1.0,1.0,1.0,1.0,1.0,4.0,1.0,1.0
4295,1.0,1.0,1.0,3.0,1.0,1.0,1.0,1.0,1.0,3.0,1.0,1.0
4296,1.0,1.0,1.0,3.0,1.0,1.0,1.0,1.0,1.0,3.0,1.0,1.0
4297,1.0,1.0,1.0,3.0,1.0,1.0,1.0,1.0,1.0,4.0,1.0,1.0
4298,1.0,1.0,1.0,3.0,1.0,1.0,1.0,1.0,1.0,3.0,1.0,1.0
4299,1.0,1.0,1.0,3.0,1.0,1.0,1.0,1.0,1.0,3.0,1.0,1.0
4300,1.0,1.0,1.0,3.0,1.0,1.0,1.0,1.0,1.0,3.0,1.0,1.0
4301,1.0,1.0,1.0,3.0,1.0,1.0,1.0,1.0,1.0,5.0,2.0,1.0
4302,1.0,1.0,1.0,3.0,1.0,1.0,1.0,1.0,1.0,5.0,2.0,1.0
4303,1.0,1.0,1.0,3.0,1.0,1.0,1.0,1.0,1.0,3.0,1.0,1.0
4304,1.0,1.0,1.0,3.0,1.0,1.0,1.0,1.0,1.0,4.0,1.0,1.0
4305,1.0,1.0,1.0,3.0,1.0,1.0,1.0,1.0,1.0,5.0,2.0,1.0
4306,1.0,1.0,1.0,3.0,1.0,1.0,1.0,1.0,1.0,4.0,1.0,1.0
4307,1.0,1.0,1.0,3.0,1.0,1.0,1.0,1.0,1.0,5.0,2.0,1.0
4308,1.0,1.0,1.0,3.0,1.0,1.0,1.0,1.0,1.0,4.0,1.0,1.0
4309,1.0,1.0,1.0,3.0,1.0,1.0,1.0,1.0,1.0,5.0,2.0,1.0
4310,1.0,1.0,1.0,3.0,1.0,1.0,1.0,1.0,1.0,4.0,1.0,1.0
4311,1.0,1.0,1.0,3.0,1.0,1.0,1.0,1.0,1.0,5.0,2.0,1.0
4312,1.0,1.0,1.0,3.0,1.0,1.0,1.0,1.0,1.0,3.0,1.0,1.0
4313,1.0,1.0,1.0,3.0,1.0,1.0,1.0,1.0,1.0,3.0,1.0,1.0
4314,1.0,1.0,1.0,3.0,1.0,1.0,1.0,1.0,1.0,5.0,2.0,1.0
4315,1.0,1.0,1.0,3.0,1.0,1.0,1.0,1.0,1.0,3.0,1.0,1.0
4316,1.0,1.0,1.0,3.0,1.0,1.0,1.0,1.0,1.0,5.0,2.0,1.0
4317,1.0,1.0,1.0,3.0,1.0,1.0,1.0,1.0,1.0,3.0,1.0,1.0
4318,1.0,1.0,1.0,3.0,1.0,1.0,1.0,1.0,1.0,3.0,1.0,1.0
4319,1.0,1.0,1.0,3.0,1.0,1.0,1.0,1.0,1.0,3.0,1.0,1.0
4320,1.0,1.0,1.0,3.0,1.0,1.0,1.0,1.0,1.0,3.0,1.0,1.0
4321,1.0,1.0,1.0,3.0,1.0,1.0,1.0,1.0,1.0,4.0,1.0,1.0
4322,1.0,1.0,1.0,3.0,1.0,1.0,1.0,1.0,1.0,5.0,2.0,1.0
4323,1.0,1.0,1.0,3.0,1.0,1.0,1.0,1.0,1.0,3.0,1.0,1.0
4324,1.0,1.0,1.0,3.0,1.0,1.0,1.0,1.0,1.0,4.0,1.0,1.0
4325,1.0,1.0,1.0,3.0,1.0,1.0,1.0,1.0,1.0,3.0,1.0,1.0
4326,1.0,1.0,1.0,3.0,1.0,1.0,1.0,1.0,1.0,3.0,1.0,1.0
4327,1.0,1.0,1.0,3.0,1.0,1.0,1.0,1.0,1.0,3.0,1.0,1.0
4328,1.0,1.0,1.0,3.0,1.0,1.0,1.0,1.0,1.0,4.0,1.0,1.0
4329,1.0,1.0,1.0,3.0,1.0,1.0,1.0,1.0,1.0,5.0,2.0,1.0
4330,1.0,1.0,1.0,3.0,1.0,1.0,1.0,1.0,1.0,3.0,1.0,1.0
4331,1.0,1.0,1.0,3.0,1.0,1.0,1.0,1.0,1.0,3.0,1.0,1.0
4332,1.0,1.0,1.0,3.0,1.0,1.0,1.0,1.0,1.0,5.0,2.0,1.0
4333,1.0,1.0,1.0,3.0,1.0,1.0,1.0,1.0,1.0,4.0,1.0,1.0
4334,1.0,1.0,1.0,3.0,1.0,1.0,1.0,1.0,1.0,3.0,1.0,1.0
4335,1.0,1.0,1.0,3.0,1.0,1.0,1.0,1.0,1.0,3.0,1.0,1.0
4336,1.0,1.0,1.0,3.0,1.0,1.0,1.0,1.0,1.0,3.0,1.0,1.0
4337,1.0,1.0,1.0,3.0,1.0,1.0,1.0,1.0,1.0,5.0,2.0,1.0
4338,1.0,1.0,1.0,3.0,1.0,1.0,1.0,1.0,1.0,3.0,1.0,1.0
4339,1.0,1.0,1.0,3.0,1.0,1.0,1.0,1.0,1.0,3.0,1.0,1.0
4340,1.0,1.0,1.0,3.0,1.0,1.0,1.0,1.0,1.0,5.0,2.0,1.0
4341,1.0,1.0,1.0,3.0,1.0,1.0,1.0,1.0,1.0,4.0,1.0,1.0
4342,1.0,1.0,1.0,3.0,1.0,1.0,1.0,1.0,1.0,4.0,1.0,1.0
4343,1.0,1.0,1.0,3.0,1.0,1.0,1.0,1.0,1.0,5.0,2.0,1.0
4344,1.0,1.0,1.0,3.0,1.0,1.0,1.0,1.0,1.0,3.0,1.0,1.0
4345,1.0,1.0,1.0,3.0,1.0,1.0,1.0,1.0,1.0,5.0,2.0,1.0
4346,1.0,1.0,1.0,3.0,1.0,1.0,1.0,1.0,1.0,4.0,1.0,1.0
4347,1.0,1.0,1.0,3.0,1.0,1.0,1.0,1.0,1.0,3.0,1.0,1.0
4348,1.0,1.0,1.0,3.0,1.0,1.0,1.0,1.0,1.0,3.0,1.0,1.0
4349,1.0,1.0,1.0,3.0,1.0,1.0,1.0,1.0,1.0,3.0,1.0,1.0
4350,1.0,1.0,1.0,3.0,1.0,1.0,1.0,1.0,1.0,3.0,1.0,1.0
4351,1.0,1.0,1.0,3.0,1.0,1.0,1.0,1.0,1.0,5.0,2.0,1.0
4352,1.0,1.0,1.0,3.0,1.0,1.0,1.0,1.0,1.0,5.0,2.0,1.0
4353,1.0,1.0,1.0,3.0,1.0,1.0,1.0,1.0,1.0,4.0,1.0,1.0
4354,1.0,1.0,1.0,3.0,1.0,1.0,1.0,1.0,1.0,3.0,1.0,1.0
4355,1.0,1.0,1.0,3.0,1.0,1.0,1.0,1.0,1.0,3.0,1.0,1.0
4356,1.0,1.0,1.0,3.0,1.0,1.0,1.0,1.0,1.0,3.0,1.0,1.0
4357,1.0,1.0,1.0,3.0,1.0,1.0,1.0,1.0,1.0,3.0,1.0,1.0
4358,1.0,1.0,1.0,3.0,1.0,1.0,1.0,1.0,1.0,3.0,1.0,1.0
4359,1.0,1.0,1.0,3.0,1.0,1.0,1.0,1.0,1.0,3.0,1.0,1.0
4360,1.0,1.0,1.0,3.0,1.0,1.0,1.0,1.0,1.0,5.0,2.0,1.0
4361,1.0,1.0,1.0,3.0,1.0,1.0,1.0,1.0,1.0,3.0,1.0,1.0
4362,1.0,1.0,1.0,3.0,1.0,1.0,1.0,1.0,1.0,3.0,1.0,1.0
4363,1.0,1.0,1.0,3.0,1.0,1.0,1.0,1.0,1.0,3.0,1.0,1.0
4364,1.0,1.0,1.0,3.0,1.0,1.0,1.0,1.0,1.0,5.0,2.0,1.0
4365,1.0,1.0,1.0,3.0,1.0,1.0,1.0,1.0,1.0,3.0,1.0,1.0
4366,1.0,1.0,1.0,3.0,1.0,1.0,1.0,1.0,1.0,3.0,1.0,1.0
4367,1.0,1.0,1.0,3.0,1.0,1.0,1.0,1.0,1.0,3.0,1.0,1.0
4368,1.0,1.0,1.0,3.0,1.0,1.0,1.0,1.0,1.0,4.0,1.0,1.0
4369,1.0,1.0,1.0,3.0,1.0,1.0,1.0,1.0,1.0,5.0,2.0,1.0
4370,1.0,1.0,1.0,3.0,1.0,1.0,1.0,1.0,1.0,3.0,1.0,1.0
4371,1.0,1.0,1.0,3.0,1.0,1.0,1.0,1.0,1.0,3.0,1.0,1.0
4372,1.0,1.0,1.0,3.0,1.0,1.0,1.0,1.0,1.0,5.0,2.0,1.0
4373,1.0,1.0,1.0,3.0,1.0,1.0,1.0,1.0,1.0,3.0,1.0,1.0
4374,1.0,1.0,1.0,3.0,1.0,1.0,1.0,1.0,1.0,3.0,1.0,1.0
4375,1.0,1.0,1.0,3.0,1.0,1.0,1.0,1.0,1.0,5.0,2.0,1.0
4376,1.0,1.0,1.0,3.0,1.0,1.0,1.0,1.0,1.0,3.0,1.0,1.0
4377,1.0,1.0,1.0,3.0,1.0,1.0,1.0,1.0,1.0,3.0,1.0,1.0
4378,1.0,1.0,1.0,3.0,1.0,1.0,1.0,1.0,1.0,3.0,1.0,1.0
4379,1.0,1.0,1.0,3.0,1.0,1.0,1.0,1.0,1.0,4.0,1.0,1.0
4380,1.0,1.0,1.0,3.0,1.0,1.0,1.0,1.0,1.0,5.0,2.0,1.0
4381,1.0,1.0,1.0,3.0,1.0,1.0,1.0,1.0,1.0,3.0,1.0,1.0
4382,1.0,1.0,1.0,3.0,1.0,1.0,1.0,1.0,1.0,3.0,1.0,1.0
4383,1.0,1.0,1.0,3.0,1.0,1.0,1.0,1.0,1.0,3.0,1.0,1.0
4384,1.0,1.0,1.0,3.0,1.0,1.0,1.0,1.0,1.0,3.0,1.0,1.0
4385,1.0,1.0,1.0,3.0,1.0,1.0,1.0,1.0,1.0,3.0,1.0,1.0
4386,1.0,1.0,1.0,3.0,1.0,1.0,1.0,1.0,1.0,3.0,1.0,1.0
4387,1.0,1.0,1.0,3.0,1.0,1.0,1.0,1.0,1.0,3.0,1.0,1.0
4388,1.0,1.0,1.0,3.0,1.0,1.0,1.0,1.0,1.0,4.0,1.0,1.0
4389,1.0,1.0,1.0,3.0,1.0,1.0,1.0,1.0,1.0,5.0,2.0,1.0
4390,1.0,1.0,1.0,3.0,1.0,1.0,1.0,1.0,1.0,3.0,1.0,1.0
4391,1.0,1.0,1.0,3.0,1.0,1.0,1.0,1.0,1.0,4.0,1.0,1.0
4392,1.0,1.0,1.0,3.0,1.0,1.0,1.0,1.0,1.0,4.0,1.0,1.0
4393,1.0,1.0,1.0,3.0,1.0,1.0,1.0,1.0,1.0,3.0,1.0,1.0
4394,1.0,1.0,1.0,3.0,1.0,1.0,1.0,1.0,1.0,3.0,1.0,1.0
4395,1.0,1.0,1.0,3.0,1.0,1.0,1.0,1.0,1.0,4.0,1.0,1.0
4396,1.0,1.0,1.0,3.0,1.0,1.0,1.0,1.0,1.0,4.0,1.0,1.0
4397,1.0,1.0,1.0,3.0,1.0,1.0,1.0,1.0,1.0,4.0,1.0,1.0
4398,1.0,1.0,1.0,3.0,1.0,1.0,1.0,1.0,1.0,3.0,1.0,1.0
4399,1.0,1.0,1.0,3.0,1.0,1.0,1.0,1.0,1.0,3.0,1.0,1.0
4400,1.0,1.0,1.0,3.0,1.0,1.0,1.0,1.0,1.0,4.0,1.0,1.0
4401,1.0,1.0,1.0,3.0,1.0,1.0,1.0,1.0,1.0,5.0,2.0,1.0
4402,1.0,1.0,1.0,3.0,1.0,1.0,1.0,1.0,1.0,4.0,1.0,1.0
4403,1.0,1.0,1.0,3.0,1.0,1.0,1.0,1.0,1.0,3.0,1.0,1.0
4404,1.0,1.0,1.0,3.0,1.0,1.0,1.0,1.0,1.0,4.0,1.0,1.0
4405,1.0,1.0,1.0,3.0,1.0,1.0,1.0,1.0,1.0,3.0,1.0,1.0
4406,1.0,1.0,1.0,3.0,1.0,1.0,1.0,1.0,1.0,4.0,1.0,1.0
4407,1.0,1.0,1.0,3.0,1.0,1.0,1.0,1.0,1.0,4.0,1.0,1.0
4408,1.0,1.0,1.0,3.0,1.0,1.0,1.0,1.0,1.0,3.0,1.0,1.0
4409,1.0,1.0,1.0,3.0,1.0,1.0,1.0,1.0,1.0,3.0,1.0,1.0
4410,1.0,1.0,1.0,3.0,1.0,1.0,1.0,1.0,1.0,3.0,1.0,1.0
4411,1.0,1.0,1.0,3.0,1.0,1.0,1.0,1.0,1.0,3.0,1.0,1.0
4412,1.0,1.0,1.0,3.0,1.0,1.0,1.0,1.0,1.0,3.0,1.0,1.0
4413,1.0,1.0,1.0,3.0,1.0,1.0,1.0,1.0,1.0,5.0,2.0,1.0
4414,1.0,1.0,1.0,3.0,1.0,1.0,1.0,1.0,1.0,5.0,2.0,1.0
4415,1.0,1.0,1.0,3.0,1.0,1.0,1.0,1.0,1.0,3.0,1.0,1.0
4416,1.0,1.0,1.0,3.0,1.0,1.0,1.0,1.0,1.0,3.0,1.0,1.0
4417,1.0,1.0,1.0,3.0,1.0,1.0,1.0,1.0,1.0,3.0,1.0,1.0
4418,1.0,1.0,1.0,3.0,1.0,1.0,1.0,1.0,1.0,4.0,1.0,1.0
4419,1.0,1.0,1.0,3.0,1.0,1.0,1.0,1.0,1.0,4.0,1.0,1.0
4420,1.0,1.0,1.0,3.0,1.0,1.0,1.0,1.0,1.0,3.0,1.0,1.0
4421,1.0,1.0,1.0,3.0,1.0,1.0,1.0,1.0,1.0,3.0,1.0,1.0
4422,1.0,1.0,1.0,3.0,1.0,1.0,1.0,1.0,1.0,3.0,1.0,1.0
4423,1.0,1.0,1.0,3.0,1.0,1.0,1.0,1.0,1.0,3.0,1.0,1.0
4424,1.0,1.0,1.0,3.0,1.0,1.0,1.0,1.0,1.0,3.0,1.0,1.0
4425,1.0,1.0,1.0,3.0,1.0,1.0,1.0,1.0,1.0,4.0,1.0,1.0
4426,1.0,1.0,1.0,3.0,1.0,1.0,1.0,1.0,1.0,3.0,1.0,1.0
4427,1.0,1.0,1.0,3.0,1.0,1.0,1.0,1.0,1.0,4.0,1.0,1.0
4428,1.0,1.0,1.0,3.0,1.0,1.0,1.0,1.0,1.0,5.0,2.0,1.0
4429,1.0,1.0,1.0,3.0,1.0,1.0,1.0,1.0,1.0,3.0,1.0,1.0
4430,1.0,1.0,1.0,3.0,1.0,1.0,1.0,1.0,1.0,3.0,1.0,1.0
4431,1.0,1.0,1.0,3.0,1.0,1.0,1.0,1.0,1.0,3.0,1.0,1.0
4432,1.0,1.0,1.0,3.0,1.0,1.0,1.0,1.0,1.0,5.0,2.0,1.0
4433,1.0,1.0,1.0,3.0,1.0,1.0,1.0,1.0,1.0,3.0,1.0,1.0
4434,1.0,1.0,1.0,3.0,1.0,1.0,1.0,1.0,1.0,5.0,2.0,1.0
4435,1.0,1.0,1.0,3.0,1.0,1.0,1.0,1.0,1.0,4.0,1.0,1.0
4436,1.0,1.0,1.0,3.0,1.0,1.0,1.0,1.0,1.0,3.0,1.0,1.0
4437,1.0,1.0,1.0,3.0,1.0,1.0,1.0,1.0,1.0,4.0,1.0,1.0
4438,1.0,1.0,1.0,3.0,1.0,1.0,1.0,1.0,1.0,3.0,1.0,1.0
4439,1.0,1.0,1.0,3.0,1.0,1.0,1.0,1.0,1.0,3.0,1.0,1.0
4440,1.0,1.0,1.0,3.0,1.0,1.0,1.0,1.0,1.0,5.0,2.0,1.0
4441,1.0,1.0,1.0,3.0,1.0,1.0,1.0,1.0,1.0,3.0,1.0,1.0
4442,1.0,1.0,1.0,3.0,1.0,1.0,1.0,1.0,1.0,5.0,2.0,1.0
4443,1.0,1.0,1.0,3.0,1.0,1.0,1.0,1.0,1.0,3.0,1.0,1.0
4444,1.0,1.0,1.0,3.0,1.0,1.0,1.0,1.0,1.0,5.0,2.0,1.0
4445,1.0,1.0,1.0,3.0,1.0,1.0,1.0,1.0,1.0,3.0,1.0,1.0
4446,1.0,1.0,1.0,3.0,1.0,1.0,1.0,1.0,1.0,3.0,1.0,1.0
4447,1.0,1.0,1.0,3.0,1.0,1.0,1.0,1.0,1.0,3.0,1.0,1.0
4448,1.0,1.0,1.0,3.0,1.0,1.0,1.0,1.0,1.0,5.0,2.0,1.0
4449,1.0,1.0,1.0,3.0,1.0,1.0,1.0,1.0,1.0,4.0,1.0,1.0
4450,1.0,1.0,1.0,3.0,1.0,1.0,1.0,1.0,1.0,5.0,2.0,1.0
4451,1.0,1.0,1.0,3.0,1.0,1.0,1.0,1.0,1.0,5.0,2.0,1.0
4452,1.0,1.0,1.0,3.0,1.0,1.0,1.0,1.0,1.0,5.0,2.0,1.0
4453,1.0,1.0,1.0,3.0,1.0,1.0,1.0,1.0,1.0,3.0,1.0,1.0
4454,1.0,1.0,1.0,3.0,1.0,1.0,1.0,1.0,1.0,3.0,1.0,1.0
4455,1.0,1.0,1.0,3.0,1.0,1.0,1.0,1.0,1.0,4.0,1.0,1.0
4456,1.0,1.0,1.0,3.0,1.0,1.0,1.0,1.0,1.0,5.0,2.0,1.0
4457,1.0,1.0,1.0,3.0,1.0,1.0,1.0,1.0,1.0,3.0,1.0,1.0
4458,1.0,1.0,1.0,3.0,1.0,1.0,1.0,1.0,1.0,3.0,1.0,1.0
4459,1.0,1.0,1.0,3.0,1.0,1.0,1.0,1.0,1.0,3.0,1.0,1.0
4460,1.0,1.0,1.0,3.0,1.0,1.0,1.0,1.0,1.0,5.0,2.0,1.0
4461,1.0,1.0,1.0,3.0,1.0,1.0,1.0,1.0,1.0,3.0,1.0,1.0
4462,1.0,1.0,1.0,3.0,1.0,1.0,1.0,1.0,1.0,3.0,1.0,1.0
4463,1.0,1.0,1.0,3.0,1.0,1.0,1.0,1.0,1.0,5.0,2.0,1.0
4464,1.0,1.0,1.0,3.0,1.0,1.0,1.0,1.0,1.0,4.0,1.0,1.0
4465,1.0,1.0,1.0,3.0,1.0,1.0,1.0,1.0,1.0,4.0,1.0,1.0
4466,1.0,1.0,1.0,3.0,1.0,1.0,1.0,1.0,1.0,3.0,1.0,1.0
4467,1.0,1.0,1.0,3.0,1.0,1.0,1.0,1.0,1.0,3.0,1.0,1.0
4468,1.0,1.0,1.0,3.0,1.0,1.0,1.0,1.0,1.0,3.0,1.0,1.0
4469,1.0,1.0,1.0,3.0,1.0,1.0,1.0,1.0,1.0,3.0,1.0,1.0
4470,1.0,1.0,1.0,3.0,1.0,1.0,1.0,1.0,1.0,3.0,1.0,1.0
4471,1.0,1.0,1.0,3.0,1.0,1.0,1.0,1.0,1.0,3.0,1.0,1.0
4472,1.0,1.0,1.0,3.0,1.0,1.0,1.0,1.0,1.0,4.0,1.0,1.0
4473,1.0,1.0,1.0,3.0,1.0,1.0,1.0,1.0,1.0,3.0,1.0,1.0
4474,1.0,1.0,1.0,3.0,1.0,1.0,1.0,1.0,1.0,3.0,1.0,1.0
4475,1.0,1.0,1.0,3.0,1.0,1.0,1.0,1.0,1.0,5.0,2.0,1.0
4476,1.0,1.0,1.0,3.0,1.0,1.0,1.0,1.0,1.0,3.0,1.0,1.0
4477,1.0,1.0,1.0,3.0,1.0,1.0,1.0,1.0,1.0,3.0,1.0,1.0
4478,1.0,1.0,1.0,3.0,1.0,1.0,1.0,1.0,1.0,5.0,2.0,1.0
4479,1.0,1.0,1.0,3.0,1.0,1.0,1.0,1.0,1.0,3.0,1.0,1.0
4480,1.0,1.0,1.0,3.0,1.0,1.0,1.0,1.0,1.0,4.0,1.0,1.0
4481,1.0,1.0,1.0,3.0,1.0,1.0,1.0,1.0,1.0,3.0,1.0,1.0
4482,1.0,1.0,1.0,3.0,1.0,1.0,1.0,1.0,1.0,4.0,1.0,1.0
4483,1.0,1.0,1.0,3.0,1.0,1.0,1.0,1.0,1.0,5.0,2.0,1.0
4484,1.0,1.0,1.0,3.0,1.0,1.0,1.0,1.0,1.0,3.0,1.0,1.0
4485,1.0,1.0,1.0,3.0,1.0,1.0,1.0,1.0,1.0,4.0,1.0,1.0
4486,1.0,1.0,1.0,3.0,1.0,1.0,1.0,1.0,1.0,3.0,1.0,1.0
4487,1.0,1.0,1.0,3.0,1.0,1.0,1.0,1.0,1.0,3.0,1.0,1.0
4488,1.0,1.0,1.0,3.0,1.0,1.0,1.0,1.0,1.0,4.0,1.0,1.0
4489,1.0,1.0,1.0,3.0,1.0,1.0,1.0,1.0,1.0,3.0,1.0,1.0
4490,1.0,1.0,1.0,3.0,1.0,1.0,1.0,1.0,1.0,5.0,2.0,1.0
4491,1.0,1.0,1.0,3.0,1.0,1.0,1.0,1.0,1.0,3.0,1.0,1.0
4492,1.0,1.0,1.0,3.0,1.0,1.0,1.0,1.0,1.0,4.0,1.0,1.0
4493,1.0,1.0,1.0,3.0,1.0,1.0,1.0,1.0,1.0,3.0,1.0,1.0
4494,1.0,1.0,1.0,3.0,1.0,1.0,1.0,1.0,1.0,3.0,1.0,1.0
4495,1.0,1.0,1.0,3.0,1.0,1.0,1.0,1.0,1.0,3.0,1.0,1.0
4496,1.0,1.0,1.0,3.0,1.0,1.0,1.0,1.0,1.0,4.0,1.0,1.0
4497,1.0,1.0,1.0,3.0,1.0,1.0,1.0,1.0,1.0,3.0,1.0,1.0
4498,1.0,1.0,1.0,3.0,1.0,1.0,1.0,1.0,1.0,3.0,1.0,1.0
4499,1.0,1.0,1.0,3.0,1.0,1.0,1.0,1.0,1.0,5.0,2.0,1.0
4500,1.0,1.0,1.0,3.0,1.0,1.0,1.0,1.0,1.0,3.0,1.0,1.0
4501,1.0,1.0,1.0,3.0,1.0,1.0,1.0,1.0,1.0,5.0,2.0,1.0
4502,1.0,1.0,1.0,3.0,1.0,1.0,1.0,1.0,1.0,3.0,1.0,1.0
4503,1.0,1.0,1.0,3.0,1.0,1.0,1.0,1.0,1.0,5.0,2.0,1.0
4504,1.0,1.0,1.0,3.0,1.0,1.0,1.0,1.0,1.0,5.0,2.0,1.0
4505,1.0,1.0,1.0,3.0,1.0,1.0,1.0,1.0,1.0,5.0,2.0,1.0
4506,1.0,1.0,1.0,3.0,1.0,1.0,1.0,1.0,1.0,3.0,1.0,1.0
4507,1.0,1.0,1.0,3.0,1.0,1.0,1.0,1.0,1.0,5.0,2.0,1.0
4508,1.0,1.0,1.0,3.0,1.0,1.0,1.0,1.0,1.0,3.0,1.0,1.0
4509,1.0,1.0,1.0,3.0,1.0,1.0,1.0,1.0,1.0,3.0,1.0,1.0
4510,1.0,1.0,1.0,3.0,1.0,1.0,1.0,1.0,1.0,3.0,1.0,1.0
4511,1.0,1.0,1.0,3.0,1.0,1.0,1.0,1.0,1.0,3.0,1.0,1.0
4512,1.0,1.0,1.0,3.0,1.0,1.0,1.0,1.0,1.0,3.0,1.0,1.0
4513,1.0,1.0,1.0,3.0,1.0,1.0,1.0,1.0,1.0,4.0,1.0,1.0
4514,1.0,1.0,1.0,3.0,1.0,1.0,1.0,1.0,1.0,3.0,1.0,1.0
4515,1.0,1.0,1.0,3.0,1.0,1.0,1.0,1.0,1.0,3.0,1.0,1.0
4516,1.0,1.0,1.0,3.0,1.0,1.0,1.0,1.0,1.0,3.0,1.0,1.0
4517,1.0,1.0,1.0,3.0,1.0,1.0,1.0,1.0,1.0,4.0,1.0,1.0
4518,1.0,1.0,1.0,3.0,1.0,1.0,1.0,1.0,1.0,3.0,1.0,1.0
4519,1.0,1.0,1.0,3.0,1.0,1.0,1.0,1.0,1.0,4.0,1.0,1.0
4520,1.0,1.0,1.0,3.0,1.0,1.0,1.0,1.0,1.0,3.0,1.0,1.0
4521,1.0,1.0,1.0,3.0,1.0,1.0,1.0,1.0,1.0,4.0,1.0,1.0
4522,1.0,1.0,1.0,3.0,1.0,1.0,1.0,1.0,1.0,4.0,1.0,1.0
4523,1.0,1.0,1.0,3.0,1.0,1.0,1.0,1.0,1.0,3.0,1.0,1.0
4524,1.0,1.0,1.0,3.0,1.0,1.0,1.0,1.0,1.0,3.0,1.0,1.0
4525,1.0,1.0,1.0,3.0,1.0,1.0,1.0,1.0,1.0,3.0,1.0,1.0
4526,1.0,1.0,1.0,3.0,1.0,1.0,1.0,1.0,1.0,3.0,1.0,1.0
4527,1.0,1.0,1.0,3.0,1.0,1.0,1.0,1.0,1.0,3.0,1.0,1.0
4528,1.0,1.0,1.0,3.0,1.0,1.0,1.0,1.0,1.0,3.0,1.0,1.0
4529,1.0,1.0,1.0,3.0,1.0,1.0,1.0,1.0,1.0,3.0,1.0,1.0
4530,1.0,1.0,1.0,3.0,1.0,1.0,1.0,1.0,1.0,4.0,1.0,1.0
4531,1.0,1.0,1.0,3.0,1.0,1.0,1.0,1.0,1.0,5.0,2.0,1.0
4532,1.0,1.0,1.0,3.0,1.0,1.0,1.0,1.0,1.0,3.0,1.0,1.0
4533,1.0,1.0,1.0,3.0,1.0,1.0,1.0,1.0,1.0,4.0,1.0,1.0
4534,1.0,1.0,1.0,3.0,1.0,1.0,1.0,1.0,1.0,4.0,1.0,1.0
4535,1.0,1.0,1.0,3.0,1.0,1.0,1.0,1.0,1.0,3.0,1.0,1.0
4536,1.0,1.0,1.0,3.0,1.0,1.0,1.0,1.0,1.0,3.0,1.0,1.0
4537,1.0,1.0,1.0,3.0,1.0,1.0,1.0,1.0,1.0,3.0,1.0,1.0
4538,1.0,1.0,1.0,3.0,1.0,1.0,1.0,1.0,1.0,3.0,1.0,1.0
4539,1.0,1.0,1.0,3.0,1.0,1.0,1.0,1.0,1.0,3.0,1.0,1.0
4540,1.0,1.0,1.0,3.0,1.0,1.0,1.0,1.0,1.0,3.0,1.0,1.0
4541,1.0,1.0,1.0,3.0,1.0,1.0,1.0,1.0,1.0,4.0,1.0,1.0
4542,1.0,1.0,1.0,3.0,1.0,1.0,1.0,1.0,1.0,3.0,1.0,1.0
4543,1.0,1.0,1.0,3.0,1.0,1.0,1.0,1.0,1.0,5.0,2.0,1.0
4544,1.0,1.0,1.0,3.0,1.0,1.0,1.0,1.0,1.0,3.0,1.0,1.0
4545,1.0,1.0,1.0,3.0,1.0,1.0,1.0,1.0,1.0,5.0,2.0,1.0
4546,1.0,1.0,1.0,3.0,1.0,1.0,1.0,1.0,1.0,4.0,1.0,1.0
4547,1.0,1.0,1.0,3.0,1.0,1.0,1.0,1.0,1.0,3.0,1.0,1.0
4548,1.0,1.0,1.0,3.0,1.0,1.0,1.0,1.0,1.0,5.0,2.0,1.0
4549,1.0,1.0,1.0,3.0,1.0,1.0,1.0,1.0,1.0,3.0,1.0,1.0
4550,1.0,1.0,1.0,3.0,1.0,1.0,1.0,1.0,1.0,3.0,1.0,1.0
4551,1.0,1.0,1.0,3.0,1.0,1.0,1.0,1.0,1.0,3.0,1.0,1.0
4552,1.0,1.0,1.0,3.0,1.0,1.0,1.0,1.0,1.0,5.0,2.0,1.0
4553,1.0,1.0,1.0,3.0,1.0,1.0,1.0,1.0,1.0,4.0,1.0,1.0
4554,1.0,1.0,1.0,3.0,1.0,1.0,1.0,1.0,1.0,3.0,1.0,1.0
4555,1.0,1.0,1.0,3.0,1.0,1.0,1.0,1.0,1.0,3.0,1.0,1.0
4556,1.0,1.0,1.0,3.0,1.0,1.0,1.0,1.0,1.0,3.0,1.0,1.0
4557,1.0,1.0,1.0,3.0,1.0,1.0,1.0,1.0,1.0,3.0,1.0,1.0
4558,1.0,1.0,1.0,3.0,1.0,1.0,1.0,1.0,1.0,3.0,1.0,1.0
4559,1.0,1.0,1.0,3.0,1.0,1.0,1.0,1.0,1.0,4.0,1.0,1.0
4560,1.0,1.0,1.0,3.0,1.0,1.0,1.0,1.0,1.0,4.0,1.0,1.0
4561,1.0,1.0,1.0,3.0,1.0,1.0,1.0,1.0,1.0,5.0,2.0,1.0
4562,1.0,1.0,1.0,3.0,1.0,1.0,1.0,1.0,1.0,4.0,1.0,1.0
4563,1.0,1.0,1.0,3.0,1.0,1.0,1.0,1.0,1.0,5.0,2.0,1.0
4564,1.0,1.0,1.0,3.0,1.0,1.0,1.0,1.0,1.0,4.0,1.0,1.0
4565,1.0,1.0,1.0,3.0,1.0,1.0,1.0,1.0,1.0,4.0,1.0,1.0
4566,1.0,1.0,1.0,3.0,1.0,1.0,1.0,1.0,1.0,3.0,1.0,1.0
4567,1.0,1.0,1.0,3.0,1.0,1.0,1.0,1.0,1.0,5.0,2.0,1.0
4568,1.0,1.0,1.0,3.0,1.0,1.0,1.0,1.0,1.0,3.0,1.0,1.0
4569,1.0,1.0,1.0,3.0,1.0,1.0,1.0,1.0,1.0,3.0,1.0,1.0
4570,1.0,1.0,1.0,3.0,1.0,1.0,1.0,1.0,1.0,3.0,1.0,1.0
4571,1.0,1.0,1.0,3.0,1.0,1.0,1.0,1.0,1.0,5.0,2.0,1.0
4572,1.0,1.0,1.0,3.0,1.0,1.0,1.0,1.0,1.0,4.0,1.0,1.0
4573,1.0,1.0,1.0,3.0,1.0,1.0,1.0,1.0,1.0,4.0,1.0,1.0
4574,1.0,1.0,1.0,3.0,1.0,1.0,1.0,1.0,1.0,5.0,2.0,1.0
4575,1.0,1.0,1.0,3.0,1.0,1.0,1.0,1.0,1.0,5.0,2.0,1.0
4576,1.0,1.0,1.0,3.0,1.0,1.0,1.0,1.0,1.0,3.0,1.0,1.0
4577,1.0,1.0,1.0,3.0,1.0,1.0,1.0,1.0,1.0,3.0,1.0,1.0
4578,1.0,1.0,1.0,3.0,1.0,1.0,1.0,1.0,1.0,4.0,1.0,1.0
4579,1.0,1.0,1.0,3.0,1.0,1.0,1.0,1.0,1.0,3.0,1.0,1.0
4580,1.0,1.0,1.0,3.0,1.0,1.0,1.0,1.0,1.0,4.0,1.0,1.0
4581,1.0,1.0,1.0,3.0,1.0,1.0,1.0,1.0,1.0,3.0,1.0,1.0
4582,1.0,1.0,1.0,3.0,1.0,1.0,1.0,1.0,1.0,4.0,1.0,1.0
4583,1.0,1.0,1.0,3.0,1.0,1.0,1.0,1.0,1.0,4.0,1.0,1.0
4584,1.0,1.0,1.0,3.0,1.0,1.0,1.0,1.0,1.0,3.0,1.0,1.0
4585,1.0,1.0,1.0,3.0,1.0,1.0,1.0,1.0,1.0,3.0,1.0,1.0
4586,1.0,1.0,1.0,3.0,1.0,1.0,1.0,1.0,1.0,3.0,1.0,1.0
4587,1.0,1.0,1.0,3.0,1.0,1.0,1.0,1.0,1.0,5.0,2.0,1.0
4588,1.0,1.0,1.0,3.0,1.0,1.0,1.0,1.0,1.0,4.0,1.0,1.0
4589,1.0,1.0,1.0,3.0,1.0,1.0,1.0,1.0,1.0,3.0,1.0,1.0
4590,1.0,1.0,1.0,3.0,1.0,1.0,1.0,1.0,1.0,4.0,1.0,1.0
4591,1.0,1.0,1.0,3.0,1.0,1.0,1.0,1.0,1.0,5.0,2.0,1.0
4592,1.0,1.0,1.0,3.0,1.0,1.0,1.0,1.0,1.0,3.0,1.0,1.0
4593,1.0,1.0,1.0,3.0,1.0,1.0,1.0,1.0,1.0,3.0,1.0,1.0
4594,1.0,1.0,1.0,3.0,1.0,1.0,1.0,1.0,1.0,5.0,2.0,1.0
4595,1.0,1.0,1.0,3.0,1.0,1.0,1.0,1.0,1.0,5.0,2.0,1.0
4596,1.0,1.0,1.0,3.0,1.0,1.0,1.0,1.0,1.0,5.0,2.0,1.0
4597,1.0,1.0,1.0,3.0,1.0,1.0,1.0,1.0,1.0,5.0,2.0,1.0
4598,1.0,1.0,1.0,3.0,1.0,1.0,1.0,1.0,1.0,3.0,1.0,1.0
4599,1.0,1.0,1.0,3.0,1.0,1.0,1.0,1.0,1.0,4.0,1.0,1.0
4600,1.0,1.0,1.0,3.0,1.0,1.0,1.0,1.0,1.0,5.0,2.0,1.0
4601,1.0,1.0,1.0,3.0,1.0,1.0,1.0,1.0,1.0,3.0,1.0,1.0
4602,1.0,1.0,1.0,3.0,1.0,1.0,1.0,1.0,1.0,3.0,1.0,1.0
4603,1.0,1.0,1.0,3.0,1.0,1.0,1.0,1.0,1.0,3.0,1.0,1.0
4604,1.0,1.0,1.0,3.0,1.0,1.0,1.0,1.0,1.0,3.0,1.0,1.0
4605,1.0,1.0,1.0,3.0,1.0,1.0,1.0,1.0,1.0,5.0,2.0,1.0
4606,1.0,1.0,1.0,3.0,1.0,1.0,1.0,1.0,1.0,3.0,1.0,1.0
4607,1.0,1.0,1.0,3.0,1.0,1.0,1.0,1.0,1.0,5.0,2.0,1.0
4608,1.0,1.0,1.0,3.0,1.0,1.0,1.0,1.0,1.0,3.0,1.0,1.0
4609,1.0,1.0,1.0,3.0,1.0,1.0,1.0,1.0,1.0,4.0,1.0,1.0
4610,1.0,1.0,1.0,3.0,1.0,1.0,1.0,1.0,1.0,3.0,1.0,1.0
4611,1.0,1.0,1.0,3.0,1.0,1.0,1.0,1.0,1.0,5.0,2.0,1.0
4612,1.0,1.0,1.0,3.0,1.0,1.0,1.0,1.0,1.0,3.0,1.0,1.0
4613,1.0,1.0,1.0,3.0,1.0,1.0,1.0,1.0,1.0,3.0,1.0,1.0
4614,1.0,1.0,1.0,3.0,1.0,1.0,1.0,1.0,1.0,3.0,1.0,1.0
4615,1.0,1.0,1.0,3.0,1.0,1.0,1.0,1.0,1.0,5.0,2.0,1.0
4616,1.0,1.0,1.0,3.0,1.0,1.0,1.0,1.0,1.0,3.0,1.0,1.0
4617,1.0,1.0,1.0,3.0,1.0,1.0,1.0,1.0,1.0,5.0,2.0,1.0
4618,1.0,1.0,1.0,3.0,1.0,1.0,1.0,1.0,1.0,3.0,1.0,1.0
4619,1.0,1.0,1.0,3.0,1.0,1.0,1.0,1.0,1.0,3.0,1.0,1.0
4620,1.0,1.0,1.0,3.0,1.0,1.0,1.0,1.0,1.0,3.0,1.0,1.0
4621,1.0,1.0,1.0,3.0,1.0,1.0,1.0,1.0,1.0,5.0,2.0,1.0
4622,1.0,1.0,1.0,3.0,1.0,1.0,1.0,1.0,1.0,4.0,1.0,1.0
4623,1.0,1.0,1.0,3.0,1.0,1.0,1.0,1.0,1.0,5.0,2.0,1.0
4624,1.0,1.0,1.0,3.0,1.0,1.0,1.0,1.0,1.0,3.0,1.0,1.0
4625,1.0,1.0,1.0,3.0,1.0,1.0,1.0,1.0,1.0,4.0,1.0,1.0
4626,1.0,1.0,1.0,3.0,1.0,1.0,1.0,1.0,1.0,3.0,1.0,1.0
4627,1.0,1.0,1.0,3.0,1.0,1.0,1.0,1.0,1.0,5.0,2.0,1.0
4628,1.0,1.0,1.0,3.0,1.0,1.0,1.0,1.0,1.0,3.0,1.0,1.0
4629,1.0,1.0,1.0,3.0,1.0,1.0,1.0,1.0,1.0,3.0,1.0,1.0
4630,1.0,1.0,1.0,3.0,1.0,1.0,1.0,1.0,1.0,4.0,1.0,1.0
4631,1.0,1.0,1.0,3.0,1.0,1.0,1.0,1.0,1.0,4.0,1.0,1.0
4632,1.0,1.0,1.0,3.0,1.0,1.0,1.0,1.0,1.0,5.0,2.0,1.0
4633,1.0,1.0,1.0,3.0,1.0,1.0,1.0,1.0,1.0,4.0,1.0,1.0
4634,1.0,1.0,1.0,3.0,1.0,1.0,1.0,1.0,1.0,3.0,1.0,1.0
4635,1.0,1.0,1.0,3.0,1.0,1.0,1.0,1.0,1.0,3.0,1.0,1.0
4636,1.0,1.0,1.0,3.0,1.0,1.0,1.0,1.0,1.0,3.0,1.0,1.0
4637,1.0,1.0,1.0,3.0,1.0,1.0,1.0,1.0,1.0,5.0,2.0,1.0
4638,1.0,1.0,1.0,3.0,1.0,1.0,1.0,1.0,1.0,3.0,1.0,1.0
4639,1.0,1.0,1.0,3.0,1.0,1.0,1.0,1.0,1.0,4.0,1.0,1.0
4640,1.0,1.0,1.0,3.0,1.0,1.0,1.0,1.0,1.0,3.0,1.0,1.0
4641,1.0,1.0,1.0,3.0,1.0,1.0,1.0,1.0,1.0,3.0,1.0,1.0
4642,1.0,1.0,1.0,3.0,1.0,1.0,1.0,1.0,1.0,4.0,1.0,1.0
4643,1.0,1.0,1.0,3.0,1.0,1.0,1.0,1.0,1.0,3.0,1.0,1.0
4644,1.0,1.0,1.0,3.0,1.0,1.0,1.0,1.0,1.0,3.0,1.0,1.0
4645,1.0,1.0,1.0,3.0,1.0,1.0,1.0,1.0,1.0,3.0,1.0,1.0
4646,1.0,1.0,1.0,3.0,1.0,1.0,1.0,1.0,1.0,3.0,1.0,1.0
4647,1.0,1.0,1.0,3.0,1.0,1.0,1.0,1.0,1.0,4.0,1.0,1.0
4648,1.0,1.0,1.0,3.0,1.0,1.0,1.0,1.0,1.0,5.0,2.0,1.0
4649,1.0,1.0,1.0,3.0,1.0,1.0,1.0,1.0,1.0,3.0,1.0,1.0
4650,1.0,1.0,1.0,3.0,1.0,1.0,1.0,1.0,1.0,3.0,1.0,1.0
4651,1.0,1.0,1.0,3.0,1.0,1.0,1.0,1.0,1.0,3.0,1.0,1.0
4652,1.0,1.0,1.0,3.0,1.0,1.0,1.0,1.0,1.0,3.0,1.0,1.0
4653,1.0,1.0,1.0,3.0,1.0,1.0,1.0,1.0,1.0,4.0,1.0,1.0
4654,1.0,1.0,1.0,3.0,1.0,1.0,1.0,1.0,1.0,3.0,1.0,1.0
4655,1.0,1.0,1.0,3.0,1.0,1.0,1.0,1.0,1.0,3.0,1.0,1.0
4656,1.0,1.0,1.0,3.0,1.0,1.0,1.0,1.0,1.0,5.0,2.0,1.0
4657,1.0,1.0,1.0,3.0,1.0,1.0,1.0,1.0,1.0,5.0,2.0,1.0
4658,1.0,1.0,1.0,3.0,1.0,1.0,1.0,1.0,1.0,3.0,1.0,1.0
4659,1.0,1.0,1.0,3.0,1.0,1.0,1.0,1.0,1.0,5.0,2.0,1.0
4660,1.0,1.0,1.0,3.0,1.0,1.0,1.0,1.0,1.0,5.0,2.0,1.0
4661,1.0,1.0,1.0,3.0,1.0,1.0,1.0,1.0,1.0,3.0,1.0,1.0
4662,1.0,1.0,1.0,3.0,1.0,1.0,1.0,1.0,1.0,3.0,1.0,1.0
4663,1.0,1.0,1.0,3.0,1.0,1.0,1.0,1.0,1.0,3.0,1.0,1.0
4664,1.0,1.0,1.0,3.0,1.0,1.0,1.0,1.0,1.0,5.0,2.0,1.0
4665,1.0,1.0,1.0,3.0,1.0,1.0,1.0,1.0,1.0,3.0,1.0,1.0
4666,1.0,1.0,1.0,3.0,1.0,1.0,1.0,1.0,1.0,4.0,1.0,1.0
4667,1.0,1.0,1.0,3.0,1.0,1.0,1.0,1.0,1.0,4.0,1.0,1.0
4668,1.0,1.0,1.0,3.0,1.0,1.0,1.0,1.0,1.0,3.0,1.0,1.0
4669,1.0,1.0,1.0,3.0,1.0,1.0,1.0,1.0,1.0,3.0,1.0,1.0
4670,1.0,1.0,1.0,3.0,1.0,1.0,1.0,1.0,1.0,3.0,1.0,1.0
4671,1.0,1.0,1.0,3.0,1.0,1.0,1.0,1.0,1.0,3.0,1.0,1.0
4672,1.0,1.0,1.0,3.0,1.0,1.0,1.0,1.0,1.0,5.0,2.0,1.0
4673,1.0,1.0,1.0,3.0,1.0,1.0,1.0,1.0,1.0,3.0,1.0,1.0
4674,1.0,1.0,1.0,3.0,1.0,1.0,1.0,1.0,1.0,5.0,2.0,1.0
4675,1.0,1.0,1.0,3.0,1.0,1.0,1.0,1.0,1.0,3.0,1.0,1.0
4676,1.0,1.0,1.0,3.0,1.0,1.0,1.0,1.0,1.0,3.0,1.0,1.0
4677,1.0,1.0,1.0,3.0,1.0,1.0,1.0,1.0,1.0,3.0,1.0,1.0
4678,1.0,1.0,1.0,3.0,1.0,1.0,1.0,1.0,1.0,4.0,1.0,1.0
4679,1.0,1.0,1.0,3.0,1.0,1.0,1.0,1.0,1.0,5.0,2.0,1.0
4680,1.0,1.0,1.0,3.0,1.0,1.0,1.0,1.0,1.0,5.0,2.0,1.0
4681,1.0,1.0,1.0,3.0,1.0,1.0,1.0,1.0,1.0,3.0,1.0,1.0
4682,1.0,1.0,1.0,3.0,1.0,1.0,1.0,1.0,1.0,4.0,1.0,1.0
4683,1.0,1.0,1.0,3.0,1.0,1.0,1.0,1.0,1.0,5.0,2.0,1.0
4684,1.0,1.0,1.0,3.0,1.0,1.0,1.0,1.0,1.0,3.0,1.0,1.0
4685,1.0,1.0,1.0,3.0,1.0,1.0,1.0,1.0,1.0,3.0,1.0,1.0
4686,1.0,1.0,1.0,3.0,1.0,1.0,1.0,1.0,1.0,5.0,2.0,1.0
4687,1.0,1.0,1.0,3.0,1.0,1.0,1.0,1.0,1.0,3.0,1.0,1.0
4688,1.0,1.0,1.0,3.0,1.0,1.0,1.0,1.0,1.0,3.0,1.0,1.0
4689,1.0,1.0,1.0,3.0,1.0,1.0,1.0,1.0,1.0,4.0,1.0,1.0
4690,1.0,1.0,1.0,3.0,1.0,1.0,1.0,1.0,1.0,4.0,1.0,1.0
4691,1.0,1.0,1.0,3.0,1.0,1.0,1.0,1.0,1.0,4.0,1.0,1.0
4692,1.0,1.0,1.0,3.0,1.0,1.0,1.0,1.0,1.0,4.0,1.0,1.0
4693,1.0,1.0,1.0,3.0,1.0,1.0,1.0,1.0,1.0,3.0,1.0,1.0
4694,1.0,1.0,1.0,3.0,1.0,1.0,1.0,1.0,1.0,5.0,2.0,1.0
4695,1.0,1.0,1.0,3.0,1.0,1.0,1.0,1.0,1.0,4.0,1.0,1.0
4696,1.0,1.0,1.0,3.0,1.0,1.0,1.0,1.0,1.0,5.0,2.0,1.0
4697,1.0,1.0,1.0,3.0,1.0,1.0,1.0,1.0,1.0,3.0,1.0,1.0
4698,1.0,1.0,1.0,3.0,1.0,1.0,1.0,1.0,1.0,5.0,2.0,1.0
4699,1.0,1.0,1.0,3.0,1.0,1.0,1.0,1.0,1.0,4.0,1.0,1.0
4700,1.0,1.0,1.0,3.0,1.0,1.0,1.0,1.0,1.0,3.0,1.0,1.0
4701,1.0,1.0,1.0,3.0,1.0,1.0,1.0,1.0,1.0,5.0,2.0,1.0
4702,1.0,1.0,1.0,3.0,1.0,1.0,1.0,1.0,1.0,4.0,1.0,1.0
4703,1.0,1.0,1.0,3.0,1.0,1.0,1.0,1.0,1.0,4.0,1.0,1.0
4704,1.0,1.0,1.0,3.0,1.0,1.0,1.0,1.0,1.0,5.0,2.0,1.0
4705,1.0,1.0,1.0,3.0,1.0,1.0,1.0,1.0,1.0,3.0,1.0,1.0
4706,1.0,1.0,1.0,3.0,1.0,1.0,1.0,1.0,1.0,5.0,2.0,1.0
4707,1.0,1.0,1.0,3.0,1.0,1.0,1.0,1.0,1.0,5.0,2.0,1.0
4708,1.0,1.0,1.0,3.0,1.0,1.0,1.0,1.0,1.0,4.0,1.0,1.0
4709,1.0,1.0,1.0,3.0,1.0,1.0,1.0,1.0,1.0,3.0,1.0,1.0
4710,1.0,1.0,1.0,3.0,1.0,1.0,1.0,1.0,1.0,4.0,1.0,1.0
4711,1.0,1.0,1.0,3.0,1.0,1.0,1.0,1.0,1.0,3.0,1.0,1.0
4712,1.0,1.0,1.0,3.0,1.0,1.0,1.0,1.0,1.0,3.0,1.0,1.0
4713,1.0,1.0,1.0,3.0,1.0,1.0,1.0,1.0,1.0,3.0,1.0,1.0
4714,1.0,1.0,1.0,3.0,1.0,1.0,1.0,1.0,1.0,4.0,1.0,1.0
4715,1.0,1.0,1.0,3.0,1.0,1.0,1.0,1.0,1.0,5.0,2.0,1.0
4716,1.0,1.0,1.0,3.0,1.0,1.0,1.0,1.0,1.0,3.0,1.0,1.0
4717,1.0,1.0,1.0,3.0,1.0,1.0,1.0,1.0,1.0,3.0,1.0,1.0
4718,1.0,1.0,1.0,3.0,1.0,1.0,1.0,1.0,1.0,3.0,1.0,1.0
4719,1.0,1.0,1.0,3.0,1.0,1.0,1.0,1.0,1.0,3.0,1.0,1.0
4720,1.0,1.0,1.0,3.0,1.0,1.0,1.0,1.0,1.0,3.0,1.0,1.0
4721,1.0,1.0,1.0,3.0,1.0,1.0,1.0,1.0,1.0,5.0,2.0,1.0
4722,1.0,1.0,1.0,3.0,1.0,1.0,1.0,1.0,1.0,3.0,1.0,1.0
4723,1.0,1.0,1.0,3.0,1.0,1.0,1.0,1.0,1.0,4.0,1.0,1.0
4724,1.0,1.0,1.0,3.0,1.0,1.0,1.0,1.0,1.0,3.0,1.0,1.0
4725,1.0,1.0,1.0,3.0,1.0,1.0,1.0,1.0,1.0,4.0,1.0,1.0
4726,1.0,1.0,1.0,3.0,1.0,1.0,1.0,1.0,1.0,3.0,1.0,1.0
4727,1.0,1.0,1.0,3.0,1.0,1.0,1.0,1.0,1.0,3.0,1.0,1.0
4728,1.0,1.0,1.0,3.0,1.0,1.0,1.0,1.0,1.0,4.0,1.0,1.0
4729,1.0,1.0,1.0,3.0,1.0,1.0,1.0,1.0,1.0,5.0,2.0,1.0
4730,1.0,1.0,1.0,3.0,1.0,1.0,1.0,1.0,1.0,3.0,1.0,1.0
4731,1.0,1.0,1.0,3.0,1.0,1.0,1.0,1.0,1.0,5.0,2.0,1.0
4732,1.0,1.0,1.0,3.0,1.0,1.0,1.0,1.0,1.0,4.0,1.0,1.0
4733,1.0,1.0,1.0,3.0,1.0,1.0,1.0,1.0,1.0,3.0,1.0,1.0
4734,1.0,1.0,1.0,3.0,1.0,1.0,1.0,1.0,1.0,3.0,1.0,1.0
4735,1.0,1.0,1.0,3.0,1.0,1.0,1.0,1.0,1.0,3.0,1.0,1.0
4736,1.0,1.0,1.0,3.0,1.0,1.0,1.0,1.0,1.0,3.0,1.0,1.0
4737,1.0,1.0,1.0,3.0,1.0,1.0,1.0,1.0,1.0,3.0,1.0,1.0
4738,1.0,1.0,1.0,3.0,1.0,1.0,1.0,1.0,1.0,3.0,1.0,1.0
4739,1.0,1.0,1.0,3.0,1.0,1.0,1.0,1.0,1.0,3.0,1.0,1.0
4740,1.0,1.0,1.0,3.0,1.0,1.0,1.0,1.0,1.0,5.0,2.0,1.0
4741,1.0,1.0,1.0,3.0,1.0,1.0,1.0,1.0,1.0,3.0,1.0,1.0
4742,1.0,1.0,1.0,3.0,1.0,1.0,1.0,1.0,1.0,3.0,1.0,1.0
4743,1.0,1.0,1.0,3.0,1.0,1.0,1.0,1.0,1.0,5.0,2.0,1.0
4744,1.0,1.0,1.0,3.0,1.0,1.0,1.0,1.0,1.0,3.0,1.0,1.0
4745,1.0,1.0,1.0,3.0,1.0,1.0,1.0,1.0,1.0,4.0,1.0,1.0
4746,1.0,1.0,1.0,3.0,1.0,1.0,1.0,1.0,1.0,3.0,1.0,1.0
4747,1.0,1.0,1.0,3.0,1.0,1.0,1.0,1.0,1.0,3.0,1.0,1.0
4748,1.0,1.0,1.0,3.0,1.0,1.0,1.0,1.0,1.0,5.0,2.0,1.0
4749,1.0,1.0,1.0,3.0,1.0,1.0,1.0,1.0,1.0,3.0,1.0,1.0
4750,1.0,1.0,1.0,3.0,1.0,1.0,1.0,1.0,1.0,3.0,1.0,1.0
4751,1.0,1.0,1.0,3.0,1.0,1.0,1.0,1.0,1.0,3.0,1.0,1.0
4752,1.0,1.0,1.0,3.0,1.0,1.0,1.0,1.0,1.0,5.0,2.0,1.0
4753,1.0,1.0,1.0,3.0,1.0,1.0,1.0,1.0,1.0,3.0,1.0,1.0
4754,1.0,1.0,1.0,3.0,1.0,1.0,1.0,1.0,1.0,3.0,1.0,1.0
4755,1.0,1.0,1.0,3.0,1.0,1.0,1.0,1.0,1.0,3.0,1.0,1.0
4756,1.0,1.0,1.0,3.0,1.0,1.0,1.0,1.0,1.0,3.0,1.0,1.0
4757,1.0,1.0,1.0,3.0,1.0,1.0,1.0,1.0,1.0,4.0,1.0,1.0
4758,1.0,1.0,1.0,3.0,1.0,1.0,1.0,1.0,1.0,5.0,2.0,1.0
4759,1.0,1.0,1.0,3.0,1.0,1.0,1.0,1.0,1.0,3.0,1.0,1.0
4760,1.0,1.0,1.0,3.0,1.0,1.0,1.0,1.0,1.0,3.0,1.0,1.0
4761,1.0,1.0,1.0,3.0,1.0,1.0,1.0,1.0,1.0,5.0,2.0,1.0
4762,1.0,1.0,1.0,3.0,1.0,1.0,1.0,1.0,1.0,5.0,2.0,1.0
4763,1.0,1.0,1.0,3.0,1.0,1.0,1.0,1.0,1.0,3.0,1.0,1.0
4764,1.0,1.0,1.0,3.0,1.0,1.0,1.0,1.0,1.0,4.0,1.0,1.0
4765,1.0,1.0,1.0,3.0,1.0,1.0,1.0,1.0,1.0,3.0,1.0,1.0
4766,1.0,1.0,1.0,3.0,1.0,1.0,1.0,1.0,1.0,5.0,2.0,1.0
4767,1.0,1.0,1.0,3.0,1.0,1.0,1.0,1.0,1.0,3.0,1.0,1.0
4768,1.0,1.0,1.0,3.0,1.0,1.0,1.0,1.0,1.0,4.0,1.0,1.0
4769,1.0,1.0,1.0,3.0,1.0,1.0,1.0,1.0,1.0,4.0,1.0,1.0
4770,1.0,1.0,1.0,3.0,1.0,1.0,1.0,1.0,1.0,3.0,1.0,1.0
4771,1.0,1.0,1.0,3.0,1.0,1.0,1.0,1.0,1.0,3.0,1.0,1.0
4772,1.0,1.0,1.0,3.0,1.0,1.0,1.0,1.0,1.0,5.0,2.0,1.0
4773,1.0,1.0,1.0,3.0,1.0,1.0,1.0,1.0,1.0,4.0,1.0,1.0
4774,1.0,1.0,1.0,3.0,1.0,1.0,1.0,1.0,1.0,3.0,1.0,1.0
4775,1.0,1.0,1.0,3.0,1.0,1.0,1.0,1.0,1.0,5.0,2.0,1.0
4776,1.0,1.0,1.0,3.0,1.0,1.0,1.0,1.0,1.0,3.0,1.0,1.0
4777,1.0,1.0,1.0,3.0,1.0,1.0,1.0,1.0,1.0,5.0,2.0,1.0
4778,1.0,1.0,1.0,3.0,1.0,1.0,1.0,1.0,1.0,3.0,1.0,1.0
4779,1.0,1.0,1.0,3.0,1.0,1.0,1.0,1.0,1.0,4.0,1.0,1.0
4780,1.0,1.0,1.0,3.0,1.0,1.0,1.0,1.0,1.0,3.0,1.0,1.0
4781,1.0,1.0,1.0,3.0,1.0,1.0,1.0,1.0,1.0,5.0,2.0,1.0
4782,1.0,1.0,1.0,3.0,1.0,1.0,1.0,1.0,1.0,3.0,1.0,1.0
4783,1.0,1.0,1.0,3.0,1.0,1.0,1.0,1.0,1.0,5.0,2.0,1.0
4784,1.0,1.0,1.0,3.0,1.0,1.0,1.0,1.0,1.0,3.0,1.0,1.0
4785,1.0,1.0,1.0,3.0,1.0,1.0,1.0,1.0,1.0,3.0,1.0,1.0
4786,1.0,1.0,1.0,3.0,1.0,1.0,1.0,1.0,1.0,5.0,2.0,1.0
4787,1.0,1.0,1.0,3.0,1.0,1.0,1.0,1.0,1.0,4.0,1.0,1.0
4788,1.0,1.0,1.0,3.0,1.0,1.0,1.0,1.0,1.0,3.0,1.0,1.0
4789,1.0,1.0,1.0,3.0,1.0,1.0,1.0,1.0,1.0,3.0,1.0,1.0
4790,1.0,1.0,1.0,3.0,1.0,1.0,1.0,1.0,1.0,3.0,1.0,1.0
4791,1.0,1.0,1.0,3.0,1.0,1.0,1.0,1.0,1.0,4.0,1.0,1.0
4792,1.0,1.0,1.0,3.0,1.0,1.0,1.0,1.0,1.0,5.0,2.0,1.0
4793,1.0,1.0,1.0,3.0,1.0,1.0,1.0,1.0,1.0,4.0,1.0,1.0
4794,1.0,1.0,1.0,3.0,1.0,1.0,1.0,1.0,1.0,4.0,1.0,1.0
4795,1.0,1.0,1.0,3.0,1.0,1.0,1.0,1.0,1.0,3.0,1.0,1.0
4796,1.0,1.0,1.0,3.0,1.0,1.0,1.0,1.0,1.0,3.0,1.0,1.0
4797,1.0,1.0,1.0,3.0,1.0,1.0,1.0,1.0,1.0,5.0,2.0,1.0
4798,1.0,1.0,1.0,3.0,1.0,1.0,1.0,1.0,1.0,3.0,1.0,1.0
4799,1.0,1.0,1.0,3.0,1.0,1.0,1.0,1.0,1.0,4.0,1.0,1.0
4800,1.0,1.0,1.0,3.0,1.0,1.0,1.0,1.0,1.0,4.0,1.0,1.0
4801,1.0,1.0,1.0,3.0,1.0,1.0,1.0,1.0,1.0,3.0,1.0,1.0
4802,1.0,1.0,1.0,3.0,1.0,1.0,1.0,1.0,1.0,3.0,1.0,1.0
4803,1.0,1.0,1.0,3.0,1.0,1.0,1.0,1.0,1.0,3.0,1.0,1.0
4804,1.0,1.0,1.0,3.0,1.0,1.0,1.0,1.0,1.0,3.0,1.0,1.0
4805,1.0,1.0,1.0,3.0,1.0,1.0,1.0,1.0,1.0,4.0,1.0,1.0
4806,1.0,1.0,1.0,3.0,1.0,1.0,1.0,1.0,1.0,3.0,1.0,1.0
4807,1.0,1.0,1.0,3.0,1.0,1.0,1.0,1.0,1.0,3.0,1.0,1.0
4808,1.0,1.0,1.0,3.0,1.0,1.0,1.0,1.0,1.0,3.0,1.0,1.0
4809,1.0,1.0,1.0,3.0,1.0,1.0,1.0,1.0,1.0,3.0,1.0,1.0
4810,1.0,1.0,1.0,3.0,1.0,1.0,1.0,1.0,1.0,3.0,1.0,1.0
4811,1.0,1.0,1.0,3.0,1.0,1.0,1.0,1.0,1.0,5.0,2.0,1.0
4812,1.0,1.0,1.0,3.0,1.0,1.0,1.0,1.0,1.0,3.0,1.0,1.0
4813,1.0,1.0,1.0,3.0,1.0,1.0,1.0,1.0,1.0,3.0,1.0,1.0
4814,1.0,1.0,1.0,3.0,1.0,1.0,1.0,1.0,1.0,5.0,2.0,1.0
4815,1.0,1.0,1.0,3.0,1.0,1.0,1.0,1.0,1.0,3.0,1.0,1.0
4816,1.0,1.0,1.0,3.0,1.0,1.0,1.0,1.0,1.0,5.0,2.0,1.0
4817,1.0,1.0,1.0,3.0,1.0,1.0,1.0,1.0,1.0,5.0,2.0,1.0
4818,1.0,1.0,1.0,3.0,1.0,1.0,1.0,1.0,1.0,3.0,1.0,1.0
4819,1.0,1.0,1.0,3.0,1.0,1.0,1.0,1.0,1.0,5.0,2.0,1.0
4820,1.0,1.0,1.0,3.0,1.0,1.0,1.0,1.0,1.0,3.0,1.0,1.0
4821,1.0,1.0,1.0,3.0,1.0,1.0,1.0,1.0,1.0,4.0,1.0,1.0
4822,1.0,1.0,1.0,3.0,1.0,1.0,1.0,1.0,1.0,5.0,2.0,1.0
4823,1.0,1.0,1.0,3.0,1.0,1.0,1.0,1.0,1.0,3.0,1.0,1.0
4824,1.0,1.0,1.0,3.0,1.0,1.0,1.0,1.0,1.0,4.0,1.0,1.0
4825,1.0,1.0,1.0,3.0,1.0,1.0,1.0,1.0,1.0,3.0,1.0,1.0
4826,1.0,1.0,1.0,3.0,1.0,1.0,1.0,1.0,1.0,4.0,1.0,1.0
4827,1.0,1.0,1.0,3.0,1.0,1.0,1.0,1.0,1.0,5.0,2.0,1.0
4828,1.0,1.0,1.0,3.0,1.0,1.0,1.0,1.0,1.0,5.0,2.0,1.0
4829,1.0,1.0,1.0,3.0,1.0,1.0,1.0,1.0,1.0,3.0,1.0,1.0
4830,1.0,1.0,1.0,3.0,1.0,1.0,1.0,1.0,1.0,5.0,2.0,1.0
4831,1.0,1.0,1.0,3.0,1.0,1.0,1.0,1.0,1.0,3.0,1.0,1.0
4832,1.0,1.0,1.0,3.0,1.0,1.0,1.0,1.0,1.0,5.0,2.0,1.0
4833,1.0,1.0,1.0,3.0,1.0,1.0,1.0,1.0,1.0,3.0,1.0,1.0
4834,1.0,1.0,1.0,3.0,1.0,1.0,1.0,1.0,1.0,4.0,1.0,1.0
4835,1.0,1.0,1.0,3.0,1.0,1.0,1.0,1.0,1.0,3.0,1.0,1.0
4836,1.0,1.0,1.0,3.0,1.0,1.0,1.0,1.0,1.0,5.0,2.0,1.0
4837,1.0,1.0,1.0,3.0,1.0,1.0,1.0,1.0,1.0,3.0,1.0,1.0
4838,1.0,1.0,1.0,3.0,1.0,1.0,1.0,1.0,1.0,3.0,1.0,1.0
4839,1.0,1.0,1.0,3.0,1.0,1.0,1.0,1.0,1.0,3.0,1.0,1.0
4840,1.0,1.0,1.0,3.0,1.0,1.0,1.0,1.0,1.0,3.0,1.0,1.0
4841,1.0,1.0,1.0,3.0,1.0,1.0,1.0,1.0,1.0,5.0,2.0,1.0
4842,1.0,1.0,1.0,3.0,1.0,1.0,1.0,1.0,1.0,3.0,1.0,1.0
4843,1.0,1.0,1.0,3.0,1.0,1.0,1.0,1.0,1.0,3.0,1.0,1.0
4844,1.0,1.0,1.0,3.0,1.0,1.0,1.0,1.0,1.0,3.0,1.0,1.0
4845,1.0,1.0,1.0,3.0,1.0,1.0,1.0,1.0,1.0,5.0,2.0,1.0
4846,1.0,1.0,1.0,3.0,1.0,1.0,1.0,1.0,1.0,5.0,2.0,1.0
4847,1.0,1.0,1.0,3.0,1.0,1.0,1.0,1.0,1.0,3.0,1.0,1.0
4848,1.0,1.0,1.0,3.0,1.0,1.0,1.0,1.0,1.0,4.0,1.0,1.0
4849,1.0,1.0,1.0,3.0,1.0,1.0,1.0,1.0,1.0,5.0,2.0,1.0
4850,1.0,1.0,1.0,3.0,1.0,1.0,1.0,1.0,1.0,3.0,1.0,1.0
4851,1.0,1.0,1.0,3.0,1.0,1.0,1.0,1.0,1.0,5.0,2.0,1.0
4852,1.0,1.0,1.0,3.0,1.0,1.0,1.0,1.0,1.0,3.0,1.0,1.0
4853,1.0,1.0,1.0,3.0,1.0,1.0,1.0,1.0,1.0,3.0,1.0,1.0
4854,1.0,1.0,1.0,3.0,1.0,1.0,1.0,1.0,1.0,5.0,2.0,1.0
4855,1.0,1.0,1.0,3.0,1.0,1.0,1.0,1.0,1.0,3.0,1.0,1.0
4856,1.0,1.0,1.0,3.0,1.0,1.0,1.0,1.0,1.0,3.0,1.0,1.0
4857,1.0,1.0,1.0,3.0,1.0,1.0,1.0,1.0,1.0,3.0,1.0,1.0
4858,1.0,1.0,1.0,3.0,1.0,1.0,1.0,1.0,1.0,5.0,2.0,1.0
4859,1.0,1.0,1.0,3.0,1.0,1.0,1.0,1.0,1.0,3.0,1.0,1.0
4860,1.0,1.0,1.0,3.0,1.0,1.0,1.0,1.0,1.0,3.0,1.0,1.0
4861,1.0,1.0,1.0,3.0,1.0,1.0,1.0,1.0,1.0,3.0,1.0,1.0
4862,1.0,1.0,1.0,3.0,1.0,1.0,1.0,1.0,1.0,4.0,1.0,1.0
4863,1.0,1.0,1.0,3.0,1.0,1.0,1.0,1.0,1.0,3.0,1.0,1.0
4864,1.0,1.0,1.0,3.0,1.0,1.0,1.0,1.0,1.0,4.0,1.0,1.0
4865,1.0,1.0,1.0,3.0,1.0,1.0,1.0,1.0,1.0,3.0,1.0,1.0
4866,1.0,1.0,1.0,3.0,1.0,1.0,1.0,1.0,1.0,3.0,1.0,1.0
4867,1.0,1.0,1.0,3.0,1.0,1.0,1.0,1.0,1.0,5.0,2.0,1.0
4868,1.0,1.0,1.0,3.0,1.0,1.0,1.0,1.0,1.0,5.0,2.0,1.0
4869,1.0,1.0,1.0,3.0,1.0,1.0,1.0,1.0,1.0,5.0,2.0,1.0
4870,1.0,1.0,1.0,3.0,1.0,1.0,1.0,1.0,1.0,3.0,1.0,1.0
4871,1.0,1.0,1.0,3.0,1.0,1.0,1.0,1.0,1.0,3.0,1.0,1.0
4872,1.0,1.0,1.0,3.0,1.0,1.0,1.0,1.0,1.0,3.0,1.0,1.0
4873,1.0,1.0,1.0,3.0,1.0,1.0,1.0,1.0,1.0,5.0,2.0,1.0
4874,1.0,1.0,1.0,3.0,1.0,1.0,1.0,1.0,1.0,4.0,1.0,1.0
4875,1.0,1.0,1.0,3.0,1.0,1.0,1.0,1.0,1.0,5.0,2.0,1.0
4876,1.0,1.0,1.0,3.0,1.0,1.0,1.0,1.0,1.0,5.0,2.0,1.0
4877,1.0,1.0,1.0,3.0,1.0,1.0,1.0,1.0,1.0,5.0,2.0,1.0
4878,1.0,1.0,1.0,3.0,1.0,1.0,1.0,1.0,1.0,3.0,1.0,1.0
4879,1.0,1.0,1.0,3.0,1.0,1.0,1.0,1.0,1.0,4.0,1.0,1.0
4880,1.0,1.0,1.0,3.0,1.0,1.0,1.0,1.0,1.0,3.0,1.0,1.0
4881,1.0,1.0,1.0,3.0,1.0,1.0,1.0,1.0,1.0,3.0,1.0,1.0
4882,1.0,1.0,1.0,3.0,1.0,1.0,1.0,1.0,1.0,3.0,1.0,1.0
4883,1.0,1.0,1.0,3.0,1.0,1.0,1.0,1.0,1.0,5.0,2.0,1.0
4884,1.0,1.0,1.0,3.0,1.0,1.0,1.0,1.0,1.0,3.0,1.0,1.0
4885,1.0,1.0,1.0,3.0,1.0,1.0,1.0,1.0,1.0,3.0,1.0,1.0
4886,1.0,1.0,1.0,3.0,1.0,1.0,1.0,1.0,1.0,4.0,1.0,1.0
4887,1.0,1.0,1.0,3.0,1.0,1.0,1.0,1.0,1.0,5.0,2.0,1.0
4888,1.0,1.0,1.0,3.0,1.0,1.0,1.0,1.0,1.0,5.0,2.0,1.0
4889,1.0,1.0,1.0,3.0,1.0,1.0,1.0,1.0,1.0,4.0,1.0,1.0
4890,1.0,1.0,1.0,3.0,1.0,1.0,1.0,1.0,1.0,3.0,1.0,1.0
4891,1.0,1.0,1.0,3.0,1.0,1.0,1.0,1.0,1.0,4.0,1.0,1.0
4892,1.0,1.0,1.0,3.0,1.0,1.0,1.0,1.0,1.0,5.0,2.0,1.0
4893,1.0,1.0,1.0,3.0,1.0,1.0,1.0,1.0,1.0,5.0,2.0,1.0
4894,1.0,1.0,1.0,3.0,1.0,1.0,1.0,1.0,1.0,5.0,2.0,1.0
4895,1.0,1.0,1.0,3.0,1.0,1.0,1.0,1.0,1.0,3.0,1.0,1.0
4896,1.0,1.0,1.0,3.0,1.0,1.0,1.0,1.0,1.0,3.0,1.0,1.0
4897,1.0,1.0,1.0,3.0,1.0,1.0,1.0,1.0,1.0,5.0,2.0,1.0
4898,1.0,1.0,1.0,3.0,1.0,1.0,1.0,1.0,1.0,3.0,1.0,1.0
4899,1.0,1.0,1.0,3.0,1.0,1.0,1.0,1.0,1.0,5.0,2.0,1.0
4900,1.0,1.0,1.0,3.0,1.0,1.0,1.0,1.0,1.0,4.0,1.0,1.0
4901,1.0,1.0,1.0,3.0,1.0,1.0,1.0,1.0,1.0,4.0,1.0,1.0
4902,1.0,1.0,1.0,3.0,1.0,1.0,1.0,1.0,1.0,3.0,1.0,1.0
4903,1.0,1.0,1.0,3.0,1.0,1.0,1.0,1.0,1.0,4.0,1.0,1.0
4904,1.0,1.0,1.0,3.0,1.0,1.0,1.0,1.0,1.0,3.0,1.0,1.0
4905,1.0,1.0,1.0,3.0,1.0,1.0,1.0,1.0,1.0,5.0,2.0,1.0
4906,1.0,1.0,1.0,3.0,1.0,1.0,1.0,1.0,1.0,4.0,1.0,1.0
4907,1.0,1.0,1.0,3.0,1.0,1.0,1.0,1.0,1.0,5.0,2.0,1.0
4908,1.0,1.0,1.0,3.0,1.0,1.0,1.0,1.0,1.0,5.0,2.0,1.0
4909,1.0,1.0,1.0,3.0,1.0,1.0,1.0,1.0,1.0,3.0,1.0,1.0
4910,1.0,1.0,1.0,3.0,1.0,1.0,1.0,1.0,1.0,5.0,2.0,1.0
4911,1.0,1.0,1.0,3.0,1.0,1.0,1.0,1.0,1.0,3.0,1.0,1.0
4912,1.0,1.0,1.0,3.0,1.0,1.0,1.0,1.0,1.0,4.0,1.0,1.0
4913,1.0,1.0,1.0,3.0,1.0,1.0,1.0,1.0,1.0,4.0,1.0,1.0
4914,1.0,1.0,1.0,3.0,1.0,1.0,1.0,1.0,1.0,3.0,1.0,1.0
4915,1.0,1.0,1.0,3.0,1.0,1.0,1.0,1.0,1.0,3.0,1.0,1.0
4916,1.0,1.0,1.0,3.0,1.0,1.0,1.0,1.0,1.0,3.0,1.0,1.0
4917,1.0,1.0,1.0,3.0,1.0,1.0,1.0,1.0,1.0,3.0,1.0,1.0
4918,1.0,1.0,1.0,3.0,1.0,1.0,1.0,1.0,1.0,3.0,1.0,1.0
4919,1.0,1.0,1.0,3.0,1.0,1.0,1.0,1.0,1.0,3.0,1.0,1.0
4920,1.0,1.0,1.0,3.0,1.0,1.0,1.0,1.0,1.0,5.0,2.0,1.0
4921,1.0,1.0,1.0,3.0,1.0,1.0,1.0,1.0,1.0,3.0,1.0,1.0
4922,1.0,1.0,1.0,3.0,1.0,1.0,1.0,1.0,1.0,5.0,2.0,1.0
4923,1.0,1.0,1.0,3.0,1.0,1.0,1.0,1.0,1.0,3.0,1.0,1.0
4924,1.0,1.0,1.0,3.0,1.0,1.0,1.0,1.0,1.0,4.0,1.0,1.0
4925,1.0,1.0,1.0,3.0,1.0,1.0,1.0,1.0,1.0,5.0,2.0,1.0
4926,1.0,1.0,1.0,3.0,1.0,1.0,1.0,1.0,1.0,3.0,1.0,1.0
4927,1.0,1.0,1.0,3.0,1.0,1.0,1.0,1.0,1.0,3.0,1.0,1.0
4928,1.0,1.0,1.0,3.0,1.0,1.0,1.0,1.0,1.0,4.0,1.0,1.0
4929,1.0,1.0,1.0,3.0,1.0,1.0,1.0,1.0,1.0,3.0,1.0,1.0
4930,1.0,1.0,1.0,3.0,1.0,1.0,1.0,1.0,1.0,5.0,2.0,1.0
4931,1.0,1.0,1.0,3.0,1.0,1.0,1.0,1.0,1.0,3.0,1.0,1.0
4932,1.0,1.0,1.0,3.0,1.0,1.0,1.0,1.0,1.0,5.0,2.0,1.0
4933,1.0,1.0,1.0,3.0,1.0,1.0,1.0,1.0,1.0,4.0,1.0,1.0
4934,1.0,1.0,1.0,3.0,1.0,1.0,1.0,1.0,1.0,5.0,2.0,1.0
4935,1.0,1.0,1.0,3.0,1.0,1.0,1.0,1.0,1.0,5.0,2.0,1.0
4936,1.0,1.0,1.0,3.0,1.0,1.0,1.0,1.0,1.0,5.0,2.0,1.0
4937,1.0,1.0,1.0,3.0,1.0,1.0,1.0,1.0,1.0,3.0,1.0,1.0
4938,1.0,1.0,1.0,3.0,1.0,1.0,1.0,1.0,1.0,4.0,1.0,1.0
4939,1.0,1.0,1.0,3.0,1.0,1.0,1.0,1.0,1.0,3.0,1.0,1.0
4940,1.0,1.0,1.0,3.0,1.0,1.0,1.0,1.0,1.0,5.0,2.0,1.0
4941,1.0,1.0,1.0,3.0,1.0,1.0,1.0,1.0,1.0,5.0,2.0,1.0
4942,1.0,1.0,1.0,3.0,1.0,1.0,1.0,1.0,1.0,3.0,1.0,1.0
4943,1.0,1.0,1.0,3.0,1.0,1.0,1.0,1.0,1.0,3.0,1.0,1.0
4944,1.0,1.0,1.0,3.0,1.0,1.0,1.0,1.0,1.0,3.0,1.0,1.0
4945,1.0,1.0,1.0,3.0,1.0,1.0,1.0,1.0,1.0,3.0,1.0,1.0
4946,1.0,1.0,1.0,3.0,1.0,1.0,1.0,1.0,1.0,3.0,1.0,1.0
4947,1.0,1.0,1.0,3.0,1.0,1.0,1.0,1.0,1.0,4.0,1.0,1.0
4948,1.0,1.0,1.0,3.0,1.0,1.0,1.0,1.0,1.0,3.0,1.0,1.0
4949,1.0,1.0,1.0,3.0,1.0,1.0,1.0,1.0,1.0,3.0,1.0,1.0
4950,1.0,1.0,1.0,3.0,1.0,1.0,1.0,1.0,1.0,5.0,2.0,1.0
4951,1.0,1.0,1.0,3.0,1.0,1.0,1.0,1.0,1.0,5.0,2.0,1.0
4952,1.0,1.0,1.0,3.0,1.0,1.0,1.0,1.0,1.0,3.0,1.0,1.0
4953,1.0,1.0,1.0,3.0,1.0,1.0,1.0,1.0,1.0,5.0,2.0,1.0
4954,1.0,1.0,1.0,3.0,1.0,1.0,1.0,1.0,1.0,5.0,2.0,1.0
4955,1.0,1.0,1.0,3.0,1.0,1.0,1.0,1.0,1.0,5.0,2.0,1.0
4956,1.0,1.0,1.0,3.0,1.0,1.0,1.0,1.0,1.0,4.0,1.0,1.0
4957,1.0,1.0,1.0,3.0,1.0,1.0,1.0,1.0,1.0,3.0,1.0,1.0
4958,1.0,1.0,1.0,3.0,1.0,1.0,1.0,1.0,1.0,3.0,1.0,1.0
4959,1.0,1.0,1.0,3.0,1.0,1.0,1.0,1.0,1.0,5.0,2.0,1.0
4960,1.0,1.0,1.0,3.0,1.0,1.0,1.0,1.0,1.0,4.0,1.0,1.0
4961,1.0,1.0,1.0,3.0,1.0,1.0,1.0,1.0,1.0,3.0,1.0,1.0
4962,1.0,1.0,1.0,3.0,1.0,1.0,1.0,1.0,1.0,3.0,1.0,1.0
4963,1.0,1.0,1.0,3.0,1.0,1.0,1.0,1.0,1.0,3.0,1.0,1.0
4964,1.0,1.0,1.0,3.0,1.0,1.0,1.0,1.0,1.0,3.0,1.0,1.0
4965,1.0,1.0,1.0,3.0,1.0,1.0,1.0,1.0,1.0,4.0,1.0,1.0
4966,1.0,1.0,1.0,3.0,1.0,1.0,1.0,1.0,1.0,3.0,1.0,1.0
4967,1.0,1.0,1.0,3.0,1.0,1.0,1.0,1.0,1.0,3.0,1.0,1.0
4968,1.0,1.0,1.0,3.0,1.0,1.0,1.0,1.0,1.0,4.0,1.0,1.0
4969,1.0,1.0,1.0,3.0,1.0,1.0,1.0,1.0,1.0,3.0,1.0,1.0
4970,1.0,1.0,1.0,3.0,1.0,1.0,1.0,1.0,1.0,5.0,2.0,1.0
4971,1.0,1.0,1.0,3.0,1.0,1.0,1.0,1.0,1.0,3.0,1.0,1.0
4972,1.0,1.0,1.0,3.0,1.0,1.0,1.0,1.0,1.0,3.0,1.0,1.0
4973,1.0,1.0,1.0,3.0,1.0,1.0,1.0,1.0,1.0,3.0,1.0,1.0
4974,1.0,1.0,1.0,3.0,1.0,1.0,1.0,1.0,1.0,5.0,2.0,1.0
4975,1.0,1.0,1.0,3.0,1.0,1.0,1.0,1.0,1.0,3.0,1.0,1.0
4976,1.0,1.0,1.0,3.0,1.0,1.0,1.0,1.0,1.0,5.0,2.0,1.0
4977,1.0,1.0,1.0,3.0,1.0,1.0,1.0,1.0,1.0,3.0,1.0,1.0
4978,1.0,1.0,1.0,3.0,1.0,1.0,1.0,1.0,1.0,5.0,2.0,1.0
4979,1.0,1.0,1.0,3.0,1.0,1.0,1.0,1.0,1.0,5.0,2.0,1.0
4980,1.0,1.0,1.0,3.0,1.0,1.0,1.0,1.0,1.0,5.0,2.0,1.0
4981,1.0,1.0,1.0,3.0,1.0,1.0,1.0,1.0,1.0,5.0,2.0,1.0
4982,1.0,1.0,1.0,3.0,1.0,1.0,1.0,1.0,1.0,3.0,1.0,1.0
4983,1.0,1.0,1.0,3.0,1.0,1.0,1.0,1.0,1.0,4.0,1.0,1.0
4984,1.0,1.0,1.0,3.0,1.0,1.0,1.0,1.0,1.0,5.0,2.0,1.0
4985,1.0,1.0,1.0,3.0,1.0,1.0,1.0,1.0,1.0,3.0,1.0,1.0
4986,1.0,1.0,1.0,3.0,1.0,1.0,1.0,1.0,1.0,5.0,2.0,1.0
4987,1.0,1.0,1.0,3.0,1.0,1.0,1.0,1.0,1.0,3.0,1.0,1.0
4988,1.0,1.0,1.0,3.0,1.0,1.0,1.0,1.0,1.0,5.0,2.0,1.0
4989,1.0,1.0,1.0,3.0,1.0,1.0,1.0,1.0,1.0,3.0,1.0,1.0
4990,1.0,1.0,1.0,3.0,1.0,1.0,1.0,1.0,1.0,5.0,2.0,1.0
4991,1.0,1.0,1.0,3.0,1.0,1.0,1.0,1.0,1.0,3.0,1.0,1.0
4992,1.0,1.0,1.0,3.0,1.0,1.0,1.0,1.0,1.0,3.0,1.0,1.0
4993,1.0,1.0,1.0,3.0,1.0,1.0,1.0,1.0,1.0,5.0,2.0,1.0
4994,1.0,1.0,1.0,3.0,1.0,1.0,1.0,1.0,1.0,5.0,2.0,1.0
4995,1.0,1.0,1.0,3.0,1.0,1.0,1.0,1.0,1.0,5.0,2.0,1.0
4996,1.0,1.0,1.0,3.0,1.0,1.0,1.0,1.0,1.0,3.0,1.0,1.0
4997,1.0,1.0,1.0,3.0,1.0,1.0,1.0,1.0,1.0,3.0,1.0,1.0
4998,1.0,1.0,1.0,3.0,1.0,1.0,1.0,1.0,1.0,3.0,1.0,1.0
4999,1.0,1.0,1.0,3.0,1.0,1.0,1.0,1.0,1.0,3.0,1.0,1.0
5000,1.0,1.0,1.0,3.0,1.0,1.0,1.0,1.0,1.0,4.0,1.0,1.0
5001,1.0,1.0,1.0,3.0,1.0,1.0,1.0,1.0,1.0,3.0,1.0,1.0
5002,1.0,1.0,1.0,3.0,1.0,1.0,1.0,1.0,1.0,3.0,1.0,1.0
5003,1.0,1.0,1.0,3.0,1.0,1.0,1.0,1.0,1.0,5.0,2.0,1.0
5004,1.0,1.0,1.0,3.0,1.0,1.0,1.0,1.0,1.0,3.0,1.0,1.0
5005,1.0,1.0,1.0,3.0,1.0,1.0,1.0,1.0,1.0,3.0,1.0,1.0
5006,1.0,1.0,1.0,3.0,1.0,1.0,1.0,1.0,1.0,5.0,2.0,1.0
5007,1.0,1.0,1.0,3.0,1.0,1.0,1.0,1.0,1.0,5.0,2.0,1.0
5008,1.0,1.0,1.0,3.0,1.0,1.0,1.0,1.0,1.0,4.0,1.0,1.0
5009,1.0,1.0,1.0,3.0,1.0,1.0,1.0,1.0,1.0,3.0,1.0,1.0
5010,1.0,1.0,1.0,3.0,1.0,1.0,1.0,1.0,1.0,3.0,1.0,1.0
5011,1.0,1.0,1.0,3.0,1.0,1.0,1.0,1.0,1.0,3.0,1.0,1.0
5012,1.0,1.0,1.0,3.0,1.0,1.0,1.0,1.0,1.0,4.0,1.0,1.0
5013,1.0,1.0,1.0,3.0,1.0,1.0,1.0,1.0,1.0,4.0,1.0,1.0
5014,1.0,1.0,1.0,3.0,1.0,1.0,1.0,1.0,1.0,5.0,2.0,1.0
5015,1.0,1.0,1.0,3.0,1.0,1.0,1.0,1.0,1.0,5.0,2.0,1.0
5016,1.0,1.0,1.0,3.0,1.0,1.0,1.0,1.0,1.0,5.0,2.0,1.0
5017,1.0,1.0,1.0,3.0,1.0,1.0,1.0,1.0,1.0,3.0,1.0,1.0
5018,1.0,1.0,1.0,3.0,1.0,1.0,1.0,1.0,1.0,5.0,2.0,1.0
5019,1.0,1.0,1.0,3.0,1.0,1.0,1.0,1.0,1.0,4.0,1.0,1.0
5020,1.0,1.0,1.0,3.0,1.0,1.0,1.0,1.0,1.0,4.0,1.0,1.0
5021,1.0,1.0,1.0,3.0,1.0,1.0,1.0,1.0,1.0,5.0,2.0,1.0
5022,1.0,1.0,1.0,3.0,1.0,1.0,1.0,1.0,1.0,5.0,2.0,1.0
5023,1.0,1.0,1.0,3.0,1.0,1.0,1.0,1.0,1.0,3.0,1.0,1.0
5024,1.0,1.0,1.0,3.0,1.0,1.0,1.0,1.0,1.0,4.0,1.0,1.0
5025,1.0,1.0,1.0,3.0,1.0,1.0,1.0,1.0,1.0,5.0,2.0,1.0
5026,1.0,1.0,1.0,3.0,1.0,1.0,1.0,1.0,1.0,5.0,2.0,1.0
5027,1.0,1.0,1.0,3.0,1.0,1.0,1.0,1.0,1.0,3.0,1.0,1.0
5028,1.0,1.0,1.0,3.0,1.0,1.0,1.0,1.0,1.0,4.0,1.0,1.0
5029,1.0,1.0,1.0,3.0,1.0,1.0,1.0,1.0,1.0,5.0,2.0,1.0
5030,1.0,1.0,1.0,3.0,1.0,1.0,1.0,1.0,1.0,3.0,1.0,1.0
5031,1.0,1.0,1.0,3.0,1.0,1.0,1.0,1.0,1.0,3.0,1.0,1.0
5032,1.0,1.0,1.0,3.0,1.0,1.0,1.0,1.0,1.0,3.0,1.0,1.0
5033,1.0,1.0,1.0,3.0,1.0,1.0,1.0,1.0,1.0,3.0,1.0,1.0
5034,1.0,1.0,1.0,3.0,1.0,1.0,1.0,1.0,1.0,3.0,1.0,1.0
5035,1.0,1.0,1.0,3.0,1.0,1.0,1.0,1.0,1.0,3.0,1.0,1.0
5036,1.0,1.0,1.0,3.0,1.0,1.0,1.0,1.0,1.0,4.0,1.0,1.0
5037,1.0,1.0,1.0,3.0,1.0,1.0,1.0,1.0,1.0,3.0,1.0,1.0
5038,1.0,1.0,1.0,3.0,1.0,1.0,1.0,1.0,1.0,5.0,2.0,1.0
5039,1.0,1.0,1.0,3.0,1.0,1.0,1.0,1.0,1.0,4.0,1.0,1.0
5040,1.0,1.0,1.0,3.0,1.0,1.0,1.0,1.0,1.0,3.0,1.0,1.0
5041,1.0,1.0,1.0,3.0,1.0,1.0,1.0,1.0,1.0,3.0,1.0,1.0
5042,1.0,1.0,1.0,3.0,1.0,1.0,1.0,1.0,1.0,3.0,1.0,1.0
5043,1.0,1.0,1.0,3.0,1.0,1.0,1.0,1.0,1.0,5.0,2.0,1.0
5044,1.0,1.0,1.0,3.0,1.0,1.0,1.0,1.0,1.0,4.0,1.0,1.0
5045,1.0,1.0,1.0,3.0,1.0,1.0,1.0,1.0,1.0,3.0,1.0,1.0
5046,1.0,1.0,1.0,3.0,1.0,1.0,1.0,1.0,1.0,3.0,1.0,1.0
5047,1.0,1.0,1.0,3.0,1.0,1.0,1.0,1.0,1.0,3.0,1.0,1.0
5048,1.0,1.0,1.0,3.0,1.0,1.0,1.0,1.0,1.0,4.0,1.0,1.0
5049,1.0,1.0,1.0,3.0,1.0,1.0,1.0,1.0,1.0,5.0,2.0,1.0
5050,1.0,1.0,1.0,3.0,1.0,1.0,1.0,1.0,1.0,3.0,1.0,1.0
5051,1.0,1.0,1.0,3.0,1.0,1.0,1.0,1.0,1.0,4.0,1.0,1.0
5052,1.0,1.0,1.0,3.0,1.0,1.0,1.0,1.0,1.0,5.0,2.0,1.0
5053,1.0,1.0,1.0,3.0,1.0,1.0,1.0,1.0,1.0,3.0,1.0,1.0
5054,1.0,1.0,1.0,3.0,1.0,1.0,1.0,1.0,1.0,3.0,1.0,1.0
5055,1.0,1.0,1.0,3.0,1.0,1.0,1.0,1.0,1.0,4.0,1.0,1.0
5056,1.0,1.0,1.0,3.0,1.0,1.0,1.0,1.0,1.0,3.0,1.0,1.0
5057,1.0,1.0,1.0,3.0,1.0,1.0,1.0,1.0,1.0,4.0,1.0,1.0
5058,1.0,1.0,1.0,3.0,1.0,1.0,1.0,1.0,1.0,4.0,1.0,1.0
5059,1.0,1.0,1.0,3.0,1.0,1.0,1.0,1.0,1.0,3.0,1.0,1.0
5060,1.0,1.0,1.0,3.0,1.0,1.0,1.0,1.0,1.0,4.0,1.0,1.0
5061,1.0,1.0,1.0,3.0,1.0,1.0,1.0,1.0,1.0,3.0,1.0,1.0
5062,1.0,1.0,1.0,3.0,1.0,1.0,1.0,1.0,1.0,4.0,1.0,1.0
5063,1.0,1.0,1.0,3.0,1.0,1.0,1.0,1.0,1.0,3.0,1.0,1.0
5064,1.0,1.0,1.0,3.0,1.0,1.0,1.0,1.0,1.0,3.0,1.0,1.0
5065,1.0,1.0,1.0,3.0,1.0,1.0,1.0,1.0,1.0,3.0,1.0,1.0
5066,1.0,1.0,1.0,3.0,1.0,1.0,1.0,1.0,1.0,4.0,1.0,1.0
5067,1.0,1.0,1.0,3.0,1.0,1.0,1.0,1.0,1.0,5.0,2.0,1.0
5068,1.0,1.0,1.0,3.0,1.0,1.0,1.0,1.0,1.0,3.0,1.0,1.0
5069,1.0,1.0,1.0,3.0,1.0,1.0,1.0,1.0,1.0,4.0,1.0,1.0
5070,1.0,1.0,1.0,3.0,1.0,1.0,1.0,1.0,1.0,4.0,1.0,1.0
5071,1.0,1.0,1.0,3.0,1.0,1.0,1.0,1.0,1.0,4.0,1.0,1.0
5072,1.0,1.0,1.0,3.0,1.0,1.0,1.0,1.0,1.0,5.0,2.0,1.0
5073,1.0,1.0,1.0,3.0,1.0,1.0,1.0,1.0,1.0,5.0,2.0,1.0
5074,1.0,1.0,1.0,3.0,1.0,1.0,1.0,1.0,1.0,4.0,1.0,1.0
5075,1.0,1.0,1.0,3.0,1.0,1.0,1.0,1.0,1.0,4.0,1.0,1.0
5076,1.0,1.0,1.0,3.0,1.0,1.0,1.0,1.0,1.0,3.0,1.0,1.0
5077,1.0,1.0,1.0,3.0,1.0,1.0,1.0,1.0,1.0,3.0,1.0,1.0
5078,1.0,1.0,1.0,3.0,1.0,1.0,1.0,1.0,1.0,3.0,1.0,1.0
5079,1.0,1.0,1.0,3.0,1.0,1.0,1.0,1.0,1.0,5.0,2.0,1.0
5080,1.0,1.0,1.0,3.0,1.0,1.0,1.0,1.0,1.0,3.0,1.0,1.0
5081,1.0,1.0,1.0,3.0,1.0,1.0,1.0,1.0,1.0,3.0,1.0,1.0
5082,1.0,1.0,1.0,3.0,1.0,1.0,1.0,1.0,1.0,5.0,2.0,1.0
5083,1.0,1.0,1.0,3.0,1.0,1.0,1.0,1.0,1.0,5.0,2.0,1.0
5084,1.0,1.0,1.0,3.0,1.0,1.0,1.0,1.0,1.0,3.0,1.0,1.0
5085,1.0,1.0,1.0,3.0,1.0,1.0,1.0,1.0,1.0,4.0,1.0,1.0
5086,1.0,1.0,1.0,3.0,1.0,1.0,1.0,1.0,1.0,4.0,1.0,1.0
5087,1.0,1.0,1.0,3.0,1.0,1.0,1.0,1.0,1.0,4.0,1.0,1.0
5088,1.0,1.0,1.0,3.0,1.0,1.0,1.0,1.0,1.0,3.0,1.0,1.0
5089,1.0,1.0,1.0,3.0,1.0,1.0,1.0,1.0,1.0,5.0,2.0,1.0
5090,1.0,1.0,1.0,3.0,1.0,1.0,1.0,1.0,1.0,3.0,1.0,1.0
5091,1.0,1.0,1.0,3.0,1.0,1.0,1.0,1.0,1.0,3.0,1.0,1.0
5092,1.0,1.0,1.0,3.0,1.0,1.0,1.0,1.0,1.0,3.0,1.0,1.0
5093,1.0,1.0,1.0,3.0,1.0,1.0,1.0,1.0,1.0,3.0,1.0,1.0
5094,1.0,1.0,1.0,3.0,1.0,1.0,1.0,1.0,1.0,4.0,1.0,1.0
5095,1.0,1.0,1.0,3.0,1.0,1.0,1.0,1.0,1.0,5.0,2.0,1.0
5096,1.0,1.0,1.0,3.0,1.0,1.0,1.0,1.0,1.0,3.0,1.0,1.0
5097,1.0,1.0,1.0,3.0,1.0,1.0,1.0,1.0,1.0,4.0,1.0,1.0
5098,1.0,1.0,1.0,3.0,1.0,1.0,1.0,1.0,1.0,3.0,1.0,1.0
5099,1.0,1.0,1.0,3.0,1.0,1.0,1.0,1.0,1.0,4.0,1.0,1.0
5100,1.0,1.0,1.0,3.0,1.0,1.0,1.0,1.0,1.0,5.0,2.0,1.0
5101,1.0,1.0,1.0,3.0,1.0,1.0,1.0,1.0,1.0,3.0,1.0,1.0
5102,1.0,1.0,1.0,3.0,1.0,1.0,1.0,1.0,1.0,3.0,1.0,1.0
5103,1.0,1.0,1.0,3.0,1.0,1.0,1.0,1.0,1.0,3.0,1.0,1.0
5104,1.0,1.0,1.0,3.0,1.0,1.0,1.0,1.0,1.0,4.0,1.0,1.0
5105,1.0,1.0,1.0,3.0,1.0,1.0,1.0,1.0,1.0,5.0,2.0,1.0
5106,1.0,1.0,1.0,3.0,1.0,1.0,1.0,1.0,1.0,5.0,2.0,1.0
5107,1.0,1.0,1.0,3.0,1.0,1.0,1.0,1.0,1.0,3.0,1.0,1.0
5108,1.0,1.0,1.0,3.0,1.0,1.0,1.0,1.0,1.0,5.0,2.0,1.0
5109,1.0,1.0,1.0,3.0,1.0,1.0,1.0,1.0,1.0,3.0,1.0,1.0
5110,1.0,1.0,1.0,3.0,1.0,1.0,1.0,1.0,1.0,4.0,1.0,1.0
5111,1.0,1.0,1.0,3.0,1.0,1.0,1.0,1.0,1.0,3.0,1.0,1.0
5112,1.0,1.0,1.0,3.0,1.0,1.0,1.0,1.0,1.0,4.0,1.0,1.0
5113,1.0,1.0,1.0,3.0,1.0,1.0,1.0,1.0,1.0,3.0,1.0,1.0
5114,1.0,1.0,1.0,3.0,1.0,1.0,1.0,1.0,1.0,4.0,1.0,1.0
5115,1.0,1.0,1.0,3.0,1.0,1.0,1.0,1.0,1.0,3.0,1.0,1.0
5116,1.0,1.0,1.0,3.0,1.0,1.0,1.0,1.0,1.0,4.0,1.0,1.0
5117,1.0,1.0,1.0,3.0,1.0,1.0,1.0,1.0,1.0,4.0,1.0,1.0
5118,1.0,1.0,1.0,3.0,1.0,1.0,1.0,1.0,1.0,5.0,2.0,1.0
5119,1.0,1.0,1.0,3.0,1.0,1.0,1.0,1.0,1.0,3.0,1.0,1.0
5120,1.0,1.0,1.0,3.0,1.0,1.0,1.0,1.0,1.0,3.0,1.0,1.0
5121,1.0,1.0,1.0,3.0,1.0,1.0,1.0,1.0,1.0,3.0,1.0,1.0
5122,1.0,1.0,1.0,3.0,1.0,1.0,1.0,1.0,1.0,4.0,1.0,1.0
5123,1.0,1.0,1.0,3.0,1.0,1.0,1.0,1.0,1.0,4.0,1.0,1.0
5124,1.0,1.0,1.0,3.0,1.0,1.0,1.0,1.0,1.0,5.0,2.0,1.0
5125,1.0,1.0,1.0,3.0,1.0,1.0,1.0,1.0,1.0,3.0,1.0,1.0
5126,1.0,1.0,1.0,3.0,1.0,1.0,1.0,1.0,1.0,5.0,2.0,1.0
5127,1.0,1.0,1.0,3.0,1.0,1.0,1.0,1.0,1.0,3.0,1.0,1.0
5128,1.0,1.0,1.0,3.0,1.0,1.0,1.0,1.0,1.0,3.0,1.0,1.0
5129,1.0,1.0,1.0,3.0,1.0,1.0,1.0,1.0,1.0,3.0,1.0,1.0
5130,1.0,1.0,1.0,3.0,1.0,1.0,1.0,1.0,1.0,3.0,1.0,1.0
5131,1.0,1.0,1.0,3.0,1.0,1.0,1.0,1.0,1.0,3.0,1.0,1.0
5132,1.0,1.0,1.0,3.0,1.0,1.0,1.0,1.0,1.0,3.0,1.0,1.0
5133,1.0,1.0,1.0,3.0,1.0,1.0,1.0,1.0,1.0,3.0,1.0,1.0
5134,1.0,1.0,1.0,3.0,1.0,1.0,1.0,1.0,1.0,5.0,2.0,1.0
5135,1.0,1.0,1.0,3.0,1.0,1.0,1.0,1.0,1.0,3.0,1.0,1.0
5136,1.0,1.0,1.0,3.0,1.0,1.0,1.0,1.0,1.0,3.0,1.0,1.0
5137,1.0,1.0,1.0,3.0,1.0,1.0,1.0,1.0,1.0,3.0,1.0,1.0
5138,1.0,1.0,1.0,3.0,1.0,1.0,1.0,1.0,1.0,3.0,1.0,1.0
5139,1.0,1.0,1.0,3.0,1.0,1.0,1.0,1.0,1.0,4.0,1.0,1.0
5140,1.0,1.0,1.0,3.0,1.0,1.0,1.0,1.0,1.0,3.0,1.0,1.0
5141,1.0,1.0,1.0,3.0,1.0,1.0,1.0,1.0,1.0,4.0,1.0,1.0
5142,1.0,1.0,1.0,3.0,1.0,1.0,1.0,1.0,1.0,4.0,1.0,1.0
5143,1.0,1.0,1.0,3.0,1.0,1.0,1.0,1.0,1.0,4.0,1.0,1.0
5144,1.0,1.0,1.0,3.0,1.0,1.0,1.0,1.0,1.0,3.0,1.0,1.0
5145,1.0,1.0,1.0,3.0,1.0,1.0,1.0,1.0,1.0,3.0,1.0,1.0
5146,1.0,1.0,1.0,3.0,1.0,1.0,1.0,1.0,1.0,3.0,1.0,1.0
5147,1.0,1.0,1.0,3.0,1.0,1.0,1.0,1.0,1.0,5.0,2.0,1.0
5148,1.0,1.0,1.0,3.0,1.0,1.0,1.0,1.0,1.0,3.0,1.0,1.0
5149,1.0,1.0,1.0,3.0,1.0,1.0,1.0,1.0,1.0,3.0,1.0,1.0
5150,1.0,1.0,1.0,3.0,1.0,1.0,1.0,1.0,1.0,4.0,1.0,1.0
5151,1.0,1.0,1.0,3.0,1.0,1.0,1.0,1.0,1.0,4.0,1.0,1.0
5152,1.0,1.0,1.0,3.0,1.0,1.0,1.0,1.0,1.0,5.0,2.0,1.0
5153,1.0,1.0,1.0,3.0,1.0,1.0,1.0,1.0,1.0,5.0,2.0,1.0
5154,1.0,1.0,1.0,3.0,1.0,1.0,1.0,1.0,1.0,3.0,1.0,1.0
5155,1.0,1.0,1.0,3.0,1.0,1.0,1.0,1.0,1.0,3.0,1.0,1.0
5156,1.0,1.0,1.0,3.0,1.0,1.0,1.0,1.0,1.0,3.0,1.0,1.0
5157,1.0,1.0,1.0,3.0,1.0,1.0,1.0,1.0,1.0,5.0,2.0,1.0
5158,1.0,1.0,1.0,3.0,1.0,1.0,1.0,1.0,1.0,3.0,1.0,1.0
5159,1.0,1.0,1.0,3.0,1.0,1.0,1.0,1.0,1.0,3.0,1.0,1.0
5160,1.0,1.0,1.0,3.0,1.0,1.0,1.0,1.0,1.0,3.0,1.0,1.0
5161,1.0,1.0,1.0,3.0,1.0,1.0,1.0,1.0,1.0,4.0,1.0,1.0
5162,1.0,1.0,1.0,3.0,1.0,1.0,1.0,1.0,1.0,3.0,1.0,1.0
5163,1.0,1.0,1.0,3.0,1.0,1.0,1.0,1.0,1.0,3.0,1.0,1.0
5164,1.0,1.0,1.0,3.0,1.0,1.0,1.0,1.0,1.0,3.0,1.0,1.0
5165,1.0,1.0,1.0,3.0,1.0,1.0,1.0,1.0,1.0,5.0,2.0,1.0
5166,1.0,1.0,1.0,3.0,1.0,1.0,1.0,1.0,1.0,3.0,1.0,1.0
5167,1.0,1.0,1.0,3.0,1.0,1.0,1.0,1.0,1.0,4.0,1.0,1.0
5168,1.0,1.0,1.0,3.0,1.0,1.0,1.0,1.0,1.0,3.0,1.0,1.0
5169,1.0,1.0,1.0,3.0,1.0,1.0,1.0,1.0,1.0,3.0,1.0,1.0
5170,1.0,1.0,1.0,3.0,1.0,1.0,1.0,1.0,1.0,3.0,1.0,1.0
5171,1.0,1.0,1.0,3.0,1.0,1.0,1.0,1.0,1.0,3.0,1.0,1.0
5172,1.0,1.0,1.0,3.0,1.0,1.0,1.0,1.0,1.0,3.0,1.0,1.0
5173,1.0,1.0,1.0,3.0,1.0,1.0,1.0,1.0,1.0,3.0,1.0,1.0
5174,1.0,1.0,1.0,3.0,1.0,1.0,1.0,1.0,1.0,5.0,2.0,1.0
5175,1.0,1.0,1.0,3.0,1.0,1.0,1.0,1.0,1.0,3.0,1.0,1.0
5176,1.0,1.0,1.0,3.0,1.0,1.0,1.0,1.0,1.0,3.0,1.0,1.0
5177,1.0,1.0,1.0,3.0,1.0,1.0,1.0,1.0,1.0,3.0,1.0,1.0
5178,1.0,1.0,1.0,3.0,1.0,1.0,1.0,1.0,1.0,3.0,1.0,1.0
5179,1.0,1.0,1.0,3.0,1.0,1.0,1.0,1.0,1.0,3.0,1.0,1.0
5180,1.0,1.0,1.0,3.0,1.0,1.0,1.0,1.0,1.0,5.0,2.0,1.0
5181,1.0,1.0,1.0,3.0,1.0,1.0,1.0,1.0,1.0,5.0,2.0,1.0
5182,1.0,1.0,1.0,3.0,1.0,1.0,1.0,1.0,1.0,3.0,1.0,1.0
5183,1.0,1.0,1.0,3.0,1.0,1.0,1.0,1.0,1.0,4.0,1.0,1.0
5184,1.0,1.0,1.0,3.0,1.0,1.0,1.0,1.0,1.0,4.0,1.0,1.0
5185,1.0,1.0,1.0,3.0,1.0,1.0,1.0,1.0,1.0,4.0,1.0,1.0
5186,1.0,1.0,1.0,3.0,1.0,1.0,1.0,1.0,1.0,3.0,1.0,1.0
5187,1.0,1.0,1.0,3.0,1.0,1.0,1.0,1.0,1.0,4.0,1.0,1.0
5188,1.0,1.0,1.0,3.0,1.0,1.0,1.0,1.0,1.0,5.0,2.0,1.0
5189,1.0,1.0,1.0,3.0,1.0,1.0,1.0,1.0,1.0,5.0,2.0,1.0
5190,1.0,1.0,1.0,3.0,1.0,1.0,1.0,1.0,1.0,4.0,1.0,1.0
5191,1.0,1.0,1.0,3.0,1.0,1.0,1.0,1.0,1.0,3.0,1.0,1.0
5192,1.0,1.0,1.0,3.0,1.0,1.0,1.0,1.0,1.0,3.0,1.0,1.0
5193,1.0,1.0,1.0,3.0,1.0,1.0,1.0,1.0,1.0,5.0,2.0,1.0
5194,1.0,1.0,1.0,3.0,1.0,1.0,1.0,1.0,1.0,4.0,1.0,1.0
5195,1.0,1.0,1.0,3.0,1.0,1.0,1.0,1.0,1.0,3.0,1.0,1.0
5196,1.0,1.0,1.0,3.0,1.0,1.0,1.0,1.0,1.0,5.0,2.0,1.0
5197,1.0,1.0,1.0,3.0,1.0,1.0,1.0,1.0,1.0,4.0,1.0,1.0
5198,1.0,1.0,1.0,3.0,1.0,1.0,1.0,1.0,1.0,5.0,2.0,1.0
5199,1.0,1.0,1.0,3.0,1.0,1.0,1.0,1.0,1.0,4.0,1.0,1.0
5200,1.0,1.0,1.0,3.0,1.0,1.0,1.0,1.0,1.0,3.0,1.0,1.0
5201,1.0,1.0,1.0,3.0,1.0,1.0,1.0,1.0,1.0,4.0,1.0,1.0
5202,1.0,1.0,1.0,3.0,1.0,1.0,1.0,1.0,1.0,5.0,2.0,1.0
5203,1.0,1.0,1.0,3.0,1.0,1.0,1.0,1.0,1.0,5.0,2.0,1.0
5204,1.0,1.0,1.0,3.0,1.0,1.0,1.0,1.0,1.0,3.0,1.0,1.0
5205,1.0,1.0,1.0,3.0,1.0,1.0,1.0,1.0,1.0,5.0,2.0,1.0
5206,1.0,1.0,1.0,3.0,1.0,1.0,1.0,1.0,1.0,3.0,1.0,1.0
5207,1.0,1.0,1.0,3.0,1.0,1.0,1.0,1.0,1.0,3.0,1.0,1.0
5208,1.0,1.0,1.0,3.0,1.0,1.0,1.0,1.0,1.0,3.0,1.0,1.0
5209,1.0,1.0,1.0,3.0,1.0,1.0,1.0,1.0,1.0,5.0,2.0,1.0
5210,1.0,1.0,1.0,3.0,1.0,1.0,1.0,1.0,1.0,5.0,2.0,1.0
5211,1.0,1.0,1.0,3.0,1.0,1.0,1.0,1.0,1.0,4.0,1.0,1.0
5212,1.0,1.0,1.0,3.0,1.0,1.0,1.0,1.0,1.0,3.0,1.0,1.0
5213,1.0,1.0,1.0,3.0,1.0,1.0,1.0,1.0,1.0,3.0,1.0,1.0
5214,1.0,1.0,1.0,3.0,1.0,1.0,1.0,1.0,1.0,4.0,1.0,1.0
5215,1.0,1.0,1.0,3.0,1.0,1.0,1.0,1.0,1.0,4.0,1.0,1.0
5216,1.0,1.0,1.0,3.0,1.0,1.0,1.0,1.0,1.0,3.0,1.0,1.0
5217,1.0,1.0,1.0,3.0,1.0,1.0,1.0,1.0,1.0,5.0,2.0,1.0
5218,1.0,1.0,1.0,3.0,1.0,1.0,1.0,1.0,1.0,3.0,1.0,1.0
5219,1.0,1.0,1.0,3.0,1.0,1.0,1.0,1.0,1.0,3.0,1.0,1.0
5220,1.0,1.0,1.0,3.0,1.0,1.0,1.0,1.0,1.0,3.0,1.0,1.0
5221,1.0,1.0,1.0,3.0,1.0,1.0,1.0,1.0,1.0,3.0,1.0,1.0
5222,1.0,1.0,1.0,3.0,1.0,1.0,1.0,1.0,1.0,3.0,1.0,1.0
5223,1.0,1.0,1.0,3.0,1.0,1.0,1.0,1.0,1.0,3.0,1.0,1.0
5224,1.0,1.0,1.0,3.0,1.0,1.0,1.0,1.0,1.0,3.0,1.0,1.0
5225,1.0,1.0,1.0,3.0,1.0,1.0,1.0,1.0,1.0,3.0,1.0,1.0
5226,1.0,1.0,1.0,3.0,1.0,1.0,1.0,1.0,1.0,3.0,1.0,1.0
5227,1.0,1.0,1.0,3.0,1.0,1.0,1.0,1.0,1.0,3.0,1.0,1.0
5228,1.0,1.0,1.0,3.0,1.0,1.0,1.0,1.0,1.0,3.0,1.0,1.0
5229,1.0,1.0,1.0,3.0,1.0,1.0,1.0,1.0,1.0,5.0,2.0,1.0
5230,1.0,1.0,1.0,3.0,1.0,1.0,1.0,1.0,1.0,4.0,1.0,1.0
5231,1.0,1.0,1.0,3.0,1.0,1.0,1.0,1.0,1.0,5.0,2.0,1.0
5232,1.0,1.0,1.0,3.0,1.0,1.0,1.0,1.0,1.0,3.0,1.0,1.0
5233,1.0,1.0,1.0,3.0,1.0,1.0,1.0,1.0,1.0,5.0,2.0,1.0
5234,1.0,1.0,1.0,3.0,1.0,1.0,1.0,1.0,1.0,3.0,1.0,1.0
5235,1.0,1.0,1.0,3.0,1.0,1.0,1.0,1.0,1.0,3.0,1.0,1.0
5236,1.0,1.0,1.0,3.0,1.0,1.0,1.0,1.0,1.0,3.0,1.0,1.0
5237,1.0,1.0,1.0,3.0,1.0,1.0,1.0,1.0,1.0,3.0,1.0,1.0
5238,1.0,1.0,1.0,3.0,1.0,1.0,1.0,1.0,1.0,4.0,1.0,1.0
5239,1.0,1.0,1.0,3.0,1.0,1.0,1.0,1.0,1.0,3.0,1.0,1.0
5240,1.0,1.0,1.0,3.0,1.0,1.0,1.0,1.0,1.0,5.0,2.0,1.0
5241,1.0,1.0,1.0,3.0,1.0,1.0,1.0,1.0,1.0,5.0,2.0,1.0
5242,1.0,1.0,1.0,3.0,1.0,1.0,1.0,1.0,1.0,3.0,1.0,1.0
5243,1.0,1.0,1.0,3.0,1.0,1.0,1.0,1.0,1.0,3.0,1.0,1.0
5244,1.0,1.0,1.0,3.0,1.0,1.0,1.0,1.0,1.0,3.0,1.0,1.0
5245,1.0,1.0,1.0,3.0,1.0,1.0,1.0,1.0,1.0,3.0,1.0,1.0
5246,1.0,1.0,1.0,3.0,1.0,1.0,1.0,1.0,1.0,3.0,1.0,1.0
5247,1.0,1.0,1.0,3.0,1.0,1.0,1.0,1.0,1.0,3.0,1.0,1.0
5248,1.0,1.0,1.0,3.0,1.0,1.0,1.0,1.0,1.0,3.0,1.0,1.0
5249,1.0,1.0,1.0,3.0,1.0,1.0,1.0,1.0,1.0,3.0,1.0,1.0
5250,1.0,1.0,1.0,3.0,1.0,1.0,1.0,1.0,1.0,3.0,1.0,1.0
5251,1.0,1.0,1.0,3.0,1.0,1.0,1.0,1.0,1.0,5.0,2.0,1.0
5252,1.0,1.0,1.0,3.0,1.0,1.0,1.0,1.0,1.0,4.0,1.0,1.0
5253,1.0,1.0,1.0,3.0,1.0,1.0,1.0,1.0,1.0,3.0,1.0,1.0
5254,1.0,1.0,1.0,3.0,1.0,1.0,1.0,1.0,1.0,4.0,1.0,1.0
5255,1.0,1.0,1.0,3.0,1.0,1.0,1.0,1.0,1.0,3.0,1.0,1.0
5256,1.0,1.0,1.0,3.0,1.0,1.0,1.0,1.0,1.0,3.0,1.0,1.0
5257,1.0,1.0,1.0,3.0,1.0,1.0,1.0,1.0,1.0,4.0,1.0,1.0
5258,1.0,1.0,1.0,3.0,1.0,1.0,1.0,1.0,1.0,5.0,2.0,1.0
5259,1.0,1.0,1.0,3.0,1.0,1.0,1.0,1.0,1.0,4.0,1.0,1.0
5260,1.0,1.0,1.0,3.0,1.0,1.0,1.0,1.0,1.0,4.0,1.0,1.0
5261,1.0,1.0,1.0,3.0,1.0,1.0,1.0,1.0,1.0,3.0,1.0,1.0
5262,1.0,1.0,1.0,3.0,1.0,1.0,1.0,1.0,1.0,4.0,1.0,1.0
5263,1.0,1.0,1.0,3.0,1.0,1.0,1.0,1.0,1.0,3.0,1.0,1.0
5264,1.0,1.0,1.0,3.0,1.0,1.0,1.0,1.0,1.0,5.0,2.0,1.0
5265,1.0,1.0,1.0,3.0,1.0,1.0,1.0,1.0,1.0,3.0,1.0,1.0
5266,1.0,1.0,1.0,3.0,1.0,1.0,1.0,1.0,1.0,3.0,1.0,1.0
5267,1.0,1.0,1.0,3.0,1.0,1.0,1.0,1.0,1.0,3.0,1.0,1.0
5268,1.0,1.0,1.0,3.0,1.0,1.0,1.0,1.0,1.0,4.0,1.0,1.0
5269,1.0,1.0,1.0,3.0,1.0,1.0,1.0,1.0,1.0,5.0,2.0,1.0
5270,1.0,1.0,1.0,3.0,1.0,1.0,1.0,1.0,1.0,3.0,1.0,1.0
5271,1.0,1.0,1.0,3.0,1.0,1.0,1.0,1.0,1.0,5.0,2.0,1.0
5272,1.0,1.0,1.0,3.0,1.0,1.0,1.0,1.0,1.0,3.0,1.0,1.0
5273,1.0,1.0,1.0,3.0,1.0,1.0,1.0,1.0,1.0,3.0,1.0,1.0
5274,1.0,1.0,1.0,3.0,1.0,1.0,1.0,1.0,1.0,3.0,1.0,1.0
5275,1.0,1.0,1.0,3.0,1.0,1.0,1.0,1.0,1.0,3.0,1.0,1.0
5276,1.0,1.0,1.0,3.0,1.0,1.0,1.0,1.0,1.0,3.0,1.0,1.0
5277,1.0,1.0,1.0,3.0,1.0,1.0,1.0,1.0,1.0,3.0,1.0,1.0
5278,1.0,1.0,1.0,3.0,1.0,1.0,1.0,1.0,1.0,5.0,2.0,1.0
5279,1.0,1.0,1.0,3.0,1.0,1.0,1.0,1.0,1.0,3.0,1.0,1.0
5280,1.0,1.0,1.0,3.0,1.0,1.0,1.0,1.0,1.0,4.0,1.0,1.0
5281,1.0,1.0,1.0,3.0,1.0,1.0,1.0,1.0,1.0,3.0,1.0,1.0
5282,1.0,1.0,1.0,3.0,1.0,1.0,1.0,1.0,1.0,3.0,1.0,1.0
5283,1.0,1.0,1.0,3.0,1.0,1.0,1.0,1.0,1.0,3.0,1.0,1.0
5284,1.0,1.0,1.0,3.0,1.0,1.0,1.0,1.0,1.0,5.0,2.0,1.0
5285,1.0,1.0,1.0,3.0,1.0,1.0,1.0,1.0,1.0,3.0,1.0,1.0
5286,1.0,1.0,1.0,3.0,1.0,1.0,1.0,1.0,1.0,3.0,1.0,1.0
5287,1.0,1.0,1.0,3.0,1.0,1.0,1.0,1.0,1.0,4.0,1.0,1.0
5288,1.0,1.0,1.0,3.0,1.0,1.0,1.0,1.0,1.0,3.0,1.0,1.0
5289,1.0,1.0,1.0,3.0,1.0,1.0,1.0,1.0,1.0,4.0,1.0,1.0
5290,1.0,1.0,1.0,3.0,1.0,1.0,1.0,1.0,1.0,3.0,1.0,1.0
5291,1.0,1.0,1.0,3.0,1.0,1.0,1.0,1.0,1.0,3.0,1.0,1.0
5292,1.0,1.0,1.0,3.0,1.0,1.0,1.0,1.0,1.0,4.0,1.0,1.0
5293,1.0,1.0,1.0,3.0,1.0,1.0,1.0,1.0,1.0,3.0,1.0,1.0
5294,1.0,1.0,1.0,3.0,1.0,1.0,1.0,1.0,1.0,4.0,1.0,1.0
5295,1.0,1.0,1.0,3.0,1.0,1.0,1.0,1.0,1.0,3.0,1.0,1.0
5296,1.0,1.0,1.0,3.0,1.0,1.0,1.0,1.0,1.0,5.0,2.0,1.0
5297,1.0,1.0,1.0,3.0,1.0,1.0,1.0,1.0,1.0,4.0,1.0,1.0
5298,1.0,1.0,1.0,3.0,1.0,1.0,1.0,1.0,1.0,4.0,1.0,1.0
5299,1.0,1.0,1.0,3.0,1.0,1.0,1.0,1.0,1.0,4.0,1.0,1.0
5300,1.0,1.0,1.0,3.0,1.0,1.0,1.0,1.0,1.0,3.0,1.0,1.0
5301,1.0,1.0,1.0,3.0,1.0,1.0,1.0,1.0,1.0,3.0,1.0,1.0
5302,1.0,1.0,1.0,3.0,1.0,1.0,1.0,1.0,1.0,3.0,1.0,1.0
5303,1.0,1.0,1.0,3.0,1.0,1.0,1.0,1.0,1.0,5.0,2.0,1.0
5304,1.0,1.0,1.0,3.0,1.0,1.0,1.0,1.0,1.0,5.0,2.0,1.0
5305,1.0,1.0,1.0,3.0,1.0,1.0,1.0,1.0,1.0,5.0,2.0,1.0
5306,1.0,1.0,1.0,3.0,1.0,1.0,1.0,1.0,1.0,4.0,1.0,1.0
5307,1.0,1.0,1.0,3.0,1.0,1.0,1.0,1.0,1.0,5.0,2.0,1.0
5308,1.0,1.0,1.0,3.0,1.0,1.0,1.0,1.0,1.0,4.0,1.0,1.0
5309,1.0,1.0,1.0,3.0,1.0,1.0,1.0,1.0,1.0,3.0,1.0,1.0
5310,1.0,1.0,1.0,3.0,1.0,1.0,1.0,1.0,1.0,3.0,1.0,1.0
5311,1.0,1.0,1.0,3.0,1.0,1.0,1.0,1.0,1.0,4.0,1.0,1.0
5312,1.0,1.0,1.0,3.0,1.0,1.0,1.0,1.0,1.0,3.0,1.0,1.0
5313,1.0,1.0,1.0,3.0,1.0,1.0,1.0,1.0,1.0,5.0,2.0,1.0
5314,1.0,1.0,1.0,3.0,1.0,1.0,1.0,1.0,1.0,4.0,1.0,1.0
5315,1.0,1.0,1.0,3.0,1.0,1.0,1.0,1.0,1.0,4.0,1.0,1.0
5316,1.0,1.0,1.0,3.0,1.0,1.0,1.0,1.0,1.0,5.0,2.0,1.0
5317,1.0,1.0,1.0,3.0,1.0,1.0,1.0,1.0,1.0,5.0,2.0,1.0
5318,1.0,1.0,1.0,3.0,1.0,1.0,1.0,1.0,1.0,4.0,1.0,1.0
5319,1.0,1.0,1.0,3.0,1.0,1.0,1.0,1.0,1.0,5.0,2.0,1.0
5320,1.0,1.0,1.0,3.0,1.0,1.0,1.0,1.0,1.0,4.0,1.0,1.0
5321,1.0,1.0,1.0,3.0,1.0,1.0,1.0,1.0,1.0,3.0,1.0,1.0
5322,1.0,1.0,1.0,3.0,1.0,1.0,1.0,1.0,1.0,3.0,1.0,1.0
5323,1.0,1.0,1.0,3.0,1.0,1.0,1.0,1.0,1.0,3.0,1.0,1.0
5324,1.0,1.0,1.0,3.0,1.0,1.0,1.0,1.0,1.0,5.0,2.0,1.0
5325,1.0,1.0,1.0,3.0,1.0,1.0,1.0,1.0,1.0,3.0,1.0,1.0
5326,1.0,1.0,1.0,3.0,1.0,1.0,1.0,1.0,1.0,3.0,1.0,1.0
5327,1.0,1.0,1.0,3.0,1.0,1.0,1.0,1.0,1.0,5.0,2.0,1.0
5328,1.0,1.0,1.0,3.0,1.0,1.0,1.0,1.0,1.0,5.0,2.0,1.0
5329,1.0,1.0,1.0,3.0,1.0,1.0,1.0,1.0,1.0,3.0,1.0,1.0
5330,1.0,1.0,1.0,3.0,1.0,1.0,1.0,1.0,1.0,5.0,2.0,1.0
5331,1.0,1.0,1.0,3.0,1.0,1.0,1.0,1.0,1.0,4.0,1.0,1.0
5332,1.0,1.0,1.0,3.0,1.0,1.0,1.0,1.0,1.0,3.0,1.0,1.0
5333,1.0,1.0,1.0,3.0,1.0,1.0,1.0,1.0,1.0,3.0,1.0,1.0
5334,1.0,1.0,1.0,3.0,1.0,1.0,1.0,1.0,1.0,5.0,2.0,1.0
5335,1.0,1.0,1.0,3.0,1.0,1.0,1.0,1.0,1.0,5.0,2.0,1.0
5336,1.0,1.0,1.0,3.0,1.0,1.0,1.0,1.0,1.0,3.0,1.0,1.0
5337,1.0,1.0,1.0,3.0,1.0,1.0,1.0,1.0,1.0,5.0,2.0,1.0
5338,1.0,1.0,1.0,3.0,1.0,1.0,1.0,1.0,1.0,3.0,1.0,1.0
5339,1.0,1.0,1.0,3.0,1.0,1.0,1.0,1.0,1.0,3.0,1.0,1.0
5340,1.0,1.0,1.0,3.0,1.0,1.0,1.0,1.0,1.0,5.0,2.0,1.0
5341,1.0,1.0,1.0,3.0,1.0,1.0,1.0,1.0,1.0,3.0,1.0,1.0
5342,1.0,1.0,1.0,3.0,1.0,1.0,1.0,1.0,1.0,5.0,2.0,1.0
5343,1.0,1.0,1.0,3.0,1.0,1.0,1.0,1.0,1.0,5.0,2.0,1.0
5344,1.0,1.0,1.0,3.0,1.0,1.0,1.0,1.0,1.0,3.0,1.0,1.0
5345,1.0,1.0,1.0,3.0,1.0,1.0,1.0,1.0,1.0,5.0,2.0,1.0
5346,1.0,1.0,1.0,3.0,1.0,1.0,1.0,1.0,1.0,3.0,1.0,1.0
5347,1.0,1.0,1.0,3.0,1.0,1.0,1.0,1.0,1.0,3.0,1.0,1.0
5348,1.0,1.0,1.0,3.0,1.0,1.0,1.0,1.0,1.0,3.0,1.0,1.0
5349,1.0,1.0,1.0,3.0,1.0,1.0,1.0,1.0,1.0,5.0,2.0,1.0
5350,1.0,1.0,1.0,3.0,1.0,1.0,1.0,1.0,1.0,3.0,1.0,1.0
5351,1.0,1.0,1.0,3.0,1.0,1.0,1.0,1.0,1.0,5.0,2.0,1.0
5352,1.0,1.0,1.0,3.0,1.0,1.0,1.0,1.0,1.0,3.0,1.0,1.0
5353,1.0,1.0,1.0,3.0,1.0,1.0,1.0,1.0,1.0,5.0,2.0,1.0
5354,1.0,1.0,1.0,3.0,1.0,1.0,1.0,1.0,1.0,3.0,1.0,1.0
5355,1.0,1.0,1.0,3.0,1.0,1.0,1.0,1.0,1.0,3.0,1.0,1.0
5356,1.0,1.0,1.0,3.0,1.0,1.0,1.0,1.0,1.0,3.0,1.0,1.0
5357,1.0,1.0,1.0,3.0,1.0,1.0,1.0,1.0,1.0,4.0,1.0,1.0
5358,1.0,1.0,1.0,3.0,1.0,1.0,1.0,1.0,1.0,5.0,2.0,1.0
5359,1.0,1.0,1.0,3.0,1.0,1.0,1.0,1.0,1.0,4.0,1.0,1.0
5360,1.0,1.0,1.0,3.0,1.0,1.0,1.0,1.0,1.0,3.0,1.0,1.0
5361,1.0,1.0,1.0,3.0,1.0,1.0,1.0,1.0,1.0,3.0,1.0,1.0
5362,1.0,1.0,1.0,3.0,1.0,1.0,1.0,1.0,1.0,5.0,2.0,1.0
5363,1.0,1.0,1.0,3.0,1.0,1.0,1.0,1.0,1.0,4.0,1.0,1.0
5364,1.0,1.0,1.0,3.0,1.0,1.0,1.0,1.0,1.0,3.0,1.0,1.0
5365,1.0,1.0,1.0,3.0,1.0,1.0,1.0,1.0,1.0,5.0,2.0,1.0
5366,1.0,1.0,1.0,3.0,1.0,1.0,1.0,1.0,1.0,3.0,1.0,1.0
5367,1.0,1.0,1.0,3.0,1.0,1.0,1.0,1.0,1.0,3.0,1.0,1.0
5368,1.0,1.0,1.0,3.0,1.0,1.0,1.0,1.0,1.0,3.0,1.0,1.0
5369,1.0,1.0,1.0,3.0,1.0,1.0,1.0,1.0,1.0,5.0,2.0,1.0
5370,1.0,1.0,1.0,3.0,1.0,1.0,1.0,1.0,1.0,3.0,1.0,1.0
5371,1.0,1.0,1.0,3.0,1.0,1.0,1.0,1.0,1.0,5.0,2.0,1.0
5372,1.0,1.0,1.0,3.0,1.0,1.0,1.0,1.0,1.0,3.0,1.0,1.0
5373,1.0,1.0,1.0,3.0,1.0,1.0,1.0,1.0,1.0,4.0,1.0,1.0
5374,1.0,1.0,1.0,3.0,1.0,1.0,1.0,1.0,1.0,5.0,2.0,1.0
5375,1.0,1.0,1.0,3.0,1.0,1.0,1.0,1.0,1.0,5.0,2.0,1.0
5376,1.0,1.0,1.0,3.0,1.0,1.0,1.0,1.0,1.0,5.0,2.0,1.0
5377,1.0,1.0,1.0,3.0,1.0,1.0,1.0,1.0,1.0,3.0,1.0,1.0
5378,1.0,1.0,1.0,3.0,1.0,1.0,1.0,1.0,1.0,3.0,1.0,1.0
5379,1.0,1.0,1.0,3.0,1.0,1.0,1.0,1.0,1.0,5.0,2.0,1.0
5380,1.0,1.0,1.0,3.0,1.0,1.0,1.0,1.0,1.0,5.0,2.0,1.0
5381,1.0,1.0,1.0,3.0,1.0,1.0,1.0,1.0,1.0,3.0,1.0,1.0
5382,1.0,1.0,1.0,3.0,1.0,1.0,1.0,1.0,1.0,5.0,2.0,1.0
5383,1.0,1.0,1.0,3.0,1.0,1.0,1.0,1.0,1.0,4.0,1.0,1.0
5384,1.0,1.0,1.0,3.0,1.0,1.0,1.0,1.0,1.0,4.0,1.0,1.0
5385,1.0,1.0,1.0,3.0,1.0,1.0,1.0,1.0,1.0,5.0,2.0,1.0
5386,1.0,1.0,1.0,3.0,1.0,1.0,1.0,1.0,1.0,3.0,1.0,1.0
5387,1.0,1.0,1.0,3.0,1.0,1.0,1.0,1.0,1.0,5.0,2.0,1.0
5388,1.0,1.0,1.0,3.0,1.0,1.0,1.0,1.0,1.0,3.0,1.0,1.0
5389,1.0,1.0,1.0,3.0,1.0,1.0,1.0,1.0,1.0,4.0,1.0,1.0
5390,1.0,1.0,1.0,3.0,1.0,1.0,1.0,1.0,1.0,5.0,2.0,1.0
5391,1.0,1.0,1.0,3.0,1.0,1.0,1.0,1.0,1.0,5.0,2.0,1.0
5392,1.0,1.0,1.0,3.0,1.0,1.0,1.0,1.0,1.0,5.0,2.0,1.0
5393,1.0,1.0,1.0,3.0,1.0,1.0,1.0,1.0,1.0,3.0,1.0,1.0
5394,1.0,1.0,1.0,3.0,1.0,1.0,1.0,1.0,1.0,3.0,1.0,1.0
5395,1.0,1.0,1.0,3.0,1.0,1.0,1.0,1.0,1.0,5.0,2.0,1.0
5396,1.0,1.0,1.0,3.0,1.0,1.0,1.0,1.0,1.0,3.0,1.0,1.0
5397,1.0,1.0,1.0,3.0,1.0,1.0,1.0,1.0,1.0,5.0,2.0,1.0
5398,1.0,1.0,1.0,3.0,1.0,1.0,1.0,1.0,1.0,4.0,1.0,1.0
5399,1.0,1.0,1.0,3.0,1.0,1.0,1.0,1.0,1.0,3.0,1.0,1.0
5400,1.0,1.0,1.0,3.0,1.0,1.0,1.0,1.0,1.0,3.0,1.0,1.0
5401,1.0,1.0,1.0,3.0,1.0,1.0,1.0,1.0,1.0,3.0,1.0,1.0
5402,1.0,1.0,1.0,3.0,1.0,1.0,1.0,1.0,1.0,5.0,2.0,1.0
5403,1.0,1.0,1.0,3.0,1.0,1.0,1.0,1.0,1.0,3.0,1.0,1.0
5404,1.0,1.0,1.0,3.0,1.0,1.0,1.0,1.0,1.0,3.0,1.0,1.0
5405,1.0,1.0,1.0,3.0,1.0,1.0,1.0,1.0,1.0,3.0,1.0,1.0
5406,1.0,1.0,1.0,3.0,1.0,1.0,1.0,1.0,1.0,5.0,2.0,1.0
5407,1.0,1.0,1.0,3.0,1.0,1.0,1.0,1.0,1.0,3.0,1.0,1.0
5408,1.0,1.0,1.0,3.0,1.0,1.0,1.0,1.0,1.0,5.0,2.0,1.0
5409,1.0,1.0,1.0,3.0,1.0,1.0,1.0,1.0,1.0,3.0,1.0,1.0
5410,1.0,1.0,1.0,3.0,1.0,1.0,1.0,1.0,1.0,3.0,1.0,1.0
5411,1.0,1.0,1.0,3.0,1.0,1.0,1.0,1.0,1.0,3.0,1.0,1.0
5412,1.0,1.0,1.0,3.0,1.0,1.0,1.0,1.0,1.0,3.0,1.0,1.0
5413,1.0,1.0,1.0,3.0,1.0,1.0,1.0,1.0,1.0,3.0,1.0,1.0
5414,1.0,1.0,1.0,3.0,1.0,1.0,1.0,1.0,1.0,3.0,1.0,1.0
5415,1.0,1.0,1.0,3.0,1.0,1.0,1.0,1.0,1.0,3.0,1.0,1.0
5416,1.0,1.0,1.0,3.0,1.0,1.0,1.0,1.0,1.0,5.0,2.0,1.0
5417,1.0,1.0,1.0,3.0,1.0,1.0,1.0,1.0,1.0,3.0,1.0,1.0
5418,1.0,1.0,1.0,3.0,1.0,1.0,1.0,1.0,1.0,3.0,1.0,1.0
5419,1.0,1.0,1.0,3.0,1.0,1.0,1.0,1.0,1.0,5.0,2.0,1.0
5420,1.0,1.0,1.0,3.0,1.0,1.0,1.0,1.0,1.0,4.0,1.0,1.0
5421,1.0,1.0,1.0,3.0,1.0,1.0,1.0,1.0,1.0,4.0,1.0,1.0
5422,1.0,1.0,1.0,3.0,1.0,1.0,1.0,1.0,1.0,3.0,1.0,1.0
5423,1.0,1.0,1.0,3.0,1.0,1.0,1.0,1.0,1.0,3.0,1.0,1.0
5424,1.0,1.0,1.0,3.0,1.0,1.0,1.0,1.0,1.0,5.0,2.0,1.0
5425,1.0,1.0,1.0,3.0,1.0,1.0,1.0,1.0,1.0,4.0,1.0,1.0
5426,1.0,1.0,1.0,3.0,1.0,1.0,1.0,1.0,1.0,4.0,1.0,1.0
5427,1.0,1.0,1.0,3.0,1.0,1.0,1.0,1.0,1.0,5.0,2.0,1.0
5428,1.0,1.0,1.0,3.0,1.0,1.0,1.0,1.0,1.0,3.0,1.0,1.0
5429,1.0,1.0,1.0,3.0,1.0,1.0,1.0,1.0,1.0,4.0,1.0,1.0
5430,1.0,1.0,1.0,3.0,1.0,1.0,1.0,1.0,1.0,5.0,2.0,1.0
5431,1.0,1.0,1.0,3.0,1.0,1.0,1.0,1.0,1.0,3.0,1.0,1.0
5432,1.0,1.0,1.0,3.0,1.0,1.0,1.0,1.0,1.0,5.0,2.0,1.0
5433,1.0,1.0,1.0,3.0,1.0,1.0,1.0,1.0,1.0,3.0,1.0,1.0
5434,1.0,1.0,1.0,3.0,1.0,1.0,1.0,1.0,1.0,3.0,1.0,1.0
5435,1.0,1.0,1.0,3.0,1.0,1.0,1.0,1.0,1.0,3.0,1.0,1.0
5436,1.0,1.0,1.0,3.0,1.0,1.0,1.0,1.0,1.0,3.0,1.0,1.0
5437,1.0,1.0,1.0,3.0,1.0,1.0,1.0,1.0,1.0,4.0,1.0,1.0
5438,1.0,1.0,1.0,3.0,1.0,1.0,1.0,1.0,1.0,3.0,1.0,1.0
5439,1.0,1.0,1.0,3.0,1.0,1.0,1.0,1.0,1.0,3.0,1.0,1.0
5440,1.0,1.0,1.0,3.0,1.0,1.0,1.0,1.0,1.0,4.0,1.0,1.0
5441,1.0,1.0,1.0,3.0,1.0,1.0,1.0,1.0,1.0,5.0,2.0,1.0
5442,1.0,1.0,1.0,3.0,1.0,1.0,1.0,1.0,1.0,3.0,1.0,1.0
5443,1.0,1.0,1.0,3.0,1.0,1.0,1.0,1.0,1.0,3.0,1.0,1.0
5444,1.0,1.0,1.0,3.0,1.0,1.0,1.0,1.0,1.0,4.0,1.0,1.0
5445,1.0,1.0,1.0,3.0,1.0,1.0,1.0,1.0,1.0,3.0,1.0,1.0
5446,1.0,1.0,1.0,3.0,1.0,1.0,1.0,1.0,1.0,3.0,1.0,1.0
5447,1.0,1.0,1.0,3.0,1.0,1.0,1.0,1.0,1.0,4.0,1.0,1.0
5448,1.0,1.0,1.0,3.0,1.0,1.0,1.0,1.0,1.0,5.0,2.0,1.0
5449,1.0,1.0,1.0,3.0,1.0,1.0,1.0,1.0,1.0,3.0,1.0,1.0
5450,1.0,1.0,1.0,3.0,1.0,1.0,1.0,1.0,1.0,3.0,1.0,1.0
5451,1.0,1.0,1.0,3.0,1.0,1.0,1.0,1.0,1.0,3.0,1.0,1.0
5452,1.0,1.0,1.0,3.0,1.0,1.0,1.0,1.0,1.0,4.0,1.0,1.0
5453,1.0,1.0,1.0,3.0,1.0,1.0,1.0,1.0,1.0,4.0,1.0,1.0
5454,1.0,1.0,1.0,3.0,1.0,1.0,1.0,1.0,1.0,3.0,1.0,1.0
5455,1.0,1.0,1.0,3.0,1.0,1.0,1.0,1.0,1.0,4.0,1.0,1.0
5456,1.0,1.0,1.0,3.0,1.0,1.0,1.0,1.0,1.0,5.0,2.0,1.0
5457,1.0,1.0,1.0,3.0,1.0,1.0,1.0,1.0,1.0,4.0,1.0,1.0
5458,1.0,1.0,1.0,3.0,1.0,1.0,1.0,1.0,1.0,5.0,2.0,1.0
5459,1.0,1.0,1.0,3.0,1.0,1.0,1.0,1.0,1.0,5.0,2.0,1.0
5460,1.0,1.0,1.0,3.0,1.0,1.0,1.0,1.0,1.0,5.0,2.0,1.0
5461,1.0,1.0,1.0,3.0,1.0,1.0,1.0,1.0,1.0,5.0,2.0,1.0
5462,1.0,1.0,1.0,3.0,1.0,1.0,1.0,1.0,1.0,3.0,1.0,1.0
5463,1.0,1.0,1.0,3.0,1.0,1.0,1.0,1.0,1.0,3.0,1.0,1.0
5464,1.0,1.0,1.0,3.0,1.0,1.0,1.0,1.0,1.0,5.0,2.0,1.0
5465,1.0,1.0,1.0,3.0,1.0,1.0,1.0,1.0,1.0,4.0,1.0,1.0
5466,1.0,1.0,1.0,3.0,1.0,1.0,1.0,1.0,1.0,4.0,1.0,1.0
5467,1.0,1.0,1.0,3.0,1.0,1.0,1.0,1.0,1.0,3.0,1.0,1.0
5468,1.0,1.0,1.0,3.0,1.0,1.0,1.0,1.0,1.0,3.0,1.0,1.0
5469,1.0,1.0,1.0,3.0,1.0,1.0,1.0,1.0,1.0,4.0,1.0,1.0
5470,1.0,1.0,1.0,3.0,1.0,1.0,1.0,1.0,1.0,5.0,2.0,1.0
5471,1.0,1.0,1.0,3.0,1.0,1.0,1.0,1.0,1.0,4.0,1.0,1.0
5472,1.0,1.0,1.0,3.0,1.0,1.0,1.0,1.0,1.0,3.0,1.0,1.0
5473,1.0,1.0,1.0,3.0,1.0,1.0,1.0,1.0,1.0,4.0,1.0,1.0
5474,1.0,1.0,1.0,3.0,1.0,1.0,1.0,1.0,1.0,5.0,2.0,1.0
5475,1.0,1.0,1.0,3.0,1.0,1.0,1.0,1.0,1.0,5.0,2.0,1.0
5476,1.0,1.0,1.0,3.0,1.0,1.0,1.0,1.0,1.0,5.0,2.0,1.0
5477,1.0,1.0,1.0,3.0,1.0,1.0,1.0,1.0,1.0,3.0,1.0,1.0
5478,1.0,1.0,1.0,3.0,1.0,1.0,1.0,1.0,1.0,3.0,1.0,1.0
5479,1.0,1.0,1.0,3.0,1.0,1.0,1.0,1.0,1.0,3.0,1.0,1.0
5480,1.0,1.0,1.0,3.0,1.0,1.0,1.0,1.0,1.0,3.0,1.0,1.0
5481,1.0,1.0,1.0,3.0,1.0,1.0,1.0,1.0,1.0,3.0,1.0,1.0
5482,1.0,1.0,1.0,3.0,1.0,1.0,1.0,1.0,1.0,4.0,1.0,1.0
5483,1.0,1.0,1.0,3.0,1.0,1.0,1.0,1.0,1.0,4.0,1.0,1.0
5484,1.0,1.0,1.0,3.0,1.0,1.0,1.0,1.0,1.0,5.0,2.0,1.0
5485,1.0,1.0,1.0,3.0,1.0,1.0,1.0,1.0,1.0,3.0,1.0,1.0
5486,1.0,1.0,1.0,3.0,1.0,1.0,1.0,1.0,1.0,3.0,1.0,1.0
5487,1.0,1.0,1.0,3.0,1.0,1.0,1.0,1.0,1.0,5.0,2.0,1.0
5488,1.0,1.0,1.0,3.0,1.0,1.0,1.0,1.0,1.0,3.0,1.0,1.0
5489,1.0,1.0,1.0,3.0,1.0,1.0,1.0,1.0,1.0,3.0,1.0,1.0
5490,1.0,1.0,1.0,3.0,1.0,1.0,1.0,1.0,1.0,5.0,2.0,1.0
5491,1.0,1.0,1.0,3.0,1.0,1.0,1.0,1.0,1.0,5.0,2.0,1.0
5492,1.0,1.0,1.0,3.0,1.0,1.0,1.0,1.0,1.0,3.0,1.0,1.0
5493,1.0,1.0,1.0,3.0,1.0,1.0,1.0,1.0,1.0,3.0,1.0,1.0
5494,1.0,1.0,1.0,3.0,1.0,1.0,1.0,1.0,1.0,3.0,1.0,1.0
5495,1.0,1.0,1.0,3.0,1.0,1.0,1.0,1.0,1.0,5.0,2.0,1.0
5496,1.0,1.0,1.0,3.0,1.0,1.0,1.0,1.0,1.0,3.0,1.0,1.0
5497,1.0,1.0,1.0,3.0,1.0,1.0,1.0,1.0,1.0,5.0,2.0,1.0
5498,1.0,1.0,1.0,3.0,1.0,1.0,1.0,1.0,1.0,3.0,1.0,1.0
5499,1.0,1.0,1.0,3.0,1.0,1.0,1.0,1.0,1.0,3.0,1.0,1.0
5500,1.0,1.0,1.0,3.0,1.0,1.0,1.0,1.0,1.0,4.0,1.0,1.0
5501,1.0,1.0,1.0,3.0,1.0,1.0,1.0,1.0,1.0,5.0,2.0,1.0
5502,1.0,1.0,1.0,3.0,1.0,1.0,1.0,1.0,1.0,5.0,2.0,1.0
5503,1.0,1.0,1.0,3.0,1.0,1.0,1.0,1.0,1.0,5.0,2.0,1.0
5504,1.0,1.0,1.0,3.0,1.0,1.0,1.0,1.0,1.0,3.0,1.0,1.0
5505,1.0,1.0,1.0,3.0,1.0,1.0,1.0,1.0,1.0,3.0,1.0,1.0
5506,1.0,1.0,1.0,3.0,1.0,1.0,1.0,1.0,1.0,3.0,1.0,1.0
5507,1.0,1.0,1.0,3.0,1.0,1.0,1.0,1.0,1.0,5.0,2.0,1.0
5508,1.0,1.0,1.0,3.0,1.0,1.0,1.0,1.0,1.0,4.0,1.0,1.0
5509,1.0,1.0,1.0,3.0,1.0,1.0,1.0,1.0,1.0,4.0,1.0,1.0
5510,1.0,1.0,1.0,3.0,1.0,1.0,1.0,1.0,1.0,5.0,2.0,1.0
5511,1.0,1.0,1.0,3.0,1.0,1.0,1.0,1.0,1.0,3.0,1.0,1.0
5512,1.0,1.0,1.0,3.0,1.0,1.0,1.0,1.0,1.0,3.0,1.0,1.0
5513,1.0,1.0,1.0,3.0,1.0,1.0,1.0,1.0,1.0,4.0,1.0,1.0
5514,1.0,1.0,1.0,3.0,1.0,1.0,1.0,1.0,1.0,3.0,1.0,1.0
5515,1.0,1.0,1.0,3.0,1.0,1.0,1.0,1.0,1.0,3.0,1.0,1.0
5516,1.0,1.0,1.0,3.0,1.0,1.0,1.0,1.0,1.0,5.0,2.0,1.0
5517,1.0,1.0,1.0,3.0,1.0,1.0,1.0,1.0,1.0,3.0,1.0,1.0
5518,1.0,1.0,1.0,3.0,1.0,1.0,1.0,1.0,1.0,5.0,2.0,1.0
5519,1.0,1.0,1.0,3.0,1.0,1.0,1.0,1.0,1.0,5.0,2.0,1.0
5520,1.0,1.0,1.0,3.0,1.0,1.0,1.0,1.0,1.0,3.0,1.0,1.0
5521,1.0,1.0,1.0,3.0,1.0,1.0,1.0,1.0,1.0,3.0,1.0,1.0
5522,1.0,1.0,1.0,3.0,1.0,1.0,1.0,1.0,1.0,5.0,2.0,1.0
5523,1.0,1.0,1.0,3.0,1.0,1.0,1.0,1.0,1.0,4.0,1.0,1.0
5524,1.0,1.0,1.0,3.0,1.0,1.0,1.0,1.0,1.0,3.0,1.0,1.0
5525,1.0,1.0,1.0,3.0,1.0,1.0,1.0,1.0,1.0,3.0,1.0,1.0
5526,1.0,1.0,1.0,3.0,1.0,1.0,1.0,1.0,1.0,4.0,1.0,1.0
5527,1.0,1.0,1.0,3.0,1.0,1.0,1.0,1.0,1.0,3.0,1.0,1.0
5528,1.0,1.0,1.0,3.0,1.0,1.0,1.0,1.0,1.0,3.0,1.0,1.0
5529,1.0,1.0,1.0,3.0,1.0,1.0,1.0,1.0,1.0,3.0,1.0,1.0
5530,1.0,1.0,1.0,3.0,1.0,1.0,1.0,1.0,1.0,3.0,1.0,1.0
5531,1.0,1.0,1.0,3.0,1.0,1.0,1.0,1.0,1.0,3.0,1.0,1.0
5532,1.0,1.0,1.0,3.0,1.0,1.0,1.0,1.0,1.0,3.0,1.0,1.0
5533,1.0,1.0,1.0,3.0,1.0,1.0,1.0,1.0,1.0,3.0,1.0,1.0
5534,1.0,1.0,1.0,3.0,1.0,1.0,1.0,1.0,1.0,3.0,1.0,1.0
5535,1.0,1.0,1.0,3.0,1.0,1.0,1.0,1.0,1.0,5.0,2.0,1.0
5536,1.0,1.0,1.0,3.0,1.0,1.0,1.0,1.0,1.0,5.0,2.0,1.0
5537,1.0,1.0,1.0,3.0,1.0,1.0,1.0,1.0,1.0,3.0,1.0,1.0
5538,1.0,1.0,1.0,3.0,1.0,1.0,1.0,1.0,1.0,5.0,2.0,1.0
5539,1.0,1.0,1.0,3.0,1.0,1.0,1.0,1.0,1.0,5.0,2.0,1.0
5540,1.0,1.0,1.0,3.0,1.0,1.0,1.0,1.0,1.0,5.0,2.0,1.0
5541,1.0,1.0,1.0,3.0,1.0,1.0,1.0,1.0,1.0,5.0,2.0,1.0
5542,1.0,1.0,1.0,3.0,1.0,1.0,1.0,1.0,1.0,4.0,1.0,1.0
5543,1.0,1.0,1.0,3.0,1.0,1.0,1.0,1.0,1.0,3.0,1.0,1.0
5544,1.0,1.0,1.0,3.0,1.0,1.0,1.0,1.0,1.0,5.0,2.0,1.0
5545,1.0,1.0,1.0,3.0,1.0,1.0,1.0,1.0,1.0,3.0,1.0,1.0
5546,1.0,1.0,1.0,3.0,1.0,1.0,1.0,1.0,1.0,4.0,1.0,1.0
5547,1.0,1.0,1.0,3.0,1.0,1.0,1.0,1.0,1.0,5.0,2.0,1.0
5548,1.0,1.0,1.0,3.0,1.0,1.0,1.0,1.0,1.0,3.0,1.0,1.0
5549,1.0,1.0,1.0,3.0,1.0,1.0,1.0,1.0,1.0,4.0,1.0,1.0
5550,1.0,1.0,1.0,3.0,1.0,1.0,1.0,1.0,1.0,4.0,1.0,1.0
5551,1.0,1.0,1.0,3.0,1.0,1.0,1.0,1.0,1.0,4.0,1.0,1.0
5552,1.0,1.0,1.0,3.0,1.0,1.0,1.0,1.0,1.0,4.0,1.0,1.0
5553,1.0,1.0,1.0,3.0,1.0,1.0,1.0,1.0,1.0,3.0,1.0,1.0
5554,1.0,1.0,1.0,3.0,1.0,1.0,1.0,1.0,1.0,5.0,2.0,1.0
5555,1.0,1.0,1.0,3.0,1.0,1.0,1.0,1.0,1.0,3.0,1.0,1.0
5556,1.0,1.0,1.0,3.0,1.0,1.0,1.0,1.0,1.0,5.0,2.0,1.0
5557,1.0,1.0,1.0,3.0,1.0,1.0,1.0,1.0,1.0,3.0,1.0,1.0
5558,1.0,1.0,1.0,3.0,1.0,1.0,1.0,1.0,1.0,5.0,2.0,1.0
5559,1.0,1.0,1.0,3.0,1.0,1.0,1.0,1.0,1.0,3.0,1.0,1.0
5560,1.0,1.0,1.0,3.0,1.0,1.0,1.0,1.0,1.0,4.0,1.0,1.0
5561,1.0,1.0,1.0,3.0,1.0,1.0,1.0,1.0,1.0,3.0,1.0,1.0
5562,1.0,1.0,1.0,3.0,1.0,1.0,1.0,1.0,1.0,3.0,1.0,1.0
5563,1.0,1.0,1.0,3.0,1.0,1.0,1.0,1.0,1.0,5.0,2.0,1.0
5564,1.0,1.0,1.0,3.0,1.0,1.0,1.0,1.0,1.0,3.0,1.0,1.0
5565,1.0,1.0,1.0,3.0,1.0,1.0,1.0,1.0,1.0,3.0,1.0,1.0
5566,1.0,1.0,1.0,3.0,1.0,1.0,1.0,1.0,1.0,5.0,2.0,1.0
5567,1.0,1.0,1.0,3.0,1.0,1.0,1.0,1.0,1.0,5.0,2.0,1.0
5568,1.0,1.0,1.0,3.0,1.0,1.0,1.0,1.0,1.0,5.0,2.0,1.0
5569,1.0,1.0,1.0,3.0,1.0,1.0,1.0,1.0,1.0,3.0,1.0,1.0
5570,1.0,1.0,1.0,3.0,1.0,1.0,1.0,1.0,1.0,3.0,1.0,1.0
5571,1.0,1.0,1.0,3.0,1.0,1.0,1.0,1.0,1.0,5.0,2.0,1.0
5572,1.0,1.0,1.0,3.0,1.0,1.0,1.0,1.0,1.0,3.0,1.0,1.0
5573,1.0,1.0,1.0,3.0,1.0,1.0,1.0,1.0,1.0,3.0,1.0,1.0
5574,1.0,1.0,1.0,3.0,1.0,1.0,1.0,1.0,1.0,4.0,1.0,1.0
5575,1.0,1.0,1.0,3.0,1.0,1.0,1.0,1.0,1.0,4.0,1.0,1.0
5576,1.0,1.0,1.0,3.0,1.0,1.0,1.0,1.0,1.0,3.0,1.0,1.0
5577,1.0,1.0,1.0,3.0,1.0,1.0,1.0,1.0,1.0,4.0,1.0,1.0
5578,1.0,1.0,1.0,3.0,1.0,1.0,1.0,1.0,1.0,5.0,2.0,1.0
5579,1.0,1.0,1.0,3.0,1.0,1.0,1.0,1.0,1.0,3.0,1.0,1.0
5580,1.0,1.0,1.0,3.0,1.0,1.0,1.0,1.0,1.0,3.0,1.0,1.0
5581,1.0,1.0,1.0,3.0,1.0,1.0,1.0,1.0,1.0,3.0,1.0,1.0
5582,1.0,1.0,1.0,3.0,1.0,1.0,1.0,1.0,1.0,3.0,1.0,1.0
5583,1.0,1.0,1.0,3.0,1.0,1.0,1.0,1.0,1.0,3.0,1.0,1.0
5584,1.0,1.0,1.0,3.0,1.0,1.0,1.0,1.0,1.0,4.0,1.0,1.0
5585,1.0,1.0,1.0,3.0,1.0,1.0,1.0,1.0,1.0,3.0,1.0,1.0
5586,1.0,1.0,1.0,3.0,1.0,1.0,1.0,1.0,1.0,4.0,1.0,1.0
5587,1.0,1.0,1.0,3.0,1.0,1.0,1.0,1.0,1.0,3.0,1.0,1.0
5588,1.0,1.0,1.0,3.0,1.0,1.0,1.0,1.0,1.0,3.0,1.0,1.0
5589,1.0,1.0,1.0,3.0,1.0,1.0,1.0,1.0,1.0,3.0,1.0,1.0
5590,1.0,1.0,1.0,3.0,1.0,1.0,1.0,1.0,1.0,3.0,1.0,1.0
5591,1.0,1.0,1.0,3.0,1.0,1.0,1.0,1.0,1.0,3.0,1.0,1.0
5592,1.0,1.0,1.0,3.0,1.0,1.0,1.0,1.0,1.0,4.0,1.0,1.0
5593,1.0,1.0,1.0,3.0,1.0,1.0,1.0,1.0,1.0,4.0,1.0,1.0
5594,1.0,1.0,1.0,3.0,1.0,1.0,1.0,1.0,1.0,3.0,1.0,1.0
5595,1.0,1.0,1.0,3.0,1.0,1.0,1.0,1.0,1.0,5.0,2.0,1.0
5596,1.0,1.0,1.0,3.0,1.0,1.0,1.0,1.0,1.0,3.0,1.0,1.0
5597,1.0,1.0,1.0,3.0,1.0,1.0,1.0,1.0,1.0,3.0,1.0,1.0
5598,1.0,1.0,1.0,3.0,1.0,1.0,1.0,1.0,1.0,3.0,1.0,1.0
5599,1.0,1.0,1.0,3.0,1.0,1.0,1.0,1.0,1.0,5.0,2.0,1.0
5600,1.0,1.0,1.0,3.0,1.0,1.0,1.0,1.0,1.0,3.0,1.0,1.0
5601,1.0,1.0,1.0,3.0,1.0,1.0,1.0,1.0,1.0,3.0,1.0,1.0
5602,1.0,1.0,1.0,3.0,1.0,1.0,1.0,1.0,1.0,4.0,1.0,1.0
5603,1.0,1.0,1.0,3.0,1.0,1.0,1.0,1.0,1.0,3.0,1.0,1.0
5604,1.0,1.0,1.0,3.0,1.0,1.0,1.0,1.0,1.0,4.0,1.0,1.0
5605,1.0,1.0,1.0,3.0,1.0,1.0,1.0,1.0,1.0,5.0,2.0,1.0
5606,1.0,1.0,1.0,3.0,1.0,1.0,1.0,1.0,1.0,5.0,2.0,1.0
5607,1.0,1.0,1.0,3.0,1.0,1.0,1.0,1.0,1.0,3.0,1.0,1.0
5608,1.0,1.0,1.0,3.0,1.0,1.0,1.0,1.0,1.0,3.0,1.0,1.0
5609,1.0,1.0,1.0,3.0,1.0,1.0,1.0,1.0,1.0,5.0,2.0,1.0
5610,1.0,1.0,1.0,3.0,1.0,1.0,1.0,1.0,1.0,4.0,1.0,1.0
5611,1.0,1.0,1.0,3.0,1.0,1.0,1.0,1.0,1.0,3.0,1.0,1.0
5612,1.0,1.0,1.0,3.0,1.0,1.0,1.0,1.0,1.0,3.0,1.0,1.0
5613,1.0,1.0,1.0,3.0,1.0,1.0,1.0,1.0,1.0,5.0,2.0,1.0
5614,1.0,1.0,1.0,3.0,1.0,1.0,1.0,1.0,1.0,3.0,1.0,1.0
5615,1.0,1.0,1.0,3.0,1.0,1.0,1.0,1.0,1.0,4.0,1.0,1.0
5616,1.0,1.0,1.0,3.0,1.0,1.0,1.0,1.0,1.0,4.0,1.0,1.0
5617,1.0,1.0,1.0,3.0,1.0,1.0,1.0,1.0,1.0,4.0,1.0,1.0
5618,1.0,1.0,1.0,3.0,1.0,1.0,1.0,1.0,1.0,3.0,1.0,1.0
5619,1.0,1.0,1.0,3.0,1.0,1.0,1.0,1.0,1.0,5.0,2.0,1.0
5620,1.0,1.0,1.0,3.0,1.0,1.0,1.0,1.0,1.0,4.0,1.0,1.0
5621,1.0,1.0,1.0,3.0,1.0,1.0,1.0,1.0,1.0,5.0,2.0,1.0
5622,1.0,1.0,1.0,3.0,1.0,1.0,1.0,1.0,1.0,3.0,1.0,1.0
5623,1.0,1.0,1.0,3.0,1.0,1.0,1.0,1.0,1.0,4.0,1.0,1.0
5624,1.0,1.0,1.0,3.0,1.0,1.0,1.0,1.0,1.0,3.0,1.0,1.0
5625,1.0,1.0,1.0,3.0,1.0,1.0,1.0,1.0,1.0,5.0,2.0,1.0
5626,1.0,1.0,1.0,3.0,1.0,1.0,1.0,1.0,1.0,3.0,1.0,1.0
5627,1.0,1.0,1.0,3.0,1.0,1.0,1.0,1.0,1.0,5.0,2.0,1.0
5628,1.0,1.0,1.0,3.0,1.0,1.0,1.0,1.0,1.0,3.0,1.0,1.0
5629,1.0,1.0,1.0,3.0,1.0,1.0,1.0,1.0,1.0,3.0,1.0,1.0
5630,1.0,1.0,1.0,3.0,1.0,1.0,1.0,1.0,1.0,4.0,1.0,1.0
5631,1.0,1.0,1.0,3.0,1.0,1.0,1.0,1.0,1.0,4.0,1.0,1.0
5632,1.0,1.0,1.0,3.0,1.0,1.0,1.0,1.0,1.0,3.0,1.0,1.0
5633,1.0,1.0,1.0,3.0,1.0,1.0,1.0,1.0,1.0,4.0,1.0,1.0
5634,1.0,1.0,1.0,3.0,1.0,1.0,1.0,1.0,1.0,4.0,1.0,1.0
5635,1.0,1.0,1.0,3.0,1.0,1.0,1.0,1.0,1.0,5.0,2.0,1.0
5636,1.0,1.0,1.0,3.0,1.0,1.0,1.0,1.0,1.0,5.0,2.0,1.0
5637,1.0,1.0,1.0,3.0,1.0,1.0,1.0,1.0,1.0,4.0,1.0,1.0
5638,1.0,1.0,1.0,3.0,1.0,1.0,1.0,1.0,1.0,3.0,1.0,1.0
5639,1.0,1.0,1.0,3.0,1.0,1.0,1.0,1.0,1.0,5.0,2.0,1.0
5640,1.0,1.0,1.0,3.0,1.0,1.0,1.0,1.0,1.0,5.0,2.0,1.0
5641,1.0,1.0,1.0,3.0,1.0,1.0,1.0,1.0,1.0,5.0,2.0,1.0
5642,1.0,1.0,1.0,3.0,1.0,1.0,1.0,1.0,1.0,4.0,1.0,1.0
5643,1.0,1.0,1.0,3.0,1.0,1.0,1.0,1.0,1.0,3.0,1.0,1.0
5644,1.0,1.0,1.0,3.0,1.0,1.0,1.0,1.0,1.0,3.0,1.0,1.0
5645,1.0,1.0,1.0,3.0,1.0,1.0,1.0,1.0,1.0,3.0,1.0,1.0
5646,1.0,1.0,1.0,3.0,1.0,1.0,1.0,1.0,1.0,4.0,1.0,1.0
5647,1.0,1.0,1.0,3.0,1.0,1.0,1.0,1.0,1.0,3.0,1.0,1.0
5648,1.0,1.0,1.0,3.0,1.0,1.0,1.0,1.0,1.0,3.0,1.0,1.0
5649,1.0,1.0,1.0,3.0,1.0,1.0,1.0,1.0,1.0,5.0,2.0,1.0
5650,1.0,1.0,1.0,3.0,1.0,1.0,1.0,1.0,1.0,5.0,2.0,1.0
5651,1.0,1.0,1.0,3.0,1.0,1.0,1.0,1.0,1.0,4.0,1.0,1.0
5652,1.0,1.0,1.0,3.0,1.0,1.0,1.0,1.0,1.0,5.0,2.0,1.0
5653,1.0,1.0,1.0,3.0,1.0,1.0,1.0,1.0,1.0,3.0,1.0,1.0
5654,1.0,1.0,1.0,3.0,1.0,1.0,1.0,1.0,1.0,4.0,1.0,1.0
5655,1.0,1.0,1.0,3.0,1.0,1.0,1.0,1.0,1.0,3.0,1.0,1.0
5656,1.0,1.0,1.0,3.0,1.0,1.0,1.0,1.0,1.0,3.0,1.0,1.0
5657,1.0,1.0,1.0,3.0,1.0,1.0,1.0,1.0,1.0,3.0,1.0,1.0
5658,1.0,1.0,1.0,3.0,1.0,1.0,1.0,1.0,1.0,5.0,2.0,1.0
5659,1.0,1.0,1.0,3.0,1.0,1.0,1.0,1.0,1.0,3.0,1.0,1.0
5660,1.0,1.0,1.0,3.0,1.0,1.0,1.0,1.0,1.0,5.0,2.0,1.0
5661,1.0,1.0,1.0,3.0,1.0,1.0,1.0,1.0,1.0,3.0,1.0,1.0
5662,1.0,1.0,1.0,3.0,1.0,1.0,1.0,1.0,1.0,5.0,2.0,1.0
5663,1.0,1.0,1.0,3.0,1.0,1.0,1.0,1.0,1.0,5.0,2.0,1.0
5664,1.0,1.0,1.0,3.0,1.0,1.0,1.0,1.0,1.0,4.0,1.0,1.0
5665,1.0,1.0,1.0,3.0,1.0,1.0,1.0,1.0,1.0,5.0,2.0,1.0
5666,1.0,1.0,1.0,3.0,1.0,1.0,1.0,1.0,1.0,5.0,2.0,1.0
5667,1.0,1.0,1.0,3.0,1.0,1.0,1.0,1.0,1.0,4.0,1.0,1.0
5668,1.0,1.0,1.0,3.0,1.0,1.0,1.0,1.0,1.0,3.0,1.0,1.0
5669,1.0,1.0,1.0,3.0,1.0,1.0,1.0,1.0,1.0,3.0,1.0,1.0
5670,1.0,1.0,1.0,3.0,1.0,1.0,1.0,1.0,1.0,4.0,1.0,1.0
5671,1.0,1.0,1.0,3.0,1.0,1.0,1.0,1.0,1.0,3.0,1.0,1.0
5672,1.0,1.0,1.0,3.0,1.0,1.0,1.0,1.0,1.0,3.0,1.0,1.0
5673,1.0,1.0,1.0,3.0,1.0,1.0,1.0,1.0,1.0,4.0,1.0,1.0
5674,1.0,1.0,1.0,3.0,1.0,1.0,1.0,1.0,1.0,4.0,1.0,1.0
5675,1.0,1.0,1.0,3.0,1.0,1.0,1.0,1.0,1.0,4.0,1.0,1.0
5676,1.0,1.0,1.0,3.0,1.0,1.0,1.0,1.0,1.0,3.0,1.0,1.0
5677,1.0,1.0,1.0,3.0,1.0,1.0,1.0,1.0,1.0,5.0,2.0,1.0
5678,1.0,1.0,1.0,3.0,1.0,1.0,1.0,1.0,1.0,4.0,1.0,1.0
5679,1.0,1.0,1.0,3.0,1.0,1.0,1.0,1.0,1.0,4.0,1.0,1.0
5680,1.0,1.0,1.0,3.0,1.0,1.0,1.0,1.0,1.0,3.0,1.0,1.0
5681,1.0,1.0,1.0,3.0,1.0,1.0,1.0,1.0,1.0,3.0,1.0,1.0
5682,1.0,1.0,1.0,3.0,1.0,1.0,1.0,1.0,1.0,4.0,1.0,1.0
5683,1.0,1.0,1.0,3.0,1.0,1.0,1.0,1.0,1.0,3.0,1.0,1.0
5684,1.0,1.0,1.0,3.0,1.0,1.0,1.0,1.0,1.0,3.0,1.0,1.0
5685,1.0,1.0,1.0,3.0,1.0,1.0,1.0,1.0,1.0,3.0,1.0,1.0
5686,1.0,1.0,1.0,3.0,1.0,1.0,1.0,1.0,1.0,5.0,2.0,1.0
5687,1.0,1.0,1.0,3.0,1.0,1.0,1.0,1.0,1.0,3.0,1.0,1.0
5688,1.0,1.0,1.0,3.0,1.0,1.0,1.0,1.0,1.0,3.0,1.0,1.0
5689,1.0,1.0,1.0,3.0,1.0,1.0,1.0,1.0,1.0,3.0,1.0,1.0
5690,1.0,1.0,1.0,3.0,1.0,1.0,1.0,1.0,1.0,3.0,1.0,1.0
5691,1.0,1.0,1.0,3.0,1.0,1.0,1.0,1.0,1.0,3.0,1.0,1.0
5692,1.0,1.0,1.0,3.0,1.0,1.0,1.0,1.0,1.0,5.0,2.0,1.0
5693,1.0,1.0,1.0,3.0,1.0,1.0,1.0,1.0,1.0,5.0,2.0,1.0
5694,1.0,1.0,1.0,3.0,1.0,1.0,1.0,1.0,1.0,3.0,1.0,1.0
5695,1.0,1.0,1.0,3.0,1.0,1.0,1.0,1.0,1.0,3.0,1.0,1.0
5696,1.0,1.0,1.0,3.0,1.0,1.0,1.0,1.0,1.0,4.0,1.0,1.0
5697,1.0,1.0,1.0,3.0,1.0,1.0,1.0,1.0,1.0,3.0,1.0,1.0
5698,1.0,1.0,1.0,3.0,1.0,1.0,1.0,1.0,1.0,5.0,2.0,1.0
5699,1.0,1.0,1.0,3.0,1.0,1.0,1.0,1.0,1.0,3.0,1.0,1.0
5700,1.0,1.0,1.0,3.0,1.0,1.0,1.0,1.0,1.0,5.0,2.0,1.0
5701,1.0,1.0,1.0,3.0,1.0,1.0,1.0,1.0,1.0,3.0,1.0,1.0
5702,1.0,1.0,1.0,3.0,1.0,1.0,1.0,1.0,1.0,5.0,2.0,1.0
5703,1.0,1.0,1.0,3.0,1.0,1.0,1.0,1.0,1.0,4.0,1.0,1.0
5704,1.0,1.0,1.0,3.0,1.0,1.0,1.0,1.0,1.0,3.0,1.0,1.0
5705,1.0,1.0,1.0,3.0,1.0,1.0,1.0,1.0,1.0,3.0,1.0,1.0
5706,1.0,1.0,1.0,3.0,1.0,1.0,1.0,1.0,1.0,3.0,1.0,1.0
5707,1.0,1.0,1.0,3.0,1.0,1.0,1.0,1.0,1.0,3.0,1.0,1.0
5708,1.0,1.0,1.0,3.0,1.0,1.0,1.0,1.0,1.0,3.0,1.0,1.0
5709,1.0,1.0,1.0,3.0,1.0,1.0,1.0,1.0,1.0,4.0,1.0,1.0
5710,1.0,1.0,1.0,3.0,1.0,1.0,1.0,1.0,1.0,4.0,1.0,1.0
5711,1.0,1.0,1.0,3.0,1.0,1.0,1.0,1.0,1.0,3.0,1.0,1.0
5712,1.0,1.0,1.0,3.0,1.0,1.0,1.0,1.0,1.0,3.0,1.0,1.0
5713,1.0,1.0,1.0,3.0,1.0,1.0,1.0,1.0,1.0,3.0,1.0,1.0
5714,1.0,1.0,1.0,3.0,1.0,1.0,1.0,1.0,1.0,3.0,1.0,1.0
5715,1.0,1.0,1.0,3.0,1.0,1.0,1.0,1.0,1.0,3.0,1.0,1.0
5716,1.0,1.0,1.0,3.0,1.0,1.0,1.0,1.0,1.0,5.0,2.0,1.0
5717,1.0,1.0,1.0,3.0,1.0,1.0,1.0,1.0,1.0,4.0,1.0,1.0
5718,1.0,1.0,1.0,3.0,1.0,1.0,1.0,1.0,1.0,3.0,1.0,1.0
5719,1.0,1.0,1.0,3.0,1.0,1.0,1.0,1.0,1.0,3.0,1.0,1.0
5720,1.0,1.0,1.0,3.0,1.0,1.0,1.0,1.0,1.0,4.0,1.0,1.0
5721,1.0,1.0,1.0,3.0,1.0,1.0,1.0,1.0,1.0,3.0,1.0,1.0
5722,1.0,1.0,1.0,3.0,1.0,1.0,1.0,1.0,1.0,3.0,1.0,1.0
5723,1.0,1.0,1.0,3.0,1.0,1.0,1.0,1.0,1.0,3.0,1.0,1.0
5724,1.0,1.0,1.0,3.0,1.0,1.0,1.0,1.0,1.0,3.0,1.0,1.0
5725,1.0,1.0,1.0,3.0,1.0,1.0,1.0,1.0,1.0,5.0,2.0,1.0
5726,1.0,1.0,1.0,3.0,1.0,1.0,1.0,1.0,1.0,3.0,1.0,1.0
5727,1.0,1.0,1.0,3.0,1.0,1.0,1.0,1.0,1.0,4.0,1.0,1.0
5728,1.0,1.0,1.0,3.0,1.0,1.0,1.0,1.0,1.0,3.0,1.0,1.0
5729,1.0,1.0,1.0,3.0,1.0,1.0,1.0,1.0,1.0,3.0,1.0,1.0
5730,1.0,1.0,1.0,3.0,1.0,1.0,1.0,1.0,1.0,3.0,1.0,1.0
5731,1.0,1.0,1.0,3.0,1.0,1.0,1.0,1.0,1.0,5.0,2.0,1.0
5732,1.0,1.0,1.0,3.0,1.0,1.0,1.0,1.0,1.0,4.0,1.0,1.0
5733,1.0,1.0,1.0,3.0,1.0,1.0,1.0,1.0,1.0,3.0,1.0,1.0
5734,1.0,1.0,1.0,3.0,1.0,1.0,1.0,1.0,1.0,5.0,2.0,1.0
5735,1.0,1.0,1.0,3.0,1.0,1.0,1.0,1.0,1.0,4.0,1.0,1.0
5736,1.0,1.0,1.0,3.0,1.0,1.0,1.0,1.0,1.0,5.0,2.0,1.0
5737,1.0,1.0,1.0,3.0,1.0,1.0,1.0,1.0,1.0,5.0,2.0,1.0
5738,1.0,1.0,1.0,3.0,1.0,1.0,1.0,1.0,1.0,5.0,2.0,1.0
5739,1.0,1.0,1.0,3.0,1.0,1.0,1.0,1.0,1.0,5.0,2.0,1.0
5740,1.0,1.0,1.0,3.0,1.0,1.0,1.0,1.0,1.0,3.0,1.0,1.0
5741,1.0,1.0,1.0,3.0,1.0,1.0,1.0,1.0,1.0,5.0,2.0,1.0
5742,1.0,1.0,1.0,3.0,1.0,1.0,1.0,1.0,1.0,3.0,1.0,1.0
5743,1.0,1.0,1.0,3.0,1.0,1.0,1.0,1.0,1.0,5.0,2.0,1.0
5744,1.0,1.0,1.0,3.0,1.0,1.0,1.0,1.0,1.0,3.0,1.0,1.0
5745,1.0,1.0,1.0,3.0,1.0,1.0,1.0,1.0,1.0,3.0,1.0,1.0
5746,1.0,1.0,1.0,3.0,1.0,1.0,1.0,1.0,1.0,3.0,1.0,1.0
5747,1.0,1.0,1.0,3.0,1.0,1.0,1.0,1.0,1.0,3.0,1.0,1.0
5748,1.0,1.0,1.0,3.0,1.0,1.0,1.0,1.0,1.0,3.0,1.0,1.0
5749,1.0,1.0,1.0,3.0,1.0,1.0,1.0,1.0,1.0,3.0,1.0,1.0
5750,1.0,1.0,1.0,3.0,1.0,1.0,1.0,1.0,1.0,5.0,2.0,1.0
5751,1.0,1.0,1.0,3.0,1.0,1.0,1.0,1.0,1.0,3.0,1.0,1.0
5752,1.0,1.0,1.0,3.0,1.0,1.0,1.0,1.0,1.0,3.0,1.0,1.0
5753,1.0,1.0,1.0,3.0,1.0,1.0,1.0,1.0,1.0,5.0,2.0,1.0
5754,1.0,1.0,1.0,3.0,1.0,1.0,1.0,1.0,1.0,5.0,2.0,1.0
5755,1.0,1.0,1.0,3.0,1.0,1.0,1.0,1.0,1.0,5.0,2.0,1.0
5756,1.0,1.0,1.0,3.0,1.0,1.0,1.0,1.0,1.0,5.0,2.0,1.0
5757,1.0,1.0,1.0,3.0,1.0,1.0,1.0,1.0,1.0,3.0,1.0,1.0
5758,1.0,1.0,1.0,3.0,1.0,1.0,1.0,1.0,1.0,3.0,1.0,1.0
5759,1.0,1.0,1.0,3.0,1.0,1.0,1.0,1.0,1.0,5.0,2.0,1.0
5760,1.0,1.0,1.0,3.0,1.0,1.0,1.0,1.0,1.0,4.0,1.0,1.0
5761,1.0,1.0,1.0,3.0,1.0,1.0,1.0,1.0,1.0,3.0,1.0,1.0
5762,1.0,1.0,1.0,3.0,1.0,1.0,1.0,1.0,1.0,3.0,1.0,1.0
5763,1.0,1.0,1.0,3.0,1.0,1.0,1.0,1.0,1.0,5.0,2.0,1.0
5764,1.0,1.0,1.0,3.0,1.0,1.0,1.0,1.0,1.0,3.0,1.0,1.0
5765,1.0,1.0,1.0,3.0,1.0,1.0,1.0,1.0,1.0,5.0,2.0,1.0
5766,1.0,1.0,1.0,3.0,1.0,1.0,1.0,1.0,1.0,3.0,1.0,1.0
5767,1.0,1.0,1.0,3.0,1.0,1.0,1.0,1.0,1.0,3.0,1.0,1.0
5768,1.0,1.0,1.0,3.0,1.0,1.0,1.0,1.0,1.0,3.0,1.0,1.0
5769,1.0,1.0,1.0,3.0,1.0,1.0,1.0,1.0,1.0,3.0,1.0,1.0
5770,1.0,1.0,1.0,3.0,1.0,1.0,1.0,1.0,1.0,3.0,1.0,1.0
5771,1.0,1.0,1.0,3.0,1.0,1.0,1.0,1.0,1.0,5.0,2.0,1.0
5772,1.0,1.0,1.0,3.0,1.0,1.0,1.0,1.0,1.0,3.0,1.0,1.0
5773,1.0,1.0,1.0,3.0,1.0,1.0,1.0,1.0,1.0,3.0,1.0,1.0
5774,1.0,1.0,1.0,3.0,1.0,1.0,1.0,1.0,1.0,3.0,1.0,1.0
5775,1.0,1.0,1.0,3.0,1.0,1.0,1.0,1.0,1.0,3.0,1.0,1.0
5776,1.0,1.0,1.0,3.0,1.0,1.0,1.0,1.0,1.0,3.0,1.0,1.0
5777,1.0,1.0,1.0,3.0,1.0,1.0,1.0,1.0,1.0,4.0,1.0,1.0
5778,1.0,1.0,1.0,3.0,1.0,1.0,1.0,1.0,1.0,4.0,1.0,1.0
5779,1.0,1.0,1.0,3.0,1.0,1.0,1.0,1.0,1.0,5.0,2.0,1.0
5780,1.0,1.0,1.0,3.0,1.0,1.0,1.0,1.0,1.0,3.0,1.0,1.0
5781,1.0,1.0,1.0,3.0,1.0,1.0,1.0,1.0,1.0,4.0,1.0,1.0
5782,1.0,1.0,1.0,3.0,1.0,1.0,1.0,1.0,1.0,4.0,1.0,1.0
5783,1.0,1.0,1.0,3.0,1.0,1.0,1.0,1.0,1.0,3.0,1.0,1.0
5784,1.0,1.0,1.0,3.0,1.0,1.0,1.0,1.0,1.0,3.0,1.0,1.0
5785,1.0,1.0,1.0,3.0,1.0,1.0,1.0,1.0,1.0,5.0,2.0,1.0
5786,1.0,1.0,1.0,3.0,1.0,1.0,1.0,1.0,1.0,3.0,1.0,1.0
5787,1.0,1.0,1.0,3.0,1.0,1.0,1.0,1.0,1.0,3.0,1.0,1.0
5788,1.0,1.0,1.0,3.0,1.0,1.0,1.0,1.0,1.0,3.0,1.0,1.0
5789,1.0,1.0,1.0,3.0,1.0,1.0,1.0,1.0,1.0,4.0,1.0,1.0
5790,1.0,1.0,1.0,3.0,1.0,1.0,1.0,1.0,1.0,5.0,2.0,1.0
5791,1.0,1.0,1.0,3.0,1.0,1.0,1.0,1.0,1.0,3.0,1.0,1.0
5792,1.0,1.0,1.0,3.0,1.0,1.0,1.0,1.0,1.0,3.0,1.0,1.0
5793,1.0,1.0,1.0,3.0,1.0,1.0,1.0,1.0,1.0,3.0,1.0,1.0
5794,1.0,1.0,1.0,3.0,1.0,1.0,1.0,1.0,1.0,3.0,1.0,1.0
5795,1.0,1.0,1.0,3.0,1.0,1.0,1.0,1.0,1.0,3.0,1.0,1.0
5796,1.0,1.0,1.0,3.0,1.0,1.0,1.0,1.0,1.0,3.0,1.0,1.0
5797,1.0,1.0,1.0,3.0,1.0,1.0,1.0,1.0,1.0,3.0,1.0,1.0
5798,1.0,1.0,1.0,3.0,1.0,1.0,1.0,1.0,1.0,5.0,2.0,1.0
5799,1.0,1.0,1.0,3.0,1.0,1.0,1.0,1.0,1.0,4.0,1.0,1.0
5800,1.0,1.0,1.0,3.0,1.0,1.0,1.0,1.0,1.0,3.0,1.0,1.0
5801,1.0,1.0,1.0,3.0,1.0,1.0,1.0,1.0,1.0,3.0,1.0,1.0
5802,1.0,1.0,1.0,3.0,1.0,1.0,1.0,1.0,1.0,5.0,2.0,1.0
5803,1.0,1.0,1.0,3.0,1.0,1.0,1.0,1.0,1.0,3.0,1.0,1.0
5804,1.0,1.0,1.0,3.0,1.0,1.0,1.0,1.0,1.0,3.0,1.0,1.0
5805,1.0,1.0,1.0,3.0,1.0,1.0,1.0,1.0,1.0,3.0,1.0,1.0
5806,1.0,1.0,1.0,3.0,1.0,1.0,1.0,1.0,1.0,3.0,1.0,1.0
5807,1.0,1.0,1.0,3.0,1.0,1.0,1.0,1.0,1.0,4.0,1.0,1.0
5808,1.0,1.0,1.0,3.0,1.0,1.0,1.0,1.0,1.0,3.0,1.0,1.0
5809,1.0,1.0,1.0,3.0,1.0,1.0,1.0,1.0,1.0,3.0,1.0,1.0
5810,1.0,1.0,1.0,3.0,1.0,1.0,1.0,1.0,1.0,3.0,1.0,1.0
5811,1.0,1.0,1.0,3.0,1.0,1.0,1.0,1.0,1.0,3.0,1.0,1.0
5812,1.0,1.0,1.0,3.0,1.0,1.0,1.0,1.0,1.0,3.0,1.0,1.0
5813,1.0,1.0,1.0,3.0,1.0,1.0,1.0,1.0,1.0,5.0,2.0,1.0
5814,1.0,1.0,1.0,3.0,1.0,1.0,1.0,1.0,1.0,3.0,1.0,1.0
5815,1.0,1.0,1.0,3.0,1.0,1.0,1.0,1.0,1.0,5.0,2.0,1.0
5816,1.0,1.0,1.0,3.0,1.0,1.0,1.0,1.0,1.0,5.0,2.0,1.0
5817,1.0,1.0,1.0,3.0,1.0,1.0,1.0,1.0,1.0,4.0,1.0,1.0
5818,1.0,1.0,1.0,3.0,1.0,1.0,1.0,1.0,1.0,5.0,2.0,1.0
5819,1.0,1.0,1.0,3.0,1.0,1.0,1.0,1.0,1.0,4.0,1.0,1.0
5820,1.0,1.0,1.0,3.0,1.0,1.0,1.0,1.0,1.0,3.0,1.0,1.0
5821,1.0,1.0,1.0,3.0,1.0,1.0,1.0,1.0,1.0,3.0,1.0,1.0
5822,1.0,1.0,1.0,3.0,1.0,1.0,1.0,1.0,1.0,3.0,1.0,1.0
5823,1.0,1.0,1.0,3.0,1.0,1.0,1.0,1.0,1.0,3.0,1.0,1.0
5824,1.0,1.0,1.0,3.0,1.0,1.0,1.0,1.0,1.0,3.0,1.0,1.0
5825,1.0,1.0,1.0,3.0,1.0,1.0,1.0,1.0,1.0,4.0,1.0,1.0
5826,1.0,1.0,1.0,3.0,1.0,1.0,1.0,1.0,1.0,3.0,1.0,1.0
5827,1.0,1.0,1.0,3.0,1.0,1.0,1.0,1.0,1.0,3.0,1.0,1.0
5828,1.0,1.0,1.0,3.0,1.0,1.0,1.0,1.0,1.0,3.0,1.0,1.0
5829,1.0,1.0,1.0,3.0,1.0,1.0,1.0,1.0,1.0,5.0,2.0,1.0
5830,1.0,1.0,1.0,3.0,1.0,1.0,1.0,1.0,1.0,3.0,1.0,1.0
5831,1.0,1.0,1.0,3.0,1.0,1.0,1.0,1.0,1.0,5.0,2.0,1.0
5832,1.0,1.0,1.0,3.0,1.0,1.0,1.0,1.0,1.0,3.0,1.0,1.0
5833,1.0,1.0,1.0,3.0,1.0,1.0,1.0,1.0,1.0,5.0,2.0,1.0
5834,1.0,1.0,1.0,3.0,1.0,1.0,1.0,1.0,1.0,3.0,1.0,1.0
5835,1.0,1.0,1.0,3.0,1.0,1.0,1.0,1.0,1.0,3.0,1.0,1.0
5836,1.0,1.0,1.0,3.0,1.0,1.0,1.0,1.0,1.0,3.0,1.0,1.0
5837,1.0,1.0,1.0,3.0,1.0,1.0,1.0,1.0,1.0,4.0,1.0,1.0
5838,1.0,1.0,1.0,3.0,1.0,1.0,1.0,1.0,1.0,4.0,1.0,1.0
5839,1.0,1.0,1.0,3.0,1.0,1.0,1.0,1.0,1.0,3.0,1.0,1.0
5840,1.0,1.0,1.0,3.0,1.0,1.0,1.0,1.0,1.0,4.0,1.0,1.0
5841,1.0,1.0,1.0,3.0,1.0,1.0,1.0,1.0,1.0,3.0,1.0,1.0
5842,1.0,1.0,1.0,3.0,1.0,1.0,1.0,1.0,1.0,4.0,1.0,1.0
5843,1.0,1.0,1.0,3.0,1.0,1.0,1.0,1.0,1.0,3.0,1.0,1.0
5844,1.0,1.0,1.0,3.0,1.0,1.0,1.0,1.0,1.0,3.0,1.0,1.0
5845,1.0,1.0,1.0,3.0,1.0,1.0,1.0,1.0,1.0,4.0,1.0,1.0
5846,1.0,1.0,1.0,3.0,1.0,1.0,1.0,1.0,1.0,3.0,1.0,1.0
5847,1.0,1.0,1.0,3.0,1.0,1.0,1.0,1.0,1.0,4.0,1.0,1.0
5848,1.0,1.0,1.0,3.0,1.0,1.0,1.0,1.0,1.0,4.0,1.0,1.0
5849,1.0,1.0,1.0,3.0,1.0,1.0,1.0,1.0,1.0,3.0,1.0,1.0
5850,1.0,1.0,1.0,3.0,1.0,1.0,1.0,1.0,1.0,4.0,1.0,1.0
5851,1.0,1.0,1.0,3.0,1.0,1.0,1.0,1.0,1.0,5.0,2.0,1.0
5852,1.0,1.0,1.0,3.0,1.0,1.0,1.0,1.0,1.0,4.0,1.0,1.0
5853,1.0,1.0,1.0,3.0,1.0,1.0,1.0,1.0,1.0,5.0,2.0,1.0
5854,1.0,1.0,1.0,3.0,1.0,1.0,1.0,1.0,1.0,3.0,1.0,1.0
5855,1.0,1.0,1.0,3.0,1.0,1.0,1.0,1.0,1.0,3.0,1.0,1.0
5856,1.0,1.0,1.0,3.0,1.0,1.0,1.0,1.0,1.0,4.0,1.0,1.0
5857,1.0,1.0,1.0,3.0,1.0,1.0,1.0,1.0,1.0,3.0,1.0,1.0
5858,1.0,1.0,1.0,3.0,1.0,1.0,1.0,1.0,1.0,3.0,1.0,1.0
5859,1.0,1.0,1.0,3.0,1.0,1.0,1.0,1.0,1.0,3.0,1.0,1.0
5860,1.0,1.0,1.0,3.0,1.0,1.0,1.0,1.0,1.0,4.0,1.0,1.0
5861,1.0,1.0,1.0,3.0,1.0,1.0,1.0,1.0,1.0,3.0,1.0,1.0
5862,1.0,1.0,1.0,3.0,1.0,1.0,1.0,1.0,1.0,3.0,1.0,1.0
5863,1.0,1.0,1.0,3.0,1.0,1.0,1.0,1.0,1.0,3.0,1.0,1.0
5864,1.0,1.0,1.0,3.0,1.0,1.0,1.0,1.0,1.0,3.0,1.0,1.0
5865,1.0,1.0,1.0,3.0,1.0,1.0,1.0,1.0,1.0,4.0,1.0,1.0
5866,1.0,1.0,1.0,3.0,1.0,1.0,1.0,1.0,1.0,3.0,1.0,1.0
5867,1.0,1.0,1.0,3.0,1.0,1.0,1.0,1.0,1.0,3.0,1.0,1.0
5868,1.0,1.0,1.0,3.0,1.0,1.0,1.0,1.0,1.0,3.0,1.0,1.0
5869,1.0,1.0,1.0,3.0,1.0,1.0,1.0,1.0,1.0,3.0,1.0,1.0
5870,1.0,1.0,1.0,3.0,1.0,1.0,1.0,1.0,1.0,3.0,1.0,1.0
5871,1.0,1.0,1.0,3.0,1.0,1.0,1.0,1.0,1.0,5.0,2.0,1.0
5872,1.0,1.0,1.0,3.0,1.0,1.0,1.0,1.0,1.0,5.0,2.0,1.0
5873,1.0,1.0,1.0,3.0,1.0,1.0,1.0,1.0,1.0,5.0,2.0,1.0
5874,1.0,1.0,1.0,3.0,1.0,1.0,1.0,1.0,1.0,3.0,1.0,1.0
5875,1.0,1.0,1.0,3.0,1.0,1.0,1.0,1.0,1.0,4.0,1.0,1.0
5876,1.0,1.0,1.0,3.0,1.0,1.0,1.0,1.0,1.0,3.0,1.0,1.0
5877,1.0,1.0,1.0,3.0,1.0,1.0,1.0,1.0,1.0,3.0,1.0,1.0
5878,1.0,1.0,1.0,3.0,1.0,1.0,1.0,1.0,1.0,4.0,1.0,1.0
5879,1.0,1.0,1.0,3.0,1.0,1.0,1.0,1.0,1.0,5.0,2.0,1.0
5880,1.0,1.0,1.0,3.0,1.0,1.0,1.0,1.0,1.0,3.0,1.0,1.0
5881,1.0,1.0,1.0,3.0,1.0,1.0,1.0,1.0,1.0,4.0,1.0,1.0
5882,1.0,1.0,1.0,3.0,1.0,1.0,1.0,1.0,1.0,4.0,1.0,1.0
5883,1.0,1.0,1.0,3.0,1.0,1.0,1.0,1.0,1.0,3.0,1.0,1.0
5884,1.0,1.0,1.0,3.0,1.0,1.0,1.0,1.0,1.0,3.0,1.0,1.0
5885,1.0,1.0,1.0,3.0,1.0,1.0,1.0,1.0,1.0,5.0,2.0,1.0
5886,1.0,1.0,1.0,3.0,1.0,1.0,1.0,1.0,1.0,4.0,1.0,1.0
5887,1.0,1.0,1.0,3.0,1.0,1.0,1.0,1.0,1.0,4.0,1.0,1.0
5888,1.0,1.0,1.0,3.0,1.0,1.0,1.0,1.0,1.0,3.0,1.0,1.0
5889,1.0,1.0,1.0,3.0,1.0,1.0,1.0,1.0,1.0,3.0,1.0,1.0
5890,1.0,1.0,1.0,3.0,1.0,1.0,1.0,1.0,1.0,5.0,2.0,1.0
5891,1.0,1.0,1.0,3.0,1.0,1.0,1.0,1.0,1.0,3.0,1.0,1.0
5892,1.0,1.0,1.0,3.0,1.0,1.0,1.0,1.0,1.0,5.0,2.0,1.0
5893,1.0,1.0,1.0,3.0,1.0,1.0,1.0,1.0,1.0,3.0,1.0,1.0
5894,1.0,1.0,1.0,3.0,1.0,1.0,1.0,1.0,1.0,3.0,1.0,1.0
5895,1.0,1.0,1.0,3.0,1.0,1.0,1.0,1.0,1.0,4.0,1.0,1.0
5896,1.0,1.0,1.0,3.0,1.0,1.0,1.0,1.0,1.0,4.0,1.0,1.0
5897,1.0,1.0,1.0,3.0,1.0,1.0,1.0,1.0,1.0,5.0,2.0,1.0
5898,1.0,1.0,1.0,3.0,1.0,1.0,1.0,1.0,1.0,3.0,1.0,1.0
5899,1.0,1.0,1.0,3.0,1.0,1.0,1.0,1.0,1.0,4.0,1.0,1.0
5900,1.0,1.0,1.0,3.0,1.0,1.0,1.0,1.0,1.0,3.0,1.0,1.0
5901,1.0,1.0,1.0,3.0,1.0,1.0,1.0,1.0,1.0,4.0,1.0,1.0
5902,1.0,1.0,1.0,3.0,1.0,1.0,1.0,1.0,1.0,3.0,1.0,1.0
5903,1.0,1.0,1.0,3.0,1.0,1.0,1.0,1.0,1.0,5.0,2.0,1.0
5904,1.0,1.0,1.0,3.0,1.0,1.0,1.0,1.0,1.0,5.0,2.0,1.0
5905,1.0,1.0,1.0,3.0,1.0,1.0,1.0,1.0,1.0,3.0,1.0,1.0
5906,1.0,1.0,1.0,3.0,1.0,1.0,1.0,1.0,1.0,5.0,2.0,1.0
5907,1.0,1.0,1.0,3.0,1.0,1.0,1.0,1.0,1.0,5.0,2.0,1.0
5908,1.0,1.0,1.0,3.0,1.0,1.0,1.0,1.0,1.0,3.0,1.0,1.0
5909,1.0,1.0,1.0,3.0,1.0,1.0,1.0,1.0,1.0,5.0,2.0,1.0
5910,1.0,1.0,1.0,3.0,1.0,1.0,1.0,1.0,1.0,5.0,2.0,1.0
5911,1.0,1.0,1.0,3.0,1.0,1.0,1.0,1.0,1.0,4.0,1.0,1.0
5912,1.0,1.0,1.0,3.0,1.0,1.0,1.0,1.0,1.0,3.0,1.0,1.0
5913,1.0,1.0,1.0,3.0,1.0,1.0,1.0,1.0,1.0,3.0,1.0,1.0
5914,1.0,1.0,1.0,3.0,1.0,1.0,1.0,1.0,1.0,5.0,2.0,1.0
5915,1.0,1.0,1.0,3.0,1.0,1.0,1.0,1.0,1.0,3.0,1.0,1.0
5916,1.0,1.0,1.0,3.0,1.0,1.0,1.0,1.0,1.0,4.0,1.0,1.0
5917,1.0,1.0,1.0,3.0,1.0,1.0,1.0,1.0,1.0,4.0,1.0,1.0
5918,1.0,1.0,1.0,3.0,1.0,1.0,1.0,1.0,1.0,3.0,1.0,1.0
5919,1.0,1.0,1.0,3.0,1.0,1.0,1.0,1.0,1.0,3.0,1.0,1.0
5920,1.0,1.0,1.0,3.0,1.0,1.0,1.0,1.0,1.0,3.0,1.0,1.0
5921,1.0,1.0,1.0,3.0,1.0,1.0,1.0,1.0,1.0,5.0,2.0,1.0
5922,1.0,1.0,1.0,3.0,1.0,1.0,1.0,1.0,1.0,5.0,2.0,1.0
5923,1.0,1.0,1.0,3.0,1.0,1.0,1.0,1.0,1.0,3.0,1.0,1.0
5924,1.0,1.0,1.0,3.0,1.0,1.0,1.0,1.0,1.0,3.0,1.0,1.0
5925,1.0,1.0,1.0,3.0,1.0,1.0,1.0,1.0,1.0,3.0,1.0,1.0
5926,1.0,1.0,1.0,3.0,1.0,1.0,1.0,1.0,1.0,4.0,1.0,1.0
5927,1.0,1.0,1.0,3.0,1.0,1.0,1.0,1.0,1.0,4.0,1.0,1.0
5928,1.0,1.0,1.0,3.0,1.0,1.0,1.0,1.0,1.0,3.0,1.0,1.0
5929,1.0,1.0,1.0,3.0,1.0,1.0,1.0,1.0,1.0,5.0,2.0,1.0
5930,1.0,1.0,1.0,3.0,1.0,1.0,1.0,1.0,1.0,5.0,2.0,1.0
5931,1.0,1.0,1.0,3.0,1.0,1.0,1.0,1.0,1.0,5.0,2.0,1.0
5932,1.0,1.0,1.0,3.0,1.0,1.0,1.0,1.0,1.0,5.0,2.0,1.0
5933,1.0,1.0,1.0,3.0,1.0,1.0,1.0,1.0,1.0,3.0,1.0,1.0
5934,1.0,1.0,1.0,3.0,1.0,1.0,1.0,1.0,1.0,3.0,1.0,1.0
5935,1.0,1.0,1.0,3.0,1.0,1.0,1.0,1.0,1.0,5.0,2.0,1.0
5936,1.0,1.0,1.0,3.0,1.0,1.0,1.0,1.0,1.0,3.0,1.0,1.0
5937,1.0,1.0,1.0,3.0,1.0,1.0,1.0,1.0,1.0,3.0,1.0,1.0
5938,1.0,1.0,1.0,3.0,1.0,1.0,1.0,1.0,1.0,3.0,1.0,1.0
5939,1.0,1.0,1.0,3.0,1.0,1.0,1.0,1.0,1.0,3.0,1.0,1.0
5940,1.0,1.0,1.0,3.0,1.0,1.0,1.0,1.0,1.0,5.0,2.0,1.0
5941,1.0,1.0,1.0,3.0,1.0,1.0,1.0,1.0,1.0,3.0,1.0,1.0
5942,1.0,1.0,1.0,3.0,1.0,1.0,1.0,1.0,1.0,3.0,1.0,1.0
5943,1.0,1.0,1.0,3.0,1.0,1.0,1.0,1.0,1.0,5.0,2.0,1.0
5944,1.0,1.0,1.0,3.0,1.0,1.0,1.0,1.0,1.0,4.0,1.0,1.0
5945,1.0,1.0,1.0,3.0,1.0,1.0,1.0,1.0,1.0,5.0,2.0,1.0
5946,1.0,1.0,1.0,3.0,1.0,1.0,1.0,1.0,1.0,5.0,2.0,1.0
5947,1.0,1.0,1.0,3.0,1.0,1.0,1.0,1.0,1.0,3.0,1.0,1.0
5948,1.0,1.0,1.0,3.0,1.0,1.0,1.0,1.0,1.0,3.0,1.0,1.0
5949,1.0,1.0,1.0,3.0,1.0,1.0,1.0,1.0,1.0,3.0,1.0,1.0
5950,1.0,1.0,1.0,3.0,1.0,1.0,1.0,1.0,1.0,3.0,1.0,1.0
5951,1.0,1.0,1.0,3.0,1.0,1.0,1.0,1.0,1.0,3.0,1.0,1.0
5952,1.0,1.0,1.0,3.0,1.0,1.0,1.0,1.0,1.0,3.0,1.0,1.0
5953,1.0,1.0,1.0,3.0,1.0,1.0,1.0,1.0,1.0,3.0,1.0,1.0
5954,1.0,1.0,1.0,3.0,1.0,1.0,1.0,1.0,1.0,3.0,1.0,1.0
5955,1.0,1.0,1.0,3.0,1.0,1.0,1.0,1.0,1.0,5.0,2.0,1.0
5956,1.0,1.0,1.0,3.0,1.0,1.0,1.0,1.0,1.0,3.0,1.0,1.0
5957,1.0,1.0,1.0,3.0,1.0,1.0,1.0,1.0,1.0,3.0,1.0,1.0
5958,1.0,1.0,1.0,3.0,1.0,1.0,1.0,1.0,1.0,4.0,1.0,1.0
5959,1.0,1.0,1.0,3.0,1.0,1.0,1.0,1.0,1.0,3.0,1.0,1.0
5960,1.0,1.0,1.0,3.0,1.0,1.0,1.0,1.0,1.0,3.0,1.0,1.0
5961,1.0,1.0,1.0,3.0,1.0,1.0,1.0,1.0,1.0,4.0,1.0,1.0
5962,1.0,1.0,1.0,3.0,1.0,1.0,1.0,1.0,1.0,3.0,1.0,1.0
5963,1.0,1.0,1.0,3.0,1.0,1.0,1.0,1.0,1.0,3.0,1.0,1.0
5964,1.0,1.0,1.0,3.0,1.0,1.0,1.0,1.0,1.0,3.0,1.0,1.0
5965,1.0,1.0,1.0,3.0,1.0,1.0,1.0,1.0,1.0,5.0,2.0,1.0
5966,1.0,1.0,1.0,3.0,1.0,1.0,1.0,1.0,1.0,4.0,1.0,1.0
5967,1.0,1.0,1.0,3.0,1.0,1.0,1.0,1.0,1.0,3.0,1.0,1.0
5968,1.0,1.0,1.0,3.0,1.0,1.0,1.0,1.0,1.0,3.0,1.0,1.0
5969,1.0,1.0,1.0,3.0,1.0,1.0,1.0,1.0,1.0,3.0,1.0,1.0
5970,1.0,1.0,1.0,3.0,1.0,1.0,1.0,1.0,1.0,3.0,1.0,1.0
5971,1.0,1.0,1.0,3.0,1.0,1.0,1.0,1.0,1.0,3.0,1.0,1.0
5972,1.0,1.0,1.0,3.0,1.0,1.0,1.0,1.0,1.0,3.0,1.0,1.0
5973,1.0,1.0,1.0,3.0,1.0,1.0,1.0,1.0,1.0,5.0,2.0,1.0
5974,1.0,1.0,1.0,3.0,1.0,1.0,1.0,1.0,1.0,5.0,2.0,1.0
5975,1.0,1.0,1.0,3.0,1.0,1.0,1.0,1.0,1.0,3.0,1.0,1.0
5976,1.0,1.0,1.0,3.0,1.0,1.0,1.0,1.0,1.0,3.0,1.0,1.0
5977,1.0,1.0,1.0,3.0,1.0,1.0,1.0,1.0,1.0,5.0,2.0,1.0
5978,1.0,1.0,1.0,3.0,1.0,1.0,1.0,1.0,1.0,3.0,1.0,1.0
5979,1.0,1.0,1.0,3.0,1.0,1.0,1.0,1.0,1.0,4.0,1.0,1.0
5980,1.0,1.0,1.0,3.0,1.0,1.0,1.0,1.0,1.0,3.0,1.0,1.0
5981,1.0,1.0,1.0,3.0,1.0,1.0,1.0,1.0,1.0,3.0,1.0,1.0
5982,1.0,1.0,1.0,3.0,1.0,1.0,1.0,1.0,1.0,4.0,1.0,1.0
5983,1.0,1.0,1.0,3.0,1.0,1.0,1.0,1.0,1.0,3.0,1.0,1.0
5984,1.0,1.0,1.0,3.0,1.0,1.0,1.0,1.0,1.0,4.0,1.0,1.0
5985,1.0,1.0,1.0,3.0,1.0,1.0,1.0,1.0,1.0,3.0,1.0,1.0
5986,1.0,1.0,1.0,3.0,1.0,1.0,1.0,1.0,1.0,5.0,2.0,1.0
5987,1.0,1.0,1.0,3.0,1.0,1.0,1.0,1.0,1.0,5.0,2.0,1.0
5988,1.0,1.0,1.0,3.0,1.0,1.0,1.0,1.0,1.0,3.0,1.0,1.0
5989,1.0,1.0,1.0,3.0,1.0,1.0,1.0,1.0,1.0,3.0,1.0,1.0
5990,1.0,1.0,1.0,3.0,1.0,1.0,1.0,1.0,1.0,5.0,2.0,1.0
5991,1.0,1.0,1.0,3.0,1.0,1.0,1.0,1.0,1.0,4.0,1.0,1.0
5992,1.0,1.0,1.0,3.0,1.0,1.0,1.0,1.0,1.0,5.0,2.0,1.0
5993,1.0,1.0,1.0,3.0,1.0,1.0,1.0,1.0,1.0,4.0,1.0,1.0
5994,1.0,1.0,1.0,3.0,1.0,1.0,1.0,1.0,1.0,3.0,1.0,1.0
5995,1.0,1.0,1.0,3.0,1.0,1.0,1.0,1.0,1.0,3.0,1.0,1.0
5996,1.0,1.0,1.0,3.0,1.0,1.0,1.0,1.0,1.0,3.0,1.0,1.0
5997,1.0,1.0,1.0,3.0,1.0,1.0,1.0,1.0,1.0,3.0,1.0,1.0
5998,1.0,1.0,1.0,3.0,1.0,1.0,1.0,1.0,1.0,3.0,1.0,1.0
5999,1.0,1.0,1.0,3.0,1.0,1.0,1.0,1.0,1.0,5.0,2.0,1.0
6000,1.0,1.0,1.0,3.0,1.0,1.0,1.0,1.0,1.0,5.0,2.0,1.0
6001,1.0,1.0,1.0,3.0,1.0,1.0,1.0,1.0,1.0,3.0,1.0,1.0
6002,1.0,1.0,1.0,3.0,1.0,1.0,1.0,1.0,1.0,3.0,1.0,1.0
6003,1.0,1.0,1.0,3.0,1.0,1.0,1.0,1.0,1.0,3.0,1.0,1.0
6004,1.0,1.0,1.0,3.0,1.0,1.0,1.0,1.0,1.0,3.0,1.0,1.0
6005,1.0,1.0,1.0,3.0,1.0,1.0,1.0,1.0,1.0,3.0,1.0,1.0
6006,1.0,1.0,1.0,3.0,1.0,1.0,1.0,1.0,1.0,3.0,1.0,1.0
6007,1.0,1.0,1.0,3.0,1.0,1.0,1.0,1.0,1.0,4.0,1.0,1.0
6008,1.0,1.0,1.0,3.0,1.0,1.0,1.0,1.0,1.0,4.0,1.0,1.0
6009,1.0,1.0,1.0,3.0,1.0,1.0,1.0,1.0,1.0,5.0,2.0,1.0
6010,1.0,1.0,1.0,3.0,1.0,1.0,1.0,1.0,1.0,3.0,1.0,1.0
6011,1.0,1.0,1.0,3.0,1.0,1.0,1.0,1.0,1.0,3.0,1.0,1.0
6012,1.0,1.0,1.0,3.0,1.0,1.0,1.0,1.0,1.0,3.0,1.0,1.0
6013,1.0,1.0,1.0,3.0,1.0,1.0,1.0,1.0,1.0,3.0,1.0,1.0
6014,1.0,1.0,1.0,3.0,1.0,1.0,1.0,1.0,1.0,4.0,1.0,1.0
6015,1.0,1.0,1.0,3.0,1.0,1.0,1.0,1.0,1.0,3.0,1.0,1.0
6016,1.0,1.0,1.0,3.0,1.0,1.0,1.0,1.0,1.0,3.0,1.0,1.0
6017,1.0,1.0,1.0,3.0,1.0,1.0,1.0,1.0,1.0,5.0,2.0,1.0
6018,1.0,1.0,1.0,3.0,1.0,1.0,1.0,1.0,1.0,3.0,1.0,1.0
6019,1.0,1.0,1.0,3.0,1.0,1.0,1.0,1.0,1.0,3.0,1.0,1.0
6020,1.0,1.0,1.0,3.0,1.0,1.0,1.0,1.0,1.0,3.0,1.0,1.0
6021,1.0,1.0,1.0,3.0,1.0,1.0,1.0,1.0,1.0,3.0,1.0,1.0
6022,1.0,1.0,1.0,3.0,1.0,1.0,1.0,1.0,1.0,5.0,2.0,1.0
6023,1.0,1.0,1.0,3.0,1.0,1.0,1.0,1.0,1.0,4.0,1.0,1.0
6024,1.0,1.0,1.0,3.0,1.0,1.0,1.0,1.0,1.0,4.0,1.0,1.0
6025,1.0,1.0,1.0,3.0,1.0,1.0,1.0,1.0,1.0,3.0,1.0,1.0
6026,1.0,1.0,1.0,3.0,1.0,1.0,1.0,1.0,1.0,3.0,1.0,1.0
6027,1.0,1.0,1.0,3.0,1.0,1.0,1.0,1.0,1.0,3.0,1.0,1.0
6028,1.0,1.0,1.0,3.0,1.0,1.0,1.0,1.0,1.0,5.0,2.0,1.0
6029,1.0,1.0,1.0,3.0,1.0,1.0,1.0,1.0,1.0,3.0,1.0,1.0
6030,1.0,1.0,1.0,3.0,1.0,1.0,1.0,1.0,1.0,5.0,2.0,1.0
6031,1.0,1.0,1.0,3.0,1.0,1.0,1.0,1.0,1.0,4.0,1.0,1.0
6032,1.0,1.0,1.0,3.0,1.0,1.0,1.0,1.0,1.0,3.0,1.0,1.0
6033,1.0,1.0,1.0,3.0,1.0,1.0,1.0,1.0,1.0,5.0,2.0,1.0
6034,1.0,1.0,1.0,3.0,1.0,1.0,1.0,1.0,1.0,5.0,2.0,1.0
6035,1.0,1.0,1.0,3.0,1.0,1.0,1.0,1.0,1.0,4.0,1.0,1.0
6036,1.0,1.0,1.0,3.0,1.0,1.0,1.0,1.0,1.0,4.0,1.0,1.0
6037,1.0,1.0,1.0,3.0,1.0,1.0,1.0,1.0,1.0,3.0,1.0,1.0
6038,1.0,1.0,1.0,3.0,1.0,1.0,1.0,1.0,1.0,3.0,1.0,1.0
6039,1.0,1.0,1.0,3.0,1.0,1.0,1.0,1.0,1.0,4.0,1.0,1.0
6040,1.0,1.0,1.0,3.0,1.0,1.0,1.0,1.0,1.0,5.0,2.0,1.0
6041,1.0,1.0,1.0,3.0,1.0,1.0,1.0,1.0,1.0,3.0,1.0,1.0
6042,1.0,1.0,1.0,3.0,1.0,1.0,1.0,1.0,1.0,3.0,1.0,1.0
6043,1.0,1.0,1.0,3.0,1.0,1.0,1.0,1.0,1.0,3.0,1.0,1.0
6044,1.0,1.0,1.0,3.0,1.0,1.0,1.0,1.0,1.0,3.0,1.0,1.0
6045,1.0,1.0,1.0,3.0,1.0,1.0,1.0,1.0,1.0,3.0,1.0,1.0
6046,1.0,1.0,1.0,3.0,1.0,1.0,1.0,1.0,1.0,5.0,2.0,1.0
6047,1.0,1.0,1.0,3.0,1.0,1.0,1.0,1.0,1.0,4.0,1.0,1.0
6048,1.0,1.0,1.0,3.0,1.0,1.0,1.0,1.0,1.0,3.0,1.0,1.0
6049,1.0,1.0,1.0,3.0,1.0,1.0,1.0,1.0,1.0,3.0,1.0,1.0
6050,1.0,1.0,1.0,3.0,1.0,1.0,1.0,1.0,1.0,3.0,1.0,1.0
6051,1.0,1.0,1.0,3.0,1.0,1.0,1.0,1.0,1.0,3.0,1.0,1.0
6052,1.0,1.0,1.0,3.0,1.0,1.0,1.0,1.0,1.0,4.0,1.0,1.0
6053,1.0,1.0,1.0,3.0,1.0,1.0,1.0,1.0,1.0,3.0,1.0,1.0
6054,1.0,1.0,1.0,3.0,1.0,1.0,1.0,1.0,1.0,3.0,1.0,1.0
6055,1.0,1.0,1.0,3.0,1.0,1.0,1.0,1.0,1.0,3.0,1.0,1.0
6056,1.0,1.0,1.0,3.0,1.0,1.0,1.0,1.0,1.0,3.0,1.0,1.0
6057,1.0,1.0,1.0,3.0,1.0,1.0,1.0,1.0,1.0,4.0,1.0,1.0
6058,1.0,1.0,1.0,3.0,1.0,1.0,1.0,1.0,1.0,3.0,1.0,1.0
6059,1.0,1.0,1.0,3.0,1.0,1.0,1.0,1.0,1.0,3.0,1.0,1.0
6060,1.0,1.0,1.0,3.0,1.0,1.0,1.0,1.0,1.0,3.0,1.0,1.0
6061,1.0,1.0,1.0,3.0,1.0,1.0,1.0,1.0,1.0,5.0,2.0,1.0
6062,1.0,1.0,1.0,3.0,1.0,1.0,1.0,1.0,1.0,3.0,1.0,1.0
6063,1.0,1.0,1.0,3.0,1.0,1.0,1.0,1.0,1.0,5.0,2.0,1.0
6064,1.0,1.0,1.0,3.0,1.0,1.0,1.0,1.0,1.0,4.0,1.0,1.0
6065,1.0,1.0,1.0,3.0,1.0,1.0,1.0,1.0,1.0,4.0,1.0,1.0
6066,1.0,1.0,1.0,3.0,1.0,1.0,1.0,1.0,1.0,5.0,2.0,1.0
6067,1.0,1.0,1.0,3.0,1.0,1.0,1.0,1.0,1.0,3.0,1.0,1.0
6068,1.0,1.0,1.0,3.0,1.0,1.0,1.0,1.0,1.0,3.0,1.0,1.0
6069,1.0,1.0,1.0,3.0,1.0,1.0,1.0,1.0,1.0,3.0,1.0,1.0
6070,1.0,1.0,1.0,3.0,1.0,1.0,1.0,1.0,1.0,4.0,1.0,1.0
6071,1.0,1.0,1.0,3.0,1.0,1.0,1.0,1.0,1.0,5.0,2.0,1.0
6072,1.0,1.0,1.0,3.0,1.0,1.0,1.0,1.0,1.0,4.0,1.0,1.0
6073,1.0,1.0,1.0,3.0,1.0,1.0,1.0,1.0,1.0,3.0,1.0,1.0
6074,1.0,1.0,1.0,3.0,1.0,1.0,1.0,1.0,1.0,3.0,1.0,1.0
6075,1.0,1.0,1.0,3.0,1.0,1.0,1.0,1.0,1.0,4.0,1.0,1.0
6076,1.0,1.0,1.0,3.0,1.0,1.0,1.0,1.0,1.0,3.0,1.0,1.0
6077,1.0,1.0,1.0,3.0,1.0,1.0,1.0,1.0,1.0,5.0,2.0,1.0
6078,1.0,1.0,1.0,3.0,1.0,1.0,1.0,1.0,1.0,5.0,2.0,1.0
6079,1.0,1.0,1.0,3.0,1.0,1.0,1.0,1.0,1.0,4.0,1.0,1.0
6080,1.0,1.0,1.0,3.0,1.0,1.0,1.0,1.0,1.0,3.0,1.0,1.0
6081,1.0,1.0,1.0,3.0,1.0,1.0,1.0,1.0,1.0,3.0,1.0,1.0
6082,1.0,1.0,1.0,3.0,1.0,1.0,1.0,1.0,1.0,3.0,1.0,1.0
6083,1.0,1.0,1.0,3.0,1.0,1.0,1.0,1.0,1.0,5.0,2.0,1.0
6084,1.0,1.0,1.0,3.0,1.0,1.0,1.0,1.0,1.0,3.0,1.0,1.0
6085,1.0,1.0,1.0,3.0,1.0,1.0,1.0,1.0,1.0,4.0,1.0,1.0
6086,1.0,1.0,1.0,3.0,1.0,1.0,1.0,1.0,1.0,3.0,1.0,1.0
6087,1.0,1.0,1.0,3.0,1.0,1.0,1.0,1.0,1.0,5.0,2.0,1.0
6088,1.0,1.0,1.0,3.0,1.0,1.0,1.0,1.0,1.0,4.0,1.0,1.0
6089,1.0,1.0,1.0,3.0,1.0,1.0,1.0,1.0,1.0,3.0,1.0,1.0
6090,1.0,1.0,1.0,3.0,1.0,1.0,1.0,1.0,1.0,3.0,1.0,1.0
6091,1.0,1.0,1.0,3.0,1.0,1.0,1.0,1.0,1.0,3.0,1.0,1.0
6092,1.0,1.0,1.0,3.0,1.0,1.0,1.0,1.0,1.0,4.0,1.0,1.0
6093,1.0,1.0,1.0,3.0,1.0,1.0,1.0,1.0,1.0,3.0,1.0,1.0
6094,1.0,1.0,1.0,3.0,1.0,1.0,1.0,1.0,1.0,4.0,1.0,1.0
6095,1.0,1.0,1.0,3.0,1.0,1.0,1.0,1.0,1.0,3.0,1.0,1.0
6096,1.0,1.0,1.0,3.0,1.0,1.0,1.0,1.0,1.0,3.0,1.0,1.0
6097,1.0,1.0,1.0,3.0,1.0,1.0,1.0,1.0,1.0,3.0,1.0,1.0
6098,1.0,1.0,1.0,3.0,1.0,1.0,1.0,1.0,1.0,3.0,1.0,1.0
6099,1.0,1.0,1.0,3.0,1.0,1.0,1.0,1.0,1.0,4.0,1.0,1.0
6100,1.0,1.0,1.0,3.0,1.0,1.0,1.0,1.0,1.0,3.0,1.0,1.0
6101,1.0,1.0,1.0,3.0,1.0,1.0,1.0,1.0,1.0,5.0,2.0,1.0
6102,1.0,1.0,1.0,3.0,1.0,1.0,1.0,1.0,1.0,4.0,1.0,1.0
6103,1.0,1.0,1.0,3.0,1.0,1.0,1.0,1.0,1.0,3.0,1.0,1.0
6104,1.0,1.0,1.0,3.0,1.0,1.0,1.0,1.0,1.0,4.0,1.0,1.0
6105,1.0,1.0,1.0,3.0,1.0,1.0,1.0,1.0,1.0,3.0,1.0,1.0
6106,1.0,1.0,1.0,3.0,1.0,1.0,1.0,1.0,1.0,4.0,1.0,1.0
6107,1.0,1.0,1.0,3.0,1.0,1.0,1.0,1.0,1.0,5.0,2.0,1.0
6108,1.0,1.0,1.0,3.0,1.0,1.0,1.0,1.0,1.0,5.0,2.0,1.0
6109,1.0,1.0,1.0,3.0,1.0,1.0,1.0,1.0,1.0,4.0,1.0,1.0
6110,1.0,1.0,1.0,3.0,1.0,1.0,1.0,1.0,1.0,3.0,1.0,1.0
6111,1.0,1.0,1.0,3.0,1.0,1.0,1.0,1.0,1.0,3.0,1.0,1.0
6112,1.0,1.0,1.0,3.0,1.0,1.0,1.0,1.0,1.0,5.0,2.0,1.0
6113,1.0,1.0,1.0,3.0,1.0,1.0,1.0,1.0,1.0,4.0,1.0,1.0
6114,1.0,1.0,1.0,3.0,1.0,1.0,1.0,1.0,1.0,3.0,1.0,1.0
6115,1.0,1.0,1.0,3.0,1.0,1.0,1.0,1.0,1.0,4.0,1.0,1.0
6116,1.0,1.0,1.0,3.0,1.0,1.0,1.0,1.0,1.0,3.0,1.0,1.0
6117,1.0,1.0,1.0,3.0,1.0,1.0,1.0,1.0,1.0,3.0,1.0,1.0
6118,1.0,1.0,1.0,3.0,1.0,1.0,1.0,1.0,1.0,5.0,2.0,1.0
6119,1.0,1.0,1.0,3.0,1.0,1.0,1.0,1.0,1.0,3.0,1.0,1.0
6120,1.0,1.0,1.0,3.0,1.0,1.0,1.0,1.0,1.0,3.0,1.0,1.0
6121,1.0,1.0,1.0,3.0,1.0,1.0,1.0,1.0,1.0,4.0,1.0,1.0
6122,1.0,1.0,1.0,3.0,1.0,1.0,1.0,1.0,1.0,4.0,1.0,1.0
6123,1.0,1.0,1.0,3.0,1.0,1.0,1.0,1.0,1.0,3.0,1.0,1.0
6124,1.0,1.0,1.0,3.0,1.0,1.0,1.0,1.0,1.0,3.0,1.0,1.0
6125,1.0,1.0,1.0,3.0,1.0,1.0,1.0,1.0,1.0,5.0,2.0,1.0
6126,1.0,1.0,1.0,3.0,1.0,1.0,1.0,1.0,1.0,5.0,2.0,1.0
6127,1.0,1.0,1.0,3.0,1.0,1.0,1.0,1.0,1.0,4.0,1.0,1.0
6128,1.0,1.0,1.0,3.0,1.0,1.0,1.0,1.0,1.0,3.0,1.0,1.0
6129,1.0,1.0,1.0,3.0,1.0,1.0,1.0,1.0,1.0,4.0,1.0,1.0
6130,1.0,1.0,1.0,3.0,1.0,1.0,1.0,1.0,1.0,3.0,1.0,1.0
6131,1.0,1.0,1.0,3.0,1.0,1.0,1.0,1.0,1.0,3.0,1.0,1.0
6132,1.0,1.0,1.0,3.0,1.0,1.0,1.0,1.0,1.0,3.0,1.0,1.0
6133,1.0,1.0,1.0,3.0,1.0,1.0,1.0,1.0,1.0,3.0,1.0,1.0
6134,1.0,1.0,1.0,3.0,1.0,1.0,1.0,1.0,1.0,3.0,1.0,1.0
6135,1.0,1.0,1.0,3.0,1.0,1.0,1.0,1.0,1.0,3.0,1.0,1.0
6136,1.0,1.0,1.0,3.0,1.0,1.0,1.0,1.0,1.0,4.0,1.0,1.0
6137,1.0,1.0,1.0,3.0,1.0,1.0,1.0,1.0,1.0,3.0,1.0,1.0
6138,1.0,1.0,1.0,3.0,1.0,1.0,1.0,1.0,1.0,3.0,1.0,1.0
6139,1.0,1.0,1.0,3.0,1.0,1.0,1.0,1.0,1.0,3.0,1.0,1.0
6140,1.0,1.0,1.0,3.0,1.0,1.0,1.0,1.0,1.0,3.0,1.0,1.0
6141,1.0,1.0,1.0,3.0,1.0,1.0,1.0,1.0,1.0,4.0,1.0,1.0
6142,1.0,1.0,1.0,3.0,1.0,1.0,1.0,1.0,1.0,3.0,1.0,1.0
6143,1.0,1.0,1.0,3.0,1.0,1.0,1.0,1.0,1.0,4.0,1.0,1.0
6144,1.0,1.0,1.0,3.0,1.0,1.0,1.0,1.0,1.0,3.0,1.0,1.0
6145,1.0,1.0,1.0,3.0,1.0,1.0,1.0,1.0,1.0,4.0,1.0,1.0
6146,1.0,1.0,1.0,3.0,1.0,1.0,1.0,1.0,1.0,3.0,1.0,1.0
6147,1.0,1.0,1.0,3.0,1.0,1.0,1.0,1.0,1.0,3.0,1.0,1.0
6148,1.0,1.0,1.0,3.0,1.0,1.0,1.0,1.0,1.0,3.0,1.0,1.0
6149,1.0,1.0,1.0,3.0,1.0,1.0,1.0,1.0,1.0,3.0,1.0,1.0
6150,1.0,1.0,1.0,3.0,1.0,1.0,1.0,1.0,1.0,4.0,1.0,1.0
6151,1.0,1.0,1.0,3.0,1.0,1.0,1.0,1.0,1.0,3.0,1.0,1.0
6152,1.0,1.0,1.0,3.0,1.0,1.0,1.0,1.0,1.0,5.0,2.0,1.0
6153,1.0,1.0,1.0,3.0,1.0,1.0,1.0,1.0,1.0,4.0,1.0,1.0
6154,1.0,1.0,1.0,3.0,1.0,1.0,1.0,1.0,1.0,5.0,2.0,1.0
6155,1.0,1.0,1.0,3.0,1.0,1.0,1.0,1.0,1.0,3.0,1.0,1.0
6156,1.0,1.0,1.0,3.0,1.0,1.0,1.0,1.0,1.0,4.0,1.0,1.0
6157,1.0,1.0,1.0,3.0,1.0,1.0,1.0,1.0,1.0,3.0,1.0,1.0
6158,1.0,1.0,1.0,3.0,1.0,1.0,1.0,1.0,1.0,3.0,1.0,1.0
6159,1.0,1.0,1.0,3.0,1.0,1.0,1.0,1.0,1.0,3.0,1.0,1.0
6160,1.0,1.0,1.0,3.0,1.0,1.0,1.0,1.0,1.0,4.0,1.0,1.0
6161,1.0,1.0,1.0,3.0,1.0,1.0,1.0,1.0,1.0,4.0,1.0,1.0
6162,1.0,1.0,1.0,3.0,1.0,1.0,1.0,1.0,1.0,4.0,1.0,1.0
6163,1.0,1.0,1.0,3.0,1.0,1.0,1.0,1.0,1.0,3.0,1.0,1.0
6164,1.0,1.0,1.0,3.0,1.0,1.0,1.0,1.0,1.0,3.0,1.0,1.0
6165,1.0,1.0,1.0,3.0,1.0,1.0,1.0,1.0,1.0,5.0,2.0,1.0
6166,1.0,1.0,1.0,3.0,1.0,1.0,1.0,1.0,1.0,3.0,1.0,1.0
6167,1.0,1.0,1.0,3.0,1.0,1.0,1.0,1.0,1.0,3.0,1.0,1.0
6168,1.0,1.0,1.0,3.0,1.0,1.0,1.0,1.0,1.0,4.0,1.0,1.0
6169,1.0,1.0,1.0,3.0,1.0,1.0,1.0,1.0,1.0,3.0,1.0,1.0
6170,1.0,1.0,1.0,3.0,1.0,1.0,1.0,1.0,1.0,5.0,2.0,1.0
6171,1.0,1.0,1.0,3.0,1.0,1.0,1.0,1.0,1.0,4.0,1.0,1.0
6172,1.0,1.0,1.0,3.0,1.0,1.0,1.0,1.0,1.0,3.0,1.0,1.0
6173,1.0,1.0,1.0,3.0,1.0,1.0,1.0,1.0,1.0,3.0,1.0,1.0
6174,1.0,1.0,1.0,3.0,1.0,1.0,1.0,1.0,1.0,5.0,2.0,1.0
6175,1.0,1.0,1.0,3.0,1.0,1.0,1.0,1.0,1.0,3.0,1.0,1.0
6176,1.0,1.0,1.0,3.0,1.0,1.0,1.0,1.0,1.0,3.0,1.0,1.0
6177,1.0,1.0,1.0,3.0,1.0,1.0,1.0,1.0,1.0,3.0,1.0,1.0
6178,1.0,1.0,1.0,3.0,1.0,1.0,1.0,1.0,1.0,5.0,2.0,1.0
6179,1.0,1.0,1.0,3.0,1.0,1.0,1.0,1.0,1.0,3.0,1.0,1.0
6180,1.0,1.0,1.0,3.0,1.0,1.0,1.0,1.0,1.0,3.0,1.0,1.0
6181,1.0,1.0,1.0,3.0,1.0,1.0,1.0,1.0,1.0,3.0,1.0,1.0
6182,1.0,1.0,1.0,3.0,1.0,1.0,1.0,1.0,1.0,3.0,1.0,1.0
6183,1.0,1.0,1.0,3.0,1.0,1.0,1.0,1.0,1.0,3.0,1.0,1.0
6184,1.0,1.0,1.0,3.0,1.0,1.0,1.0,1.0,1.0,3.0,1.0,1.0
6185,1.0,1.0,1.0,3.0,1.0,1.0,1.0,1.0,1.0,3.0,1.0,1.0
6186,1.0,1.0,1.0,3.0,1.0,1.0,1.0,1.0,1.0,3.0,1.0,1.0
6187,1.0,1.0,1.0,3.0,1.0,1.0,1.0,1.0,1.0,5.0,2.0,1.0
6188,1.0,1.0,1.0,3.0,1.0,1.0,1.0,1.0,1.0,4.0,1.0,1.0
6189,1.0,1.0,1.0,3.0,1.0,1.0,1.0,1.0,1.0,3.0,1.0,1.0
6190,1.0,1.0,1.0,3.0,1.0,1.0,1.0,1.0,1.0,4.0,1.0,1.0
6191,1.0,1.0,1.0,3.0,1.0,1.0,1.0,1.0,1.0,5.0,2.0,1.0
6192,1.0,1.0,1.0,3.0,1.0,1.0,1.0,1.0,1.0,4.0,1.0,1.0
6193,1.0,1.0,1.0,3.0,1.0,1.0,1.0,1.0,1.0,3.0,1.0,1.0
6194,1.0,1.0,1.0,3.0,1.0,1.0,1.0,1.0,1.0,5.0,2.0,1.0
6195,1.0,1.0,1.0,3.0,1.0,1.0,1.0,1.0,1.0,5.0,2.0,1.0
6196,1.0,1.0,1.0,3.0,1.0,1.0,1.0,1.0,1.0,3.0,1.0,1.0
6197,1.0,1.0,1.0,3.0,1.0,1.0,1.0,1.0,1.0,3.0,1.0,1.0
6198,1.0,1.0,1.0,3.0,1.0,1.0,1.0,1.0,1.0,3.0,1.0,1.0
6199,1.0,1.0,1.0,3.0,1.0,1.0,1.0,1.0,1.0,3.0,1.0,1.0
6200,1.0,1.0,1.0,3.0,1.0,1.0,1.0,1.0,1.0,3.0,1.0,1.0
6201,1.0,1.0,1.0,3.0,1.0,1.0,1.0,1.0,1.0,5.0,2.0,1.0
6202,1.0,1.0,1.0,3.0,1.0,1.0,1.0,1.0,1.0,3.0,1.0,1.0
6203,1.0,1.0,1.0,3.0,1.0,1.0,1.0,1.0,1.0,5.0,2.0,1.0
6204,1.0,1.0,1.0,3.0,1.0,1.0,1.0,1.0,1.0,5.0,2.0,1.0
6205,1.0,1.0,1.0,3.0,1.0,1.0,1.0,1.0,1.0,5.0,2.0,1.0
6206,1.0,1.0,1.0,3.0,1.0,1.0,1.0,1.0,1.0,3.0,1.0,1.0
6207,1.0,1.0,1.0,3.0,1.0,1.0,1.0,1.0,1.0,3.0,1.0,1.0
6208,1.0,1.0,1.0,3.0,1.0,1.0,1.0,1.0,1.0,3.0,1.0,1.0
6209,1.0,1.0,1.0,3.0,1.0,1.0,1.0,1.0,1.0,3.0,1.0,1.0
6210,1.0,1.0,1.0,3.0,1.0,1.0,1.0,1.0,1.0,4.0,1.0,1.0
6211,1.0,1.0,1.0,3.0,1.0,1.0,1.0,1.0,1.0,5.0,2.0,1.0
6212,1.0,1.0,1.0,3.0,1.0,1.0,1.0,1.0,1.0,3.0,1.0,1.0
6213,1.0,1.0,1.0,3.0,1.0,1.0,1.0,1.0,1.0,3.0,1.0,1.0
6214,1.0,1.0,1.0,3.0,1.0,1.0,1.0,1.0,1.0,4.0,1.0,1.0
6215,1.0,1.0,1.0,3.0,1.0,1.0,1.0,1.0,1.0,3.0,1.0,1.0
6216,1.0,1.0,1.0,3.0,1.0,1.0,1.0,1.0,1.0,3.0,1.0,1.0
6217,1.0,1.0,1.0,3.0,1.0,1.0,1.0,1.0,1.0,3.0,1.0,1.0
6218,1.0,1.0,1.0,3.0,1.0,1.0,1.0,1.0,1.0,5.0,2.0,1.0
6219,1.0,1.0,1.0,3.0,1.0,1.0,1.0,1.0,1.0,5.0,2.0,1.0
6220,1.0,1.0,1.0,3.0,1.0,1.0,1.0,1.0,1.0,3.0,1.0,1.0
6221,1.0,1.0,1.0,3.0,1.0,1.0,1.0,1.0,1.0,4.0,1.0,1.0
6222,1.0,1.0,1.0,3.0,1.0,1.0,1.0,1.0,1.0,4.0,1.0,1.0
6223,1.0,1.0,1.0,3.0,1.0,1.0,1.0,1.0,1.0,3.0,1.0,1.0
6224,1.0,1.0,1.0,3.0,1.0,1.0,1.0,1.0,1.0,4.0,1.0,1.0
6225,1.0,1.0,1.0,3.0,1.0,1.0,1.0,1.0,1.0,5.0,2.0,1.0
6226,1.0,1.0,1.0,3.0,1.0,1.0,1.0,1.0,1.0,5.0,2.0,1.0
6227,1.0,1.0,1.0,3.0,1.0,1.0,1.0,1.0,1.0,3.0,1.0,1.0
6228,1.0,1.0,1.0,3.0,1.0,1.0,1.0,1.0,1.0,3.0,1.0,1.0
6229,1.0,1.0,1.0,3.0,1.0,1.0,1.0,1.0,1.0,3.0,1.0,1.0
6230,1.0,1.0,1.0,3.0,1.0,1.0,1.0,1.0,1.0,3.0,1.0,1.0
6231,1.0,1.0,1.0,3.0,1.0,1.0,1.0,1.0,1.0,3.0,1.0,1.0
6232,1.0,1.0,1.0,3.0,1.0,1.0,1.0,1.0,1.0,3.0,1.0,1.0
6233,1.0,1.0,1.0,3.0,1.0,1.0,1.0,1.0,1.0,3.0,1.0,1.0
6234,1.0,1.0,1.0,3.0,1.0,1.0,1.0,1.0,1.0,3.0,1.0,1.0
6235,1.0,1.0,1.0,3.0,1.0,1.0,1.0,1.0,1.0,5.0,2.0,1.0
6236,1.0,1.0,1.0,3.0,1.0,1.0,1.0,1.0,1.0,3.0,1.0,1.0
6237,1.0,1.0,1.0,3.0,1.0,1.0,1.0,1.0,1.0,3.0,1.0,1.0
6238,1.0,1.0,1.0,3.0,1.0,1.0,1.0,1.0,1.0,4.0,1.0,1.0
6239,1.0,1.0,1.0,3.0,1.0,1.0,1.0,1.0,1.0,3.0,1.0,1.0
6240,1.0,1.0,1.0,3.0,1.0,1.0,1.0,1.0,1.0,3.0,1.0,1.0
6241,1.0,1.0,1.0,3.0,1.0,1.0,1.0,1.0,1.0,4.0,1.0,1.0
6242,1.0,1.0,1.0,3.0,1.0,1.0,1.0,1.0,1.0,3.0,1.0,1.0
6243,1.0,1.0,1.0,3.0,1.0,1.0,1.0,1.0,1.0,3.0,1.0,1.0
6244,1.0,1.0,1.0,3.0,1.0,1.0,1.0,1.0,1.0,3.0,1.0,1.0
6245,1.0,1.0,1.0,3.0,1.0,1.0,1.0,1.0,1.0,3.0,1.0,1.0
6246,1.0,1.0,1.0,3.0,1.0,1.0,1.0,1.0,1.0,3.0,1.0,1.0
6247,1.0,1.0,1.0,3.0,1.0,1.0,1.0,1.0,1.0,3.0,1.0,1.0
6248,1.0,1.0,1.0,3.0,1.0,1.0,1.0,1.0,1.0,5.0,2.0,1.0
6249,1.0,1.0,1.0,3.0,1.0,1.0,1.0,1.0,1.0,3.0,1.0,1.0
6250,1.0,1.0,1.0,3.0,1.0,1.0,1.0,1.0,1.0,3.0,1.0,1.0
6251,1.0,1.0,1.0,3.0,1.0,1.0,1.0,1.0,1.0,3.0,1.0,1.0
6252,1.0,1.0,1.0,3.0,1.0,1.0,1.0,1.0,1.0,4.0,1.0,1.0
6253,1.0,1.0,1.0,3.0,1.0,1.0,1.0,1.0,1.0,3.0,1.0,1.0
6254,1.0,1.0,1.0,3.0,1.0,1.0,1.0,1.0,1.0,3.0,1.0,1.0
6255,1.0,1.0,1.0,3.0,1.0,1.0,1.0,1.0,1.0,5.0,2.0,1.0
6256,1.0,1.0,1.0,3.0,1.0,1.0,1.0,1.0,1.0,3.0,1.0,1.0
6257,1.0,1.0,1.0,3.0,1.0,1.0,1.0,1.0,1.0,3.0,1.0,1.0
6258,1.0,1.0,1.0,3.0,1.0,1.0,1.0,1.0,1.0,4.0,1.0,1.0
6259,1.0,1.0,1.0,3.0,1.0,1.0,1.0,1.0,1.0,5.0,2.0,1.0
6260,1.0,1.0,1.0,3.0,1.0,1.0,1.0,1.0,1.0,5.0,2.0,1.0
6261,1.0,1.0,1.0,3.0,1.0,1.0,1.0,1.0,1.0,4.0,1.0,1.0
6262,1.0,1.0,1.0,3.0,1.0,1.0,1.0,1.0,1.0,3.0,1.0,1.0
6263,1.0,1.0,1.0,3.0,1.0,1.0,1.0,1.0,1.0,3.0,1.0,1.0
6264,1.0,1.0,1.0,3.0,1.0,1.0,1.0,1.0,1.0,4.0,1.0,1.0
6265,1.0,1.0,1.0,3.0,1.0,1.0,1.0,1.0,1.0,3.0,1.0,1.0
6266,1.0,1.0,1.0,3.0,1.0,1.0,1.0,1.0,1.0,5.0,2.0,1.0
6267,1.0,1.0,1.0,3.0,1.0,1.0,1.0,1.0,1.0,4.0,1.0,1.0
6268,1.0,1.0,1.0,3.0,1.0,1.0,1.0,1.0,1.0,3.0,1.0,1.0
6269,1.0,1.0,1.0,3.0,1.0,1.0,1.0,1.0,1.0,3.0,1.0,1.0
6270,1.0,1.0,1.0,3.0,1.0,1.0,1.0,1.0,1.0,5.0,2.0,1.0
6271,1.0,1.0,1.0,3.0,1.0,1.0,1.0,1.0,1.0,4.0,1.0,1.0
6272,1.0,1.0,1.0,3.0,1.0,1.0,1.0,1.0,1.0,5.0,2.0,1.0
6273,1.0,1.0,1.0,3.0,1.0,1.0,1.0,1.0,1.0,4.0,1.0,1.0
6274,1.0,1.0,1.0,3.0,1.0,1.0,1.0,1.0,1.0,5.0,2.0,1.0
6275,1.0,1.0,1.0,3.0,1.0,1.0,1.0,1.0,1.0,3.0,1.0,1.0
6276,1.0,1.0,1.0,3.0,1.0,1.0,1.0,1.0,1.0,3.0,1.0,1.0
6277,1.0,1.0,1.0,3.0,1.0,1.0,1.0,1.0,1.0,3.0,1.0,1.0
6278,1.0,1.0,1.0,3.0,1.0,1.0,1.0,1.0,1.0,5.0,2.0,1.0
6279,1.0,1.0,1.0,3.0,1.0,1.0,1.0,1.0,1.0,3.0,1.0,1.0
6280,1.0,1.0,1.0,3.0,1.0,1.0,1.0,1.0,1.0,3.0,1.0,1.0
6281,1.0,1.0,1.0,3.0,1.0,1.0,1.0,1.0,1.0,3.0,1.0,1.0
6282,1.0,1.0,1.0,3.0,1.0,1.0,1.0,1.0,1.0,3.0,1.0,1.0
6283,1.0,1.0,1.0,3.0,1.0,1.0,1.0,1.0,1.0,4.0,1.0,1.0
6284,1.0,1.0,1.0,3.0,1.0,1.0,1.0,1.0,1.0,5.0,2.0,1.0
6285,1.0,1.0,1.0,3.0,1.0,1.0,1.0,1.0,1.0,5.0,2.0,1.0
6286,1.0,1.0,1.0,3.0,1.0,1.0,1.0,1.0,1.0,3.0,1.0,1.0
6287,1.0,1.0,1.0,3.0,1.0,1.0,1.0,1.0,1.0,3.0,1.0,1.0
6288,1.0,1.0,1.0,3.0,1.0,1.0,1.0,1.0,1.0,5.0,2.0,1.0
6289,1.0,1.0,1.0,3.0,1.0,1.0,1.0,1.0,1.0,3.0,1.0,1.0
6290,1.0,1.0,1.0,3.0,1.0,1.0,1.0,1.0,1.0,5.0,2.0,1.0
6291,1.0,1.0,1.0,3.0,1.0,1.0,1.0,1.0,1.0,5.0,2.0,1.0
6292,1.0,1.0,1.0,3.0,1.0,1.0,1.0,1.0,1.0,4.0,1.0,1.0
6293,1.0,1.0,1.0,3.0,1.0,1.0,1.0,1.0,1.0,4.0,1.0,1.0
6294,1.0,1.0,1.0,3.0,1.0,1.0,1.0,1.0,1.0,4.0,1.0,1.0
6295,1.0,1.0,1.0,3.0,1.0,1.0,1.0,1.0,1.0,4.0,1.0,1.0
6296,1.0,1.0,1.0,3.0,1.0,1.0,1.0,1.0,1.0,4.0,1.0,1.0
6297,1.0,1.0,1.0,3.0,1.0,1.0,1.0,1.0,1.0,3.0,1.0,1.0
6298,1.0,1.0,1.0,3.0,1.0,1.0,1.0,1.0,1.0,3.0,1.0,1.0
6299,1.0,1.0,1.0,3.0,1.0,1.0,1.0,1.0,1.0,4.0,1.0,1.0
6300,1.0,1.0,1.0,3.0,1.0,1.0,1.0,1.0,1.0,5.0,2.0,1.0
6301,1.0,1.0,1.0,3.0,1.0,1.0,1.0,1.0,1.0,3.0,1.0,1.0
6302,1.0,1.0,1.0,3.0,1.0,1.0,1.0,1.0,1.0,3.0,1.0,1.0
6303,1.0,1.0,1.0,3.0,1.0,1.0,1.0,1.0,1.0,4.0,1.0,1.0
6304,1.0,1.0,1.0,3.0,1.0,1.0,1.0,1.0,1.0,4.0,1.0,1.0
6305,1.0,1.0,1.0,3.0,1.0,1.0,1.0,1.0,1.0,3.0,1.0,1.0
6306,1.0,1.0,1.0,3.0,1.0,1.0,1.0,1.0,1.0,4.0,1.0,1.0
6307,1.0,1.0,1.0,3.0,1.0,1.0,1.0,1.0,1.0,3.0,1.0,1.0
6308,1.0,1.0,1.0,3.0,1.0,1.0,1.0,1.0,1.0,4.0,1.0,1.0
6309,1.0,1.0,1.0,3.0,1.0,1.0,1.0,1.0,1.0,5.0,2.0,1.0
6310,1.0,1.0,1.0,3.0,1.0,1.0,1.0,1.0,1.0,5.0,2.0,1.0
6311,1.0,1.0,1.0,3.0,1.0,1.0,1.0,1.0,1.0,5.0,2.0,1.0
6312,1.0,1.0,1.0,3.0,1.0,1.0,1.0,1.0,1.0,3.0,1.0,1.0
6313,1.0,1.0,1.0,3.0,1.0,1.0,1.0,1.0,1.0,3.0,1.0,1.0
6314,1.0,1.0,1.0,3.0,1.0,1.0,1.0,1.0,1.0,3.0,1.0,1.0
6315,1.0,1.0,1.0,3.0,1.0,1.0,1.0,1.0,1.0,3.0,1.0,1.0
6316,1.0,1.0,1.0,3.0,1.0,1.0,1.0,1.0,1.0,3.0,1.0,1.0
6317,1.0,1.0,1.0,3.0,1.0,1.0,1.0,1.0,1.0,3.0,1.0,1.0
6318,1.0,1.0,1.0,3.0,1.0,1.0,1.0,1.0,1.0,4.0,1.0,1.0
6319,1.0,1.0,1.0,3.0,1.0,1.0,1.0,1.0,1.0,5.0,2.0,1.0
6320,1.0,1.0,1.0,3.0,1.0,1.0,1.0,1.0,1.0,5.0,2.0,1.0
6321,1.0,1.0,1.0,3.0,1.0,1.0,1.0,1.0,1.0,3.0,1.0,1.0
6322,1.0,1.0,1.0,3.0,1.0,1.0,1.0,1.0,1.0,5.0,2.0,1.0
6323,1.0,1.0,1.0,3.0,1.0,1.0,1.0,1.0,1.0,5.0,2.0,1.0
6324,1.0,1.0,1.0,3.0,1.0,1.0,1.0,1.0,1.0,5.0,2.0,1.0
6325,1.0,1.0,1.0,3.0,1.0,1.0,1.0,1.0,1.0,5.0,2.0,1.0
6326,1.0,1.0,1.0,3.0,1.0,1.0,1.0,1.0,1.0,3.0,1.0,1.0
6327,1.0,1.0,1.0,3.0,1.0,1.0,1.0,1.0,1.0,3.0,1.0,1.0
6328,1.0,1.0,1.0,3.0,1.0,1.0,1.0,1.0,1.0,5.0,2.0,1.0
6329,1.0,1.0,1.0,3.0,1.0,1.0,1.0,1.0,1.0,5.0,2.0,1.0
6330,1.0,1.0,1.0,3.0,1.0,1.0,1.0,1.0,1.0,3.0,1.0,1.0
6331,1.0,1.0,1.0,3.0,1.0,1.0,1.0,1.0,1.0,3.0,1.0,1.0
6332,1.0,1.0,1.0,3.0,1.0,1.0,1.0,1.0,1.0,5.0,2.0,1.0
6333,1.0,1.0,1.0,3.0,1.0,1.0,1.0,1.0,1.0,4.0,1.0,1.0
6334,1.0,1.0,1.0,3.0,1.0,1.0,1.0,1.0,1.0,3.0,1.0,1.0
6335,1.0,1.0,1.0,3.0,1.0,1.0,1.0,1.0,1.0,3.0,1.0,1.0
6336,1.0,1.0,1.0,3.0,1.0,1.0,1.0,1.0,1.0,3.0,1.0,1.0
6337,1.0,1.0,1.0,3.0,1.0,1.0,1.0,1.0,1.0,5.0,2.0,1.0
6338,1.0,1.0,1.0,3.0,1.0,1.0,1.0,1.0,1.0,4.0,1.0,1.0
6339,1.0,1.0,1.0,3.0,1.0,1.0,1.0,1.0,1.0,3.0,1.0,1.0
6340,1.0,1.0,1.0,3.0,1.0,1.0,1.0,1.0,1.0,4.0,1.0,1.0
6341,1.0,1.0,1.0,3.0,1.0,1.0,1.0,1.0,1.0,3.0,1.0,1.0
6342,1.0,1.0,1.0,3.0,1.0,1.0,1.0,1.0,1.0,5.0,2.0,1.0
6343,1.0,1.0,1.0,3.0,1.0,1.0,1.0,1.0,1.0,3.0,1.0,1.0
6344,1.0,1.0,1.0,3.0,1.0,1.0,1.0,1.0,1.0,5.0,2.0,1.0
6345,1.0,1.0,1.0,3.0,1.0,1.0,1.0,1.0,1.0,3.0,1.0,1.0
6346,1.0,1.0,1.0,3.0,1.0,1.0,1.0,1.0,1.0,5.0,2.0,1.0
6347,1.0,1.0,1.0,3.0,1.0,1.0,1.0,1.0,1.0,5.0,2.0,1.0
6348,1.0,1.0,1.0,3.0,1.0,1.0,1.0,1.0,1.0,3.0,1.0,1.0
6349,1.0,1.0,1.0,3.0,1.0,1.0,1.0,1.0,1.0,3.0,1.0,1.0
6350,1.0,1.0,1.0,3.0,1.0,1.0,1.0,1.0,1.0,3.0,1.0,1.0
6351,1.0,1.0,1.0,3.0,1.0,1.0,1.0,1.0,1.0,3.0,1.0,1.0
6352,1.0,1.0,1.0,3.0,1.0,1.0,1.0,1.0,1.0,3.0,1.0,1.0
6353,1.0,1.0,1.0,3.0,1.0,1.0,1.0,1.0,1.0,3.0,1.0,1.0
6354,1.0,1.0,1.0,3.0,1.0,1.0,1.0,1.0,1.0,3.0,1.0,1.0
6355,1.0,1.0,1.0,3.0,1.0,1.0,1.0,1.0,1.0,4.0,1.0,1.0
6356,1.0,1.0,1.0,3.0,1.0,1.0,1.0,1.0,1.0,4.0,1.0,1.0
6357,1.0,1.0,1.0,3.0,1.0,1.0,1.0,1.0,1.0,5.0,2.0,1.0
6358,1.0,1.0,1.0,3.0,1.0,1.0,1.0,1.0,1.0,5.0,2.0,1.0
6359,1.0,1.0,1.0,3.0,1.0,1.0,1.0,1.0,1.0,3.0,1.0,1.0
6360,1.0,1.0,1.0,3.0,1.0,1.0,1.0,1.0,1.0,3.0,1.0,1.0
6361,1.0,1.0,1.0,3.0,1.0,1.0,1.0,1.0,1.0,3.0,1.0,1.0
6362,1.0,1.0,1.0,3.0,1.0,1.0,1.0,1.0,1.0,3.0,1.0,1.0
6363,1.0,1.0,1.0,3.0,1.0,1.0,1.0,1.0,1.0,3.0,1.0,1.0
6364,1.0,1.0,1.0,3.0,1.0,1.0,1.0,1.0,1.0,5.0,2.0,1.0
6365,1.0,1.0,1.0,3.0,1.0,1.0,1.0,1.0,1.0,5.0,2.0,1.0
6366,1.0,1.0,1.0,3.0,1.0,1.0,1.0,1.0,1.0,3.0,1.0,1.0
6367,1.0,1.0,1.0,3.0,1.0,1.0,1.0,1.0,1.0,3.0,1.0,1.0
6368,1.0,1.0,1.0,3.0,1.0,1.0,1.0,1.0,1.0,4.0,1.0,1.0
6369,1.0,1.0,1.0,3.0,1.0,1.0,1.0,1.0,1.0,4.0,1.0,1.0
6370,1.0,1.0,1.0,3.0,1.0,1.0,1.0,1.0,1.0,5.0,2.0,1.0
6371,1.0,1.0,1.0,3.0,1.0,1.0,1.0,1.0,1.0,3.0,1.0,1.0
6372,1.0,1.0,1.0,3.0,1.0,1.0,1.0,1.0,1.0,3.0,1.0,1.0
6373,1.0,1.0,1.0,3.0,1.0,1.0,1.0,1.0,1.0,4.0,1.0,1.0
6374,1.0,1.0,1.0,3.0,1.0,1.0,1.0,1.0,1.0,3.0,1.0,1.0
6375,1.0,1.0,1.0,3.0,1.0,1.0,1.0,1.0,1.0,3.0,1.0,1.0
6376,1.0,1.0,1.0,3.0,1.0,1.0,1.0,1.0,1.0,3.0,1.0,1.0
6377,1.0,1.0,1.0,3.0,1.0,1.0,1.0,1.0,1.0,5.0,2.0,1.0
6378,1.0,1.0,1.0,3.0,1.0,1.0,1.0,1.0,1.0,3.0,1.0,1.0
6379,1.0,1.0,1.0,3.0,1.0,1.0,1.0,1.0,1.0,3.0,1.0,1.0
6380,1.0,1.0,1.0,3.0,1.0,1.0,1.0,1.0,1.0,3.0,1.0,1.0
6381,1.0,1.0,1.0,3.0,1.0,1.0,1.0,1.0,1.0,5.0,2.0,1.0
6382,1.0,1.0,1.0,3.0,1.0,1.0,1.0,1.0,1.0,3.0,1.0,1.0
6383,1.0,1.0,1.0,3.0,1.0,1.0,1.0,1.0,1.0,5.0,2.0,1.0
6384,1.0,1.0,1.0,3.0,1.0,1.0,1.0,1.0,1.0,3.0,1.0,1.0
6385,1.0,1.0,1.0,3.0,1.0,1.0,1.0,1.0,1.0,3.0,1.0,1.0
6386,1.0,1.0,1.0,3.0,1.0,1.0,1.0,1.0,1.0,3.0,1.0,1.0
6387,1.0,1.0,1.0,3.0,1.0,1.0,1.0,1.0,1.0,3.0,1.0,1.0
6388,1.0,1.0,1.0,3.0,1.0,1.0,1.0,1.0,1.0,3.0,1.0,1.0
6389,1.0,1.0,1.0,3.0,1.0,1.0,1.0,1.0,1.0,5.0,2.0,1.0
6390,1.0,1.0,1.0,3.0,1.0,1.0,1.0,1.0,1.0,3.0,1.0,1.0
6391,1.0,1.0,1.0,3.0,1.0,1.0,1.0,1.0,1.0,4.0,1.0,1.0
6392,1.0,1.0,1.0,3.0,1.0,1.0,1.0,1.0,1.0,4.0,1.0,1.0
6393,1.0,1.0,1.0,3.0,1.0,1.0,1.0,1.0,1.0,3.0,1.0,1.0
6394,1.0,1.0,1.0,3.0,1.0,1.0,1.0,1.0,1.0,5.0,2.0,1.0
6395,1.0,1.0,1.0,3.0,1.0,1.0,1.0,1.0,1.0,3.0,1.0,1.0
6396,1.0,1.0,1.0,3.0,1.0,1.0,1.0,1.0,1.0,5.0,2.0,1.0
6397,1.0,1.0,1.0,3.0,1.0,1.0,1.0,1.0,1.0,5.0,2.0,1.0
6398,1.0,1.0,1.0,3.0,1.0,1.0,1.0,1.0,1.0,3.0,1.0,1.0
6399,1.0,1.0,1.0,3.0,1.0,1.0,1.0,1.0,1.0,3.0,1.0,1.0
6400,1.0,1.0,1.0,3.0,1.0,1.0,1.0,1.0,1.0,4.0,1.0,1.0
6401,1.0,1.0,1.0,3.0,1.0,1.0,1.0,1.0,1.0,3.0,1.0,1.0
6402,1.0,1.0,1.0,3.0,1.0,1.0,1.0,1.0,1.0,4.0,1.0,1.0
6403,1.0,1.0,1.0,3.0,1.0,1.0,1.0,1.0,1.0,5.0,2.0,1.0
6404,1.0,1.0,1.0,3.0,1.0,1.0,1.0,1.0,1.0,3.0,1.0,1.0
6405,1.0,1.0,1.0,3.0,1.0,1.0,1.0,1.0,1.0,5.0,2.0,1.0
6406,1.0,1.0,1.0,3.0,1.0,1.0,1.0,1.0,1.0,3.0,1.0,1.0
6407,1.0,1.0,1.0,3.0,1.0,1.0,1.0,1.0,1.0,3.0,1.0,1.0
6408,1.0,1.0,1.0,3.0,1.0,1.0,1.0,1.0,1.0,3.0,1.0,1.0
6409,1.0,1.0,1.0,3.0,1.0,1.0,1.0,1.0,1.0,3.0,1.0,1.0
6410,1.0,1.0,1.0,3.0,1.0,1.0,1.0,1.0,1.0,5.0,2.0,1.0
6411,1.0,1.0,1.0,3.0,1.0,1.0,1.0,1.0,1.0,5.0,2.0,1.0
6412,1.0,1.0,1.0,3.0,1.0,1.0,1.0,1.0,1.0,5.0,2.0,1.0
6413,1.0,1.0,1.0,3.0,1.0,1.0,1.0,1.0,1.0,4.0,1.0,1.0
6414,1.0,1.0,1.0,3.0,1.0,1.0,1.0,1.0,1.0,4.0,1.0,1.0
6415,1.0,1.0,1.0,3.0,1.0,1.0,1.0,1.0,1.0,4.0,1.0,1.0
6416,1.0,1.0,1.0,3.0,1.0,1.0,1.0,1.0,1.0,5.0,2.0,1.0
6417,1.0,1.0,1.0,3.0,1.0,1.0,1.0,1.0,1.0,5.0,2.0,1.0
6418,1.0,1.0,1.0,3.0,1.0,1.0,1.0,1.0,1.0,4.0,1.0,1.0
6419,1.0,1.0,1.0,3.0,1.0,1.0,1.0,1.0,1.0,5.0,2.0,1.0
6420,1.0,1.0,1.0,3.0,1.0,1.0,1.0,1.0,1.0,4.0,1.0,1.0
6421,1.0,1.0,1.0,3.0,1.0,1.0,1.0,1.0,1.0,5.0,2.0,1.0
6422,1.0,1.0,1.0,3.0,1.0,1.0,1.0,1.0,1.0,3.0,1.0,1.0
6423,1.0,1.0,1.0,3.0,1.0,1.0,1.0,1.0,1.0,5.0,2.0,1.0
6424,1.0,1.0,1.0,3.0,1.0,1.0,1.0,1.0,1.0,3.0,1.0,1.0
6425,1.0,1.0,1.0,3.0,1.0,1.0,1.0,1.0,1.0,5.0,2.0,1.0
6426,1.0,1.0,1.0,3.0,1.0,1.0,1.0,1.0,1.0,3.0,1.0,1.0
6427,1.0,1.0,1.0,3.0,1.0,1.0,1.0,1.0,1.0,3.0,1.0,1.0
6428,1.0,1.0,1.0,3.0,1.0,1.0,1.0,1.0,1.0,4.0,1.0,1.0
6429,1.0,1.0,1.0,3.0,1.0,1.0,1.0,1.0,1.0,5.0,2.0,1.0
6430,1.0,1.0,1.0,3.0,1.0,1.0,1.0,1.0,1.0,3.0,1.0,1.0
6431,1.0,1.0,1.0,3.0,1.0,1.0,1.0,1.0,1.0,3.0,1.0,1.0
6432,1.0,1.0,1.0,3.0,1.0,1.0,1.0,1.0,1.0,5.0,2.0,1.0
6433,1.0,1.0,1.0,3.0,1.0,1.0,1.0,1.0,1.0,3.0,1.0,1.0
6434,1.0,1.0,1.0,3.0,1.0,1.0,1.0,1.0,1.0,5.0,2.0,1.0
6435,1.0,1.0,1.0,3.0,1.0,1.0,1.0,1.0,1.0,4.0,1.0,1.0
6436,1.0,1.0,1.0,3.0,1.0,1.0,1.0,1.0,1.0,3.0,1.0,1.0
6437,1.0,1.0,1.0,3.0,1.0,1.0,1.0,1.0,1.0,4.0,1.0,1.0
6438,1.0,1.0,1.0,3.0,1.0,1.0,1.0,1.0,1.0,5.0,2.0,1.0
6439,1.0,1.0,1.0,3.0,1.0,1.0,1.0,1.0,1.0,4.0,1.0,1.0
6440,1.0,1.0,1.0,3.0,1.0,1.0,1.0,1.0,1.0,3.0,1.0,1.0
6441,1.0,1.0,1.0,3.0,1.0,1.0,1.0,1.0,1.0,3.0,1.0,1.0
6442,1.0,1.0,1.0,3.0,1.0,1.0,1.0,1.0,1.0,3.0,1.0,1.0
6443,1.0,1.0,1.0,3.0,1.0,1.0,1.0,1.0,1.0,3.0,1.0,1.0
6444,1.0,1.0,1.0,3.0,1.0,1.0,1.0,1.0,1.0,3.0,1.0,1.0
6445,1.0,1.0,1.0,3.0,1.0,1.0,1.0,1.0,1.0,3.0,1.0,1.0
6446,1.0,1.0,1.0,3.0,1.0,1.0,1.0,1.0,1.0,3.0,1.0,1.0
6447,1.0,1.0,1.0,3.0,1.0,1.0,1.0,1.0,1.0,4.0,1.0,1.0
6448,1.0,1.0,1.0,3.0,1.0,1.0,1.0,1.0,1.0,3.0,1.0,1.0
6449,1.0,1.0,1.0,3.0,1.0,1.0,1.0,1.0,1.0,3.0,1.0,1.0
6450,1.0,1.0,1.0,3.0,1.0,1.0,1.0,1.0,1.0,3.0,1.0,1.0
6451,1.0,1.0,1.0,3.0,1.0,1.0,1.0,1.0,1.0,3.0,1.0,1.0
6452,1.0,1.0,1.0,3.0,1.0,1.0,1.0,1.0,1.0,5.0,2.0,1.0
6453,1.0,1.0,1.0,3.0,1.0,1.0,1.0,1.0,1.0,3.0,1.0,1.0
6454,1.0,1.0,1.0,3.0,1.0,1.0,1.0,1.0,1.0,3.0,1.0,1.0
6455,1.0,1.0,1.0,3.0,1.0,1.0,1.0,1.0,1.0,4.0,1.0,1.0
6456,1.0,1.0,1.0,3.0,1.0,1.0,1.0,1.0,1.0,4.0,1.0,1.0
6457,1.0,1.0,1.0,3.0,1.0,1.0,1.0,1.0,1.0,3.0,1.0,1.0
6458,1.0,1.0,1.0,3.0,1.0,1.0,1.0,1.0,1.0,3.0,1.0,1.0
6459,1.0,1.0,1.0,3.0,1.0,1.0,1.0,1.0,1.0,4.0,1.0,1.0
6460,1.0,1.0,1.0,3.0,1.0,1.0,1.0,1.0,1.0,3.0,1.0,1.0
6461,1.0,1.0,1.0,3.0,1.0,1.0,1.0,1.0,1.0,3.0,1.0,1.0
6462,1.0,1.0,1.0,3.0,1.0,1.0,1.0,1.0,1.0,3.0,1.0,1.0
6463,1.0,1.0,1.0,3.0,1.0,1.0,1.0,1.0,1.0,3.0,1.0,1.0
6464,1.0,1.0,1.0,3.0,1.0,1.0,1.0,1.0,1.0,3.0,1.0,1.0
6465,1.0,1.0,1.0,3.0,1.0,1.0,1.0,1.0,1.0,3.0,1.0,1.0
6466,1.0,1.0,1.0,3.0,1.0,1.0,1.0,1.0,1.0,3.0,1.0,1.0
6467,1.0,1.0,1.0,3.0,1.0,1.0,1.0,1.0,1.0,3.0,1.0,1.0
6468,1.0,1.0,1.0,3.0,1.0,1.0,1.0,1.0,1.0,5.0,2.0,1.0
6469,1.0,1.0,1.0,3.0,1.0,1.0,1.0,1.0,1.0,3.0,1.0,1.0
6470,1.0,1.0,1.0,3.0,1.0,1.0,1.0,1.0,1.0,4.0,1.0,1.0
6471,1.0,1.0,1.0,3.0,1.0,1.0,1.0,1.0,1.0,5.0,2.0,1.0
6472,1.0,1.0,1.0,3.0,1.0,1.0,1.0,1.0,1.0,3.0,1.0,1.0
6473,1.0,1.0,1.0,3.0,1.0,1.0,1.0,1.0,1.0,5.0,2.0,1.0
6474,1.0,1.0,1.0,3.0,1.0,1.0,1.0,1.0,1.0,4.0,1.0,1.0
6475,1.0,1.0,1.0,3.0,1.0,1.0,1.0,1.0,1.0,5.0,2.0,1.0
6476,1.0,1.0,1.0,3.0,1.0,1.0,1.0,1.0,1.0,3.0,1.0,1.0
6477,1.0,1.0,1.0,3.0,1.0,1.0,1.0,1.0,1.0,5.0,2.0,1.0
6478,1.0,1.0,1.0,3.0,1.0,1.0,1.0,1.0,1.0,4.0,1.0,1.0
6479,1.0,1.0,1.0,3.0,1.0,1.0,1.0,1.0,1.0,3.0,1.0,1.0
6480,1.0,1.0,1.0,3.0,1.0,1.0,1.0,1.0,1.0,5.0,2.0,1.0
6481,1.0,1.0,1.0,3.0,1.0,1.0,1.0,1.0,1.0,3.0,1.0,1.0
6482,1.0,1.0,1.0,3.0,1.0,1.0,1.0,1.0,1.0,5.0,2.0,1.0
6483,1.0,1.0,1.0,3.0,1.0,1.0,1.0,1.0,1.0,3.0,1.0,1.0
6484,1.0,1.0,1.0,3.0,1.0,1.0,1.0,1.0,1.0,3.0,1.0,1.0
6485,1.0,1.0,1.0,3.0,1.0,1.0,1.0,1.0,1.0,3.0,1.0,1.0
6486,1.0,1.0,1.0,3.0,1.0,1.0,1.0,1.0,1.0,5.0,2.0,1.0
6487,1.0,1.0,1.0,3.0,1.0,1.0,1.0,1.0,1.0,4.0,1.0,1.0
6488,1.0,1.0,1.0,3.0,1.0,1.0,1.0,1.0,1.0,3.0,1.0,1.0
6489,1.0,1.0,1.0,3.0,1.0,1.0,1.0,1.0,1.0,3.0,1.0,1.0
6490,1.0,1.0,1.0,3.0,1.0,1.0,1.0,1.0,1.0,3.0,1.0,1.0
6491,1.0,1.0,1.0,3.0,1.0,1.0,1.0,1.0,1.0,3.0,1.0,1.0
6492,1.0,1.0,1.0,3.0,1.0,1.0,1.0,1.0,1.0,4.0,1.0,1.0
6493,1.0,1.0,1.0,3.0,1.0,1.0,1.0,1.0,1.0,5.0,2.0,1.0
6494,1.0,1.0,1.0,3.0,1.0,1.0,1.0,1.0,1.0,3.0,1.0,1.0
6495,1.0,1.0,1.0,3.0,1.0,1.0,1.0,1.0,1.0,3.0,1.0,1.0
6496,1.0,1.0,1.0,3.0,1.0,1.0,1.0,1.0,1.0,5.0,2.0,1.0
6497,1.0,1.0,1.0,3.0,1.0,1.0,1.0,1.0,1.0,3.0,1.0,1.0
6498,1.0,1.0,1.0,3.0,1.0,1.0,1.0,1.0,1.0,3.0,1.0,1.0
6499,1.0,1.0,1.0,3.0,1.0,1.0,1.0,1.0,1.0,4.0,1.0,1.0
6500,1.0,1.0,1.0,3.0,1.0,1.0,1.0,1.0,1.0,4.0,1.0,1.0
6501,1.0,1.0,1.0,3.0,1.0,1.0,1.0,1.0,1.0,4.0,1.0,1.0
6502,1.0,1.0,1.0,3.0,1.0,1.0,1.0,1.0,1.0,3.0,1.0,1.0
6503,1.0,1.0,1.0,3.0,1.0,1.0,1.0,1.0,1.0,3.0,1.0,1.0
6504,1.0,1.0,1.0,3.0,1.0,1.0,1.0,1.0,1.0,4.0,1.0,1.0
6505,1.0,1.0,1.0,3.0,1.0,1.0,1.0,1.0,1.0,3.0,1.0,1.0
6506,1.0,1.0,1.0,3.0,1.0,1.0,1.0,1.0,1.0,5.0,2.0,1.0
6507,1.0,1.0,1.0,3.0,1.0,1.0,1.0,1.0,1.0,5.0,2.0,1.0
6508,1.0,1.0,1.0,3.0,1.0,1.0,1.0,1.0,1.0,4.0,1.0,1.0
6509,1.0,1.0,1.0,3.0,1.0,1.0,1.0,1.0,1.0,5.0,2.0,1.0
6510,1.0,1.0,1.0,3.0,1.0,1.0,1.0,1.0,1.0,5.0,2.0,1.0
6511,1.0,1.0,1.0,3.0,1.0,1.0,1.0,1.0,1.0,3.0,1.0,1.0
6512,1.0,1.0,1.0,3.0,1.0,1.0,1.0,1.0,1.0,3.0,1.0,1.0
6513,1.0,1.0,1.0,3.0,1.0,1.0,1.0,1.0,1.0,4.0,1.0,1.0
6514,1.0,1.0,1.0,3.0,1.0,1.0,1.0,1.0,1.0,4.0,1.0,1.0
6515,1.0,1.0,1.0,3.0,1.0,1.0,1.0,1.0,1.0,3.0,1.0,1.0
6516,1.0,1.0,1.0,3.0,1.0,1.0,1.0,1.0,1.0,3.0,1.0,1.0
6517,1.0,1.0,1.0,3.0,1.0,1.0,1.0,1.0,1.0,3.0,1.0,1.0
6518,1.0,1.0,1.0,3.0,1.0,1.0,1.0,1.0,1.0,3.0,1.0,1.0
6519,1.0,1.0,1.0,3.0,1.0,1.0,1.0,1.0,1.0,3.0,1.0,1.0
6520,1.0,1.0,1.0,3.0,1.0,1.0,1.0,1.0,1.0,3.0,1.0,1.0
6521,1.0,1.0,1.0,3.0,1.0,1.0,1.0,1.0,1.0,3.0,1.0,1.0
6522,1.0,1.0,1.0,3.0,1.0,1.0,1.0,1.0,1.0,3.0,1.0,1.0
6523,1.0,1.0,1.0,3.0,1.0,1.0,1.0,1.0,1.0,3.0,1.0,1.0
6524,1.0,1.0,1.0,3.0,1.0,1.0,1.0,1.0,1.0,5.0,2.0,1.0
6525,1.0,1.0,1.0,3.0,1.0,1.0,1.0,1.0,1.0,4.0,1.0,1.0
6526,1.0,1.0,1.0,3.0,1.0,1.0,1.0,1.0,1.0,3.0,1.0,1.0
6527,1.0,1.0,1.0,3.0,1.0,1.0,1.0,1.0,1.0,5.0,2.0,1.0
6528,1.0,1.0,1.0,3.0,1.0,1.0,1.0,1.0,1.0,5.0,2.0,1.0
6529,1.0,1.0,1.0,3.0,1.0,1.0,1.0,1.0,1.0,5.0,2.0,1.0
6530,1.0,1.0,1.0,3.0,1.0,1.0,1.0,1.0,1.0,4.0,1.0,1.0
6531,1.0,1.0,1.0,3.0,1.0,1.0,1.0,1.0,1.0,3.0,1.0,1.0
6532,1.0,1.0,1.0,3.0,1.0,1.0,1.0,1.0,1.0,5.0,2.0,1.0
6533,1.0,1.0,1.0,3.0,1.0,1.0,1.0,1.0,1.0,4.0,1.0,1.0
6534,1.0,1.0,1.0,3.0,1.0,1.0,1.0,1.0,1.0,4.0,1.0,1.0
6535,1.0,1.0,1.0,3.0,1.0,1.0,1.0,1.0,1.0,5.0,2.0,1.0
6536,1.0,1.0,1.0,3.0,1.0,1.0,1.0,1.0,1.0,5.0,2.0,1.0
6537,1.0,1.0,1.0,3.0,1.0,1.0,1.0,1.0,1.0,3.0,1.0,1.0
6538,1.0,1.0,1.0,3.0,1.0,1.0,1.0,1.0,1.0,4.0,1.0,1.0
6539,1.0,1.0,1.0,3.0,1.0,1.0,1.0,1.0,1.0,3.0,1.0,1.0
6540,1.0,1.0,1.0,3.0,1.0,1.0,1.0,1.0,1.0,3.0,1.0,1.0
6541,1.0,1.0,1.0,3.0,1.0,1.0,1.0,1.0,1.0,3.0,1.0,1.0
6542,1.0,1.0,1.0,3.0,1.0,1.0,1.0,1.0,1.0,3.0,1.0,1.0
6543,1.0,1.0,1.0,3.0,1.0,1.0,1.0,1.0,1.0,5.0,2.0,1.0
6544,1.0,1.0,1.0,3.0,1.0,1.0,1.0,1.0,1.0,5.0,2.0,1.0
6545,1.0,1.0,1.0,3.0,1.0,1.0,1.0,1.0,1.0,4.0,1.0,1.0
6546,1.0,1.0,1.0,3.0,1.0,1.0,1.0,1.0,1.0,3.0,1.0,1.0
6547,1.0,1.0,1.0,3.0,1.0,1.0,1.0,1.0,1.0,3.0,1.0,1.0
6548,1.0,1.0,1.0,3.0,1.0,1.0,1.0,1.0,1.0,5.0,2.0,1.0
6549,1.0,1.0,1.0,3.0,1.0,1.0,1.0,1.0,1.0,3.0,1.0,1.0
6550,1.0,1.0,1.0,3.0,1.0,1.0,1.0,1.0,1.0,5.0,2.0,1.0
6551,1.0,1.0,1.0,3.0,1.0,1.0,1.0,1.0,1.0,5.0,2.0,1.0
6552,1.0,1.0,1.0,3.0,1.0,1.0,1.0,1.0,1.0,5.0,2.0,1.0
6553,1.0,1.0,1.0,3.0,1.0,1.0,1.0,1.0,1.0,3.0,1.0,1.0
6554,1.0,1.0,1.0,3.0,1.0,1.0,1.0,1.0,1.0,4.0,1.0,1.0
6555,1.0,1.0,1.0,3.0,1.0,1.0,1.0,1.0,1.0,5.0,2.0,1.0
6556,1.0,1.0,1.0,3.0,1.0,1.0,1.0,1.0,1.0,4.0,1.0,1.0
6557,1.0,1.0,1.0,3.0,1.0,1.0,1.0,1.0,1.0,5.0,2.0,1.0
6558,1.0,1.0,1.0,3.0,1.0,1.0,1.0,1.0,1.0,3.0,1.0,1.0
6559,1.0,1.0,1.0,3.0,1.0,1.0,1.0,1.0,1.0,5.0,2.0,1.0
6560,1.0,1.0,1.0,3.0,1.0,1.0,1.0,1.0,1.0,3.0,1.0,1.0
6561,1.0,1.0,1.0,3.0,1.0,1.0,1.0,1.0,1.0,3.0,1.0,1.0
6562,1.0,1.0,1.0,3.0,1.0,1.0,1.0,1.0,1.0,3.0,1.0,1.0
6563,1.0,1.0,1.0,3.0,1.0,1.0,1.0,1.0,1.0,5.0,2.0,1.0
6564,1.0,1.0,1.0,3.0,1.0,1.0,1.0,1.0,1.0,4.0,1.0,1.0
6565,1.0,1.0,1.0,3.0,1.0,1.0,1.0,1.0,1.0,3.0,1.0,1.0
6566,1.0,1.0,1.0,3.0,1.0,1.0,1.0,1.0,1.0,4.0,1.0,1.0
6567,1.0,1.0,1.0,3.0,1.0,1.0,1.0,1.0,1.0,5.0,2.0,1.0
6568,1.0,1.0,1.0,3.0,1.0,1.0,1.0,1.0,1.0,3.0,1.0,1.0
6569,1.0,1.0,1.0,3.0,1.0,1.0,1.0,1.0,1.0,3.0,1.0,1.0
6570,1.0,1.0,1.0,3.0,1.0,1.0,1.0,1.0,1.0,4.0,1.0,1.0
6571,1.0,1.0,1.0,3.0,1.0,1.0,1.0,1.0,1.0,5.0,2.0,1.0
6572,1.0,1.0,1.0,3.0,1.0,1.0,1.0,1.0,1.0,4.0,1.0,1.0
6573,1.0,1.0,1.0,3.0,1.0,1.0,1.0,1.0,1.0,4.0,1.0,1.0
6574,1.0,1.0,1.0,3.0,1.0,1.0,1.0,1.0,1.0,4.0,1.0,1.0
6575,1.0,1.0,1.0,3.0,1.0,1.0,1.0,1.0,1.0,4.0,1.0,1.0
6576,1.0,1.0,1.0,3.0,1.0,1.0,1.0,1.0,1.0,5.0,2.0,1.0
6577,1.0,1.0,1.0,3.0,1.0,1.0,1.0,1.0,1.0,4.0,1.0,1.0
6578,1.0,1.0,1.0,3.0,1.0,1.0,1.0,1.0,1.0,3.0,1.0,1.0
6579,1.0,1.0,1.0,3.0,1.0,1.0,1.0,1.0,1.0,3.0,1.0,1.0
6580,1.0,1.0,1.0,3.0,1.0,1.0,1.0,1.0,1.0,3.0,1.0,1.0
6581,1.0,1.0,1.0,3.0,1.0,1.0,1.0,1.0,1.0,4.0,1.0,1.0
6582,1.0,1.0,1.0,3.0,1.0,1.0,1.0,1.0,1.0,3.0,1.0,1.0
6583,1.0,1.0,1.0,3.0,1.0,1.0,1.0,1.0,1.0,3.0,1.0,1.0
6584,1.0,1.0,1.0,3.0,1.0,1.0,1.0,1.0,1.0,3.0,1.0,1.0
6585,1.0,1.0,1.0,3.0,1.0,1.0,1.0,1.0,1.0,5.0,2.0,1.0
6586,1.0,1.0,1.0,3.0,1.0,1.0,1.0,1.0,1.0,3.0,1.0,1.0
6587,1.0,1.0,1.0,3.0,1.0,1.0,1.0,1.0,1.0,3.0,1.0,1.0
6588,1.0,1.0,1.0,3.0,1.0,1.0,1.0,1.0,1.0,3.0,1.0,1.0
6589,1.0,1.0,1.0,3.0,1.0,1.0,1.0,1.0,1.0,3.0,1.0,1.0
6590,1.0,1.0,1.0,3.0,1.0,1.0,1.0,1.0,1.0,3.0,1.0,1.0
6591,1.0,1.0,1.0,3.0,1.0,1.0,1.0,1.0,1.0,3.0,1.0,1.0
6592,1.0,1.0,1.0,3.0,1.0,1.0,1.0,1.0,1.0,5.0,2.0,1.0
6593,1.0,1.0,1.0,3.0,1.0,1.0,1.0,1.0,1.0,3.0,1.0,1.0
6594,1.0,1.0,1.0,3.0,1.0,1.0,1.0,1.0,1.0,5.0,2.0,1.0
6595,1.0,1.0,1.0,3.0,1.0,1.0,1.0,1.0,1.0,5.0,2.0,1.0
6596,1.0,1.0,1.0,3.0,1.0,1.0,1.0,1.0,1.0,4.0,1.0,1.0
6597,1.0,1.0,1.0,3.0,1.0,1.0,1.0,1.0,1.0,4.0,1.0,1.0
6598,1.0,1.0,1.0,3.0,1.0,1.0,1.0,1.0,1.0,3.0,1.0,1.0
6599,1.0,1.0,1.0,3.0,1.0,1.0,1.0,1.0,1.0,3.0,1.0,1.0
6600,1.0,1.0,1.0,3.0,1.0,1.0,1.0,1.0,1.0,3.0,1.0,1.0
6601,1.0,1.0,1.0,3.0,1.0,1.0,1.0,1.0,1.0,5.0,2.0,1.0
6602,1.0,1.0,1.0,3.0,1.0,1.0,1.0,1.0,1.0,3.0,1.0,1.0
6603,1.0,1.0,1.0,3.0,1.0,1.0,1.0,1.0,1.0,5.0,2.0,1.0
6604,1.0,1.0,1.0,3.0,1.0,1.0,1.0,1.0,1.0,3.0,1.0,1.0
6605,1.0,1.0,1.0,3.0,1.0,1.0,1.0,1.0,1.0,3.0,1.0,1.0
6606,1.0,1.0,1.0,3.0,1.0,1.0,1.0,1.0,1.0,4.0,1.0,1.0
6607,1.0,1.0,1.0,3.0,1.0,1.0,1.0,1.0,1.0,4.0,1.0,1.0
6608,1.0,1.0,1.0,3.0,1.0,1.0,1.0,1.0,1.0,3.0,1.0,1.0
6609,1.0,1.0,1.0,3.0,1.0,1.0,1.0,1.0,1.0,3.0,1.0,1.0
6610,1.0,1.0,1.0,3.0,1.0,1.0,1.0,1.0,1.0,4.0,1.0,1.0
6611,1.0,1.0,1.0,3.0,1.0,1.0,1.0,1.0,1.0,5.0,2.0,1.0
6612,1.0,1.0,1.0,3.0,1.0,1.0,1.0,1.0,1.0,3.0,1.0,1.0
6613,1.0,1.0,1.0,3.0,1.0,1.0,1.0,1.0,1.0,3.0,1.0,1.0
6614,1.0,1.0,1.0,3.0,1.0,1.0,1.0,1.0,1.0,4.0,1.0,1.0
6615,1.0,1.0,1.0,3.0,1.0,1.0,1.0,1.0,1.0,5.0,2.0,1.0
6616,1.0,1.0,1.0,3.0,1.0,1.0,1.0,1.0,1.0,3.0,1.0,1.0
6617,1.0,1.0,1.0,3.0,1.0,1.0,1.0,1.0,1.0,5.0,2.0,1.0
6618,1.0,1.0,1.0,3.0,1.0,1.0,1.0,1.0,1.0,3.0,1.0,1.0
6619,1.0,1.0,1.0,3.0,1.0,1.0,1.0,1.0,1.0,5.0,2.0,1.0
6620,1.0,1.0,1.0,3.0,1.0,1.0,1.0,1.0,1.0,4.0,1.0,1.0
6621,1.0,1.0,1.0,3.0,1.0,1.0,1.0,1.0,1.0,3.0,1.0,1.0
6622,1.0,1.0,1.0,3.0,1.0,1.0,1.0,1.0,1.0,4.0,1.0,1.0
6623,1.0,1.0,1.0,3.0,1.0,1.0,1.0,1.0,1.0,3.0,1.0,1.0
6624,1.0,1.0,1.0,3.0,1.0,1.0,1.0,1.0,1.0,3.0,1.0,1.0
6625,1.0,1.0,1.0,3.0,1.0,1.0,1.0,1.0,1.0,4.0,1.0,1.0
6626,1.0,1.0,1.0,3.0,1.0,1.0,1.0,1.0,1.0,3.0,1.0,1.0
6627,1.0,1.0,1.0,3.0,1.0,1.0,1.0,1.0,1.0,5.0,2.0,1.0
6628,1.0,1.0,1.0,3.0,1.0,1.0,1.0,1.0,1.0,3.0,1.0,1.0
6629,1.0,1.0,1.0,3.0,1.0,1.0,1.0,1.0,1.0,5.0,2.0,1.0
6630,1.0,1.0,1.0,3.0,1.0,1.0,1.0,1.0,1.0,5.0,2.0,1.0
6631,1.0,1.0,1.0,3.0,1.0,1.0,1.0,1.0,1.0,5.0,2.0,1.0
6632,1.0,1.0,1.0,3.0,1.0,1.0,1.0,1.0,1.0,3.0,1.0,1.0
6633,1.0,1.0,1.0,3.0,1.0,1.0,1.0,1.0,1.0,4.0,1.0,1.0
6634,1.0,1.0,1.0,3.0,1.0,1.0,1.0,1.0,1.0,3.0,1.0,1.0
6635,1.0,1.0,1.0,3.0,1.0,1.0,1.0,1.0,1.0,3.0,1.0,1.0
6636,1.0,1.0,1.0,3.0,1.0,1.0,1.0,1.0,1.0,5.0,2.0,1.0
6637,1.0,1.0,1.0,3.0,1.0,1.0,1.0,1.0,1.0,3.0,1.0,1.0
6638,1.0,1.0,1.0,3.0,1.0,1.0,1.0,1.0,1.0,4.0,1.0,1.0
6639,1.0,1.0,1.0,3.0,1.0,1.0,1.0,1.0,1.0,4.0,1.0,1.0
6640,1.0,1.0,1.0,3.0,1.0,1.0,1.0,1.0,1.0,5.0,2.0,1.0
6641,1.0,1.0,1.0,3.0,1.0,1.0,1.0,1.0,1.0,3.0,1.0,1.0
6642,1.0,1.0,1.0,3.0,1.0,1.0,1.0,1.0,1.0,3.0,1.0,1.0
6643,1.0,1.0,1.0,3.0,1.0,1.0,1.0,1.0,1.0,4.0,1.0,1.0
6644,1.0,1.0,1.0,3.0,1.0,1.0,1.0,1.0,1.0,3.0,1.0,1.0
6645,1.0,1.0,1.0,3.0,1.0,1.0,1.0,1.0,1.0,3.0,1.0,1.0
6646,1.0,1.0,1.0,3.0,1.0,1.0,1.0,1.0,1.0,3.0,1.0,1.0
6647,1.0,1.0,1.0,3.0,1.0,1.0,1.0,1.0,1.0,3.0,1.0,1.0
6648,1.0,1.0,1.0,3.0,1.0,1.0,1.0,1.0,1.0,3.0,1.0,1.0
6649,1.0,1.0,1.0,3.0,1.0,1.0,1.0,1.0,1.0,5.0,2.0,1.0
6650,1.0,1.0,1.0,3.0,1.0,1.0,1.0,1.0,1.0,3.0,1.0,1.0
6651,1.0,1.0,1.0,3.0,1.0,1.0,1.0,1.0,1.0,3.0,1.0,1.0
6652,1.0,1.0,1.0,3.0,1.0,1.0,1.0,1.0,1.0,3.0,1.0,1.0
6653,1.0,1.0,1.0,3.0,1.0,1.0,1.0,1.0,1.0,3.0,1.0,1.0
6654,1.0,1.0,1.0,3.0,1.0,1.0,1.0,1.0,1.0,3.0,1.0,1.0
6655,1.0,1.0,1.0,3.0,1.0,1.0,1.0,1.0,1.0,4.0,1.0,1.0
6656,1.0,1.0,1.0,3.0,1.0,1.0,1.0,1.0,1.0,3.0,1.0,1.0
6657,1.0,1.0,1.0,3.0,1.0,1.0,1.0,1.0,1.0,3.0,1.0,1.0
6658,1.0,1.0,1.0,3.0,1.0,1.0,1.0,1.0,1.0,5.0,2.0,1.0
6659,1.0,1.0,1.0,3.0,1.0,1.0,1.0,1.0,1.0,3.0,1.0,1.0
6660,1.0,1.0,1.0,3.0,1.0,1.0,1.0,1.0,1.0,3.0,1.0,1.0
6661,1.0,1.0,1.0,3.0,1.0,1.0,1.0,1.0,1.0,3.0,1.0,1.0
6662,1.0,1.0,1.0,3.0,1.0,1.0,1.0,1.0,1.0,5.0,2.0,1.0
6663,1.0,1.0,1.0,3.0,1.0,1.0,1.0,1.0,1.0,4.0,1.0,1.0
6664,1.0,1.0,1.0,3.0,1.0,1.0,1.0,1.0,1.0,3.0,1.0,1.0
6665,1.0,1.0,1.0,3.0,1.0,1.0,1.0,1.0,1.0,4.0,1.0,1.0
6666,1.0,1.0,1.0,3.0,1.0,1.0,1.0,1.0,1.0,3.0,1.0,1.0
6667,1.0,1.0,1.0,3.0,1.0,1.0,1.0,1.0,1.0,3.0,1.0,1.0
6668,1.0,1.0,1.0,3.0,1.0,1.0,1.0,1.0,1.0,3.0,1.0,1.0
6669,1.0,1.0,1.0,3.0,1.0,1.0,1.0,1.0,1.0,3.0,1.0,1.0
6670,1.0,1.0,1.0,3.0,1.0,1.0,1.0,1.0,1.0,3.0,1.0,1.0
6671,1.0,1.0,1.0,3.0,1.0,1.0,1.0,1.0,1.0,4.0,1.0,1.0
6672,1.0,1.0,1.0,3.0,1.0,1.0,1.0,1.0,1.0,3.0,1.0,1.0
6673,1.0,1.0,1.0,3.0,1.0,1.0,1.0,1.0,1.0,5.0,2.0,1.0
6674,1.0,1.0,1.0,3.0,1.0,1.0,1.0,1.0,1.0,3.0,1.0,1.0
6675,1.0,1.0,1.0,3.0,1.0,1.0,1.0,1.0,1.0,5.0,2.0,1.0
6676,1.0,1.0,1.0,3.0,1.0,1.0,1.0,1.0,1.0,3.0,1.0,1.0
6677,1.0,1.0,1.0,3.0,1.0,1.0,1.0,1.0,1.0,3.0,1.0,1.0
6678,1.0,1.0,1.0,3.0,1.0,1.0,1.0,1.0,1.0,3.0,1.0,1.0
6679,1.0,1.0,1.0,3.0,1.0,1.0,1.0,1.0,1.0,4.0,1.0,1.0
6680,1.0,1.0,1.0,3.0,1.0,1.0,1.0,1.0,1.0,4.0,1.0,1.0
6681,1.0,1.0,1.0,3.0,1.0,1.0,1.0,1.0,1.0,3.0,1.0,1.0
6682,1.0,1.0,1.0,3.0,1.0,1.0,1.0,1.0,1.0,3.0,1.0,1.0
6683,1.0,1.0,1.0,3.0,1.0,1.0,1.0,1.0,1.0,3.0,1.0,1.0
6684,1.0,1.0,1.0,3.0,1.0,1.0,1.0,1.0,1.0,3.0,1.0,1.0
6685,1.0,1.0,1.0,3.0,1.0,1.0,1.0,1.0,1.0,5.0,2.0,1.0
6686,1.0,1.0,1.0,3.0,1.0,1.0,1.0,1.0,1.0,3.0,1.0,1.0
6687,1.0,1.0,1.0,3.0,1.0,1.0,1.0,1.0,1.0,4.0,1.0,1.0
6688,1.0,1.0,1.0,3.0,1.0,1.0,1.0,1.0,1.0,5.0,2.0,1.0
6689,1.0,1.0,1.0,3.0,1.0,1.0,1.0,1.0,1.0,3.0,1.0,1.0
6690,1.0,1.0,1.0,3.0,1.0,1.0,1.0,1.0,1.0,3.0,1.0,1.0
6691,1.0,1.0,1.0,3.0,1.0,1.0,1.0,1.0,1.0,4.0,1.0,1.0
6692,1.0,1.0,1.0,3.0,1.0,1.0,1.0,1.0,1.0,3.0,1.0,1.0
6693,1.0,1.0,1.0,3.0,1.0,1.0,1.0,1.0,1.0,5.0,2.0,1.0
6694,1.0,1.0,1.0,3.0,1.0,1.0,1.0,1.0,1.0,3.0,1.0,1.0
6695,1.0,1.0,1.0,3.0,1.0,1.0,1.0,1.0,1.0,3.0,1.0,1.0
6696,1.0,1.0,1.0,3.0,1.0,1.0,1.0,1.0,1.0,5.0,2.0,1.0
6697,1.0,1.0,1.0,3.0,1.0,1.0,1.0,1.0,1.0,5.0,2.0,1.0
6698,1.0,1.0,1.0,3.0,1.0,1.0,1.0,1.0,1.0,3.0,1.0,1.0
6699,1.0,1.0,1.0,3.0,1.0,1.0,1.0,1.0,1.0,5.0,2.0,1.0
6700,1.0,1.0,1.0,3.0,1.0,1.0,1.0,1.0,1.0,4.0,1.0,1.0
6701,1.0,1.0,1.0,3.0,1.0,1.0,1.0,1.0,1.0,3.0,1.0,1.0
6702,1.0,1.0,1.0,3.0,1.0,1.0,1.0,1.0,1.0,3.0,1.0,1.0
6703,1.0,1.0,1.0,3.0,1.0,1.0,1.0,1.0,1.0,3.0,1.0,1.0
6704,1.0,1.0,1.0,3.0,1.0,1.0,1.0,1.0,1.0,4.0,1.0,1.0
6705,1.0,1.0,1.0,3.0,1.0,1.0,1.0,1.0,1.0,3.0,1.0,1.0
6706,1.0,1.0,1.0,3.0,1.0,1.0,1.0,1.0,1.0,4.0,1.0,1.0
6707,1.0,1.0,1.0,3.0,1.0,1.0,1.0,1.0,1.0,4.0,1.0,1.0
6708,1.0,1.0,1.0,3.0,1.0,1.0,1.0,1.0,1.0,3.0,1.0,1.0
6709,1.0,1.0,1.0,3.0,1.0,1.0,1.0,1.0,1.0,3.0,1.0,1.0
6710,1.0,1.0,1.0,3.0,1.0,1.0,1.0,1.0,1.0,5.0,2.0,1.0
6711,1.0,1.0,1.0,3.0,1.0,1.0,1.0,1.0,1.0,5.0,2.0,1.0
6712,1.0,1.0,1.0,3.0,1.0,1.0,1.0,1.0,1.0,4.0,1.0,1.0
6713,1.0,1.0,1.0,3.0,1.0,1.0,1.0,1.0,1.0,3.0,1.0,1.0
6714,1.0,1.0,1.0,3.0,1.0,1.0,1.0,1.0,1.0,4.0,1.0,1.0
6715,1.0,1.0,1.0,3.0,1.0,1.0,1.0,1.0,1.0,5.0,2.0,1.0
6716,1.0,1.0,1.0,3.0,1.0,1.0,1.0,1.0,1.0,5.0,2.0,1.0
6717,1.0,1.0,1.0,3.0,1.0,1.0,1.0,1.0,1.0,3.0,1.0,1.0
6718,1.0,1.0,1.0,3.0,1.0,1.0,1.0,1.0,1.0,5.0,2.0,1.0
6719,1.0,1.0,1.0,3.0,1.0,1.0,1.0,1.0,1.0,3.0,1.0,1.0
6720,1.0,1.0,1.0,3.0,1.0,1.0,1.0,1.0,1.0,3.0,1.0,1.0
6721,1.0,1.0,1.0,3.0,1.0,1.0,1.0,1.0,1.0,3.0,1.0,1.0
6722,1.0,1.0,1.0,3.0,1.0,1.0,1.0,1.0,1.0,3.0,1.0,1.0
6723,1.0,1.0,1.0,3.0,1.0,1.0,1.0,1.0,1.0,4.0,1.0,1.0
6724,1.0,1.0,1.0,3.0,1.0,1.0,1.0,1.0,1.0,3.0,1.0,1.0
6725,1.0,1.0,1.0,3.0,1.0,1.0,1.0,1.0,1.0,3.0,1.0,1.0
6726,1.0,1.0,1.0,3.0,1.0,1.0,1.0,1.0,1.0,3.0,1.0,1.0
6727,1.0,1.0,1.0,3.0,1.0,1.0,1.0,1.0,1.0,3.0,1.0,1.0
6728,1.0,1.0,1.0,3.0,1.0,1.0,1.0,1.0,1.0,3.0,1.0,1.0
6729,1.0,1.0,1.0,3.0,1.0,1.0,1.0,1.0,1.0,3.0,1.0,1.0
6730,1.0,1.0,1.0,3.0,1.0,1.0,1.0,1.0,1.0,5.0,2.0,1.0
6731,1.0,1.0,1.0,3.0,1.0,1.0,1.0,1.0,1.0,3.0,1.0,1.0
6732,1.0,1.0,1.0,3.0,1.0,1.0,1.0,1.0,1.0,3.0,1.0,1.0
6733,1.0,1.0,1.0,3.0,1.0,1.0,1.0,1.0,1.0,4.0,1.0,1.0
6734,1.0,1.0,1.0,3.0,1.0,1.0,1.0,1.0,1.0,5.0,2.0,1.0
6735,1.0,1.0,1.0,3.0,1.0,1.0,1.0,1.0,1.0,3.0,1.0,1.0
6736,1.0,1.0,1.0,3.0,1.0,1.0,1.0,1.0,1.0,3.0,1.0,1.0
6737,1.0,1.0,1.0,3.0,1.0,1.0,1.0,1.0,1.0,4.0,1.0,1.0
6738,1.0,1.0,1.0,3.0,1.0,1.0,1.0,1.0,1.0,4.0,1.0,1.0
6739,1.0,1.0,1.0,3.0,1.0,1.0,1.0,1.0,1.0,3.0,1.0,1.0
6740,1.0,1.0,1.0,3.0,1.0,1.0,1.0,1.0,1.0,3.0,1.0,1.0
6741,1.0,1.0,1.0,3.0,1.0,1.0,1.0,1.0,1.0,3.0,1.0,1.0
6742,1.0,1.0,1.0,3.0,1.0,1.0,1.0,1.0,1.0,3.0,1.0,1.0
6743,1.0,1.0,1.0,3.0,1.0,1.0,1.0,1.0,1.0,5.0,2.0,1.0
6744,1.0,1.0,1.0,3.0,1.0,1.0,1.0,1.0,1.0,4.0,1.0,1.0
6745,1.0,1.0,1.0,3.0,1.0,1.0,1.0,1.0,1.0,3.0,1.0,1.0
6746,1.0,1.0,1.0,3.0,1.0,1.0,1.0,1.0,1.0,3.0,1.0,1.0
6747,1.0,1.0,1.0,3.0,1.0,1.0,1.0,1.0,1.0,3.0,1.0,1.0
6748,1.0,1.0,1.0,3.0,1.0,1.0,1.0,1.0,1.0,3.0,1.0,1.0
6749,1.0,1.0,1.0,3.0,1.0,1.0,1.0,1.0,1.0,4.0,1.0,1.0
6750,1.0,1.0,1.0,3.0,1.0,1.0,1.0,1.0,1.0,3.0,1.0,1.0
6751,1.0,1.0,1.0,3.0,1.0,1.0,1.0,1.0,1.0,5.0,2.0,1.0
6752,1.0,1.0,1.0,3.0,1.0,1.0,1.0,1.0,1.0,4.0,1.0,1.0
6753,1.0,1.0,1.0,3.0,1.0,1.0,1.0,1.0,1.0,5.0,2.0,1.0
6754,1.0,1.0,1.0,3.0,1.0,1.0,1.0,1.0,1.0,3.0,1.0,1.0
6755,1.0,1.0,1.0,3.0,1.0,1.0,1.0,1.0,1.0,5.0,2.0,1.0
6756,1.0,1.0,1.0,3.0,1.0,1.0,1.0,1.0,1.0,5.0,2.0,1.0
6757,1.0,1.0,1.0,3.0,1.0,1.0,1.0,1.0,1.0,5.0,2.0,1.0
6758,1.0,1.0,1.0,3.0,1.0,1.0,1.0,1.0,1.0,3.0,1.0,1.0
6759,1.0,1.0,1.0,3.0,1.0,1.0,1.0,1.0,1.0,3.0,1.0,1.0
6760,1.0,1.0,1.0,3.0,1.0,1.0,1.0,1.0,1.0,5.0,2.0,1.0
6761,1.0,1.0,1.0,3.0,1.0,1.0,1.0,1.0,1.0,4.0,1.0,1.0
6762,1.0,1.0,1.0,3.0,1.0,1.0,1.0,1.0,1.0,5.0,2.0,1.0
6763,1.0,1.0,1.0,3.0,1.0,1.0,1.0,1.0,1.0,5.0,2.0,1.0
6764,1.0,1.0,1.0,3.0,1.0,1.0,1.0,1.0,1.0,3.0,1.0,1.0
6765,1.0,1.0,1.0,3.0,1.0,1.0,1.0,1.0,1.0,5.0,2.0,1.0
6766,1.0,1.0,1.0,3.0,1.0,1.0,1.0,1.0,1.0,3.0,1.0,1.0
6767,1.0,1.0,1.0,3.0,1.0,1.0,1.0,1.0,1.0,5.0,2.0,1.0
6768,1.0,1.0,1.0,3.0,1.0,1.0,1.0,1.0,1.0,3.0,1.0,1.0
6769,1.0,1.0,1.0,3.0,1.0,1.0,1.0,1.0,1.0,4.0,1.0,1.0
6770,1.0,1.0,1.0,3.0,1.0,1.0,1.0,1.0,1.0,3.0,1.0,1.0
6771,1.0,1.0,1.0,3.0,1.0,1.0,1.0,1.0,1.0,3.0,1.0,1.0
6772,1.0,1.0,1.0,3.0,1.0,1.0,1.0,1.0,1.0,3.0,1.0,1.0
6773,1.0,1.0,1.0,3.0,1.0,1.0,1.0,1.0,1.0,4.0,1.0,1.0
6774,1.0,1.0,1.0,3.0,1.0,1.0,1.0,1.0,1.0,3.0,1.0,1.0
6775,1.0,1.0,1.0,3.0,1.0,1.0,1.0,1.0,1.0,4.0,1.0,1.0
6776,1.0,1.0,1.0,3.0,1.0,1.0,1.0,1.0,1.0,3.0,1.0,1.0
6777,1.0,1.0,1.0,3.0,1.0,1.0,1.0,1.0,1.0,3.0,1.0,1.0
6778,1.0,1.0,1.0,3.0,1.0,1.0,1.0,1.0,1.0,3.0,1.0,1.0
6779,1.0,1.0,1.0,3.0,1.0,1.0,1.0,1.0,1.0,4.0,1.0,1.0
6780,1.0,1.0,1.0,3.0,1.0,1.0,1.0,1.0,1.0,3.0,1.0,1.0
6781,1.0,1.0,1.0,3.0,1.0,1.0,1.0,1.0,1.0,3.0,1.0,1.0
6782,1.0,1.0,1.0,3.0,1.0,1.0,1.0,1.0,1.0,3.0,1.0,1.0
6783,1.0,1.0,1.0,3.0,1.0,1.0,1.0,1.0,1.0,5.0,2.0,1.0
6784,1.0,1.0,1.0,3.0,1.0,1.0,1.0,1.0,1.0,4.0,1.0,1.0
6785,1.0,1.0,1.0,3.0,1.0,1.0,1.0,1.0,1.0,5.0,2.0,1.0
6786,1.0,1.0,1.0,3.0,1.0,1.0,1.0,1.0,1.0,5.0,2.0,1.0
6787,1.0,1.0,1.0,3.0,1.0,1.0,1.0,1.0,1.0,3.0,1.0,1.0
6788,1.0,1.0,1.0,3.0,1.0,1.0,1.0,1.0,1.0,5.0,2.0,1.0
6789,1.0,1.0,1.0,3.0,1.0,1.0,1.0,1.0,1.0,4.0,1.0,1.0
6790,1.0,1.0,1.0,3.0,1.0,1.0,1.0,1.0,1.0,5.0,2.0,1.0
6791,1.0,1.0,1.0,3.0,1.0,1.0,1.0,1.0,1.0,4.0,1.0,1.0
6792,1.0,1.0,1.0,3.0,1.0,1.0,1.0,1.0,1.0,3.0,1.0,1.0
6793,1.0,1.0,1.0,3.0,1.0,1.0,1.0,1.0,1.0,3.0,1.0,1.0
6794,1.0,1.0,1.0,3.0,1.0,1.0,1.0,1.0,1.0,3.0,1.0,1.0
6795,1.0,1.0,1.0,3.0,1.0,1.0,1.0,1.0,1.0,5.0,2.0,1.0
6796,1.0,1.0,1.0,3.0,1.0,1.0,1.0,1.0,1.0,5.0,2.0,1.0
6797,1.0,1.0,1.0,3.0,1.0,1.0,1.0,1.0,1.0,5.0,2.0,1.0
6798,1.0,1.0,1.0,3.0,1.0,1.0,1.0,1.0,1.0,4.0,1.0,1.0
6799,1.0,1.0,1.0,3.0,1.0,1.0,1.0,1.0,1.0,5.0,2.0,1.0
6800,1.0,1.0,1.0,3.0,1.0,1.0,1.0,1.0,1.0,4.0,1.0,1.0
6801,1.0,1.0,1.0,3.0,1.0,1.0,1.0,1.0,1.0,4.0,1.0,1.0
6802,1.0,1.0,1.0,3.0,1.0,1.0,1.0,1.0,1.0,3.0,1.0,1.0
6803,1.0,1.0,1.0,3.0,1.0,1.0,1.0,1.0,1.0,3.0,1.0,1.0
6804,1.0,1.0,1.0,3.0,1.0,1.0,1.0,1.0,1.0,5.0,2.0,1.0
6805,1.0,1.0,1.0,3.0,1.0,1.0,1.0,1.0,1.0,4.0,1.0,1.0
6806,1.0,1.0,1.0,3.0,1.0,1.0,1.0,1.0,1.0,5.0,2.0,1.0
6807,1.0,1.0,1.0,3.0,1.0,1.0,1.0,1.0,1.0,4.0,1.0,1.0
6808,1.0,1.0,1.0,3.0,1.0,1.0,1.0,1.0,1.0,4.0,1.0,1.0
6809,1.0,1.0,1.0,3.0,1.0,1.0,1.0,1.0,1.0,3.0,1.0,1.0
6810,1.0,1.0,1.0,3.0,1.0,1.0,1.0,1.0,1.0,3.0,1.0,1.0
6811,1.0,1.0,1.0,3.0,1.0,1.0,1.0,1.0,1.0,4.0,1.0,1.0
6812,1.0,1.0,1.0,3.0,1.0,1.0,1.0,1.0,1.0,3.0,1.0,1.0
6813,1.0,1.0,1.0,3.0,1.0,1.0,1.0,1.0,1.0,3.0,1.0,1.0
6814,1.0,1.0,1.0,3.0,1.0,1.0,1.0,1.0,1.0,4.0,1.0,1.0
6815,1.0,1.0,1.0,3.0,1.0,1.0,1.0,1.0,1.0,3.0,1.0,1.0
6816,1.0,1.0,1.0,3.0,1.0,1.0,1.0,1.0,1.0,3.0,1.0,1.0
6817,1.0,1.0,1.0,3.0,1.0,1.0,1.0,1.0,1.0,5.0,2.0,1.0
6818,1.0,1.0,1.0,3.0,1.0,1.0,1.0,1.0,1.0,5.0,2.0,1.0
6819,1.0,1.0,1.0,3.0,1.0,1.0,1.0,1.0,1.0,3.0,1.0,1.0
6820,1.0,1.0,1.0,3.0,1.0,1.0,1.0,1.0,1.0,3.0,1.0,1.0
6821,1.0,1.0,1.0,3.0,1.0,1.0,1.0,1.0,1.0,5.0,2.0,1.0
6822,1.0,1.0,1.0,3.0,1.0,1.0,1.0,1.0,1.0,3.0,1.0,1.0
6823,1.0,1.0,1.0,3.0,1.0,1.0,1.0,1.0,1.0,3.0,1.0,1.0
6824,1.0,1.0,1.0,3.0,1.0,1.0,1.0,1.0,1.0,5.0,2.0,1.0
6825,1.0,1.0,1.0,3.0,1.0,1.0,1.0,1.0,1.0,3.0,1.0,1.0
6826,1.0,1.0,1.0,3.0,1.0,1.0,1.0,1.0,1.0,3.0,1.0,1.0
6827,1.0,1.0,1.0,3.0,1.0,1.0,1.0,1.0,1.0,3.0,1.0,1.0
6828,1.0,1.0,1.0,3.0,1.0,1.0,1.0,1.0,1.0,4.0,1.0,1.0
6829,1.0,1.0,1.0,3.0,1.0,1.0,1.0,1.0,1.0,5.0,2.0,1.0
6830,1.0,1.0,1.0,3.0,1.0,1.0,1.0,1.0,1.0,3.0,1.0,1.0
6831,1.0,1.0,1.0,3.0,1.0,1.0,1.0,1.0,1.0,5.0,2.0,1.0
6832,1.0,1.0,1.0,3.0,1.0,1.0,1.0,1.0,1.0,3.0,1.0,1.0
6833,1.0,1.0,1.0,3.0,1.0,1.0,1.0,1.0,1.0,4.0,1.0,1.0
6834,1.0,1.0,1.0,3.0,1.0,1.0,1.0,1.0,1.0,3.0,1.0,1.0
6835,1.0,1.0,1.0,3.0,1.0,1.0,1.0,1.0,1.0,3.0,1.0,1.0
6836,1.0,1.0,1.0,3.0,1.0,1.0,1.0,1.0,1.0,4.0,1.0,1.0
6837,1.0,1.0,1.0,3.0,1.0,1.0,1.0,1.0,1.0,3.0,1.0,1.0
6838,1.0,1.0,1.0,3.0,1.0,1.0,1.0,1.0,1.0,3.0,1.0,1.0
6839,1.0,1.0,1.0,3.0,1.0,1.0,1.0,1.0,1.0,3.0,1.0,1.0
6840,1.0,1.0,1.0,3.0,1.0,1.0,1.0,1.0,1.0,4.0,1.0,1.0
6841,1.0,1.0,1.0,3.0,1.0,1.0,1.0,1.0,1.0,5.0,2.0,1.0
6842,1.0,1.0,1.0,3.0,1.0,1.0,1.0,1.0,1.0,3.0,1.0,1.0
6843,1.0,1.0,1.0,3.0,1.0,1.0,1.0,1.0,1.0,3.0,1.0,1.0
6844,1.0,1.0,1.0,3.0,1.0,1.0,1.0,1.0,1.0,5.0,2.0,1.0
6845,1.0,1.0,1.0,3.0,1.0,1.0,1.0,1.0,1.0,3.0,1.0,1.0
6846,1.0,1.0,1.0,3.0,1.0,1.0,1.0,1.0,1.0,3.0,1.0,1.0
6847,1.0,1.0,1.0,3.0,1.0,1.0,1.0,1.0,1.0,4.0,1.0,1.0
6848,1.0,1.0,1.0,3.0,1.0,1.0,1.0,1.0,1.0,3.0,1.0,1.0
6849,1.0,1.0,1.0,3.0,1.0,1.0,1.0,1.0,1.0,3.0,1.0,1.0
6850,1.0,1.0,1.0,3.0,1.0,1.0,1.0,1.0,1.0,5.0,2.0,1.0
6851,1.0,1.0,1.0,3.0,1.0,1.0,1.0,1.0,1.0,5.0,2.0,1.0
6852,1.0,1.0,1.0,3.0,1.0,1.0,1.0,1.0,1.0,3.0,1.0,1.0
6853,1.0,1.0,1.0,3.0,1.0,1.0,1.0,1.0,1.0,4.0,1.0,1.0
6854,1.0,1.0,1.0,3.0,1.0,1.0,1.0,1.0,1.0,5.0,2.0,1.0
6855,1.0,1.0,1.0,3.0,1.0,1.0,1.0,1.0,1.0,5.0,2.0,1.0
6856,1.0,1.0,1.0,3.0,1.0,1.0,1.0,1.0,1.0,3.0,1.0,1.0
6857,1.0,1.0,1.0,3.0,1.0,1.0,1.0,1.0,1.0,3.0,1.0,1.0
6858,1.0,1.0,1.0,3.0,1.0,1.0,1.0,1.0,1.0,4.0,1.0,1.0
6859,1.0,1.0,1.0,3.0,1.0,1.0,1.0,1.0,1.0,5.0,2.0,1.0
6860,1.0,1.0,1.0,3.0,1.0,1.0,1.0,1.0,1.0,4.0,1.0,1.0
6861,1.0,1.0,1.0,3.0,1.0,1.0,1.0,1.0,1.0,3.0,1.0,1.0
6862,1.0,1.0,1.0,3.0,1.0,1.0,1.0,1.0,1.0,4.0,1.0,1.0
6863,1.0,1.0,1.0,3.0,1.0,1.0,1.0,1.0,1.0,3.0,1.0,1.0
6864,1.0,1.0,1.0,3.0,1.0,1.0,1.0,1.0,1.0,5.0,2.0,1.0
6865,1.0,1.0,1.0,3.0,1.0,1.0,1.0,1.0,1.0,3.0,1.0,1.0
6866,1.0,1.0,1.0,3.0,1.0,1.0,1.0,1.0,1.0,5.0,2.0,1.0
6867,1.0,1.0,1.0,3.0,1.0,1.0,1.0,1.0,1.0,3.0,1.0,1.0
6868,1.0,1.0,1.0,3.0,1.0,1.0,1.0,1.0,1.0,4.0,1.0,1.0
6869,1.0,1.0,1.0,3.0,1.0,1.0,1.0,1.0,1.0,3.0,1.0,1.0
6870,1.0,1.0,1.0,3.0,1.0,1.0,1.0,1.0,1.0,3.0,1.0,1.0
6871,1.0,1.0,1.0,3.0,1.0,1.0,1.0,1.0,1.0,3.0,1.0,1.0
6872,1.0,1.0,1.0,3.0,1.0,1.0,1.0,1.0,1.0,5.0,2.0,1.0
6873,1.0,1.0,1.0,3.0,1.0,1.0,1.0,1.0,1.0,3.0,1.0,1.0
6874,1.0,1.0,1.0,3.0,1.0,1.0,1.0,1.0,1.0,4.0,1.0,1.0
6875,1.0,1.0,1.0,3.0,1.0,1.0,1.0,1.0,1.0,3.0,1.0,1.0
6876,1.0,1.0,1.0,3.0,1.0,1.0,1.0,1.0,1.0,4.0,1.0,1.0
6877,1.0,1.0,1.0,3.0,1.0,1.0,1.0,1.0,1.0,5.0,2.0,1.0
6878,1.0,1.0,1.0,3.0,1.0,1.0,1.0,1.0,1.0,5.0,2.0,1.0
6879,1.0,1.0,1.0,3.0,1.0,1.0,1.0,1.0,1.0,3.0,1.0,1.0
6880,1.0,1.0,1.0,3.0,1.0,1.0,1.0,1.0,1.0,4.0,1.0,1.0
6881,1.0,1.0,1.0,3.0,1.0,1.0,1.0,1.0,1.0,3.0,1.0,1.0
6882,1.0,1.0,1.0,3.0,1.0,1.0,1.0,1.0,1.0,3.0,1.0,1.0
6883,1.0,1.0,1.0,3.0,1.0,1.0,1.0,1.0,1.0,3.0,1.0,1.0
6884,1.0,1.0,1.0,3.0,1.0,1.0,1.0,1.0,1.0,4.0,1.0,1.0
6885,1.0,1.0,1.0,3.0,1.0,1.0,1.0,1.0,1.0,3.0,1.0,1.0
6886,1.0,1.0,1.0,3.0,1.0,1.0,1.0,1.0,1.0,3.0,1.0,1.0
6887,1.0,1.0,1.0,3.0,1.0,1.0,1.0,1.0,1.0,4.0,1.0,1.0
6888,1.0,1.0,1.0,3.0,1.0,1.0,1.0,1.0,1.0,5.0,2.0,1.0
6889,1.0,1.0,1.0,3.0,1.0,1.0,1.0,1.0,1.0,5.0,2.0,1.0
6890,1.0,1.0,1.0,3.0,1.0,1.0,1.0,1.0,1.0,3.0,1.0,1.0
6891,1.0,1.0,1.0,3.0,1.0,1.0,1.0,1.0,1.0,3.0,1.0,1.0
6892,1.0,1.0,1.0,3.0,1.0,1.0,1.0,1.0,1.0,3.0,1.0,1.0
6893,1.0,1.0,1.0,3.0,1.0,1.0,1.0,1.0,1.0,3.0,1.0,1.0
6894,1.0,1.0,1.0,3.0,1.0,1.0,1.0,1.0,1.0,3.0,1.0,1.0
6895,1.0,1.0,1.0,3.0,1.0,1.0,1.0,1.0,1.0,3.0,1.0,1.0
6896,1.0,1.0,1.0,3.0,1.0,1.0,1.0,1.0,1.0,3.0,1.0,1.0
6897,1.0,1.0,1.0,3.0,1.0,1.0,1.0,1.0,1.0,3.0,1.0,1.0
6898,1.0,1.0,1.0,3.0,1.0,1.0,1.0,1.0,1.0,3.0,1.0,1.0
6899,1.0,1.0,1.0,3.0,1.0,1.0,1.0,1.0,1.0,4.0,1.0,1.0
6900,1.0,1.0,1.0,3.0,1.0,1.0,1.0,1.0,1.0,5.0,2.0,1.0
6901,1.0,1.0,1.0,3.0,1.0,1.0,1.0,1.0,1.0,3.0,1.0,1.0
6902,1.0,1.0,1.0,3.0,1.0,1.0,1.0,1.0,1.0,4.0,1.0,1.0
6903,1.0,1.0,1.0,3.0,1.0,1.0,1.0,1.0,1.0,3.0,1.0,1.0
6904,1.0,1.0,1.0,3.0,1.0,1.0,1.0,1.0,1.0,3.0,1.0,1.0
6905,1.0,1.0,1.0,3.0,1.0,1.0,1.0,1.0,1.0,3.0,1.0,1.0
6906,1.0,1.0,1.0,3.0,1.0,1.0,1.0,1.0,1.0,3.0,1.0,1.0
6907,1.0,1.0,1.0,3.0,1.0,1.0,1.0,1.0,1.0,3.0,1.0,1.0
6908,1.0,1.0,1.0,3.0,1.0,1.0,1.0,1.0,1.0,5.0,2.0,1.0
6909,1.0,1.0,1.0,3.0,1.0,1.0,1.0,1.0,1.0,3.0,1.0,1.0
6910,1.0,1.0,1.0,3.0,1.0,1.0,1.0,1.0,1.0,5.0,2.0,1.0
6911,1.0,1.0,1.0,3.0,1.0,1.0,1.0,1.0,1.0,3.0,1.0,1.0
6912,1.0,1.0,1.0,3.0,1.0,1.0,1.0,1.0,1.0,3.0,1.0,1.0
6913,1.0,1.0,1.0,3.0,1.0,1.0,1.0,1.0,1.0,5.0,2.0,1.0
6914,1.0,1.0,1.0,3.0,1.0,1.0,1.0,1.0,1.0,3.0,1.0,1.0
6915,1.0,1.0,1.0,3.0,1.0,1.0,1.0,1.0,1.0,5.0,2.0,1.0
6916,1.0,1.0,1.0,3.0,1.0,1.0,1.0,1.0,1.0,4.0,1.0,1.0
6917,1.0,1.0,1.0,3.0,1.0,1.0,1.0,1.0,1.0,3.0,1.0,1.0
6918,1.0,1.0,1.0,3.0,1.0,1.0,1.0,1.0,1.0,4.0,1.0,1.0
6919,1.0,1.0,1.0,3.0,1.0,1.0,1.0,1.0,1.0,3.0,1.0,1.0
6920,1.0,1.0,1.0,3.0,1.0,1.0,1.0,1.0,1.0,3.0,1.0,1.0
6921,1.0,1.0,1.0,3.0,1.0,1.0,1.0,1.0,1.0,5.0,2.0,1.0
6922,1.0,1.0,1.0,3.0,1.0,1.0,1.0,1.0,1.0,3.0,1.0,1.0
6923,1.0,1.0,1.0,3.0,1.0,1.0,1.0,1.0,1.0,5.0,2.0,1.0
6924,1.0,1.0,1.0,3.0,1.0,1.0,1.0,1.0,1.0,3.0,1.0,1.0
6925,1.0,1.0,1.0,3.0,1.0,1.0,1.0,1.0,1.0,5.0,2.0,1.0
6926,1.0,1.0,1.0,3.0,1.0,1.0,1.0,1.0,1.0,4.0,1.0,1.0
6927,1.0,1.0,1.0,3.0,1.0,1.0,1.0,1.0,1.0,5.0,2.0,1.0
6928,1.0,1.0,1.0,3.0,1.0,1.0,1.0,1.0,1.0,3.0,1.0,1.0
6929,1.0,1.0,1.0,3.0,1.0,1.0,1.0,1.0,1.0,5.0,2.0,1.0
6930,1.0,1.0,1.0,3.0,1.0,1.0,1.0,1.0,1.0,4.0,1.0,1.0
6931,1.0,1.0,1.0,3.0,1.0,1.0,1.0,1.0,1.0,4.0,1.0,1.0
6932,1.0,1.0,1.0,3.0,1.0,1.0,1.0,1.0,1.0,3.0,1.0,1.0
6933,1.0,1.0,1.0,3.0,1.0,1.0,1.0,1.0,1.0,4.0,1.0,1.0
6934,1.0,1.0,1.0,3.0,1.0,1.0,1.0,1.0,1.0,5.0,2.0,1.0
6935,1.0,1.0,1.0,3.0,1.0,1.0,1.0,1.0,1.0,3.0,1.0,1.0
6936,1.0,1.0,1.0,3.0,1.0,1.0,1.0,1.0,1.0,4.0,1.0,1.0
6937,1.0,1.0,1.0,3.0,1.0,1.0,1.0,1.0,1.0,4.0,1.0,1.0
6938,1.0,1.0,1.0,3.0,1.0,1.0,1.0,1.0,1.0,4.0,1.0,1.0
6939,1.0,1.0,1.0,3.0,1.0,1.0,1.0,1.0,1.0,3.0,1.0,1.0
6940,1.0,1.0,1.0,3.0,1.0,1.0,1.0,1.0,1.0,4.0,1.0,1.0
6941,1.0,1.0,1.0,3.0,1.0,1.0,1.0,1.0,1.0,4.0,1.0,1.0
6942,1.0,1.0,1.0,3.0,1.0,1.0,1.0,1.0,1.0,4.0,1.0,1.0
6943,1.0,1.0,1.0,3.0,1.0,1.0,1.0,1.0,1.0,3.0,1.0,1.0
6944,1.0,1.0,1.0,3.0,1.0,1.0,1.0,1.0,1.0,5.0,2.0,1.0
6945,1.0,1.0,1.0,3.0,1.0,1.0,1.0,1.0,1.0,3.0,1.0,1.0
6946,1.0,1.0,1.0,3.0,1.0,1.0,1.0,1.0,1.0,3.0,1.0,1.0
6947,1.0,1.0,1.0,3.0,1.0,1.0,1.0,1.0,1.0,4.0,1.0,1.0
6948,1.0,1.0,1.0,3.0,1.0,1.0,1.0,1.0,1.0,3.0,1.0,1.0
6949,1.0,1.0,1.0,3.0,1.0,1.0,1.0,1.0,1.0,3.0,1.0,1.0
6950,1.0,1.0,1.0,3.0,1.0,1.0,1.0,1.0,1.0,5.0,2.0,1.0
6951,1.0,1.0,1.0,3.0,1.0,1.0,1.0,1.0,1.0,3.0,1.0,1.0
6952,1.0,1.0,1.0,3.0,1.0,1.0,1.0,1.0,1.0,5.0,2.0,1.0
6953,1.0,1.0,1.0,3.0,1.0,1.0,1.0,1.0,1.0,3.0,1.0,1.0
6954,1.0,1.0,1.0,3.0,1.0,1.0,1.0,1.0,1.0,3.0,1.0,1.0
6955,1.0,1.0,1.0,3.0,1.0,1.0,1.0,1.0,1.0,3.0,1.0,1.0
6956,1.0,1.0,1.0,3.0,1.0,1.0,1.0,1.0,1.0,3.0,1.0,1.0
6957,1.0,1.0,1.0,3.0,1.0,1.0,1.0,1.0,1.0,4.0,1.0,1.0
6958,1.0,1.0,1.0,3.0,1.0,1.0,1.0,1.0,1.0,3.0,1.0,1.0
6959,1.0,1.0,1.0,3.0,1.0,1.0,1.0,1.0,1.0,5.0,2.0,1.0
6960,1.0,1.0,1.0,3.0,1.0,1.0,1.0,1.0,1.0,3.0,1.0,1.0
6961,1.0,1.0,1.0,3.0,1.0,1.0,1.0,1.0,1.0,4.0,1.0,1.0
6962,1.0,1.0,1.0,3.0,1.0,1.0,1.0,1.0,1.0,3.0,1.0,1.0
6963,1.0,1.0,1.0,3.0,1.0,1.0,1.0,1.0,1.0,4.0,1.0,1.0
6964,1.0,1.0,1.0,3.0,1.0,1.0,1.0,1.0,1.0,4.0,1.0,1.0
6965,1.0,1.0,1.0,3.0,1.0,1.0,1.0,1.0,1.0,4.0,1.0,1.0
6966,1.0,1.0,1.0,3.0,1.0,1.0,1.0,1.0,1.0,5.0,2.0,1.0
6967,1.0,1.0,1.0,3.0,1.0,1.0,1.0,1.0,1.0,4.0,1.0,1.0
6968,1.0,1.0,1.0,3.0,1.0,1.0,1.0,1.0,1.0,4.0,1.0,1.0
6969,1.0,1.0,1.0,3.0,1.0,1.0,1.0,1.0,1.0,3.0,1.0,1.0
6970,1.0,1.0,1.0,3.0,1.0,1.0,1.0,1.0,1.0,3.0,1.0,1.0
6971,1.0,1.0,1.0,3.0,1.0,1.0,1.0,1.0,1.0,5.0,2.0,1.0
6972,1.0,1.0,1.0,3.0,1.0,1.0,1.0,1.0,1.0,5.0,2.0,1.0
6973,1.0,1.0,1.0,3.0,1.0,1.0,1.0,1.0,1.0,3.0,1.0,1.0
6974,1.0,1.0,1.0,3.0,1.0,1.0,1.0,1.0,1.0,3.0,1.0,1.0
6975,1.0,1.0,1.0,3.0,1.0,1.0,1.0,1.0,1.0,3.0,1.0,1.0
6976,1.0,1.0,1.0,3.0,1.0,1.0,1.0,1.0,1.0,4.0,1.0,1.0
6977,1.0,1.0,1.0,3.0,1.0,1.0,1.0,1.0,1.0,4.0,1.0,1.0
6978,1.0,1.0,1.0,3.0,1.0,1.0,1.0,1.0,1.0,4.0,1.0,1.0
6979,1.0,1.0,1.0,3.0,1.0,1.0,1.0,1.0,1.0,3.0,1.0,1.0
6980,1.0,1.0,1.0,3.0,1.0,1.0,1.0,1.0,1.0,5.0,2.0,1.0
6981,1.0,1.0,1.0,3.0,1.0,1.0,1.0,1.0,1.0,3.0,1.0,1.0
6982,1.0,1.0,1.0,3.0,1.0,1.0,1.0,1.0,1.0,4.0,1.0,1.0
6983,1.0,1.0,1.0,3.0,1.0,1.0,1.0,1.0,1.0,3.0,1.0,1.0
6984,1.0,1.0,1.0,3.0,1.0,1.0,1.0,1.0,1.0,3.0,1.0,1.0
6985,1.0,1.0,1.0,3.0,1.0,1.0,1.0,1.0,1.0,3.0,1.0,1.0
6986,1.0,1.0,1.0,3.0,1.0,1.0,1.0,1.0,1.0,3.0,1.0,1.0
6987,1.0,1.0,1.0,3.0,1.0,1.0,1.0,1.0,1.0,3.0,1.0,1.0
6988,1.0,1.0,1.0,3.0,1.0,1.0,1.0,1.0,1.0,3.0,1.0,1.0
6989,1.0,1.0,1.0,3.0,1.0,1.0,1.0,1.0,1.0,3.0,1.0,1.0
6990,1.0,1.0,1.0,3.0,1.0,1.0,1.0,1.0,1.0,5.0,2.0,1.0
6991,1.0,1.0,1.0,3.0,1.0,1.0,1.0,1.0,1.0,3.0,1.0,1.0
6992,1.0,1.0,1.0,3.0,1.0,1.0,1.0,1.0,1.0,3.0,1.0,1.0
6993,1.0,1.0,1.0,3.0,1.0,1.0,1.0,1.0,1.0,3.0,1.0,1.0
6994,1.0,1.0,1.0,3.0,1.0,1.0,1.0,1.0,1.0,3.0,1.0,1.0
6995,1.0,1.0,1.0,3.0,1.0,1.0,1.0,1.0,1.0,3.0,1.0,1.0
6996,1.0,1.0,1.0,3.0,1.0,1.0,1.0,1.0,1.0,4.0,1.0,1.0
6997,1.0,1.0,1.0,3.0,1.0,1.0,1.0,1.0,1.0,5.0,2.0,1.0
6998,1.0,1.0,1.0,3.0,1.0,1.0,1.0,1.0,1.0,3.0,1.0,1.0
6999,1.0,1.0,1.0,3.0,1.0,1.0,1.0,1.0,1.0,4.0,1.0,1.0
7000,1.0,1.0,1.0,3.0,1.0,1.0,1.0,1.0,1.0,4.0,1.0,1.0
7001,1.0,1.0,1.0,3.0,1.0,1.0,1.0,1.0,1.0,4.0,1.0,1.0
7002,1.0,1.0,1.0,3.0,1.0,1.0,1.0,1.0,1.0,4.0,1.0,1.0
7003,1.0,1.0,1.0,3.0,1.0,1.0,1.0,1.0,1.0,5.0,2.0,1.0
7004,1.0,1.0,1.0,3.0,1.0,1.0,1.0,1.0,1.0,3.0,1.0,1.0
7005,1.0,1.0,1.0,3.0,1.0,1.0,1.0,1.0,1.0,5.0,2.0,1.0
7006,1.0,1.0,1.0,3.0,1.0,1.0,1.0,1.0,1.0,5.0,2.0,1.0
7007,1.0,1.0,1.0,3.0,1.0,1.0,1.0,1.0,1.0,3.0,1.0,1.0
7008,1.0,1.0,1.0,3.0,1.0,1.0,1.0,1.0,1.0,5.0,2.0,1.0
7009,1.0,1.0,1.0,3.0,1.0,1.0,1.0,1.0,1.0,4.0,1.0,1.0
7010,1.0,1.0,1.0,3.0,1.0,1.0,1.0,1.0,1.0,4.0,1.0,1.0
7011,1.0,1.0,1.0,3.0,1.0,1.0,1.0,1.0,1.0,3.0,1.0,1.0
7012,1.0,1.0,1.0,3.0,1.0,1.0,1.0,1.0,1.0,5.0,2.0,1.0
7013,1.0,1.0,1.0,3.0,1.0,1.0,1.0,1.0,1.0,4.0,1.0,1.0
7014,1.0,1.0,1.0,3.0,1.0,1.0,1.0,1.0,1.0,5.0,2.0,1.0
7015,1.0,1.0,1.0,3.0,1.0,1.0,1.0,1.0,1.0,4.0,1.0,1.0
7016,1.0,1.0,1.0,3.0,1.0,1.0,1.0,1.0,1.0,5.0,2.0,1.0
7017,1.0,1.0,1.0,3.0,1.0,1.0,1.0,1.0,1.0,4.0,1.0,1.0
7018,1.0,1.0,1.0,3.0,1.0,1.0,1.0,1.0,1.0,4.0,1.0,1.0
7019,1.0,1.0,1.0,3.0,1.0,1.0,1.0,1.0,1.0,3.0,1.0,1.0
7020,1.0,1.0,1.0,3.0,1.0,1.0,1.0,1.0,1.0,4.0,1.0,1.0
7021,1.0,1.0,1.0,3.0,1.0,1.0,1.0,1.0,1.0,5.0,2.0,1.0
7022,1.0,1.0,1.0,3.0,1.0,1.0,1.0,1.0,1.0,5.0,2.0,1.0
7023,1.0,1.0,1.0,3.0,1.0,1.0,1.0,1.0,1.0,5.0,2.0,1.0
7024,1.0,1.0,1.0,3.0,1.0,1.0,1.0,1.0,1.0,5.0,2.0,1.0
7025,1.0,1.0,1.0,3.0,1.0,1.0,1.0,1.0,1.0,5.0,2.0,1.0
7026,1.0,1.0,1.0,3.0,1.0,1.0,1.0,1.0,1.0,3.0,1.0,1.0
7027,1.0,1.0,1.0,3.0,1.0,1.0,1.0,1.0,1.0,4.0,1.0,1.0
7028,1.0,1.0,1.0,3.0,1.0,1.0,1.0,1.0,1.0,5.0,2.0,1.0
7029,1.0,1.0,1.0,3.0,1.0,1.0,1.0,1.0,1.0,4.0,1.0,1.0
7030,1.0,1.0,1.0,3.0,1.0,1.0,1.0,1.0,1.0,3.0,1.0,1.0
7031,1.0,1.0,1.0,3.0,1.0,1.0,1.0,1.0,1.0,5.0,2.0,1.0
7032,1.0,1.0,1.0,3.0,1.0,1.0,1.0,1.0,1.0,5.0,2.0,1.0
7033,1.0,1.0,1.0,3.0,1.0,1.0,1.0,1.0,1.0,3.0,1.0,1.0
7034,1.0,1.0,1.0,3.0,1.0,1.0,1.0,1.0,1.0,3.0,1.0,1.0
7035,1.0,1.0,1.0,3.0,1.0,1.0,1.0,1.0,1.0,5.0,2.0,1.0
7036,1.0,1.0,1.0,3.0,1.0,1.0,1.0,1.0,1.0,3.0,1.0,1.0
7037,1.0,1.0,1.0,3.0,1.0,1.0,1.0,1.0,1.0,3.0,1.0,1.0
7038,1.0,1.0,1.0,3.0,1.0,1.0,1.0,1.0,1.0,5.0,2.0,1.0
7039,1.0,1.0,1.0,3.0,1.0,1.0,1.0,1.0,1.0,4.0,1.0,1.0
7040,1.0,1.0,1.0,3.0,1.0,1.0,1.0,1.0,1.0,4.0,1.0,1.0
7041,1.0,1.0,1.0,3.0,1.0,1.0,1.0,1.0,1.0,3.0,1.0,1.0
7042,1.0,1.0,1.0,3.0,1.0,1.0,1.0,1.0,1.0,3.0,1.0,1.0
7043,1.0,1.0,1.0,3.0,1.0,1.0,1.0,1.0,1.0,4.0,1.0,1.0
7044,1.0,1.0,1.0,3.0,1.0,1.0,1.0,1.0,1.0,5.0,2.0,1.0
7045,1.0,1.0,1.0,3.0,1.0,1.0,1.0,1.0,1.0,4.0,1.0,1.0
7046,1.0,1.0,1.0,3.0,1.0,1.0,1.0,1.0,1.0,3.0,1.0,1.0
7047,1.0,1.0,1.0,3.0,1.0,1.0,1.0,1.0,1.0,3.0,1.0,1.0
7048,1.0,1.0,1.0,3.0,1.0,1.0,1.0,1.0,1.0,3.0,1.0,1.0
7049,1.0,1.0,1.0,3.0,1.0,1.0,1.0,1.0,1.0,3.0,1.0,1.0
7050,1.0,1.0,1.0,3.0,1.0,1.0,1.0,1.0,1.0,3.0,1.0,1.0
7051,1.0,1.0,1.0,3.0,1.0,1.0,1.0,1.0,1.0,4.0,1.0,1.0
7052,1.0,1.0,1.0,3.0,1.0,1.0,1.0,1.0,1.0,5.0,2.0,1.0
7053,1.0,1.0,1.0,3.0,1.0,1.0,1.0,1.0,1.0,3.0,1.0,1.0
7054,1.0,1.0,1.0,3.0,1.0,1.0,1.0,1.0,1.0,3.0,1.0,1.0
7055,1.0,1.0,1.0,3.0,1.0,1.0,1.0,1.0,1.0,3.0,1.0,1.0
7056,1.0,1.0,1.0,3.0,1.0,1.0,1.0,1.0,1.0,5.0,2.0,1.0
7057,1.0,1.0,1.0,3.0,1.0,1.0,1.0,1.0,1.0,4.0,1.0,1.0
7058,1.0,1.0,1.0,3.0,1.0,1.0,1.0,1.0,1.0,3.0,1.0,1.0
7059,1.0,1.0,1.0,3.0,1.0,1.0,1.0,1.0,1.0,4.0,1.0,1.0
7060,1.0,1.0,1.0,3.0,1.0,1.0,1.0,1.0,1.0,3.0,1.0,1.0
7061,1.0,1.0,1.0,3.0,1.0,1.0,1.0,1.0,1.0,3.0,1.0,1.0
7062,1.0,1.0,1.0,3.0,1.0,1.0,1.0,1.0,1.0,4.0,1.0,1.0
7063,1.0,1.0,1.0,3.0,1.0,1.0,1.0,1.0,1.0,3.0,1.0,1.0
7064,1.0,1.0,1.0,3.0,1.0,1.0,1.0,1.0,1.0,4.0,1.0,1.0
7065,1.0,1.0,1.0,3.0,1.0,1.0,1.0,1.0,1.0,3.0,1.0,1.0
7066,1.0,1.0,1.0,3.0,1.0,1.0,1.0,1.0,1.0,4.0,1.0,1.0
7067,1.0,1.0,1.0,3.0,1.0,1.0,1.0,1.0,1.0,3.0,1.0,1.0
7068,1.0,1.0,1.0,3.0,1.0,1.0,1.0,1.0,1.0,3.0,1.0,1.0
7069,1.0,1.0,1.0,3.0,1.0,1.0,1.0,1.0,1.0,4.0,1.0,1.0
7070,1.0,1.0,1.0,3.0,1.0,1.0,1.0,1.0,1.0,3.0,1.0,1.0
7071,1.0,1.0,1.0,3.0,1.0,1.0,1.0,1.0,1.0,3.0,1.0,1.0
7072,1.0,1.0,1.0,3.0,1.0,1.0,1.0,1.0,1.0,3.0,1.0,1.0
7073,1.0,1.0,1.0,3.0,1.0,1.0,1.0,1.0,1.0,3.0,1.0,1.0
7074,1.0,1.0,1.0,3.0,1.0,1.0,1.0,1.0,1.0,4.0,1.0,1.0
7075,1.0,1.0,1.0,3.0,1.0,1.0,1.0,1.0,1.0,3.0,1.0,1.0
7076,1.0,1.0,1.0,3.0,1.0,1.0,1.0,1.0,1.0,4.0,1.0,1.0
7077,1.0,1.0,1.0,3.0,1.0,1.0,1.0,1.0,1.0,3.0,1.0,1.0
7078,1.0,1.0,1.0,3.0,1.0,1.0,1.0,1.0,1.0,5.0,2.0,1.0
7079,1.0,1.0,1.0,3.0,1.0,1.0,1.0,1.0,1.0,3.0,1.0,1.0
7080,1.0,1.0,1.0,3.0,1.0,1.0,1.0,1.0,1.0,3.0,1.0,1.0
7081,1.0,1.0,1.0,3.0,1.0,1.0,1.0,1.0,1.0,3.0,1.0,1.0
7082,1.0,1.0,1.0,3.0,1.0,1.0,1.0,1.0,1.0,3.0,1.0,1.0
7083,1.0,1.0,1.0,3.0,1.0,1.0,1.0,1.0,1.0,5.0,2.0,1.0
7084,1.0,1.0,1.0,3.0,1.0,1.0,1.0,1.0,1.0,3.0,1.0,1.0
7085,1.0,1.0,1.0,3.0,1.0,1.0,1.0,1.0,1.0,3.0,1.0,1.0
7086,1.0,1.0,1.0,3.0,1.0,1.0,1.0,1.0,1.0,5.0,2.0,1.0
7087,1.0,1.0,1.0,3.0,1.0,1.0,1.0,1.0,1.0,5.0,2.0,1.0
7088,1.0,1.0,1.0,3.0,1.0,1.0,1.0,1.0,1.0,3.0,1.0,1.0
7089,1.0,1.0,1.0,3.0,1.0,1.0,1.0,1.0,1.0,3.0,1.0,1.0
7090,1.0,1.0,1.0,3.0,1.0,1.0,1.0,1.0,1.0,3.0,1.0,1.0
7091,1.0,1.0,1.0,3.0,1.0,1.0,1.0,1.0,1.0,3.0,1.0,1.0
7092,1.0,1.0,1.0,3.0,1.0,1.0,1.0,1.0,1.0,3.0,1.0,1.0
7093,1.0,1.0,1.0,3.0,1.0,1.0,1.0,1.0,1.0,5.0,2.0,1.0
7094,1.0,1.0,1.0,3.0,1.0,1.0,1.0,1.0,1.0,3.0,1.0,1.0
7095,1.0,1.0,1.0,3.0,1.0,1.0,1.0,1.0,1.0,4.0,1.0,1.0
7096,1.0,1.0,1.0,3.0,1.0,1.0,1.0,1.0,1.0,5.0,2.0,1.0
7097,1.0,1.0,1.0,3.0,1.0,1.0,1.0,1.0,1.0,3.0,1.0,1.0
7098,1.0,1.0,1.0,3.0,1.0,1.0,1.0,1.0,1.0,5.0,2.0,1.0
7099,1.0,1.0,1.0,3.0,1.0,1.0,1.0,1.0,1.0,3.0,1.0,1.0
7100,1.0,1.0,1.0,3.0,1.0,1.0,1.0,1.0,1.0,3.0,1.0,1.0
7101,1.0,1.0,1.0,3.0,1.0,1.0,1.0,1.0,1.0,3.0,1.0,1.0
7102,1.0,1.0,1.0,3.0,1.0,1.0,1.0,1.0,1.0,5.0,2.0,1.0
7103,1.0,1.0,1.0,3.0,1.0,1.0,1.0,1.0,1.0,5.0,2.0,1.0
7104,1.0,1.0,1.0,3.0,1.0,1.0,1.0,1.0,1.0,3.0,1.0,1.0
7105,1.0,1.0,1.0,3.0,1.0,1.0,1.0,1.0,1.0,3.0,1.0,1.0
7106,1.0,1.0,1.0,3.0,1.0,1.0,1.0,1.0,1.0,3.0,1.0,1.0
7107,1.0,1.0,1.0,3.0,1.0,1.0,1.0,1.0,1.0,4.0,1.0,1.0
7108,1.0,1.0,1.0,3.0,1.0,1.0,1.0,1.0,1.0,4.0,1.0,1.0
7109,1.0,1.0,1.0,3.0,1.0,1.0,1.0,1.0,1.0,4.0,1.0,1.0
7110,1.0,1.0,1.0,3.0,1.0,1.0,1.0,1.0,1.0,3.0,1.0,1.0
7111,1.0,1.0,1.0,3.0,1.0,1.0,1.0,1.0,1.0,5.0,2.0,1.0
7112,1.0,1.0,1.0,3.0,1.0,1.0,1.0,1.0,1.0,4.0,1.0,1.0
7113,1.0,1.0,1.0,3.0,1.0,1.0,1.0,1.0,1.0,4.0,1.0,1.0
7114,1.0,1.0,1.0,3.0,1.0,1.0,1.0,1.0,1.0,3.0,1.0,1.0
7115,1.0,1.0,1.0,3.0,1.0,1.0,1.0,1.0,1.0,3.0,1.0,1.0
7116,1.0,1.0,1.0,3.0,1.0,1.0,1.0,1.0,1.0,4.0,1.0,1.0
7117,1.0,1.0,1.0,3.0,1.0,1.0,1.0,1.0,1.0,4.0,1.0,1.0
7118,1.0,1.0,1.0,3.0,1.0,1.0,1.0,1.0,1.0,5.0,2.0,1.0
7119,1.0,1.0,1.0,3.0,1.0,1.0,1.0,1.0,1.0,3.0,1.0,1.0
7120,1.0,1.0,1.0,3.0,1.0,1.0,1.0,1.0,1.0,5.0,2.0,1.0
7121,1.0,1.0,1.0,3.0,1.0,1.0,1.0,1.0,1.0,3.0,1.0,1.0
7122,1.0,1.0,1.0,3.0,1.0,1.0,1.0,1.0,1.0,4.0,1.0,1.0
7123,1.0,1.0,1.0,3.0,1.0,1.0,1.0,1.0,1.0,3.0,1.0,1.0
7124,1.0,1.0,1.0,3.0,1.0,1.0,1.0,1.0,1.0,3.0,1.0,1.0
7125,1.0,1.0,1.0,3.0,1.0,1.0,1.0,1.0,1.0,3.0,1.0,1.0
7126,1.0,1.0,1.0,3.0,1.0,1.0,1.0,1.0,1.0,3.0,1.0,1.0
7127,1.0,1.0,1.0,3.0,1.0,1.0,1.0,1.0,1.0,5.0,2.0,1.0
7128,1.0,1.0,1.0,3.0,1.0,1.0,1.0,1.0,1.0,3.0,1.0,1.0
7129,1.0,1.0,1.0,3.0,1.0,1.0,1.0,1.0,1.0,4.0,1.0,1.0
7130,1.0,1.0,1.0,3.0,1.0,1.0,1.0,1.0,1.0,5.0,2.0,1.0
7131,1.0,1.0,1.0,3.0,1.0,1.0,1.0,1.0,1.0,3.0,1.0,1.0
7132,1.0,1.0,1.0,3.0,1.0,1.0,1.0,1.0,1.0,4.0,1.0,1.0
7133,1.0,1.0,1.0,3.0,1.0,1.0,1.0,1.0,1.0,3.0,1.0,1.0
7134,1.0,1.0,1.0,3.0,1.0,1.0,1.0,1.0,1.0,4.0,1.0,1.0
7135,1.0,1.0,1.0,3.0,1.0,1.0,1.0,1.0,1.0,3.0,1.0,1.0
7136,1.0,1.0,1.0,3.0,1.0,1.0,1.0,1.0,1.0,5.0,2.0,1.0
7137,1.0,1.0,1.0,3.0,1.0,1.0,1.0,1.0,1.0,4.0,1.0,1.0
7138,1.0,1.0,1.0,3.0,1.0,1.0,1.0,1.0,1.0,5.0,2.0,1.0
7139,1.0,1.0,1.0,3.0,1.0,1.0,1.0,1.0,1.0,3.0,1.0,1.0
7140,1.0,1.0,1.0,3.0,1.0,1.0,1.0,1.0,1.0,5.0,2.0,1.0
7141,1.0,1.0,1.0,3.0,1.0,1.0,1.0,1.0,1.0,3.0,1.0,1.0
7142,1.0,1.0,1.0,3.0,1.0,1.0,1.0,1.0,1.0,5.0,2.0,1.0
7143,1.0,1.0,1.0,3.0,1.0,1.0,1.0,1.0,1.0,4.0,1.0,1.0
7144,1.0,1.0,1.0,3.0,1.0,1.0,1.0,1.0,1.0,5.0,2.0,1.0
7145,1.0,1.0,1.0,3.0,1.0,1.0,1.0,1.0,1.0,4.0,1.0,1.0
7146,1.0,1.0,1.0,3.0,1.0,1.0,1.0,1.0,1.0,3.0,1.0,1.0
7147,1.0,1.0,1.0,3.0,1.0,1.0,1.0,1.0,1.0,3.0,1.0,1.0
7148,1.0,1.0,1.0,3.0,1.0,1.0,1.0,1.0,1.0,3.0,1.0,1.0
7149,1.0,1.0,1.0,3.0,1.0,1.0,1.0,1.0,1.0,3.0,1.0,1.0
7150,1.0,1.0,1.0,3.0,1.0,1.0,1.0,1.0,1.0,3.0,1.0,1.0
7151,1.0,1.0,1.0,3.0,1.0,1.0,1.0,1.0,1.0,3.0,1.0,1.0
7152,1.0,1.0,1.0,3.0,1.0,1.0,1.0,1.0,1.0,4.0,1.0,1.0
7153,1.0,1.0,1.0,3.0,1.0,1.0,1.0,1.0,1.0,3.0,1.0,1.0
7154,1.0,1.0,1.0,3.0,1.0,1.0,1.0,1.0,1.0,3.0,1.0,1.0
7155,1.0,1.0,1.0,3.0,1.0,1.0,1.0,1.0,1.0,5.0,2.0,1.0
7156,1.0,1.0,1.0,3.0,1.0,1.0,1.0,1.0,1.0,3.0,1.0,1.0
7157,1.0,1.0,1.0,3.0,1.0,1.0,1.0,1.0,1.0,3.0,1.0,1.0
7158,1.0,1.0,1.0,3.0,1.0,1.0,1.0,1.0,1.0,3.0,1.0,1.0
7159,1.0,1.0,1.0,3.0,1.0,1.0,1.0,1.0,1.0,3.0,1.0,1.0
7160,1.0,1.0,1.0,3.0,1.0,1.0,1.0,1.0,1.0,3.0,1.0,1.0
7161,1.0,1.0,1.0,3.0,1.0,1.0,1.0,1.0,1.0,3.0,1.0,1.0
7162,1.0,1.0,1.0,3.0,1.0,1.0,1.0,1.0,1.0,5.0,2.0,1.0
7163,1.0,1.0,1.0,3.0,1.0,1.0,1.0,1.0,1.0,5.0,2.0,1.0
7164,1.0,1.0,1.0,3.0,1.0,1.0,1.0,1.0,1.0,3.0,1.0,1.0
7165,1.0,1.0,1.0,3.0,1.0,1.0,1.0,1.0,1.0,3.0,1.0,1.0
7166,1.0,1.0,1.0,3.0,1.0,1.0,1.0,1.0,1.0,3.0,1.0,1.0
7167,1.0,1.0,1.0,3.0,1.0,1.0,1.0,1.0,1.0,3.0,1.0,1.0
7168,1.0,1.0,1.0,3.0,1.0,1.0,1.0,1.0,1.0,4.0,1.0,1.0
7169,1.0,1.0,1.0,3.0,1.0,1.0,1.0,1.0,1.0,5.0,2.0,1.0
7170,1.0,1.0,1.0,3.0,1.0,1.0,1.0,1.0,1.0,5.0,2.0,1.0
7171,1.0,1.0,1.0,3.0,1.0,1.0,1.0,1.0,1.0,4.0,1.0,1.0
7172,1.0,1.0,1.0,3.0,1.0,1.0,1.0,1.0,1.0,5.0,2.0,1.0
7173,1.0,1.0,1.0,3.0,1.0,1.0,1.0,1.0,1.0,3.0,1.0,1.0
7174,1.0,1.0,1.0,3.0,1.0,1.0,1.0,1.0,1.0,3.0,1.0,1.0
7175,1.0,1.0,1.0,3.0,1.0,1.0,1.0,1.0,1.0,5.0,2.0,1.0
7176,1.0,1.0,1.0,3.0,1.0,1.0,1.0,1.0,1.0,3.0,1.0,1.0
7177,1.0,1.0,1.0,3.0,1.0,1.0,1.0,1.0,1.0,4.0,1.0,1.0
7178,1.0,1.0,1.0,3.0,1.0,1.0,1.0,1.0,1.0,4.0,1.0,1.0
7179,1.0,1.0,1.0,3.0,1.0,1.0,1.0,1.0,1.0,3.0,1.0,1.0
7180,1.0,1.0,1.0,3.0,1.0,1.0,1.0,1.0,1.0,3.0,1.0,1.0
7181,1.0,1.0,1.0,3.0,1.0,1.0,1.0,1.0,1.0,4.0,1.0,1.0
7182,1.0,1.0,1.0,3.0,1.0,1.0,1.0,1.0,1.0,5.0,2.0,1.0
7183,1.0,1.0,1.0,3.0,1.0,1.0,1.0,1.0,1.0,3.0,1.0,1.0
7184,1.0,1.0,1.0,3.0,1.0,1.0,1.0,1.0,1.0,4.0,1.0,1.0
7185,1.0,1.0,1.0,3.0,1.0,1.0,1.0,1.0,1.0,3.0,1.0,1.0
7186,1.0,1.0,1.0,3.0,1.0,1.0,1.0,1.0,1.0,4.0,1.0,1.0
7187,1.0,1.0,1.0,3.0,1.0,1.0,1.0,1.0,1.0,4.0,1.0,1.0
7188,1.0,1.0,1.0,3.0,1.0,1.0,1.0,1.0,1.0,4.0,1.0,1.0
7189,1.0,1.0,1.0,3.0,1.0,1.0,1.0,1.0,1.0,5.0,2.0,1.0
7190,1.0,1.0,1.0,3.0,1.0,1.0,1.0,1.0,1.0,5.0,2.0,1.0
7191,1.0,1.0,1.0,3.0,1.0,1.0,1.0,1.0,1.0,4.0,1.0,1.0
7192,1.0,1.0,1.0,3.0,1.0,1.0,1.0,1.0,1.0,5.0,2.0,1.0
7193,1.0,1.0,1.0,3.0,1.0,1.0,1.0,1.0,1.0,5.0,2.0,1.0
7194,1.0,1.0,1.0,3.0,1.0,1.0,1.0,1.0,1.0,3.0,1.0,1.0
7195,1.0,1.0,1.0,3.0,1.0,1.0,1.0,1.0,1.0,3.0,1.0,1.0
7196,1.0,1.0,1.0,3.0,1.0,1.0,1.0,1.0,1.0,5.0,2.0,1.0
7197,1.0,1.0,1.0,3.0,1.0,1.0,1.0,1.0,1.0,5.0,2.0,1.0
7198,1.0,1.0,1.0,3.0,1.0,1.0,1.0,1.0,1.0,4.0,1.0,1.0
7199,1.0,1.0,1.0,3.0,1.0,1.0,1.0,1.0,1.0,5.0,2.0,1.0
7200,1.0,1.0,1.0,3.0,1.0,1.0,1.0,1.0,1.0,3.0,1.0,1.0
7201,1.0,1.0,1.0,3.0,1.0,1.0,1.0,1.0,1.0,3.0,1.0,1.0
7202,1.0,1.0,1.0,3.0,1.0,1.0,1.0,1.0,1.0,3.0,1.0,1.0
7203,1.0,1.0,1.0,3.0,1.0,1.0,1.0,1.0,1.0,4.0,1.0,1.0
7204,1.0,1.0,1.0,3.0,1.0,1.0,1.0,1.0,1.0,3.0,1.0,1.0
7205,1.0,1.0,1.0,3.0,1.0,1.0,1.0,1.0,1.0,3.0,1.0,1.0
7206,1.0,1.0,1.0,3.0,1.0,1.0,1.0,1.0,1.0,3.0,1.0,1.0
7207,1.0,1.0,1.0,3.0,1.0,1.0,1.0,1.0,1.0,3.0,1.0,1.0
7208,1.0,1.0,1.0,3.0,1.0,1.0,1.0,1.0,1.0,3.0,1.0,1.0
7209,1.0,1.0,1.0,3.0,1.0,1.0,1.0,1.0,1.0,4.0,1.0,1.0
7210,1.0,1.0,1.0,3.0,1.0,1.0,1.0,1.0,1.0,5.0,2.0,1.0
7211,1.0,1.0,1.0,3.0,1.0,1.0,1.0,1.0,1.0,5.0,2.0,1.0
7212,1.0,1.0,1.0,3.0,1.0,1.0,1.0,1.0,1.0,3.0,1.0,1.0
7213,1.0,1.0,1.0,3.0,1.0,1.0,1.0,1.0,1.0,3.0,1.0,1.0
7214,1.0,1.0,1.0,3.0,1.0,1.0,1.0,1.0,1.0,5.0,2.0,1.0
7215,1.0,1.0,1.0,3.0,1.0,1.0,1.0,1.0,1.0,3.0,1.0,1.0
7216,1.0,1.0,1.0,3.0,1.0,1.0,1.0,1.0,1.0,3.0,1.0,1.0
7217,1.0,1.0,1.0,3.0,1.0,1.0,1.0,1.0,1.0,3.0,1.0,1.0
7218,1.0,1.0,1.0,3.0,1.0,1.0,1.0,1.0,1.0,3.0,1.0,1.0
7219,1.0,1.0,1.0,3.0,1.0,1.0,1.0,1.0,1.0,5.0,2.0,1.0
7220,1.0,1.0,1.0,3.0,1.0,1.0,1.0,1.0,1.0,4.0,1.0,1.0
7221,1.0,1.0,1.0,3.0,1.0,1.0,1.0,1.0,1.0,5.0,2.0,1.0
7222,1.0,1.0,1.0,3.0,1.0,1.0,1.0,1.0,1.0,3.0,1.0,1.0
7223,1.0,1.0,1.0,3.0,1.0,1.0,1.0,1.0,1.0,3.0,1.0,1.0
7224,1.0,1.0,1.0,3.0,1.0,1.0,1.0,1.0,1.0,4.0,1.0,1.0
7225,1.0,1.0,1.0,3.0,1.0,1.0,1.0,1.0,1.0,3.0,1.0,1.0
7226,1.0,1.0,1.0,3.0,1.0,1.0,1.0,1.0,1.0,4.0,1.0,1.0
7227,1.0,1.0,1.0,3.0,1.0,1.0,1.0,1.0,1.0,3.0,1.0,1.0
7228,1.0,1.0,1.0,3.0,1.0,1.0,1.0,1.0,1.0,5.0,2.0,1.0
7229,1.0,1.0,1.0,3.0,1.0,1.0,1.0,1.0,1.0,3.0,1.0,1.0
7230,1.0,1.0,1.0,3.0,1.0,1.0,1.0,1.0,1.0,4.0,1.0,1.0
7231,1.0,1.0,1.0,3.0,1.0,1.0,1.0,1.0,1.0,3.0,1.0,1.0
7232,1.0,1.0,1.0,3.0,1.0,1.0,1.0,1.0,1.0,4.0,1.0,1.0
7233,1.0,1.0,1.0,3.0,1.0,1.0,1.0,1.0,1.0,3.0,1.0,1.0
7234,1.0,1.0,1.0,3.0,1.0,1.0,1.0,1.0,1.0,5.0,2.0,1.0
7235,1.0,1.0,1.0,3.0,1.0,1.0,1.0,1.0,1.0,5.0,2.0,1.0
7236,1.0,1.0,1.0,3.0,1.0,1.0,1.0,1.0,1.0,3.0,1.0,1.0
7237,1.0,1.0,1.0,3.0,1.0,1.0,1.0,1.0,1.0,3.0,1.0,1.0
7238,1.0,1.0,1.0,3.0,1.0,1.0,1.0,1.0,1.0,3.0,1.0,1.0
7239,1.0,1.0,1.0,3.0,1.0,1.0,1.0,1.0,1.0,3.0,1.0,1.0
7240,1.0,1.0,1.0,3.0,1.0,1.0,1.0,1.0,1.0,3.0,1.0,1.0
7241,1.0,1.0,1.0,3.0,1.0,1.0,1.0,1.0,1.0,5.0,2.0,1.0
7242,1.0,1.0,1.0,3.0,1.0,1.0,1.0,1.0,1.0,3.0,1.0,1.0
7243,1.0,1.0,1.0,3.0,1.0,1.0,1.0,1.0,1.0,3.0,1.0,1.0
7244,1.0,1.0,1.0,3.0,1.0,1.0,1.0,1.0,1.0,5.0,2.0,1.0
7245,1.0,1.0,1.0,3.0,1.0,1.0,1.0,1.0,1.0,3.0,1.0,1.0
7246,1.0,1.0,1.0,3.0,1.0,1.0,1.0,1.0,1.0,4.0,1.0,1.0
7247,1.0,1.0,1.0,3.0,1.0,1.0,1.0,1.0,1.0,5.0,2.0,1.0
7248,1.0,1.0,1.0,3.0,1.0,1.0,1.0,1.0,1.0,3.0,1.0,1.0
7249,1.0,1.0,1.0,3.0,1.0,1.0,1.0,1.0,1.0,3.0,1.0,1.0
7250,1.0,1.0,1.0,3.0,1.0,1.0,1.0,1.0,1.0,3.0,1.0,1.0
7251,1.0,1.0,1.0,3.0,1.0,1.0,1.0,1.0,1.0,3.0,1.0,1.0
7252,1.0,1.0,1.0,3.0,1.0,1.0,1.0,1.0,1.0,4.0,1.0,1.0
7253,1.0,1.0,1.0,3.0,1.0,1.0,1.0,1.0,1.0,5.0,2.0,1.0
7254,1.0,1.0,1.0,3.0,1.0,1.0,1.0,1.0,1.0,3.0,1.0,1.0
7255,1.0,1.0,1.0,3.0,1.0,1.0,1.0,1.0,1.0,4.0,1.0,1.0
7256,1.0,1.0,1.0,3.0,1.0,1.0,1.0,1.0,1.0,3.0,1.0,1.0
7257,1.0,1.0,1.0,3.0,1.0,1.0,1.0,1.0,1.0,3.0,1.0,1.0
7258,1.0,1.0,1.0,3.0,1.0,1.0,1.0,1.0,1.0,4.0,1.0,1.0
7259,1.0,1.0,1.0,3.0,1.0,1.0,1.0,1.0,1.0,4.0,1.0,1.0
7260,1.0,1.0,1.0,3.0,1.0,1.0,1.0,1.0,1.0,3.0,1.0,1.0
7261,1.0,1.0,1.0,3.0,1.0,1.0,1.0,1.0,1.0,5.0,2.0,1.0
7262,1.0,1.0,1.0,3.0,1.0,1.0,1.0,1.0,1.0,5.0,2.0,1.0
7263,1.0,1.0,1.0,3.0,1.0,1.0,1.0,1.0,1.0,4.0,1.0,1.0
7264,1.0,1.0,1.0,3.0,1.0,1.0,1.0,1.0,1.0,4.0,1.0,1.0
7265,1.0,1.0,1.0,3.0,1.0,1.0,1.0,1.0,1.0,3.0,1.0,1.0
7266,1.0,1.0,1.0,3.0,1.0,1.0,1.0,1.0,1.0,5.0,2.0,1.0
7267,1.0,1.0,1.0,3.0,1.0,1.0,1.0,1.0,1.0,3.0,1.0,1.0
7268,1.0,1.0,1.0,3.0,1.0,1.0,1.0,1.0,1.0,4.0,1.0,1.0
7269,1.0,1.0,1.0,3.0,1.0,1.0,1.0,1.0,1.0,5.0,2.0,1.0
7270,1.0,1.0,1.0,3.0,1.0,1.0,1.0,1.0,1.0,3.0,1.0,1.0
7271,1.0,1.0,1.0,3.0,1.0,1.0,1.0,1.0,1.0,3.0,1.0,1.0
7272,1.0,1.0,1.0,3.0,1.0,1.0,1.0,1.0,1.0,3.0,1.0,1.0
7273,1.0,1.0,1.0,3.0,1.0,1.0,1.0,1.0,1.0,4.0,1.0,1.0
7274,1.0,1.0,1.0,3.0,1.0,1.0,1.0,1.0,1.0,3.0,1.0,1.0
7275,1.0,1.0,1.0,3.0,1.0,1.0,1.0,1.0,1.0,4.0,1.0,1.0
7276,1.0,1.0,1.0,3.0,1.0,1.0,1.0,1.0,1.0,3.0,1.0,1.0
7277,1.0,1.0,1.0,3.0,1.0,1.0,1.0,1.0,1.0,5.0,2.0,1.0
7278,1.0,1.0,1.0,3.0,1.0,1.0,1.0,1.0,1.0,3.0,1.0,1.0
7279,1.0,1.0,1.0,3.0,1.0,1.0,1.0,1.0,1.0,3.0,1.0,1.0
7280,1.0,1.0,1.0,3.0,1.0,1.0,1.0,1.0,1.0,5.0,2.0,1.0
7281,1.0,1.0,1.0,3.0,1.0,1.0,1.0,1.0,1.0,3.0,1.0,1.0
7282,1.0,1.0,1.0,3.0,1.0,1.0,1.0,1.0,1.0,3.0,1.0,1.0
7283,1.0,1.0,1.0,3.0,1.0,1.0,1.0,1.0,1.0,3.0,1.0,1.0
7284,1.0,1.0,1.0,3.0,1.0,1.0,1.0,1.0,1.0,5.0,2.0,1.0
7285,1.0,1.0,1.0,3.0,1.0,1.0,1.0,1.0,1.0,3.0,1.0,1.0
7286,1.0,1.0,1.0,3.0,1.0,1.0,1.0,1.0,1.0,4.0,1.0,1.0
7287,1.0,1.0,1.0,3.0,1.0,1.0,1.0,1.0,1.0,3.0,1.0,1.0
7288,1.0,1.0,1.0,3.0,1.0,1.0,1.0,1.0,1.0,5.0,2.0,1.0
7289,1.0,1.0,1.0,3.0,1.0,1.0,1.0,1.0,1.0,3.0,1.0,1.0
7290,1.0,1.0,1.0,3.0,1.0,1.0,1.0,1.0,1.0,3.0,1.0,1.0
7291,1.0,1.0,1.0,3.0,1.0,1.0,1.0,1.0,1.0,3.0,1.0,1.0
7292,1.0,1.0,1.0,3.0,1.0,1.0,1.0,1.0,1.0,3.0,1.0,1.0
7293,1.0,1.0,1.0,3.0,1.0,1.0,1.0,1.0,1.0,5.0,2.0,1.0
7294,1.0,1.0,1.0,3.0,1.0,1.0,1.0,1.0,1.0,5.0,2.0,1.0
7295,1.0,1.0,1.0,3.0,1.0,1.0,1.0,1.0,1.0,4.0,1.0,1.0
7296,1.0,1.0,1.0,3.0,1.0,1.0,1.0,1.0,1.0,3.0,1.0,1.0
7297,1.0,1.0,1.0,3.0,1.0,1.0,1.0,1.0,1.0,4.0,1.0,1.0
7298,1.0,1.0,1.0,3.0,1.0,1.0,1.0,1.0,1.0,3.0,1.0,1.0
7299,1.0,1.0,1.0,3.0,1.0,1.0,1.0,1.0,1.0,3.0,1.0,1.0
7300,1.0,1.0,1.0,3.0,1.0,1.0,1.0,1.0,1.0,4.0,1.0,1.0
7301,1.0,1.0,1.0,3.0,1.0,1.0,1.0,1.0,1.0,3.0,1.0,1.0
7302,1.0,1.0,1.0,3.0,1.0,1.0,1.0,1.0,1.0,5.0,2.0,1.0
7303,1.0,1.0,1.0,3.0,1.0,1.0,1.0,1.0,1.0,3.0,1.0,1.0
7304,1.0,1.0,1.0,3.0,1.0,1.0,1.0,1.0,1.0,3.0,1.0,1.0
7305,1.0,1.0,1.0,3.0,1.0,1.0,1.0,1.0,1.0,3.0,1.0,1.0
7306,1.0,1.0,1.0,3.0,1.0,1.0,1.0,1.0,1.0,3.0,1.0,1.0
7307,1.0,1.0,1.0,3.0,1.0,1.0,1.0,1.0,1.0,5.0,2.0,1.0
7308,1.0,1.0,1.0,3.0,1.0,1.0,1.0,1.0,1.0,5.0,2.0,1.0
7309,1.0,1.0,1.0,3.0,1.0,1.0,1.0,1.0,1.0,5.0,2.0,1.0
7310,1.0,1.0,1.0,3.0,1.0,1.0,1.0,1.0,1.0,3.0,1.0,1.0
7311,1.0,1.0,1.0,3.0,1.0,1.0,1.0,1.0,1.0,3.0,1.0,1.0
7312,1.0,1.0,1.0,3.0,1.0,1.0,1.0,1.0,1.0,3.0,1.0,1.0
7313,1.0,1.0,1.0,3.0,1.0,1.0,1.0,1.0,1.0,3.0,1.0,1.0
7314,1.0,1.0,1.0,3.0,1.0,1.0,1.0,1.0,1.0,4.0,1.0,1.0
7315,1.0,1.0,1.0,3.0,1.0,1.0,1.0,1.0,1.0,5.0,2.0,1.0
7316,1.0,1.0,1.0,3.0,1.0,1.0,1.0,1.0,1.0,4.0,1.0,1.0
7317,1.0,1.0,1.0,3.0,1.0,1.0,1.0,1.0,1.0,3.0,1.0,1.0
7318,1.0,1.0,1.0,3.0,1.0,1.0,1.0,1.0,1.0,4.0,1.0,1.0
7319,1.0,1.0,1.0,3.0,1.0,1.0,1.0,1.0,1.0,4.0,1.0,1.0
7320,1.0,1.0,1.0,3.0,1.0,1.0,1.0,1.0,1.0,5.0,2.0,1.0
7321,1.0,1.0,1.0,3.0,1.0,1.0,1.0,1.0,1.0,3.0,1.0,1.0
7322,1.0,1.0,1.0,3.0,1.0,1.0,1.0,1.0,1.0,3.0,1.0,1.0
7323,1.0,1.0,1.0,3.0,1.0,1.0,1.0,1.0,1.0,5.0,2.0,1.0
7324,1.0,1.0,1.0,3.0,1.0,1.0,1.0,1.0,1.0,3.0,1.0,1.0
7325,1.0,1.0,1.0,3.0,1.0,1.0,1.0,1.0,1.0,5.0,2.0,1.0
7326,1.0,1.0,1.0,3.0,1.0,1.0,1.0,1.0,1.0,3.0,1.0,1.0
7327,1.0,1.0,1.0,3.0,1.0,1.0,1.0,1.0,1.0,4.0,1.0,1.0
7328,1.0,1.0,1.0,3.0,1.0,1.0,1.0,1.0,1.0,3.0,1.0,1.0
7329,1.0,1.0,1.0,3.0,1.0,1.0,1.0,1.0,1.0,3.0,1.0,1.0
7330,1.0,1.0,1.0,3.0,1.0,1.0,1.0,1.0,1.0,5.0,2.0,1.0
7331,1.0,1.0,1.0,3.0,1.0,1.0,1.0,1.0,1.0,4.0,1.0,1.0
7332,1.0,1.0,1.0,3.0,1.0,1.0,1.0,1.0,1.0,5.0,2.0,1.0
7333,1.0,1.0,1.0,3.0,1.0,1.0,1.0,1.0,1.0,4.0,1.0,1.0
7334,1.0,1.0,1.0,3.0,1.0,1.0,1.0,1.0,1.0,3.0,1.0,1.0
7335,1.0,1.0,1.0,3.0,1.0,1.0,1.0,1.0,1.0,3.0,1.0,1.0
7336,1.0,1.0,1.0,3.0,1.0,1.0,1.0,1.0,1.0,3.0,1.0,1.0
7337,1.0,1.0,1.0,3.0,1.0,1.0,1.0,1.0,1.0,3.0,1.0,1.0
7338,1.0,1.0,1.0,3.0,1.0,1.0,1.0,1.0,1.0,5.0,2.0,1.0
7339,1.0,1.0,1.0,3.0,1.0,1.0,1.0,1.0,1.0,3.0,1.0,1.0
7340,1.0,1.0,1.0,3.0,1.0,1.0,1.0,1.0,1.0,5.0,2.0,1.0
7341,1.0,1.0,1.0,3.0,1.0,1.0,1.0,1.0,1.0,3.0,1.0,1.0
7342,1.0,1.0,1.0,3.0,1.0,1.0,1.0,1.0,1.0,4.0,1.0,1.0
7343,1.0,1.0,1.0,3.0,1.0,1.0,1.0,1.0,1.0,3.0,1.0,1.0
7344,1.0,1.0,1.0,3.0,1.0,1.0,1.0,1.0,1.0,3.0,1.0,1.0
7345,1.0,1.0,1.0,3.0,1.0,1.0,1.0,1.0,1.0,3.0,1.0,1.0
7346,1.0,1.0,1.0,3.0,1.0,1.0,1.0,1.0,1.0,3.0,1.0,1.0
7347,1.0,1.0,1.0,3.0,1.0,1.0,1.0,1.0,1.0,4.0,1.0,1.0
7348,1.0,1.0,1.0,3.0,1.0,1.0,1.0,1.0,1.0,5.0,2.0,1.0
7349,1.0,1.0,1.0,3.0,1.0,1.0,1.0,1.0,1.0,5.0,2.0,1.0
7350,1.0,1.0,1.0,3.0,1.0,1.0,1.0,1.0,1.0,3.0,1.0,1.0
7351,1.0,1.0,1.0,3.0,1.0,1.0,1.0,1.0,1.0,5.0,2.0,1.0
7352,1.0,1.0,1.0,3.0,1.0,1.0,1.0,1.0,1.0,3.0,1.0,1.0
7353,1.0,1.0,1.0,3.0,1.0,1.0,1.0,1.0,1.0,3.0,1.0,1.0
7354,1.0,1.0,1.0,3.0,1.0,1.0,1.0,1.0,1.0,4.0,1.0,1.0
7355,1.0,1.0,1.0,3.0,1.0,1.0,1.0,1.0,1.0,3.0,1.0,1.0
7356,1.0,1.0,1.0,3.0,1.0,1.0,1.0,1.0,1.0,5.0,2.0,1.0
7357,1.0,1.0,1.0,3.0,1.0,1.0,1.0,1.0,1.0,5.0,2.0,1.0
7358,1.0,1.0,1.0,3.0,1.0,1.0,1.0,1.0,1.0,4.0,1.0,1.0
7359,1.0,1.0,1.0,3.0,1.0,1.0,1.0,1.0,1.0,3.0,1.0,1.0
7360,1.0,1.0,1.0,3.0,1.0,1.0,1.0,1.0,1.0,4.0,1.0,1.0
7361,1.0,1.0,1.0,3.0,1.0,1.0,1.0,1.0,1.0,4.0,1.0,1.0
7362,1.0,1.0,1.0,3.0,1.0,1.0,1.0,1.0,1.0,3.0,1.0,1.0
7363,1.0,1.0,1.0,3.0,1.0,1.0,1.0,1.0,1.0,3.0,1.0,1.0
7364,1.0,1.0,1.0,3.0,1.0,1.0,1.0,1.0,1.0,4.0,1.0,1.0
7365,1.0,1.0,1.0,3.0,1.0,1.0,1.0,1.0,1.0,4.0,1.0,1.0
7366,1.0,1.0,1.0,3.0,1.0,1.0,1.0,1.0,1.0,3.0,1.0,1.0
7367,1.0,1.0,1.0,3.0,1.0,1.0,1.0,1.0,1.0,3.0,1.0,1.0
7368,1.0,1.0,1.0,3.0,1.0,1.0,1.0,1.0,1.0,3.0,1.0,1.0
7369,1.0,1.0,1.0,3.0,1.0,1.0,1.0,1.0,1.0,4.0,1.0,1.0
7370,1.0,1.0,1.0,3.0,1.0,1.0,1.0,1.0,1.0,5.0,2.0,1.0
7371,1.0,1.0,1.0,3.0,1.0,1.0,1.0,1.0,1.0,4.0,1.0,1.0
7372,1.0,1.0,1.0,3.0,1.0,1.0,1.0,1.0,1.0,3.0,1.0,1.0
7373,1.0,1.0,1.0,3.0,1.0,1.0,1.0,1.0,1.0,3.0,1.0,1.0
7374,1.0,1.0,1.0,3.0,1.0,1.0,1.0,1.0,1.0,3.0,1.0,1.0
7375,1.0,1.0,1.0,3.0,1.0,1.0,1.0,1.0,1.0,4.0,1.0,1.0
7376,1.0,1.0,1.0,3.0,1.0,1.0,1.0,1.0,1.0,3.0,1.0,1.0
7377,1.0,1.0,1.0,3.0,1.0,1.0,1.0,1.0,1.0,5.0,2.0,1.0
7378,1.0,1.0,1.0,3.0,1.0,1.0,1.0,1.0,1.0,4.0,1.0,1.0
7379,1.0,1.0,1.0,3.0,1.0,1.0,1.0,1.0,1.0,3.0,1.0,1.0
7380,1.0,1.0,1.0,3.0,1.0,1.0,1.0,1.0,1.0,5.0,2.0,1.0
7381,1.0,1.0,1.0,3.0,1.0,1.0,1.0,1.0,1.0,3.0,1.0,1.0
7382,1.0,1.0,1.0,3.0,1.0,1.0,1.0,1.0,1.0,3.0,1.0,1.0
7383,1.0,1.0,1.0,3.0,1.0,1.0,1.0,1.0,1.0,3.0,1.0,1.0
7384,1.0,1.0,1.0,3.0,1.0,1.0,1.0,1.0,1.0,3.0,1.0,1.0
7385,1.0,1.0,1.0,3.0,1.0,1.0,1.0,1.0,1.0,4.0,1.0,1.0
7386,1.0,1.0,1.0,3.0,1.0,1.0,1.0,1.0,1.0,3.0,1.0,1.0
7387,1.0,1.0,1.0,3.0,1.0,1.0,1.0,1.0,1.0,5.0,2.0,1.0
7388,1.0,1.0,1.0,3.0,1.0,1.0,1.0,1.0,1.0,3.0,1.0,1.0
7389,1.0,1.0,1.0,3.0,1.0,1.0,1.0,1.0,1.0,3.0,1.0,1.0
7390,1.0,1.0,1.0,3.0,1.0,1.0,1.0,1.0,1.0,3.0,1.0,1.0
7391,1.0,1.0,1.0,3.0,1.0,1.0,1.0,1.0,1.0,3.0,1.0,1.0
7392,1.0,1.0,1.0,3.0,1.0,1.0,1.0,1.0,1.0,3.0,1.0,1.0
7393,1.0,1.0,1.0,3.0,1.0,1.0,1.0,1.0,1.0,4.0,1.0,1.0
7394,1.0,1.0,1.0,3.0,1.0,1.0,1.0,1.0,1.0,3.0,1.0,1.0
7395,1.0,1.0,1.0,3.0,1.0,1.0,1.0,1.0,1.0,5.0,2.0,1.0
7396,1.0,1.0,1.0,3.0,1.0,1.0,1.0,1.0,1.0,4.0,1.0,1.0
7397,1.0,1.0,1.0,3.0,1.0,1.0,1.0,1.0,1.0,3.0,1.0,1.0
7398,1.0,1.0,1.0,3.0,1.0,1.0,1.0,1.0,1.0,3.0,1.0,1.0
7399,1.0,1.0,1.0,3.0,1.0,1.0,1.0,1.0,1.0,4.0,1.0,1.0
7400,1.0,1.0,1.0,3.0,1.0,1.0,1.0,1.0,1.0,5.0,2.0,1.0
7401,1.0,1.0,1.0,3.0,1.0,1.0,1.0,1.0,1.0,4.0,1.0,1.0
7402,1.0,1.0,1.0,3.0,1.0,1.0,1.0,1.0,1.0,3.0,1.0,1.0
7403,1.0,1.0,1.0,3.0,1.0,1.0,1.0,1.0,1.0,4.0,1.0,1.0
7404,1.0,1.0,1.0,3.0,1.0,1.0,1.0,1.0,1.0,3.0,1.0,1.0
7405,1.0,1.0,1.0,3.0,1.0,1.0,1.0,1.0,1.0,3.0,1.0,1.0
7406,1.0,1.0,1.0,3.0,1.0,1.0,1.0,1.0,1.0,3.0,1.0,1.0
7407,1.0,1.0,1.0,3.0,1.0,1.0,1.0,1.0,1.0,3.0,1.0,1.0
7408,1.0,1.0,1.0,3.0,1.0,1.0,1.0,1.0,1.0,3.0,1.0,1.0
7409,1.0,1.0,1.0,3.0,1.0,1.0,1.0,1.0,1.0,4.0,1.0,1.0
7410,1.0,1.0,1.0,3.0,1.0,1.0,1.0,1.0,1.0,4.0,1.0,1.0
7411,1.0,1.0,1.0,3.0,1.0,1.0,1.0,1.0,1.0,4.0,1.0,1.0
7412,1.0,1.0,1.0,3.0,1.0,1.0,1.0,1.0,1.0,4.0,1.0,1.0
7413,1.0,1.0,1.0,3.0,1.0,1.0,1.0,1.0,1.0,3.0,1.0,1.0
7414,1.0,1.0,1.0,3.0,1.0,1.0,1.0,1.0,1.0,5.0,2.0,1.0
7415,1.0,1.0,1.0,3.0,1.0,1.0,1.0,1.0,1.0,3.0,1.0,1.0
7416,1.0,1.0,1.0,3.0,1.0,1.0,1.0,1.0,1.0,5.0,2.0,1.0
7417,1.0,1.0,1.0,3.0,1.0,1.0,1.0,1.0,1.0,3.0,1.0,1.0
7418,1.0,1.0,1.0,3.0,1.0,1.0,1.0,1.0,1.0,3.0,1.0,1.0
7419,1.0,1.0,1.0,3.0,1.0,1.0,1.0,1.0,1.0,3.0,1.0,1.0
7420,1.0,1.0,1.0,3.0,1.0,1.0,1.0,1.0,1.0,5.0,2.0,1.0
7421,1.0,1.0,1.0,3.0,1.0,1.0,1.0,1.0,1.0,5.0,2.0,1.0
7422,1.0,1.0,1.0,3.0,1.0,1.0,1.0,1.0,1.0,5.0,2.0,1.0
7423,1.0,1.0,1.0,3.0,1.0,1.0,1.0,1.0,1.0,5.0,2.0,1.0
7424,1.0,1.0,1.0,3.0,1.0,1.0,1.0,1.0,1.0,3.0,1.0,1.0
7425,1.0,1.0,1.0,3.0,1.0,1.0,1.0,1.0,1.0,3.0,1.0,1.0
7426,1.0,1.0,1.0,3.0,1.0,1.0,1.0,1.0,1.0,5.0,2.0,1.0
7427,1.0,1.0,1.0,3.0,1.0,1.0,1.0,1.0,1.0,3.0,1.0,1.0
7428,1.0,1.0,1.0,3.0,1.0,1.0,1.0,1.0,1.0,3.0,1.0,1.0
7429,1.0,1.0,1.0,3.0,1.0,1.0,1.0,1.0,1.0,5.0,2.0,1.0
7430,1.0,1.0,1.0,3.0,1.0,1.0,1.0,1.0,1.0,5.0,2.0,1.0
7431,1.0,1.0,1.0,3.0,1.0,1.0,1.0,1.0,1.0,3.0,1.0,1.0
7432,1.0,1.0,1.0,3.0,1.0,1.0,1.0,1.0,1.0,3.0,1.0,1.0
7433,1.0,1.0,1.0,3.0,1.0,1.0,1.0,1.0,1.0,5.0,2.0,1.0
7434,1.0,1.0,1.0,3.0,1.0,1.0,1.0,1.0,1.0,3.0,1.0,1.0
7435,1.0,1.0,1.0,3.0,1.0,1.0,1.0,1.0,1.0,5.0,2.0,1.0
7436,1.0,1.0,1.0,3.0,1.0,1.0,1.0,1.0,1.0,5.0,2.0,1.0
7437,1.0,1.0,1.0,3.0,1.0,1.0,1.0,1.0,1.0,3.0,1.0,1.0
7438,1.0,1.0,1.0,3.0,1.0,1.0,1.0,1.0,1.0,3.0,1.0,1.0
7439,1.0,1.0,1.0,3.0,1.0,1.0,1.0,1.0,1.0,3.0,1.0,1.0
7440,1.0,1.0,1.0,3.0,1.0,1.0,1.0,1.0,1.0,5.0,2.0,1.0
7441,1.0,1.0,1.0,3.0,1.0,1.0,1.0,1.0,1.0,3.0,1.0,1.0
7442,1.0,1.0,1.0,3.0,1.0,1.0,1.0,1.0,1.0,5.0,2.0,1.0
7443,1.0,1.0,1.0,3.0,1.0,1.0,1.0,1.0,1.0,3.0,1.0,1.0
7444,1.0,1.0,1.0,3.0,1.0,1.0,1.0,1.0,1.0,4.0,1.0,1.0
7445,1.0,1.0,1.0,3.0,1.0,1.0,1.0,1.0,1.0,4.0,1.0,1.0
7446,1.0,1.0,1.0,3.0,1.0,1.0,1.0,1.0,1.0,4.0,1.0,1.0
7447,1.0,1.0,1.0,3.0,1.0,1.0,1.0,1.0,1.0,4.0,1.0,1.0
7448,1.0,1.0,1.0,3.0,1.0,1.0,1.0,1.0,1.0,4.0,1.0,1.0
7449,1.0,1.0,1.0,3.0,1.0,1.0,1.0,1.0,1.0,3.0,1.0,1.0
7450,1.0,1.0,1.0,3.0,1.0,1.0,1.0,1.0,1.0,3.0,1.0,1.0
7451,1.0,1.0,1.0,3.0,1.0,1.0,1.0,1.0,1.0,4.0,1.0,1.0
7452,1.0,1.0,1.0,3.0,1.0,1.0,1.0,1.0,1.0,3.0,1.0,1.0
7453,1.0,1.0,1.0,3.0,1.0,1.0,1.0,1.0,1.0,3.0,1.0,1.0
7454,1.0,1.0,1.0,3.0,1.0,1.0,1.0,1.0,1.0,3.0,1.0,1.0
7455,1.0,1.0,1.0,3.0,1.0,1.0,1.0,1.0,1.0,3.0,1.0,1.0
7456,1.0,1.0,1.0,3.0,1.0,1.0,1.0,1.0,1.0,3.0,1.0,1.0
7457,1.0,1.0,1.0,3.0,1.0,1.0,1.0,1.0,1.0,4.0,1.0,1.0
7458,1.0,1.0,1.0,3.0,1.0,1.0,1.0,1.0,1.0,3.0,1.0,1.0
7459,1.0,1.0,1.0,3.0,1.0,1.0,1.0,1.0,1.0,3.0,1.0,1.0
7460,1.0,1.0,1.0,3.0,1.0,1.0,1.0,1.0,1.0,3.0,1.0,1.0
7461,1.0,1.0,1.0,3.0,1.0,1.0,1.0,1.0,1.0,3.0,1.0,1.0
7462,1.0,1.0,1.0,3.0,1.0,1.0,1.0,1.0,1.0,3.0,1.0,1.0
7463,1.0,1.0,1.0,3.0,1.0,1.0,1.0,1.0,1.0,3.0,1.0,1.0
7464,1.0,1.0,1.0,3.0,1.0,1.0,1.0,1.0,1.0,3.0,1.0,1.0
7465,1.0,1.0,1.0,3.0,1.0,1.0,1.0,1.0,1.0,5.0,2.0,1.0
7466,1.0,1.0,1.0,3.0,1.0,1.0,1.0,1.0,1.0,4.0,1.0,1.0
7467,1.0,1.0,1.0,3.0,1.0,1.0,1.0,1.0,1.0,3.0,1.0,1.0
7468,1.0,1.0,1.0,3.0,1.0,1.0,1.0,1.0,1.0,4.0,1.0,1.0
7469,1.0,1.0,1.0,3.0,1.0,1.0,1.0,1.0,1.0,4.0,1.0,1.0
7470,1.0,1.0,1.0,3.0,1.0,1.0,1.0,1.0,1.0,3.0,1.0,1.0
7471,1.0,1.0,1.0,3.0,1.0,1.0,1.0,1.0,1.0,3.0,1.0,1.0
7472,1.0,1.0,1.0,3.0,1.0,1.0,1.0,1.0,1.0,3.0,1.0,1.0
7473,1.0,1.0,1.0,3.0,1.0,1.0,1.0,1.0,1.0,5.0,2.0,1.0
7474,1.0,1.0,1.0,3.0,1.0,1.0,1.0,1.0,1.0,4.0,1.0,1.0
7475,1.0,1.0,1.0,3.0,1.0,1.0,1.0,1.0,1.0,5.0,2.0,1.0
7476,1.0,1.0,1.0,3.0,1.0,1.0,1.0,1.0,1.0,3.0,1.0,1.0
7477,1.0,1.0,1.0,3.0,1.0,1.0,1.0,1.0,1.0,4.0,1.0,1.0
7478,1.0,1.0,1.0,3.0,1.0,1.0,1.0,1.0,1.0,3.0,1.0,1.0
7479,1.0,1.0,1.0,3.0,1.0,1.0,1.0,1.0,1.0,5.0,2.0,1.0
7480,1.0,1.0,1.0,3.0,1.0,1.0,1.0,1.0,1.0,4.0,1.0,1.0
7481,1.0,1.0,1.0,3.0,1.0,1.0,1.0,1.0,1.0,3.0,1.0,1.0
7482,1.0,1.0,1.0,3.0,1.0,1.0,1.0,1.0,1.0,4.0,1.0,1.0
7483,1.0,1.0,1.0,3.0,1.0,1.0,1.0,1.0,1.0,4.0,1.0,1.0
7484,1.0,1.0,1.0,3.0,1.0,1.0,1.0,1.0,1.0,4.0,1.0,1.0
7485,1.0,1.0,1.0,3.0,1.0,1.0,1.0,1.0,1.0,3.0,1.0,1.0
7486,1.0,1.0,1.0,3.0,1.0,1.0,1.0,1.0,1.0,3.0,1.0,1.0
7487,1.0,1.0,1.0,3.0,1.0,1.0,1.0,1.0,1.0,3.0,1.0,1.0
7488,1.0,1.0,1.0,3.0,1.0,1.0,1.0,1.0,1.0,3.0,1.0,1.0
7489,1.0,1.0,1.0,3.0,1.0,1.0,1.0,1.0,1.0,3.0,1.0,1.0
7490,1.0,1.0,1.0,3.0,1.0,1.0,1.0,1.0,1.0,5.0,2.0,1.0
7491,1.0,1.0,1.0,3.0,1.0,1.0,1.0,1.0,1.0,5.0,2.0,1.0
7492,1.0,1.0,1.0,3.0,1.0,1.0,1.0,1.0,1.0,4.0,1.0,1.0
7493,1.0,1.0,1.0,3.0,1.0,1.0,1.0,1.0,1.0,5.0,2.0,1.0
7494,1.0,1.0,1.0,3.0,1.0,1.0,1.0,1.0,1.0,5.0,2.0,1.0
7495,1.0,1.0,1.0,3.0,1.0,1.0,1.0,1.0,1.0,4.0,1.0,1.0
7496,1.0,1.0,1.0,3.0,1.0,1.0,1.0,1.0,1.0,3.0,1.0,1.0
7497,1.0,1.0,1.0,3.0,1.0,1.0,1.0,1.0,1.0,5.0,2.0,1.0
7498,1.0,1.0,1.0,3.0,1.0,1.0,1.0,1.0,1.0,4.0,1.0,1.0
7499,1.0,1.0,1.0,3.0,1.0,1.0,1.0,1.0,1.0,4.0,1.0,1.0
7500,1.0,1.0,1.0,3.0,1.0,1.0,1.0,1.0,1.0,4.0,1.0,1.0
7501,1.0,1.0,1.0,3.0,1.0,1.0,1.0,1.0,1.0,5.0,2.0,1.0
7502,1.0,1.0,1.0,3.0,1.0,1.0,1.0,1.0,1.0,3.0,1.0,1.0
7503,1.0,1.0,1.0,3.0,1.0,1.0,1.0,1.0,1.0,5.0,2.0,1.0
7504,1.0,1.0,1.0,3.0,1.0,1.0,1.0,1.0,1.0,3.0,1.0,1.0
7505,1.0,1.0,1.0,3.0,1.0,1.0,1.0,1.0,1.0,3.0,1.0,1.0
7506,1.0,1.0,1.0,3.0,1.0,1.0,1.0,1.0,1.0,5.0,2.0,1.0
7507,1.0,1.0,1.0,3.0,1.0,1.0,1.0,1.0,1.0,4.0,1.0,1.0
7508,1.0,1.0,1.0,3.0,1.0,1.0,1.0,1.0,1.0,3.0,1.0,1.0
7509,1.0,1.0,1.0,3.0,1.0,1.0,1.0,1.0,1.0,3.0,1.0,1.0
7510,1.0,1.0,1.0,3.0,1.0,1.0,1.0,1.0,1.0,5.0,2.0,1.0
7511,1.0,1.0,1.0,3.0,1.0,1.0,1.0,1.0,1.0,5.0,2.0,1.0
7512,1.0,1.0,1.0,3.0,1.0,1.0,1.0,1.0,1.0,3.0,1.0,1.0
7513,1.0,1.0,1.0,3.0,1.0,1.0,1.0,1.0,1.0,4.0,1.0,1.0
7514,1.0,1.0,1.0,3.0,1.0,1.0,1.0,1.0,1.0,4.0,1.0,1.0
7515,1.0,1.0,1.0,3.0,1.0,1.0,1.0,1.0,1.0,3.0,1.0,1.0
7516,1.0,1.0,1.0,3.0,1.0,1.0,1.0,1.0,1.0,3.0,1.0,1.0
7517,1.0,1.0,1.0,3.0,1.0,1.0,1.0,1.0,1.0,3.0,1.0,1.0
7518,1.0,1.0,1.0,3.0,1.0,1.0,1.0,1.0,1.0,5.0,2.0,1.0
7519,1.0,1.0,1.0,3.0,1.0,1.0,1.0,1.0,1.0,5.0,2.0,1.0
7520,1.0,1.0,1.0,3.0,1.0,1.0,1.0,1.0,1.0,3.0,1.0,1.0
7521,1.0,1.0,1.0,3.0,1.0,1.0,1.0,1.0,1.0,5.0,2.0,1.0
7522,1.0,1.0,1.0,3.0,1.0,1.0,1.0,1.0,1.0,4.0,1.0,1.0
7523,1.0,1.0,1.0,3.0,1.0,1.0,1.0,1.0,1.0,3.0,1.0,1.0
7524,1.0,1.0,1.0,3.0,1.0,1.0,1.0,1.0,1.0,3.0,1.0,1.0
7525,1.0,1.0,1.0,3.0,1.0,1.0,1.0,1.0,1.0,5.0,2.0,1.0
7526,1.0,1.0,1.0,3.0,1.0,1.0,1.0,1.0,1.0,3.0,1.0,1.0
7527,1.0,1.0,1.0,3.0,1.0,1.0,1.0,1.0,1.0,3.0,1.0,1.0
7528,1.0,1.0,1.0,3.0,1.0,1.0,1.0,1.0,1.0,3.0,1.0,1.0
7529,1.0,1.0,1.0,3.0,1.0,1.0,1.0,1.0,1.0,5.0,2.0,1.0
7530,1.0,1.0,1.0,3.0,1.0,1.0,1.0,1.0,1.0,3.0,1.0,1.0
7531,1.0,1.0,1.0,3.0,1.0,1.0,1.0,1.0,1.0,3.0,1.0,1.0
7532,1.0,1.0,1.0,3.0,1.0,1.0,1.0,1.0,1.0,3.0,1.0,1.0
7533,1.0,1.0,1.0,3.0,1.0,1.0,1.0,1.0,1.0,4.0,1.0,1.0
7534,1.0,1.0,1.0,3.0,1.0,1.0,1.0,1.0,1.0,3.0,1.0,1.0
7535,1.0,1.0,1.0,3.0,1.0,1.0,1.0,1.0,1.0,4.0,1.0,1.0
7536,1.0,1.0,1.0,3.0,1.0,1.0,1.0,1.0,1.0,5.0,2.0,1.0
7537,1.0,1.0,1.0,3.0,1.0,1.0,1.0,1.0,1.0,3.0,1.0,1.0
7538,1.0,1.0,1.0,3.0,1.0,1.0,1.0,1.0,1.0,3.0,1.0,1.0
7539,1.0,1.0,1.0,3.0,1.0,1.0,1.0,1.0,1.0,3.0,1.0,1.0
7540,1.0,1.0,1.0,3.0,1.0,1.0,1.0,1.0,1.0,5.0,2.0,1.0
7541,1.0,1.0,1.0,3.0,1.0,1.0,1.0,1.0,1.0,4.0,1.0,1.0
7542,1.0,1.0,1.0,3.0,1.0,1.0,1.0,1.0,1.0,3.0,1.0,1.0
7543,1.0,1.0,1.0,3.0,1.0,1.0,1.0,1.0,1.0,3.0,1.0,1.0
7544,1.0,1.0,1.0,3.0,1.0,1.0,1.0,1.0,1.0,4.0,1.0,1.0
7545,1.0,1.0,1.0,3.0,1.0,1.0,1.0,1.0,1.0,3.0,1.0,1.0
7546,1.0,1.0,1.0,3.0,1.0,1.0,1.0,1.0,1.0,4.0,1.0,1.0
7547,1.0,1.0,1.0,3.0,1.0,1.0,1.0,1.0,1.0,5.0,2.0,1.0
7548,1.0,1.0,1.0,3.0,1.0,1.0,1.0,1.0,1.0,3.0,1.0,1.0
7549,1.0,1.0,1.0,3.0,1.0,1.0,1.0,1.0,1.0,4.0,1.0,1.0
7550,1.0,1.0,1.0,3.0,1.0,1.0,1.0,1.0,1.0,3.0,1.0,1.0
7551,1.0,1.0,1.0,3.0,1.0,1.0,1.0,1.0,1.0,3.0,1.0,1.0
7552,1.0,1.0,1.0,3.0,1.0,1.0,1.0,1.0,1.0,5.0,2.0,1.0
7553,1.0,1.0,1.0,3.0,1.0,1.0,1.0,1.0,1.0,3.0,1.0,1.0
7554,1.0,1.0,1.0,3.0,1.0,1.0,1.0,1.0,1.0,5.0,2.0,1.0
7555,1.0,1.0,1.0,3.0,1.0,1.0,1.0,1.0,1.0,3.0,1.0,1.0
7556,1.0,1.0,1.0,3.0,1.0,1.0,1.0,1.0,1.0,3.0,1.0,1.0
7557,1.0,1.0,1.0,3.0,1.0,1.0,1.0,1.0,1.0,5.0,2.0,1.0
7558,1.0,1.0,1.0,3.0,1.0,1.0,1.0,1.0,1.0,3.0,1.0,1.0
7559,1.0,1.0,1.0,3.0,1.0,1.0,1.0,1.0,1.0,3.0,1.0,1.0
7560,1.0,1.0,1.0,3.0,1.0,1.0,1.0,1.0,1.0,4.0,1.0,1.0
7561,1.0,1.0,1.0,3.0,1.0,1.0,1.0,1.0,1.0,3.0,1.0,1.0
7562,1.0,1.0,1.0,3.0,1.0,1.0,1.0,1.0,1.0,5.0,2.0,1.0
7563,1.0,1.0,1.0,3.0,1.0,1.0,1.0,1.0,1.0,3.0,1.0,1.0
7564,1.0,1.0,1.0,3.0,1.0,1.0,1.0,1.0,1.0,3.0,1.0,1.0
7565,1.0,1.0,1.0,3.0,1.0,1.0,1.0,1.0,1.0,3.0,1.0,1.0
7566,1.0,1.0,1.0,3.0,1.0,1.0,1.0,1.0,1.0,3.0,1.0,1.0
7567,1.0,1.0,1.0,3.0,1.0,1.0,1.0,1.0,1.0,4.0,1.0,1.0
7568,1.0,1.0,1.0,3.0,1.0,1.0,1.0,1.0,1.0,3.0,1.0,1.0
7569,1.0,1.0,1.0,3.0,1.0,1.0,1.0,1.0,1.0,5.0,2.0,1.0
7570,1.0,1.0,1.0,3.0,1.0,1.0,1.0,1.0,1.0,3.0,1.0,1.0
7571,1.0,1.0,1.0,3.0,1.0,1.0,1.0,1.0,1.0,3.0,1.0,1.0
7572,1.0,1.0,1.0,3.0,1.0,1.0,1.0,1.0,1.0,5.0,2.0,1.0
7573,1.0,1.0,1.0,3.0,1.0,1.0,1.0,1.0,1.0,3.0,1.0,1.0
7574,1.0,1.0,1.0,3.0,1.0,1.0,1.0,1.0,1.0,4.0,1.0,1.0
7575,1.0,1.0,1.0,3.0,1.0,1.0,1.0,1.0,1.0,5.0,2.0,1.0
7576,1.0,1.0,1.0,3.0,1.0,1.0,1.0,1.0,1.0,4.0,1.0,1.0
7577,1.0,1.0,1.0,3.0,1.0,1.0,1.0,1.0,1.0,5.0,2.0,1.0
7578,1.0,1.0,1.0,3.0,1.0,1.0,1.0,1.0,1.0,4.0,1.0,1.0
7579,1.0,1.0,1.0,3.0,1.0,1.0,1.0,1.0,1.0,4.0,1.0,1.0
7580,1.0,1.0,1.0,3.0,1.0,1.0,1.0,1.0,1.0,3.0,1.0,1.0
7581,1.0,1.0,1.0,3.0,1.0,1.0,1.0,1.0,1.0,3.0,1.0,1.0
7582,1.0,1.0,1.0,3.0,1.0,1.0,1.0,1.0,1.0,5.0,2.0,1.0
7583,1.0,1.0,1.0,3.0,1.0,1.0,1.0,1.0,1.0,5.0,2.0,1.0
7584,1.0,1.0,1.0,3.0,1.0,1.0,1.0,1.0,1.0,5.0,2.0,1.0
7585,1.0,1.0,1.0,3.0,1.0,1.0,1.0,1.0,1.0,3.0,1.0,1.0
7586,1.0,1.0,1.0,3.0,1.0,1.0,1.0,1.0,1.0,5.0,2.0,1.0
7587,1.0,1.0,1.0,3.0,1.0,1.0,1.0,1.0,1.0,3.0,1.0,1.0
7588,1.0,1.0,1.0,3.0,1.0,1.0,1.0,1.0,1.0,3.0,1.0,1.0
7589,1.0,1.0,1.0,3.0,1.0,1.0,1.0,1.0,1.0,4.0,1.0,1.0
7590,1.0,1.0,1.0,3.0,1.0,1.0,1.0,1.0,1.0,5.0,2.0,1.0
7591,1.0,1.0,1.0,3.0,1.0,1.0,1.0,1.0,1.0,5.0,2.0,1.0
7592,1.0,1.0,1.0,3.0,1.0,1.0,1.0,1.0,1.0,3.0,1.0,1.0
7593,1.0,1.0,1.0,3.0,1.0,1.0,1.0,1.0,1.0,3.0,1.0,1.0
7594,1.0,1.0,1.0,3.0,1.0,1.0,1.0,1.0,1.0,5.0,2.0,1.0
7595,1.0,1.0,1.0,3.0,1.0,1.0,1.0,1.0,1.0,4.0,1.0,1.0
7596,1.0,1.0,1.0,3.0,1.0,1.0,1.0,1.0,1.0,4.0,1.0,1.0
7597,1.0,1.0,1.0,3.0,1.0,1.0,1.0,1.0,1.0,4.0,1.0,1.0
7598,1.0,1.0,1.0,3.0,1.0,1.0,1.0,1.0,1.0,4.0,1.0,1.0
7599,1.0,1.0,1.0,3.0,1.0,1.0,1.0,1.0,1.0,4.0,1.0,1.0
7600,1.0,1.0,1.0,3.0,1.0,1.0,1.0,1.0,1.0,3.0,1.0,1.0
7601,1.0,1.0,1.0,3.0,1.0,1.0,1.0,1.0,1.0,3.0,1.0,1.0
7602,1.0,1.0,1.0,3.0,1.0,1.0,1.0,1.0,1.0,3.0,1.0,1.0
7603,1.0,1.0,1.0,3.0,1.0,1.0,1.0,1.0,1.0,3.0,1.0,1.0
7604,1.0,1.0,1.0,3.0,1.0,1.0,1.0,1.0,1.0,5.0,2.0,1.0
7605,1.0,1.0,1.0,3.0,1.0,1.0,1.0,1.0,1.0,3.0,1.0,1.0
7606,1.0,1.0,1.0,3.0,1.0,1.0,1.0,1.0,1.0,4.0,1.0,1.0
7607,1.0,1.0,1.0,3.0,1.0,1.0,1.0,1.0,1.0,3.0,1.0,1.0
7608,1.0,1.0,1.0,3.0,1.0,1.0,1.0,1.0,1.0,5.0,2.0,1.0
7609,1.0,1.0,1.0,3.0,1.0,1.0,1.0,1.0,1.0,4.0,1.0,1.0
7610,1.0,1.0,1.0,3.0,1.0,1.0,1.0,1.0,1.0,5.0,2.0,1.0
7611,1.0,1.0,1.0,3.0,1.0,1.0,1.0,1.0,1.0,5.0,2.0,1.0
7612,1.0,1.0,1.0,3.0,1.0,1.0,1.0,1.0,1.0,5.0,2.0,1.0
7613,1.0,1.0,1.0,3.0,1.0,1.0,1.0,1.0,1.0,4.0,1.0,1.0
7614,1.0,1.0,1.0,3.0,1.0,1.0,1.0,1.0,1.0,4.0,1.0,1.0
7615,1.0,1.0,1.0,3.0,1.0,1.0,1.0,1.0,1.0,3.0,1.0,1.0
7616,1.0,1.0,1.0,3.0,1.0,1.0,1.0,1.0,1.0,3.0,1.0,1.0
7617,1.0,1.0,1.0,3.0,1.0,1.0,1.0,1.0,1.0,3.0,1.0,1.0
7618,1.0,1.0,1.0,3.0,1.0,1.0,1.0,1.0,1.0,3.0,1.0,1.0
7619,1.0,1.0,1.0,3.0,1.0,1.0,1.0,1.0,1.0,3.0,1.0,1.0
7620,1.0,1.0,1.0,3.0,1.0,1.0,1.0,1.0,1.0,3.0,1.0,1.0
7621,1.0,1.0,1.0,3.0,1.0,1.0,1.0,1.0,1.0,5.0,2.0,1.0
7622,1.0,1.0,1.0,3.0,1.0,1.0,1.0,1.0,1.0,5.0,2.0,1.0
7623,1.0,1.0,1.0,3.0,1.0,1.0,1.0,1.0,1.0,3.0,1.0,1.0
7624,1.0,1.0,1.0,3.0,1.0,1.0,1.0,1.0,1.0,5.0,2.0,1.0
7625,1.0,1.0,1.0,3.0,1.0,1.0,1.0,1.0,1.0,4.0,1.0,1.0
7626,1.0,1.0,1.0,3.0,1.0,1.0,1.0,1.0,1.0,5.0,2.0,1.0
7627,1.0,1.0,1.0,3.0,1.0,1.0,1.0,1.0,1.0,3.0,1.0,1.0
7628,1.0,1.0,1.0,3.0,1.0,1.0,1.0,1.0,1.0,4.0,1.0,1.0
7629,1.0,1.0,1.0,3.0,1.0,1.0,1.0,1.0,1.0,3.0,1.0,1.0
7630,1.0,1.0,1.0,3.0,1.0,1.0,1.0,1.0,1.0,4.0,1.0,1.0
7631,1.0,1.0,1.0,3.0,1.0,1.0,1.0,1.0,1.0,3.0,1.0,1.0
7632,1.0,1.0,1.0,3.0,1.0,1.0,1.0,1.0,1.0,3.0,1.0,1.0
7633,1.0,1.0,1.0,3.0,1.0,1.0,1.0,1.0,1.0,4.0,1.0,1.0
7634,1.0,1.0,1.0,3.0,1.0,1.0,1.0,1.0,1.0,3.0,1.0,1.0
7635,1.0,1.0,1.0,3.0,1.0,1.0,1.0,1.0,1.0,3.0,1.0,1.0
7636,1.0,1.0,1.0,3.0,1.0,1.0,1.0,1.0,1.0,5.0,2.0,1.0
7637,1.0,1.0,1.0,3.0,1.0,1.0,1.0,1.0,1.0,5.0,2.0,1.0
7638,1.0,1.0,1.0,3.0,1.0,1.0,1.0,1.0,1.0,5.0,2.0,1.0
7639,1.0,1.0,1.0,3.0,1.0,1.0,1.0,1.0,1.0,4.0,1.0,1.0
7640,1.0,1.0,1.0,3.0,1.0,1.0,1.0,1.0,1.0,3.0,1.0,1.0
7641,1.0,1.0,1.0,3.0,1.0,1.0,1.0,1.0,1.0,5.0,2.0,1.0
7642,1.0,1.0,1.0,3.0,1.0,1.0,1.0,1.0,1.0,4.0,1.0,1.0
7643,1.0,1.0,1.0,3.0,1.0,1.0,1.0,1.0,1.0,4.0,1.0,1.0
7644,1.0,1.0,1.0,3.0,1.0,1.0,1.0,1.0,1.0,4.0,1.0,1.0
7645,1.0,1.0,1.0,3.0,1.0,1.0,1.0,1.0,1.0,4.0,1.0,1.0
7646,1.0,1.0,1.0,3.0,1.0,1.0,1.0,1.0,1.0,3.0,1.0,1.0
7647,1.0,1.0,1.0,3.0,1.0,1.0,1.0,1.0,1.0,3.0,1.0,1.0
7648,1.0,1.0,1.0,3.0,1.0,1.0,1.0,1.0,1.0,4.0,1.0,1.0
7649,1.0,1.0,1.0,3.0,1.0,1.0,1.0,1.0,1.0,5.0,2.0,1.0
7650,1.0,1.0,1.0,3.0,1.0,1.0,1.0,1.0,1.0,3.0,1.0,1.0
7651,1.0,1.0,1.0,3.0,1.0,1.0,1.0,1.0,1.0,5.0,2.0,1.0
7652,1.0,1.0,1.0,3.0,1.0,1.0,1.0,1.0,1.0,3.0,1.0,1.0
7653,1.0,1.0,1.0,3.0,1.0,1.0,1.0,1.0,1.0,3.0,1.0,1.0
7654,1.0,1.0,1.0,3.0,1.0,1.0,1.0,1.0,1.0,4.0,1.0,1.0
7655,1.0,1.0,1.0,3.0,1.0,1.0,1.0,1.0,1.0,3.0,1.0,1.0
7656,1.0,1.0,1.0,3.0,1.0,1.0,1.0,1.0,1.0,5.0,2.0,1.0
7657,1.0,1.0,1.0,3.0,1.0,1.0,1.0,1.0,1.0,3.0,1.0,1.0
7658,1.0,1.0,1.0,3.0,1.0,1.0,1.0,1.0,1.0,4.0,1.0,1.0
7659,1.0,1.0,1.0,3.0,1.0,1.0,1.0,1.0,1.0,3.0,1.0,1.0
7660,1.0,1.0,1.0,3.0,1.0,1.0,1.0,1.0,1.0,4.0,1.0,1.0
7661,1.0,1.0,1.0,3.0,1.0,1.0,1.0,1.0,1.0,3.0,1.0,1.0
7662,1.0,1.0,1.0,3.0,1.0,1.0,1.0,1.0,1.0,3.0,1.0,1.0
7663,1.0,1.0,1.0,3.0,1.0,1.0,1.0,1.0,1.0,5.0,2.0,1.0
7664,1.0,1.0,1.0,3.0,1.0,1.0,1.0,1.0,1.0,3.0,1.0,1.0
7665,1.0,1.0,1.0,3.0,1.0,1.0,1.0,1.0,1.0,3.0,1.0,1.0
7666,1.0,1.0,1.0,3.0,1.0,1.0,1.0,1.0,1.0,3.0,1.0,1.0
7667,1.0,1.0,1.0,3.0,1.0,1.0,1.0,1.0,1.0,4.0,1.0,1.0
7668,1.0,1.0,1.0,3.0,1.0,1.0,1.0,1.0,1.0,5.0,2.0,1.0
7669,1.0,1.0,1.0,3.0,1.0,1.0,1.0,1.0,1.0,3.0,1.0,1.0
7670,1.0,1.0,1.0,3.0,1.0,1.0,1.0,1.0,1.0,3.0,1.0,1.0
7671,1.0,1.0,1.0,3.0,1.0,1.0,1.0,1.0,1.0,3.0,1.0,1.0
7672,1.0,1.0,1.0,3.0,1.0,1.0,1.0,1.0,1.0,5.0,2.0,1.0
7673,1.0,1.0,1.0,3.0,1.0,1.0,1.0,1.0,1.0,3.0,1.0,1.0
7674,1.0,1.0,1.0,3.0,1.0,1.0,1.0,1.0,1.0,5.0,2.0,1.0
7675,1.0,1.0,1.0,3.0,1.0,1.0,1.0,1.0,1.0,3.0,1.0,1.0
7676,1.0,1.0,1.0,3.0,1.0,1.0,1.0,1.0,1.0,5.0,2.0,1.0
7677,1.0,1.0,1.0,3.0,1.0,1.0,1.0,1.0,1.0,3.0,1.0,1.0
7678,1.0,1.0,1.0,3.0,1.0,1.0,1.0,1.0,1.0,3.0,1.0,1.0
7679,1.0,1.0,1.0,3.0,1.0,1.0,1.0,1.0,1.0,4.0,1.0,1.0
7680,1.0,1.0,1.0,3.0,1.0,1.0,1.0,1.0,1.0,4.0,1.0,1.0
7681,1.0,1.0,1.0,3.0,1.0,1.0,1.0,1.0,1.0,3.0,1.0,1.0
7682,1.0,1.0,1.0,3.0,1.0,1.0,1.0,1.0,1.0,3.0,1.0,1.0
7683,1.0,1.0,1.0,3.0,1.0,1.0,1.0,1.0,1.0,3.0,1.0,1.0
7684,1.0,1.0,1.0,3.0,1.0,1.0,1.0,1.0,1.0,3.0,1.0,1.0
7685,1.0,1.0,1.0,3.0,1.0,1.0,1.0,1.0,1.0,5.0,2.0,1.0
7686,1.0,1.0,1.0,3.0,1.0,1.0,1.0,1.0,1.0,4.0,1.0,1.0
7687,1.0,1.0,1.0,3.0,1.0,1.0,1.0,1.0,1.0,5.0,2.0,1.0
7688,1.0,1.0,1.0,3.0,1.0,1.0,1.0,1.0,1.0,5.0,2.0,1.0
7689,1.0,1.0,1.0,3.0,1.0,1.0,1.0,1.0,1.0,3.0,1.0,1.0
7690,1.0,1.0,1.0,3.0,1.0,1.0,1.0,1.0,1.0,3.0,1.0,1.0
7691,1.0,1.0,1.0,3.0,1.0,1.0,1.0,1.0,1.0,3.0,1.0,1.0
7692,1.0,1.0,1.0,3.0,1.0,1.0,1.0,1.0,1.0,3.0,1.0,1.0
7693,1.0,1.0,1.0,3.0,1.0,1.0,1.0,1.0,1.0,3.0,1.0,1.0
7694,1.0,1.0,1.0,3.0,1.0,1.0,1.0,1.0,1.0,3.0,1.0,1.0
7695,1.0,1.0,1.0,3.0,1.0,1.0,1.0,1.0,1.0,3.0,1.0,1.0
7696,1.0,1.0,1.0,3.0,1.0,1.0,1.0,1.0,1.0,5.0,2.0,1.0
7697,1.0,1.0,1.0,3.0,1.0,1.0,1.0,1.0,1.0,3.0,1.0,1.0
7698,1.0,1.0,1.0,3.0,1.0,1.0,1.0,1.0,1.0,3.0,1.0,1.0
7699,1.0,1.0,1.0,3.0,1.0,1.0,1.0,1.0,1.0,3.0,1.0,1.0
7700,1.0,1.0,1.0,3.0,1.0,1.0,1.0,1.0,1.0,4.0,1.0,1.0
7701,1.0,1.0,1.0,3.0,1.0,1.0,1.0,1.0,1.0,3.0,1.0,1.0
7702,1.0,1.0,1.0,3.0,1.0,1.0,1.0,1.0,1.0,3.0,1.0,1.0
7703,1.0,1.0,1.0,3.0,1.0,1.0,1.0,1.0,1.0,3.0,1.0,1.0
7704,1.0,1.0,1.0,3.0,1.0,1.0,1.0,1.0,1.0,4.0,1.0,1.0
7705,1.0,1.0,1.0,3.0,1.0,1.0,1.0,1.0,1.0,3.0,1.0,1.0
7706,1.0,1.0,1.0,3.0,1.0,1.0,1.0,1.0,1.0,4.0,1.0,1.0
7707,1.0,1.0,1.0,3.0,1.0,1.0,1.0,1.0,1.0,3.0,1.0,1.0
7708,1.0,1.0,1.0,3.0,1.0,1.0,1.0,1.0,1.0,3.0,1.0,1.0
7709,1.0,1.0,1.0,3.0,1.0,1.0,1.0,1.0,1.0,3.0,1.0,1.0
7710,1.0,1.0,1.0,3.0,1.0,1.0,1.0,1.0,1.0,5.0,2.0,1.0
7711,1.0,1.0,1.0,3.0,1.0,1.0,1.0,1.0,1.0,5.0,2.0,1.0
7712,1.0,1.0,1.0,3.0,1.0,1.0,1.0,1.0,1.0,3.0,1.0,1.0
7713,1.0,1.0,1.0,3.0,1.0,1.0,1.0,1.0,1.0,3.0,1.0,1.0
7714,1.0,1.0,1.0,3.0,1.0,1.0,1.0,1.0,1.0,5.0,2.0,1.0
7715,1.0,1.0,1.0,3.0,1.0,1.0,1.0,1.0,1.0,5.0,2.0,1.0
7716,1.0,1.0,1.0,3.0,1.0,1.0,1.0,1.0,1.0,5.0,2.0,1.0
7717,1.0,1.0,1.0,3.0,1.0,1.0,1.0,1.0,1.0,4.0,1.0,1.0
7718,1.0,1.0,1.0,3.0,1.0,1.0,1.0,1.0,1.0,3.0,1.0,1.0
7719,1.0,1.0,1.0,3.0,1.0,1.0,1.0,1.0,1.0,3.0,1.0,1.0
7720,1.0,1.0,1.0,3.0,1.0,1.0,1.0,1.0,1.0,4.0,1.0,1.0
7721,1.0,1.0,1.0,3.0,1.0,1.0,1.0,1.0,1.0,3.0,1.0,1.0
7722,1.0,1.0,1.0,3.0,1.0,1.0,1.0,1.0,1.0,3.0,1.0,1.0
7723,1.0,1.0,1.0,3.0,1.0,1.0,1.0,1.0,1.0,4.0,1.0,1.0
7724,1.0,1.0,1.0,3.0,1.0,1.0,1.0,1.0,1.0,3.0,1.0,1.0
7725,1.0,1.0,1.0,3.0,1.0,1.0,1.0,1.0,1.0,5.0,2.0,1.0
7726,1.0,1.0,1.0,3.0,1.0,1.0,1.0,1.0,1.0,3.0,1.0,1.0
7727,1.0,1.0,1.0,3.0,1.0,1.0,1.0,1.0,1.0,3.0,1.0,1.0
7728,1.0,1.0,1.0,3.0,1.0,1.0,1.0,1.0,1.0,5.0,2.0,1.0
7729,1.0,1.0,1.0,3.0,1.0,1.0,1.0,1.0,1.0,3.0,1.0,1.0
7730,1.0,1.0,1.0,3.0,1.0,1.0,1.0,1.0,1.0,4.0,1.0,1.0
7731,1.0,1.0,1.0,3.0,1.0,1.0,1.0,1.0,1.0,4.0,1.0,1.0
7732,1.0,1.0,1.0,3.0,1.0,1.0,1.0,1.0,1.0,3.0,1.0,1.0
7733,1.0,1.0,1.0,3.0,1.0,1.0,1.0,1.0,1.0,5.0,2.0,1.0
7734,1.0,1.0,1.0,3.0,1.0,1.0,1.0,1.0,1.0,3.0,1.0,1.0
7735,1.0,1.0,1.0,3.0,1.0,1.0,1.0,1.0,1.0,3.0,1.0,1.0
7736,1.0,1.0,1.0,3.0,1.0,1.0,1.0,1.0,1.0,5.0,2.0,1.0
7737,1.0,1.0,1.0,3.0,1.0,1.0,1.0,1.0,1.0,5.0,2.0,1.0
7738,1.0,1.0,1.0,3.0,1.0,1.0,1.0,1.0,1.0,4.0,1.0,1.0
7739,1.0,1.0,1.0,3.0,1.0,1.0,1.0,1.0,1.0,3.0,1.0,1.0
7740,1.0,1.0,1.0,3.0,1.0,1.0,1.0,1.0,1.0,3.0,1.0,1.0
7741,1.0,1.0,1.0,3.0,1.0,1.0,1.0,1.0,1.0,3.0,1.0,1.0
7742,1.0,1.0,1.0,3.0,1.0,1.0,1.0,1.0,1.0,3.0,1.0,1.0
7743,1.0,1.0,1.0,3.0,1.0,1.0,1.0,1.0,1.0,4.0,1.0,1.0
7744,1.0,1.0,1.0,3.0,1.0,1.0,1.0,1.0,1.0,5.0,2.0,1.0
7745,1.0,1.0,1.0,3.0,1.0,1.0,1.0,1.0,1.0,3.0,1.0,1.0
7746,1.0,1.0,1.0,3.0,1.0,1.0,1.0,1.0,1.0,4.0,1.0,1.0
7747,1.0,1.0,1.0,3.0,1.0,1.0,1.0,1.0,1.0,3.0,1.0,1.0
7748,1.0,1.0,1.0,3.0,1.0,1.0,1.0,1.0,1.0,4.0,1.0,1.0
7749,1.0,1.0,1.0,3.0,1.0,1.0,1.0,1.0,1.0,5.0,2.0,1.0
7750,1.0,1.0,1.0,3.0,1.0,1.0,1.0,1.0,1.0,3.0,1.0,1.0
7751,1.0,1.0,1.0,3.0,1.0,1.0,1.0,1.0,1.0,3.0,1.0,1.0
7752,1.0,1.0,1.0,3.0,1.0,1.0,1.0,1.0,1.0,4.0,1.0,1.0
7753,1.0,1.0,1.0,3.0,1.0,1.0,1.0,1.0,1.0,3.0,1.0,1.0
7754,1.0,1.0,1.0,3.0,1.0,1.0,1.0,1.0,1.0,3.0,1.0,1.0
7755,1.0,1.0,1.0,3.0,1.0,1.0,1.0,1.0,1.0,5.0,2.0,1.0
7756,1.0,1.0,1.0,3.0,1.0,1.0,1.0,1.0,1.0,4.0,1.0,1.0
7757,1.0,1.0,1.0,3.0,1.0,1.0,1.0,1.0,1.0,5.0,2.0,1.0
7758,1.0,1.0,1.0,3.0,1.0,1.0,1.0,1.0,1.0,4.0,1.0,1.0
7759,1.0,1.0,1.0,3.0,1.0,1.0,1.0,1.0,1.0,3.0,1.0,1.0
7760,1.0,1.0,1.0,3.0,1.0,1.0,1.0,1.0,1.0,4.0,1.0,1.0
7761,1.0,1.0,1.0,3.0,1.0,1.0,1.0,1.0,1.0,5.0,2.0,1.0
7762,1.0,1.0,1.0,3.0,1.0,1.0,1.0,1.0,1.0,5.0,2.0,1.0
7763,1.0,1.0,1.0,3.0,1.0,1.0,1.0,1.0,1.0,3.0,1.0,1.0
7764,1.0,1.0,1.0,3.0,1.0,1.0,1.0,1.0,1.0,3.0,1.0,1.0
7765,1.0,1.0,1.0,3.0,1.0,1.0,1.0,1.0,1.0,4.0,1.0,1.0
7766,1.0,1.0,1.0,3.0,1.0,1.0,1.0,1.0,1.0,3.0,1.0,1.0
7767,1.0,1.0,1.0,3.0,1.0,1.0,1.0,1.0,1.0,5.0,2.0,1.0
7768,1.0,1.0,1.0,3.0,1.0,1.0,1.0,1.0,1.0,5.0,2.0,1.0
7769,1.0,1.0,1.0,3.0,1.0,1.0,1.0,1.0,1.0,4.0,1.0,1.0
7770,1.0,1.0,1.0,3.0,1.0,1.0,1.0,1.0,1.0,3.0,1.0,1.0
7771,1.0,1.0,1.0,3.0,1.0,1.0,1.0,1.0,1.0,3.0,1.0,1.0
7772,1.0,1.0,1.0,3.0,1.0,1.0,1.0,1.0,1.0,4.0,1.0,1.0
7773,1.0,1.0,1.0,3.0,1.0,1.0,1.0,1.0,1.0,3.0,1.0,1.0
7774,1.0,1.0,1.0,3.0,1.0,1.0,1.0,1.0,1.0,4.0,1.0,1.0
7775,1.0,1.0,1.0,3.0,1.0,1.0,1.0,1.0,1.0,4.0,1.0,1.0
7776,1.0,1.0,1.0,3.0,1.0,1.0,1.0,1.0,1.0,3.0,1.0,1.0
7777,1.0,1.0,1.0,3.0,1.0,1.0,1.0,1.0,1.0,5.0,2.0,1.0
7778,1.0,1.0,1.0,3.0,1.0,1.0,1.0,1.0,1.0,3.0,1.0,1.0
7779,1.0,1.0,1.0,3.0,1.0,1.0,1.0,1.0,1.0,5.0,2.0,1.0
7780,1.0,1.0,1.0,3.0,1.0,1.0,1.0,1.0,1.0,3.0,1.0,1.0
7781,1.0,1.0,1.0,3.0,1.0,1.0,1.0,1.0,1.0,3.0,1.0,1.0
7782,1.0,1.0,1.0,3.0,1.0,1.0,1.0,1.0,1.0,3.0,1.0,1.0
7783,1.0,1.0,1.0,3.0,1.0,1.0,1.0,1.0,1.0,3.0,1.0,1.0
7784,1.0,1.0,1.0,3.0,1.0,1.0,1.0,1.0,1.0,3.0,1.0,1.0
7785,1.0,1.0,1.0,3.0,1.0,1.0,1.0,1.0,1.0,3.0,1.0,1.0
7786,1.0,1.0,1.0,3.0,1.0,1.0,1.0,1.0,1.0,3.0,1.0,1.0
7787,1.0,1.0,1.0,3.0,1.0,1.0,1.0,1.0,1.0,3.0,1.0,1.0
7788,1.0,1.0,1.0,3.0,1.0,1.0,1.0,1.0,1.0,4.0,1.0,1.0
7789,1.0,1.0,1.0,3.0,1.0,1.0,1.0,1.0,1.0,3.0,1.0,1.0
7790,1.0,1.0,1.0,3.0,1.0,1.0,1.0,1.0,1.0,5.0,2.0,1.0
7791,1.0,1.0,1.0,3.0,1.0,1.0,1.0,1.0,1.0,5.0,2.0,1.0
7792,1.0,1.0,1.0,3.0,1.0,1.0,1.0,1.0,1.0,3.0,1.0,1.0
7793,1.0,1.0,1.0,3.0,1.0,1.0,1.0,1.0,1.0,5.0,2.0,1.0
7794,1.0,1.0,1.0,3.0,1.0,1.0,1.0,1.0,1.0,3.0,1.0,1.0
7795,1.0,1.0,1.0,3.0,1.0,1.0,1.0,1.0,1.0,5.0,2.0,1.0
7796,1.0,1.0,1.0,3.0,1.0,1.0,1.0,1.0,1.0,4.0,1.0,1.0
7797,1.0,1.0,1.0,3.0,1.0,1.0,1.0,1.0,1.0,3.0,1.0,1.0
7798,1.0,1.0,1.0,3.0,1.0,1.0,1.0,1.0,1.0,3.0,1.0,1.0
7799,1.0,1.0,1.0,3.0,1.0,1.0,1.0,1.0,1.0,5.0,2.0,1.0
7800,1.0,1.0,1.0,3.0,1.0,1.0,1.0,1.0,1.0,5.0,2.0,1.0
7801,1.0,1.0,1.0,3.0,1.0,1.0,1.0,1.0,1.0,5.0,2.0,1.0
7802,1.0,1.0,1.0,3.0,1.0,1.0,1.0,1.0,1.0,5.0,2.0,1.0
7803,1.0,1.0,1.0,3.0,1.0,1.0,1.0,1.0,1.0,3.0,1.0,1.0
7804,1.0,1.0,1.0,3.0,1.0,1.0,1.0,1.0,1.0,3.0,1.0,1.0
7805,1.0,1.0,1.0,3.0,1.0,1.0,1.0,1.0,1.0,3.0,1.0,1.0
7806,1.0,1.0,1.0,3.0,1.0,1.0,1.0,1.0,1.0,3.0,1.0,1.0
7807,1.0,1.0,1.0,3.0,1.0,1.0,1.0,1.0,1.0,5.0,2.0,1.0
7808,1.0,1.0,1.0,3.0,1.0,1.0,1.0,1.0,1.0,4.0,1.0,1.0
7809,1.0,1.0,1.0,3.0,1.0,1.0,1.0,1.0,1.0,3.0,1.0,1.0
7810,1.0,1.0,1.0,3.0,1.0,1.0,1.0,1.0,1.0,3.0,1.0,1.0
7811,1.0,1.0,1.0,3.0,1.0,1.0,1.0,1.0,1.0,3.0,1.0,1.0
7812,1.0,1.0,1.0,3.0,1.0,1.0,1.0,1.0,1.0,3.0,1.0,1.0
7813,1.0,1.0,1.0,3.0,1.0,1.0,1.0,1.0,1.0,5.0,2.0,1.0
7814,1.0,1.0,1.0,3.0,1.0,1.0,1.0,1.0,1.0,3.0,1.0,1.0
7815,1.0,1.0,1.0,3.0,1.0,1.0,1.0,1.0,1.0,5.0,2.0,1.0
7816,1.0,1.0,1.0,3.0,1.0,1.0,1.0,1.0,1.0,5.0,2.0,1.0
7817,1.0,1.0,1.0,3.0,1.0,1.0,1.0,1.0,1.0,3.0,1.0,1.0
7818,1.0,1.0,1.0,3.0,1.0,1.0,1.0,1.0,1.0,3.0,1.0,1.0
7819,1.0,1.0,1.0,3.0,1.0,1.0,1.0,1.0,1.0,3.0,1.0,1.0
7820,1.0,1.0,1.0,3.0,1.0,1.0,1.0,1.0,1.0,4.0,1.0,1.0
7821,1.0,1.0,1.0,3.0,1.0,1.0,1.0,1.0,1.0,3.0,1.0,1.0
7822,1.0,1.0,1.0,3.0,1.0,1.0,1.0,1.0,1.0,5.0,2.0,1.0
7823,1.0,1.0,1.0,3.0,1.0,1.0,1.0,1.0,1.0,5.0,2.0,1.0
7824,1.0,1.0,1.0,3.0,1.0,1.0,1.0,1.0,1.0,3.0,1.0,1.0
7825,1.0,1.0,1.0,3.0,1.0,1.0,1.0,1.0,1.0,3.0,1.0,1.0
7826,1.0,1.0,1.0,3.0,1.0,1.0,1.0,1.0,1.0,3.0,1.0,1.0
7827,1.0,1.0,1.0,3.0,1.0,1.0,1.0,1.0,1.0,3.0,1.0,1.0
7828,1.0,1.0,1.0,3.0,1.0,1.0,1.0,1.0,1.0,5.0,2.0,1.0
7829,1.0,1.0,1.0,3.0,1.0,1.0,1.0,1.0,1.0,3.0,1.0,1.0
7830,1.0,1.0,1.0,3.0,1.0,1.0,1.0,1.0,1.0,3.0,1.0,1.0
7831,1.0,1.0,1.0,3.0,1.0,1.0,1.0,1.0,1.0,4.0,1.0,1.0
7832,1.0,1.0,1.0,3.0,1.0,1.0,1.0,1.0,1.0,3.0,1.0,1.0
7833,1.0,1.0,1.0,3.0,1.0,1.0,1.0,1.0,1.0,5.0,2.0,1.0
7834,1.0,1.0,1.0,3.0,1.0,1.0,1.0,1.0,1.0,3.0,1.0,1.0
7835,1.0,1.0,1.0,3.0,1.0,1.0,1.0,1.0,1.0,3.0,1.0,1.0
7836,1.0,1.0,1.0,3.0,1.0,1.0,1.0,1.0,1.0,3.0,1.0,1.0
7837,1.0,1.0,1.0,3.0,1.0,1.0,1.0,1.0,1.0,3.0,1.0,1.0
7838,1.0,1.0,1.0,3.0,1.0,1.0,1.0,1.0,1.0,4.0,1.0,1.0
7839,1.0,1.0,1.0,3.0,1.0,1.0,1.0,1.0,1.0,3.0,1.0,1.0
7840,1.0,1.0,1.0,3.0,1.0,1.0,1.0,1.0,1.0,3.0,1.0,1.0
7841,1.0,1.0,1.0,3.0,1.0,1.0,1.0,1.0,1.0,5.0,2.0,1.0
7842,1.0,1.0,1.0,3.0,1.0,1.0,1.0,1.0,1.0,3.0,1.0,1.0
7843,1.0,1.0,1.0,3.0,1.0,1.0,1.0,1.0,1.0,5.0,2.0,1.0
7844,1.0,1.0,1.0,3.0,1.0,1.0,1.0,1.0,1.0,3.0,1.0,1.0
7845,1.0,1.0,1.0,3.0,1.0,1.0,1.0,1.0,1.0,5.0,2.0,1.0
7846,1.0,1.0,1.0,3.0,1.0,1.0,1.0,1.0,1.0,3.0,1.0,1.0
7847,1.0,1.0,1.0,3.0,1.0,1.0,1.0,1.0,1.0,4.0,1.0,1.0
7848,1.0,1.0,1.0,3.0,1.0,1.0,1.0,1.0,1.0,3.0,1.0,1.0
7849,1.0,1.0,1.0,3.0,1.0,1.0,1.0,1.0,1.0,3.0,1.0,1.0
7850,1.0,1.0,1.0,3.0,1.0,1.0,1.0,1.0,1.0,3.0,1.0,1.0
7851,1.0,1.0,1.0,3.0,1.0,1.0,1.0,1.0,1.0,3.0,1.0,1.0
7852,1.0,1.0,1.0,3.0,1.0,1.0,1.0,1.0,1.0,3.0,1.0,1.0
7853,1.0,1.0,1.0,3.0,1.0,1.0,1.0,1.0,1.0,5.0,2.0,1.0
7854,1.0,1.0,1.0,3.0,1.0,1.0,1.0,1.0,1.0,4.0,1.0,1.0
7855,1.0,1.0,1.0,3.0,1.0,1.0,1.0,1.0,1.0,4.0,1.0,1.0
7856,1.0,1.0,1.0,3.0,1.0,1.0,1.0,1.0,1.0,5.0,2.0,1.0
7857,1.0,1.0,1.0,3.0,1.0,1.0,1.0,1.0,1.0,3.0,1.0,1.0
7858,1.0,1.0,1.0,3.0,1.0,1.0,1.0,1.0,1.0,3.0,1.0,1.0
7859,1.0,1.0,1.0,3.0,1.0,1.0,1.0,1.0,1.0,3.0,1.0,1.0
7860,1.0,1.0,1.0,3.0,1.0,1.0,1.0,1.0,1.0,5.0,2.0,1.0
7861,1.0,1.0,1.0,3.0,1.0,1.0,1.0,1.0,1.0,3.0,1.0,1.0
7862,1.0,1.0,1.0,3.0,1.0,1.0,1.0,1.0,1.0,3.0,1.0,1.0
7863,1.0,1.0,1.0,3.0,1.0,1.0,1.0,1.0,1.0,3.0,1.0,1.0
7864,1.0,1.0,1.0,3.0,1.0,1.0,1.0,1.0,1.0,3.0,1.0,1.0
7865,1.0,1.0,1.0,3.0,1.0,1.0,1.0,1.0,1.0,5.0,2.0,1.0
7866,1.0,1.0,1.0,3.0,1.0,1.0,1.0,1.0,1.0,3.0,1.0,1.0
7867,1.0,1.0,1.0,3.0,1.0,1.0,1.0,1.0,1.0,4.0,1.0,1.0
7868,1.0,1.0,1.0,3.0,1.0,1.0,1.0,1.0,1.0,4.0,1.0,1.0
7869,1.0,1.0,1.0,3.0,1.0,1.0,1.0,1.0,1.0,3.0,1.0,1.0
7870,1.0,1.0,1.0,3.0,1.0,1.0,1.0,1.0,1.0,4.0,1.0,1.0
7871,1.0,1.0,1.0,3.0,1.0,1.0,1.0,1.0,1.0,5.0,2.0,1.0
7872,1.0,1.0,1.0,3.0,1.0,1.0,1.0,1.0,1.0,4.0,1.0,1.0
7873,1.0,1.0,1.0,3.0,1.0,1.0,1.0,1.0,1.0,4.0,1.0,1.0
7874,1.0,1.0,1.0,3.0,1.0,1.0,1.0,1.0,1.0,5.0,2.0,1.0
7875,1.0,1.0,1.0,3.0,1.0,1.0,1.0,1.0,1.0,3.0,1.0,1.0
7876,1.0,1.0,1.0,3.0,1.0,1.0,1.0,1.0,1.0,4.0,1.0,1.0
7877,1.0,1.0,1.0,3.0,1.0,1.0,1.0,1.0,1.0,5.0,2.0,1.0
7878,1.0,1.0,1.0,3.0,1.0,1.0,1.0,1.0,1.0,3.0,1.0,1.0
7879,1.0,1.0,1.0,3.0,1.0,1.0,1.0,1.0,1.0,5.0,2.0,1.0
7880,1.0,1.0,1.0,3.0,1.0,1.0,1.0,1.0,1.0,3.0,1.0,1.0
7881,1.0,1.0,1.0,3.0,1.0,1.0,1.0,1.0,1.0,3.0,1.0,1.0
7882,1.0,1.0,1.0,3.0,1.0,1.0,1.0,1.0,1.0,5.0,2.0,1.0
7883,1.0,1.0,1.0,3.0,1.0,1.0,1.0,1.0,1.0,5.0,2.0,1.0
7884,1.0,1.0,1.0,3.0,1.0,1.0,1.0,1.0,1.0,3.0,1.0,1.0
7885,1.0,1.0,1.0,3.0,1.0,1.0,1.0,1.0,1.0,3.0,1.0,1.0
7886,1.0,1.0,1.0,3.0,1.0,1.0,1.0,1.0,1.0,3.0,1.0,1.0
7887,1.0,1.0,1.0,3.0,1.0,1.0,1.0,1.0,1.0,5.0,2.0,1.0
7888,1.0,1.0,1.0,3.0,1.0,1.0,1.0,1.0,1.0,5.0,2.0,1.0
7889,1.0,1.0,1.0,3.0,1.0,1.0,1.0,1.0,1.0,4.0,1.0,1.0
7890,1.0,1.0,1.0,3.0,1.0,1.0,1.0,1.0,1.0,3.0,1.0,1.0
7891,1.0,1.0,1.0,3.0,1.0,1.0,1.0,1.0,1.0,3.0,1.0,1.0
7892,1.0,1.0,1.0,3.0,1.0,1.0,1.0,1.0,1.0,5.0,2.0,1.0
7893,1.0,1.0,1.0,3.0,1.0,1.0,1.0,1.0,1.0,5.0,2.0,1.0
7894,1.0,1.0,1.0,3.0,1.0,1.0,1.0,1.0,1.0,5.0,2.0,1.0
7895,1.0,1.0,1.0,3.0,1.0,1.0,1.0,1.0,1.0,5.0,2.0,1.0
7896,1.0,1.0,1.0,3.0,1.0,1.0,1.0,1.0,1.0,3.0,1.0,1.0
7897,1.0,1.0,1.0,3.0,1.0,1.0,1.0,1.0,1.0,3.0,1.0,1.0
7898,1.0,1.0,1.0,3.0,1.0,1.0,1.0,1.0,1.0,5.0,2.0,1.0
7899,1.0,1.0,1.0,3.0,1.0,1.0,1.0,1.0,1.0,4.0,1.0,1.0
7900,1.0,1.0,1.0,3.0,1.0,1.0,1.0,1.0,1.0,3.0,1.0,1.0
7901,1.0,1.0,1.0,3.0,1.0,1.0,1.0,1.0,1.0,5.0,2.0,1.0
7902,1.0,1.0,1.0,3.0,1.0,1.0,1.0,1.0,1.0,4.0,1.0,1.0
7903,1.0,1.0,1.0,3.0,1.0,1.0,1.0,1.0,1.0,5.0,2.0,1.0
7904,1.0,1.0,1.0,3.0,1.0,1.0,1.0,1.0,1.0,3.0,1.0,1.0
7905,1.0,1.0,1.0,3.0,1.0,1.0,1.0,1.0,1.0,3.0,1.0,1.0
7906,1.0,1.0,1.0,3.0,1.0,1.0,1.0,1.0,1.0,5.0,2.0,1.0
7907,1.0,1.0,1.0,3.0,1.0,1.0,1.0,1.0,1.0,3.0,1.0,1.0
7908,1.0,1.0,1.0,3.0,1.0,1.0,1.0,1.0,1.0,4.0,1.0,1.0
7909,1.0,1.0,1.0,3.0,1.0,1.0,1.0,1.0,1.0,5.0,2.0,1.0
7910,1.0,1.0,1.0,3.0,1.0,1.0,1.0,1.0,1.0,5.0,2.0,1.0
7911,1.0,1.0,1.0,3.0,1.0,1.0,1.0,1.0,1.0,3.0,1.0,1.0
7912,1.0,1.0,1.0,3.0,1.0,1.0,1.0,1.0,1.0,5.0,2.0,1.0
7913,1.0,1.0,1.0,3.0,1.0,1.0,1.0,1.0,1.0,5.0,2.0,1.0
7914,1.0,1.0,1.0,3.0,1.0,1.0,1.0,1.0,1.0,3.0,1.0,1.0
7915,1.0,1.0,1.0,3.0,1.0,1.0,1.0,1.0,1.0,3.0,1.0,1.0
7916,1.0,1.0,1.0,3.0,1.0,1.0,1.0,1.0,1.0,3.0,1.0,1.0
7917,1.0,1.0,1.0,3.0,1.0,1.0,1.0,1.0,1.0,3.0,1.0,1.0
7918,1.0,1.0,1.0,3.0,1.0,1.0,1.0,1.0,1.0,3.0,1.0,1.0
7919,1.0,1.0,1.0,3.0,1.0,1.0,1.0,1.0,1.0,3.0,1.0,1.0
7920,1.0,1.0,1.0,3.0,1.0,1.0,1.0,1.0,1.0,3.0,1.0,1.0
7921,1.0,1.0,1.0,3.0,1.0,1.0,1.0,1.0,1.0,4.0,1.0,1.0
7922,1.0,1.0,1.0,3.0,1.0,1.0,1.0,1.0,1.0,3.0,1.0,1.0
7923,1.0,1.0,1.0,3.0,1.0,1.0,1.0,1.0,1.0,3.0,1.0,1.0
7924,1.0,1.0,1.0,3.0,1.0,1.0,1.0,1.0,1.0,5.0,2.0,1.0
7925,1.0,1.0,1.0,3.0,1.0,1.0,1.0,1.0,1.0,4.0,1.0,1.0
7926,1.0,1.0,1.0,3.0,1.0,1.0,1.0,1.0,1.0,3.0,1.0,1.0
7927,1.0,1.0,1.0,3.0,1.0,1.0,1.0,1.0,1.0,3.0,1.0,1.0
7928,1.0,1.0,1.0,3.0,1.0,1.0,1.0,1.0,1.0,5.0,2.0,1.0
7929,1.0,1.0,1.0,3.0,1.0,1.0,1.0,1.0,1.0,4.0,1.0,1.0
7930,1.0,1.0,1.0,3.0,1.0,1.0,1.0,1.0,1.0,3.0,1.0,1.0
7931,1.0,1.0,1.0,3.0,1.0,1.0,1.0,1.0,1.0,3.0,1.0,1.0
7932,1.0,1.0,1.0,3.0,1.0,1.0,1.0,1.0,1.0,5.0,2.0,1.0
7933,1.0,1.0,1.0,3.0,1.0,1.0,1.0,1.0,1.0,4.0,1.0,1.0
7934,1.0,1.0,1.0,3.0,1.0,1.0,1.0,1.0,1.0,4.0,1.0,1.0
7935,1.0,1.0,1.0,3.0,1.0,1.0,1.0,1.0,1.0,3.0,1.0,1.0
7936,1.0,1.0,1.0,3.0,1.0,1.0,1.0,1.0,1.0,5.0,2.0,1.0
7937,1.0,1.0,1.0,3.0,1.0,1.0,1.0,1.0,1.0,3.0,1.0,1.0
7938,1.0,1.0,1.0,3.0,1.0,1.0,1.0,1.0,1.0,4.0,1.0,1.0
7939,1.0,1.0,1.0,3.0,1.0,1.0,1.0,1.0,1.0,3.0,1.0,1.0
7940,1.0,1.0,1.0,3.0,1.0,1.0,1.0,1.0,1.0,3.0,1.0,1.0
7941,1.0,1.0,1.0,3.0,1.0,1.0,1.0,1.0,1.0,5.0,2.0,1.0
7942,1.0,1.0,1.0,3.0,1.0,1.0,1.0,1.0,1.0,3.0,1.0,1.0
7943,1.0,1.0,1.0,3.0,1.0,1.0,1.0,1.0,1.0,5.0,2.0,1.0
7944,1.0,1.0,1.0,3.0,1.0,1.0,1.0,1.0,1.0,3.0,1.0,1.0
7945,1.0,1.0,1.0,3.0,1.0,1.0,1.0,1.0,1.0,4.0,1.0,1.0
7946,1.0,1.0,1.0,3.0,1.0,1.0,1.0,1.0,1.0,4.0,1.0,1.0
7947,1.0,1.0,1.0,3.0,1.0,1.0,1.0,1.0,1.0,5.0,2.0,1.0
7948,1.0,1.0,1.0,3.0,1.0,1.0,1.0,1.0,1.0,5.0,2.0,1.0
7949,1.0,1.0,1.0,3.0,1.0,1.0,1.0,1.0,1.0,3.0,1.0,1.0
7950,1.0,1.0,1.0,3.0,1.0,1.0,1.0,1.0,1.0,5.0,2.0,1.0
7951,1.0,1.0,1.0,3.0,1.0,1.0,1.0,1.0,1.0,3.0,1.0,1.0
7952,1.0,1.0,1.0,3.0,1.0,1.0,1.0,1.0,1.0,4.0,1.0,1.0
7953,1.0,1.0,1.0,3.0,1.0,1.0,1.0,1.0,1.0,3.0,1.0,1.0
7954,1.0,1.0,1.0,3.0,1.0,1.0,1.0,1.0,1.0,4.0,1.0,1.0
7955,1.0,1.0,1.0,3.0,1.0,1.0,1.0,1.0,1.0,3.0,1.0,1.0
7956,1.0,1.0,1.0,3.0,1.0,1.0,1.0,1.0,1.0,4.0,1.0,1.0
7957,1.0,1.0,1.0,3.0,1.0,1.0,1.0,1.0,1.0,4.0,1.0,1.0
7958,1.0,1.0,1.0,3.0,1.0,1.0,1.0,1.0,1.0,5.0,2.0,1.0
7959,1.0,1.0,1.0,3.0,1.0,1.0,1.0,1.0,1.0,5.0,2.0,1.0
7960,1.0,1.0,1.0,3.0,1.0,1.0,1.0,1.0,1.0,5.0,2.0,1.0
7961,1.0,1.0,1.0,3.0,1.0,1.0,1.0,1.0,1.0,3.0,1.0,1.0
7962,1.0,1.0,1.0,3.0,1.0,1.0,1.0,1.0,1.0,3.0,1.0,1.0
7963,1.0,1.0,1.0,3.0,1.0,1.0,1.0,1.0,1.0,3.0,1.0,1.0
7964,1.0,1.0,1.0,3.0,1.0,1.0,1.0,1.0,1.0,3.0,1.0,1.0
7965,1.0,1.0,1.0,3.0,1.0,1.0,1.0,1.0,1.0,5.0,2.0,1.0
7966,1.0,1.0,1.0,3.0,1.0,1.0,1.0,1.0,1.0,5.0,2.0,1.0
7967,1.0,1.0,1.0,3.0,1.0,1.0,1.0,1.0,1.0,5.0,2.0,1.0
7968,1.0,1.0,1.0,3.0,1.0,1.0,1.0,1.0,1.0,3.0,1.0,1.0
7969,1.0,1.0,1.0,3.0,1.0,1.0,1.0,1.0,1.0,3.0,1.0,1.0
7970,1.0,1.0,1.0,3.0,1.0,1.0,1.0,1.0,1.0,4.0,1.0,1.0
7971,1.0,1.0,1.0,3.0,1.0,1.0,1.0,1.0,1.0,3.0,1.0,1.0
7972,1.0,1.0,1.0,3.0,1.0,1.0,1.0,1.0,1.0,4.0,1.0,1.0
7973,1.0,1.0,1.0,3.0,1.0,1.0,1.0,1.0,1.0,3.0,1.0,1.0
7974,1.0,1.0,1.0,3.0,1.0,1.0,1.0,1.0,1.0,4.0,1.0,1.0
7975,1.0,1.0,1.0,3.0,1.0,1.0,1.0,1.0,1.0,3.0,1.0,1.0
7976,1.0,1.0,1.0,3.0,1.0,1.0,1.0,1.0,1.0,4.0,1.0,1.0
7977,1.0,1.0,1.0,3.0,1.0,1.0,1.0,1.0,1.0,3.0,1.0,1.0
7978,1.0,1.0,1.0,3.0,1.0,1.0,1.0,1.0,1.0,3.0,1.0,1.0
7979,1.0,1.0,1.0,3.0,1.0,1.0,1.0,1.0,1.0,5.0,2.0,1.0
7980,1.0,1.0,1.0,3.0,1.0,1.0,1.0,1.0,1.0,5.0,2.0,1.0
7981,1.0,1.0,1.0,3.0,1.0,1.0,1.0,1.0,1.0,3.0,1.0,1.0
7982,1.0,1.0,1.0,3.0,1.0,1.0,1.0,1.0,1.0,5.0,2.0,1.0
7983,1.0,1.0,1.0,3.0,1.0,1.0,1.0,1.0,1.0,3.0,1.0,1.0
7984,1.0,1.0,1.0,3.0,1.0,1.0,1.0,1.0,1.0,3.0,1.0,1.0
7985,1.0,1.0,1.0,3.0,1.0,1.0,1.0,1.0,1.0,3.0,1.0,1.0
7986,1.0,1.0,1.0,3.0,1.0,1.0,1.0,1.0,1.0,3.0,1.0,1.0
7987,1.0,1.0,1.0,3.0,1.0,1.0,1.0,1.0,1.0,5.0,2.0,1.0
7988,1.0,1.0,1.0,3.0,1.0,1.0,1.0,1.0,1.0,3.0,1.0,1.0
7989,1.0,1.0,1.0,3.0,1.0,1.0,1.0,1.0,1.0,4.0,1.0,1.0
7990,1.0,1.0,1.0,3.0,1.0,1.0,1.0,1.0,1.0,3.0,1.0,1.0
7991,1.0,1.0,1.0,3.0,1.0,1.0,1.0,1.0,1.0,4.0,1.0,1.0
7992,1.0,1.0,1.0,3.0,1.0,1.0,1.0,1.0,1.0,3.0,1.0,1.0
7993,1.0,1.0,1.0,3.0,1.0,1.0,1.0,1.0,1.0,3.0,1.0,1.0
7994,1.0,1.0,1.0,3.0,1.0,1.0,1.0,1.0,1.0,4.0,1.0,1.0
7995,1.0,1.0,1.0,3.0,1.0,1.0,1.0,1.0,1.0,4.0,1.0,1.0
7996,1.0,1.0,1.0,3.0,1.0,1.0,1.0,1.0,1.0,3.0,1.0,1.0
7997,1.0,1.0,1.0,3.0,1.0,1.0,1.0,1.0,1.0,3.0,1.0,1.0
7998,1.0,1.0,1.0,3.0,1.0,1.0,1.0,1.0,1.0,3.0,1.0,1.0
7999,1.0,1.0,1.0,3.0,1.0,1.0,1.0,1.0,1.0,5.0,2.0,1.0
8000,1.0,1.0,1.0,3.0,1.0,1.0,1.0,1.0,1.0,5.0,2.0,1.0
8001,1.0,1.0,1.0,3.0,1.0,1.0,1.0,1.0,1.0,5.0,2.0,1.0
8002,1.0,1.0,1.0,3.0,1.0,1.0,1.0,1.0,1.0,5.0,2.0,1.0
8003,1.0,1.0,1.0,3.0,1.0,1.0,1.0,1.0,1.0,3.0,1.0,1.0
8004,1.0,1.0,1.0,3.0,1.0,1.0,1.0,1.0,1.0,3.0,1.0,1.0
8005,1.0,1.0,1.0,3.0,1.0,1.0,1.0,1.0,1.0,5.0,2.0,1.0
8006,1.0,1.0,1.0,3.0,1.0,1.0,1.0,1.0,1.0,3.0,1.0,1.0
8007,1.0,1.0,1.0,3.0,1.0,1.0,1.0,1.0,1.0,3.0,1.0,1.0
8008,1.0,1.0,1.0,3.0,1.0,1.0,1.0,1.0,1.0,3.0,1.0,1.0
8009,1.0,1.0,1.0,3.0,1.0,1.0,1.0,1.0,1.0,3.0,1.0,1.0
8010,1.0,1.0,1.0,3.0,1.0,1.0,1.0,1.0,1.0,5.0,2.0,1.0
8011,1.0,1.0,1.0,3.0,1.0,1.0,1.0,1.0,1.0,4.0,1.0,1.0
8012,1.0,1.0,1.0,3.0,1.0,1.0,1.0,1.0,1.0,3.0,1.0,1.0
8013,1.0,1.0,1.0,3.0,1.0,1.0,1.0,1.0,1.0,3.0,1.0,1.0
8014,1.0,1.0,1.0,3.0,1.0,1.0,1.0,1.0,1.0,5.0,2.0,1.0
8015,1.0,1.0,1.0,3.0,1.0,1.0,1.0,1.0,1.0,3.0,1.0,1.0
8016,1.0,1.0,1.0,3.0,1.0,1.0,1.0,1.0,1.0,4.0,1.0,1.0
8017,1.0,1.0,1.0,3.0,1.0,1.0,1.0,1.0,1.0,3.0,1.0,1.0
8018,1.0,1.0,1.0,3.0,1.0,1.0,1.0,1.0,1.0,3.0,1.0,1.0
8019,1.0,1.0,1.0,3.0,1.0,1.0,1.0,1.0,1.0,3.0,1.0,1.0
8020,1.0,1.0,1.0,3.0,1.0,1.0,1.0,1.0,1.0,4.0,1.0,1.0
8021,1.0,1.0,1.0,3.0,1.0,1.0,1.0,1.0,1.0,4.0,1.0,1.0
8022,1.0,1.0,1.0,3.0,1.0,1.0,1.0,1.0,1.0,3.0,1.0,1.0
8023,1.0,1.0,1.0,3.0,1.0,1.0,1.0,1.0,1.0,3.0,1.0,1.0
8024,1.0,1.0,1.0,3.0,1.0,1.0,1.0,1.0,1.0,3.0,1.0,1.0
8025,1.0,1.0,1.0,3.0,1.0,1.0,1.0,1.0,1.0,3.0,1.0,1.0
8026,1.0,1.0,1.0,3.0,1.0,1.0,1.0,1.0,1.0,5.0,2.0,1.0
8027,1.0,1.0,1.0,3.0,1.0,1.0,1.0,1.0,1.0,3.0,1.0,1.0
8028,1.0,1.0,1.0,3.0,1.0,1.0,1.0,1.0,1.0,4.0,1.0,1.0
8029,1.0,1.0,1.0,3.0,1.0,1.0,1.0,1.0,1.0,5.0,2.0,1.0
8030,1.0,1.0,1.0,3.0,1.0,1.0,1.0,1.0,1.0,5.0,2.0,1.0
8031,1.0,1.0,1.0,3.0,1.0,1.0,1.0,1.0,1.0,4.0,1.0,1.0
8032,1.0,1.0,1.0,3.0,1.0,1.0,1.0,1.0,1.0,3.0,1.0,1.0
8033,1.0,1.0,1.0,3.0,1.0,1.0,1.0,1.0,1.0,4.0,1.0,1.0
8034,1.0,1.0,1.0,3.0,1.0,1.0,1.0,1.0,1.0,3.0,1.0,1.0
8035,1.0,1.0,1.0,3.0,1.0,1.0,1.0,1.0,1.0,4.0,1.0,1.0
8036,1.0,1.0,1.0,3.0,1.0,1.0,1.0,1.0,1.0,3.0,1.0,1.0
8037,1.0,1.0,1.0,3.0,1.0,1.0,1.0,1.0,1.0,3.0,1.0,1.0
8038,1.0,1.0,1.0,3.0,1.0,1.0,1.0,1.0,1.0,4.0,1.0,1.0
8039,1.0,1.0,1.0,3.0,1.0,1.0,1.0,1.0,1.0,3.0,1.0,1.0
8040,1.0,1.0,1.0,3.0,1.0,1.0,1.0,1.0,1.0,4.0,1.0,1.0
8041,1.0,1.0,1.0,3.0,1.0,1.0,1.0,1.0,1.0,5.0,2.0,1.0
8042,1.0,1.0,1.0,3.0,1.0,1.0,1.0,1.0,1.0,3.0,1.0,1.0
8043,1.0,1.0,1.0,3.0,1.0,1.0,1.0,1.0,1.0,5.0,2.0,1.0
8044,1.0,1.0,1.0,3.0,1.0,1.0,1.0,1.0,1.0,5.0,2.0,1.0
8045,1.0,1.0,1.0,3.0,1.0,1.0,1.0,1.0,1.0,5.0,2.0,1.0
8046,1.0,1.0,1.0,3.0,1.0,1.0,1.0,1.0,1.0,3.0,1.0,1.0
8047,1.0,1.0,1.0,3.0,1.0,1.0,1.0,1.0,1.0,3.0,1.0,1.0
8048,1.0,1.0,1.0,3.0,1.0,1.0,1.0,1.0,1.0,3.0,1.0,1.0
8049,1.0,1.0,1.0,3.0,1.0,1.0,1.0,1.0,1.0,5.0,2.0,1.0
8050,1.0,1.0,1.0,3.0,1.0,1.0,1.0,1.0,1.0,4.0,1.0,1.0
8051,1.0,1.0,1.0,3.0,1.0,1.0,1.0,1.0,1.0,3.0,1.0,1.0
8052,1.0,1.0,1.0,3.0,1.0,1.0,1.0,1.0,1.0,4.0,1.0,1.0
8053,1.0,1.0,1.0,3.0,1.0,1.0,1.0,1.0,1.0,3.0,1.0,1.0
8054,1.0,1.0,1.0,3.0,1.0,1.0,1.0,1.0,1.0,3.0,1.0,1.0
8055,1.0,1.0,1.0,3.0,1.0,1.0,1.0,1.0,1.0,3.0,1.0,1.0
8056,1.0,1.0,1.0,3.0,1.0,1.0,1.0,1.0,1.0,4.0,1.0,1.0
8057,1.0,1.0,1.0,3.0,1.0,1.0,1.0,1.0,1.0,5.0,2.0,1.0
8058,1.0,1.0,1.0,3.0,1.0,1.0,1.0,1.0,1.0,3.0,1.0,1.0
8059,1.0,1.0,1.0,3.0,1.0,1.0,1.0,1.0,1.0,3.0,1.0,1.0
8060,1.0,1.0,1.0,3.0,1.0,1.0,1.0,1.0,1.0,3.0,1.0,1.0
8061,1.0,1.0,1.0,3.0,1.0,1.0,1.0,1.0,1.0,5.0,2.0,1.0
8062,1.0,1.0,1.0,3.0,1.0,1.0,1.0,1.0,1.0,3.0,1.0,1.0
8063,1.0,1.0,1.0,3.0,1.0,1.0,1.0,1.0,1.0,3.0,1.0,1.0
8064,1.0,1.0,1.0,3.0,1.0,1.0,1.0,1.0,1.0,5.0,2.0,1.0
8065,1.0,1.0,1.0,3.0,1.0,1.0,1.0,1.0,1.0,3.0,1.0,1.0
8066,1.0,1.0,1.0,3.0,1.0,1.0,1.0,1.0,1.0,5.0,2.0,1.0
8067,1.0,1.0,1.0,3.0,1.0,1.0,1.0,1.0,1.0,5.0,2.0,1.0
8068,1.0,1.0,1.0,3.0,1.0,1.0,1.0,1.0,1.0,4.0,1.0,1.0
8069,1.0,1.0,1.0,3.0,1.0,1.0,1.0,1.0,1.0,4.0,1.0,1.0
8070,1.0,1.0,1.0,3.0,1.0,1.0,1.0,1.0,1.0,5.0,2.0,1.0
8071,1.0,1.0,1.0,3.0,1.0,1.0,1.0,1.0,1.0,5.0,2.0,1.0
8072,1.0,1.0,1.0,3.0,1.0,1.0,1.0,1.0,1.0,4.0,1.0,1.0
8073,1.0,1.0,1.0,3.0,1.0,1.0,1.0,1.0,1.0,3.0,1.0,1.0
8074,1.0,1.0,1.0,3.0,1.0,1.0,1.0,1.0,1.0,5.0,2.0,1.0
8075,1.0,1.0,1.0,3.0,1.0,1.0,1.0,1.0,1.0,3.0,1.0,1.0
8076,1.0,1.0,1.0,3.0,1.0,1.0,1.0,1.0,1.0,4.0,1.0,1.0
8077,1.0,1.0,1.0,3.0,1.0,1.0,1.0,1.0,1.0,5.0,2.0,1.0
8078,1.0,1.0,1.0,3.0,1.0,1.0,1.0,1.0,1.0,3.0,1.0,1.0
8079,1.0,1.0,1.0,3.0,1.0,1.0,1.0,1.0,1.0,5.0,2.0,1.0
8080,1.0,1.0,1.0,3.0,1.0,1.0,1.0,1.0,1.0,4.0,1.0,1.0
8081,1.0,1.0,1.0,3.0,1.0,1.0,1.0,1.0,1.0,5.0,2.0,1.0
8082,1.0,1.0,1.0,3.0,1.0,1.0,1.0,1.0,1.0,3.0,1.0,1.0
8083,1.0,1.0,1.0,3.0,1.0,1.0,1.0,1.0,1.0,3.0,1.0,1.0
8084,1.0,1.0,1.0,3.0,1.0,1.0,1.0,1.0,1.0,3.0,1.0,1.0
8085,1.0,1.0,1.0,3.0,1.0,1.0,1.0,1.0,1.0,5.0,2.0,1.0
8086,1.0,1.0,1.0,3.0,1.0,1.0,1.0,1.0,1.0,5.0,2.0,1.0
8087,1.0,1.0,1.0,3.0,1.0,1.0,1.0,1.0,1.0,3.0,1.0,1.0
8088,1.0,1.0,1.0,3.0,1.0,1.0,1.0,1.0,1.0,3.0,1.0,1.0
8089,1.0,1.0,1.0,3.0,1.0,1.0,1.0,1.0,1.0,3.0,1.0,1.0
8090,1.0,1.0,1.0,3.0,1.0,1.0,1.0,1.0,1.0,5.0,2.0,1.0
8091,1.0,1.0,1.0,3.0,1.0,1.0,1.0,1.0,1.0,4.0,1.0,1.0
8092,1.0,1.0,1.0,3.0,1.0,1.0,1.0,1.0,1.0,4.0,1.0,1.0
8093,1.0,1.0,1.0,3.0,1.0,1.0,1.0,1.0,1.0,4.0,1.0,1.0
8094,1.0,1.0,1.0,3.0,1.0,1.0,1.0,1.0,1.0,3.0,1.0,1.0
8095,1.0,1.0,1.0,3.0,1.0,1.0,1.0,1.0,1.0,4.0,1.0,1.0
8096,1.0,1.0,1.0,3.0,1.0,1.0,1.0,1.0,1.0,4.0,1.0,1.0
8097,1.0,1.0,1.0,3.0,1.0,1.0,1.0,1.0,1.0,5.0,2.0,1.0
8098,1.0,1.0,1.0,3.0,1.0,1.0,1.0,1.0,1.0,5.0,2.0,1.0
8099,1.0,1.0,1.0,3.0,1.0,1.0,1.0,1.0,1.0,3.0,1.0,1.0
8100,1.0,1.0,1.0,3.0,1.0,1.0,1.0,1.0,1.0,4.0,1.0,1.0
8101,1.0,1.0,1.0,3.0,1.0,1.0,1.0,1.0,1.0,4.0,1.0,1.0
8102,1.0,1.0,1.0,3.0,1.0,1.0,1.0,1.0,1.0,3.0,1.0,1.0
8103,1.0,1.0,1.0,3.0,1.0,1.0,1.0,1.0,1.0,4.0,1.0,1.0
8104,1.0,1.0,1.0,3.0,1.0,1.0,1.0,1.0,1.0,3.0,1.0,1.0
8105,1.0,1.0,1.0,3.0,1.0,1.0,1.0,1.0,1.0,3.0,1.0,1.0
8106,1.0,1.0,1.0,3.0,1.0,1.0,1.0,1.0,1.0,5.0,2.0,1.0
8107,1.0,1.0,1.0,3.0,1.0,1.0,1.0,1.0,1.0,5.0,2.0,1.0
8108,1.0,1.0,1.0,3.0,1.0,1.0,1.0,1.0,1.0,3.0,1.0,1.0
8109,1.0,1.0,1.0,3.0,1.0,1.0,1.0,1.0,1.0,4.0,1.0,1.0
8110,1.0,1.0,1.0,3.0,1.0,1.0,1.0,1.0,1.0,4.0,1.0,1.0
8111,1.0,1.0,1.0,3.0,1.0,1.0,1.0,1.0,1.0,5.0,2.0,1.0
8112,1.0,1.0,1.0,3.0,1.0,1.0,1.0,1.0,1.0,4.0,1.0,1.0
8113,1.0,1.0,1.0,3.0,1.0,1.0,1.0,1.0,1.0,3.0,1.0,1.0
8114,1.0,1.0,1.0,3.0,1.0,1.0,1.0,1.0,1.0,3.0,1.0,1.0
8115,1.0,1.0,1.0,3.0,1.0,1.0,1.0,1.0,1.0,5.0,2.0,1.0
8116,1.0,1.0,1.0,3.0,1.0,1.0,1.0,1.0,1.0,3.0,1.0,1.0
8117,1.0,1.0,1.0,3.0,1.0,1.0,1.0,1.0,1.0,3.0,1.0,1.0
8118,1.0,1.0,1.0,3.0,1.0,1.0,1.0,1.0,1.0,4.0,1.0,1.0
8119,1.0,1.0,1.0,3.0,1.0,1.0,1.0,1.0,1.0,3.0,1.0,1.0
8120,1.0,1.0,1.0,3.0,1.0,1.0,1.0,1.0,1.0,5.0,2.0,1.0
8121,1.0,1.0,1.0,3.0,1.0,1.0,1.0,1.0,1.0,3.0,1.0,1.0
8122,1.0,1.0,1.0,3.0,1.0,1.0,1.0,1.0,1.0,3.0,1.0,1.0
8123,1.0,1.0,1.0,3.0,1.0,1.0,1.0,1.0,1.0,4.0,1.0,1.0
8124,1.0,1.0,1.0,3.0,1.0,1.0,1.0,1.0,1.0,3.0,1.0,1.0
8125,1.0,1.0,1.0,3.0,1.0,1.0,1.0,1.0,1.0,3.0,1.0,1.0
8126,1.0,1.0,1.0,3.0,1.0,1.0,1.0,1.0,1.0,3.0,1.0,1.0
8127,1.0,1.0,1.0,3.0,1.0,1.0,1.0,1.0,1.0,3.0,1.0,1.0
8128,1.0,1.0,1.0,3.0,1.0,1.0,1.0,1.0,1.0,4.0,1.0,1.0
8129,1.0,1.0,1.0,3.0,1.0,1.0,1.0,1.0,1.0,3.0,1.0,1.0
8130,1.0,1.0,1.0,3.0,1.0,1.0,1.0,1.0,1.0,3.0,1.0,1.0
8131,1.0,1.0,1.0,3.0,1.0,1.0,1.0,1.0,1.0,3.0,1.0,1.0
8132,1.0,1.0,1.0,3.0,1.0,1.0,1.0,1.0,1.0,4.0,1.0,1.0
8133,1.0,1.0,1.0,3.0,1.0,1.0,1.0,1.0,1.0,3.0,1.0,1.0
8134,1.0,1.0,1.0,3.0,1.0,1.0,1.0,1.0,1.0,3.0,1.0,1.0
8135,1.0,1.0,1.0,3.0,1.0,1.0,1.0,1.0,1.0,3.0,1.0,1.0
8136,1.0,1.0,1.0,3.0,1.0,1.0,1.0,1.0,1.0,4.0,1.0,1.0
8137,1.0,1.0,1.0,3.0,1.0,1.0,1.0,1.0,1.0,5.0,2.0,1.0
8138,1.0,1.0,1.0,3.0,1.0,1.0,1.0,1.0,1.0,4.0,1.0,1.0
8139,1.0,1.0,1.0,3.0,1.0,1.0,1.0,1.0,1.0,3.0,1.0,1.0
8140,1.0,1.0,1.0,3.0,1.0,1.0,1.0,1.0,1.0,5.0,2.0,1.0
8141,1.0,1.0,1.0,3.0,1.0,1.0,1.0,1.0,1.0,4.0,1.0,1.0
8142,1.0,1.0,1.0,3.0,1.0,1.0,1.0,1.0,1.0,3.0,1.0,1.0
8143,1.0,1.0,1.0,3.0,1.0,1.0,1.0,1.0,1.0,5.0,2.0,1.0
8144,1.0,1.0,1.0,3.0,1.0,1.0,1.0,1.0,1.0,3.0,1.0,1.0
8145,1.0,1.0,1.0,3.0,1.0,1.0,1.0,1.0,1.0,3.0,1.0,1.0
8146,1.0,1.0,1.0,3.0,1.0,1.0,1.0,1.0,1.0,3.0,1.0,1.0
8147,1.0,1.0,1.0,3.0,1.0,1.0,1.0,1.0,1.0,5.0,2.0,1.0
8148,1.0,1.0,1.0,3.0,1.0,1.0,1.0,1.0,1.0,3.0,1.0,1.0
8149,1.0,1.0,1.0,3.0,1.0,1.0,1.0,1.0,1.0,3.0,1.0,1.0
8150,1.0,1.0,1.0,3.0,1.0,1.0,1.0,1.0,1.0,3.0,1.0,1.0
8151,1.0,1.0,1.0,3.0,1.0,1.0,1.0,1.0,1.0,3.0,1.0,1.0
8152,1.0,1.0,1.0,3.0,1.0,1.0,1.0,1.0,1.0,3.0,1.0,1.0
8153,1.0,1.0,1.0,3.0,1.0,1.0,1.0,1.0,1.0,3.0,1.0,1.0
8154,1.0,1.0,1.0,3.0,1.0,1.0,1.0,1.0,1.0,4.0,1.0,1.0
8155,1.0,1.0,1.0,3.0,1.0,1.0,1.0,1.0,1.0,3.0,1.0,1.0
8156,1.0,1.0,1.0,3.0,1.0,1.0,1.0,1.0,1.0,4.0,1.0,1.0
8157,1.0,1.0,1.0,3.0,1.0,1.0,1.0,1.0,1.0,4.0,1.0,1.0
8158,1.0,1.0,1.0,3.0,1.0,1.0,1.0,1.0,1.0,4.0,1.0,1.0
8159,1.0,1.0,1.0,3.0,1.0,1.0,1.0,1.0,1.0,3.0,1.0,1.0
8160,1.0,1.0,1.0,3.0,1.0,1.0,1.0,1.0,1.0,4.0,1.0,1.0
8161,1.0,1.0,1.0,3.0,1.0,1.0,1.0,1.0,1.0,5.0,2.0,1.0
8162,1.0,1.0,1.0,3.0,1.0,1.0,1.0,1.0,1.0,3.0,1.0,1.0
8163,1.0,1.0,1.0,3.0,1.0,1.0,1.0,1.0,1.0,3.0,1.0,1.0
8164,1.0,1.0,1.0,3.0,1.0,1.0,1.0,1.0,1.0,3.0,1.0,1.0
8165,1.0,1.0,1.0,3.0,1.0,1.0,1.0,1.0,1.0,3.0,1.0,1.0
8166,1.0,1.0,1.0,3.0,1.0,1.0,1.0,1.0,1.0,4.0,1.0,1.0
8167,1.0,1.0,1.0,3.0,1.0,1.0,1.0,1.0,1.0,3.0,1.0,1.0
8168,1.0,1.0,1.0,3.0,1.0,1.0,1.0,1.0,1.0,3.0,1.0,1.0
8169,1.0,1.0,1.0,3.0,1.0,1.0,1.0,1.0,1.0,3.0,1.0,1.0
8170,1.0,1.0,1.0,3.0,1.0,1.0,1.0,1.0,1.0,5.0,2.0,1.0
8171,1.0,1.0,1.0,3.0,1.0,1.0,1.0,1.0,1.0,4.0,1.0,1.0
8172,1.0,1.0,1.0,3.0,1.0,1.0,1.0,1.0,1.0,3.0,1.0,1.0
8173,1.0,1.0,1.0,3.0,1.0,1.0,1.0,1.0,1.0,5.0,2.0,1.0
8174,1.0,1.0,1.0,3.0,1.0,1.0,1.0,1.0,1.0,3.0,1.0,1.0
8175,1.0,1.0,1.0,3.0,1.0,1.0,1.0,1.0,1.0,3.0,1.0,1.0
8176,1.0,1.0,1.0,3.0,1.0,1.0,1.0,1.0,1.0,4.0,1.0,1.0
8177,1.0,1.0,1.0,3.0,1.0,1.0,1.0,1.0,1.0,5.0,2.0,1.0
8178,1.0,1.0,1.0,3.0,1.0,1.0,1.0,1.0,1.0,5.0,2.0,1.0
8179,1.0,1.0,1.0,3.0,1.0,1.0,1.0,1.0,1.0,3.0,1.0,1.0
8180,1.0,1.0,1.0,3.0,1.0,1.0,1.0,1.0,1.0,3.0,1.0,1.0
8181,1.0,1.0,1.0,3.0,1.0,1.0,1.0,1.0,1.0,3.0,1.0,1.0
8182,1.0,1.0,1.0,3.0,1.0,1.0,1.0,1.0,1.0,4.0,1.0,1.0
8183,1.0,1.0,1.0,3.0,1.0,1.0,1.0,1.0,1.0,3.0,1.0,1.0
8184,1.0,1.0,1.0,3.0,1.0,1.0,1.0,1.0,1.0,3.0,1.0,1.0
8185,1.0,1.0,1.0,3.0,1.0,1.0,1.0,1.0,1.0,3.0,1.0,1.0
8186,1.0,1.0,1.0,3.0,1.0,1.0,1.0,1.0,1.0,4.0,1.0,1.0
8187,1.0,1.0,1.0,3.0,1.0,1.0,1.0,1.0,1.0,4.0,1.0,1.0
8188,1.0,1.0,1.0,3.0,1.0,1.0,1.0,1.0,1.0,5.0,2.0,1.0
8189,1.0,1.0,1.0,3.0,1.0,1.0,1.0,1.0,1.0,5.0,2.0,1.0
8190,1.0,1.0,1.0,3.0,1.0,1.0,1.0,1.0,1.0,3.0,1.0,1.0
8191,1.0,1.0,1.0,3.0,1.0,1.0,1.0,1.0,1.0,3.0,1.0,1.0
8192,1.0,1.0,1.0,3.0,1.0,1.0,1.0,1.0,1.0,3.0,1.0,1.0
8193,1.0,1.0,1.0,3.0,1.0,1.0,1.0,1.0,1.0,4.0,1.0,1.0
8194,1.0,1.0,1.0,3.0,1.0,1.0,1.0,1.0,1.0,3.0,1.0,1.0
8195,1.0,1.0,1.0,3.0,1.0,1.0,1.0,1.0,1.0,3.0,1.0,1.0
8196,1.0,1.0,1.0,3.0,1.0,1.0,1.0,1.0,1.0,3.0,1.0,1.0
8197,1.0,1.0,1.0,3.0,1.0,1.0,1.0,1.0,1.0,3.0,1.0,1.0
8198,1.0,1.0,1.0,3.0,1.0,1.0,1.0,1.0,1.0,3.0,1.0,1.0
8199,1.0,1.0,1.0,3.0,1.0,1.0,1.0,1.0,1.0,3.0,1.0,1.0
8200,1.0,1.0,1.0,3.0,1.0,1.0,1.0,1.0,1.0,3.0,1.0,1.0
8201,1.0,1.0,1.0,3.0,1.0,1.0,1.0,1.0,1.0,4.0,1.0,1.0
8202,1.0,1.0,1.0,3.0,1.0,1.0,1.0,1.0,1.0,3.0,1.0,1.0
8203,1.0,1.0,1.0,3.0,1.0,1.0,1.0,1.0,1.0,5.0,2.0,1.0
8204,1.0,1.0,1.0,3.0,1.0,1.0,1.0,1.0,1.0,3.0,1.0,1.0
8205,1.0,1.0,1.0,3.0,1.0,1.0,1.0,1.0,1.0,5.0,2.0,1.0
8206,1.0,1.0,1.0,3.0,1.0,1.0,1.0,1.0,1.0,3.0,1.0,1.0
8207,1.0,1.0,1.0,3.0,1.0,1.0,1.0,1.0,1.0,3.0,1.0,1.0
8208,1.0,1.0,1.0,3.0,1.0,1.0,1.0,1.0,1.0,4.0,1.0,1.0
8209,1.0,1.0,1.0,3.0,1.0,1.0,1.0,1.0,1.0,3.0,1.0,1.0
8210,1.0,1.0,1.0,3.0,1.0,1.0,1.0,1.0,1.0,3.0,1.0,1.0
8211,1.0,1.0,1.0,3.0,1.0,1.0,1.0,1.0,1.0,5.0,2.0,1.0
8212,1.0,1.0,1.0,3.0,1.0,1.0,1.0,1.0,1.0,3.0,1.0,1.0
8213,1.0,1.0,1.0,3.0,1.0,1.0,1.0,1.0,1.0,4.0,1.0,1.0
8214,1.0,1.0,1.0,3.0,1.0,1.0,1.0,1.0,1.0,5.0,2.0,1.0
8215,1.0,1.0,1.0,3.0,1.0,1.0,1.0,1.0,1.0,5.0,2.0,1.0
8216,1.0,1.0,1.0,3.0,1.0,1.0,1.0,1.0,1.0,3.0,1.0,1.0
8217,1.0,1.0,1.0,3.0,1.0,1.0,1.0,1.0,1.0,3.0,1.0,1.0
8218,1.0,1.0,1.0,3.0,1.0,1.0,1.0,1.0,1.0,4.0,1.0,1.0
8219,1.0,1.0,1.0,3.0,1.0,1.0,1.0,1.0,1.0,5.0,2.0,1.0
8220,1.0,1.0,1.0,3.0,1.0,1.0,1.0,1.0,1.0,5.0,2.0,1.0
8221,1.0,1.0,1.0,3.0,1.0,1.0,1.0,1.0,1.0,3.0,1.0,1.0
8222,1.0,1.0,1.0,3.0,1.0,1.0,1.0,1.0,1.0,5.0,2.0,1.0
8223,1.0,1.0,1.0,3.0,1.0,1.0,1.0,1.0,1.0,3.0,1.0,1.0
8224,1.0,1.0,1.0,3.0,1.0,1.0,1.0,1.0,1.0,3.0,1.0,1.0
8225,1.0,1.0,1.0,3.0,1.0,1.0,1.0,1.0,1.0,3.0,1.0,1.0
8226,1.0,1.0,1.0,3.0,1.0,1.0,1.0,1.0,1.0,5.0,2.0,1.0
8227,1.0,1.0,1.0,3.0,1.0,1.0,1.0,1.0,1.0,3.0,1.0,1.0
8228,1.0,1.0,1.0,3.0,1.0,1.0,1.0,1.0,1.0,5.0,2.0,1.0
8229,1.0,1.0,1.0,3.0,1.0,1.0,1.0,1.0,1.0,4.0,1.0,1.0
8230,1.0,1.0,1.0,3.0,1.0,1.0,1.0,1.0,1.0,4.0,1.0,1.0
8231,1.0,1.0,1.0,3.0,1.0,1.0,1.0,1.0,1.0,5.0,2.0,1.0
8232,1.0,1.0,1.0,3.0,1.0,1.0,1.0,1.0,1.0,3.0,1.0,1.0
8233,1.0,1.0,1.0,3.0,1.0,1.0,1.0,1.0,1.0,3.0,1.0,1.0
8234,1.0,1.0,1.0,3.0,1.0,1.0,1.0,1.0,1.0,3.0,1.0,1.0
8235,1.0,1.0,1.0,3.0,1.0,1.0,1.0,1.0,1.0,5.0,2.0,1.0
8236,1.0,1.0,1.0,3.0,1.0,1.0,1.0,1.0,1.0,3.0,1.0,1.0
8237,1.0,1.0,1.0,3.0,1.0,1.0,1.0,1.0,1.0,4.0,1.0,1.0
8238,1.0,1.0,1.0,3.0,1.0,1.0,1.0,1.0,1.0,3.0,1.0,1.0
8239,1.0,1.0,1.0,3.0,1.0,1.0,1.0,1.0,1.0,3.0,1.0,1.0
8240,1.0,1.0,1.0,3.0,1.0,1.0,1.0,1.0,1.0,4.0,1.0,1.0
8241,1.0,1.0,1.0,3.0,1.0,1.0,1.0,1.0,1.0,3.0,1.0,1.0
8242,1.0,1.0,1.0,3.0,1.0,1.0,1.0,1.0,1.0,3.0,1.0,1.0
8243,1.0,1.0,1.0,3.0,1.0,1.0,1.0,1.0,1.0,5.0,2.0,1.0
8244,1.0,1.0,1.0,3.0,1.0,1.0,1.0,1.0,1.0,4.0,1.0,1.0
8245,1.0,1.0,1.0,3.0,1.0,1.0,1.0,1.0,1.0,5.0,2.0,1.0
8246,1.0,1.0,1.0,3.0,1.0,1.0,1.0,1.0,1.0,3.0,1.0,1.0
8247,1.0,1.0,1.0,3.0,1.0,1.0,1.0,1.0,1.0,5.0,2.0,1.0
8248,1.0,1.0,1.0,3.0,1.0,1.0,1.0,1.0,1.0,4.0,1.0,1.0
8249,1.0,1.0,1.0,3.0,1.0,1.0,1.0,1.0,1.0,4.0,1.0,1.0
8250,1.0,1.0,1.0,3.0,1.0,1.0,1.0,1.0,1.0,5.0,2.0,1.0
8251,1.0,1.0,1.0,3.0,1.0,1.0,1.0,1.0,1.0,5.0,2.0,1.0
8252,1.0,1.0,1.0,3.0,1.0,1.0,1.0,1.0,1.0,5.0,2.0,1.0
8253,1.0,1.0,1.0,3.0,1.0,1.0,1.0,1.0,1.0,4.0,1.0,1.0
8254,1.0,1.0,1.0,3.0,1.0,1.0,1.0,1.0,1.0,4.0,1.0,1.0
8255,1.0,1.0,1.0,3.0,1.0,1.0,1.0,1.0,1.0,3.0,1.0,1.0
8256,1.0,1.0,1.0,3.0,1.0,1.0,1.0,1.0,1.0,5.0,2.0,1.0
8257,1.0,1.0,1.0,3.0,1.0,1.0,1.0,1.0,1.0,4.0,1.0,1.0
8258,1.0,1.0,1.0,3.0,1.0,1.0,1.0,1.0,1.0,3.0,1.0,1.0
8259,1.0,1.0,1.0,3.0,1.0,1.0,1.0,1.0,1.0,3.0,1.0,1.0
8260,1.0,1.0,1.0,3.0,1.0,1.0,1.0,1.0,1.0,5.0,2.0,1.0
8261,1.0,1.0,1.0,3.0,1.0,1.0,1.0,1.0,1.0,3.0,1.0,1.0
8262,1.0,1.0,1.0,3.0,1.0,1.0,1.0,1.0,1.0,3.0,1.0,1.0
8263,1.0,1.0,1.0,3.0,1.0,1.0,1.0,1.0,1.0,3.0,1.0,1.0
8264,1.0,1.0,1.0,3.0,1.0,1.0,1.0,1.0,1.0,3.0,1.0,1.0
8265,1.0,1.0,1.0,3.0,1.0,1.0,1.0,1.0,1.0,4.0,1.0,1.0
8266,1.0,1.0,1.0,3.0,1.0,1.0,1.0,1.0,1.0,4.0,1.0,1.0
8267,1.0,1.0,1.0,3.0,1.0,1.0,1.0,1.0,1.0,5.0,2.0,1.0
8268,1.0,1.0,1.0,3.0,1.0,1.0,1.0,1.0,1.0,3.0,1.0,1.0
8269,1.0,1.0,1.0,3.0,1.0,1.0,1.0,1.0,1.0,5.0,2.0,1.0
8270,1.0,1.0,1.0,3.0,1.0,1.0,1.0,1.0,1.0,3.0,1.0,1.0
8271,1.0,1.0,1.0,3.0,1.0,1.0,1.0,1.0,1.0,3.0,1.0,1.0
8272,1.0,1.0,1.0,3.0,1.0,1.0,1.0,1.0,1.0,5.0,2.0,1.0
8273,1.0,1.0,1.0,3.0,1.0,1.0,1.0,1.0,1.0,3.0,1.0,1.0
8274,1.0,1.0,1.0,3.0,1.0,1.0,1.0,1.0,1.0,5.0,2.0,1.0
8275,1.0,1.0,1.0,3.0,1.0,1.0,1.0,1.0,1.0,5.0,2.0,1.0
8276,1.0,1.0,1.0,3.0,1.0,1.0,1.0,1.0,1.0,3.0,1.0,1.0
8277,1.0,1.0,1.0,3.0,1.0,1.0,1.0,1.0,1.0,3.0,1.0,1.0
8278,1.0,1.0,1.0,3.0,1.0,1.0,1.0,1.0,1.0,5.0,2.0,1.0
8279,1.0,1.0,1.0,3.0,1.0,1.0,1.0,1.0,1.0,3.0,1.0,1.0
8280,1.0,1.0,1.0,3.0,1.0,1.0,1.0,1.0,1.0,3.0,1.0,1.0
8281,1.0,1.0,1.0,3.0,1.0,1.0,1.0,1.0,1.0,4.0,1.0,1.0
8282,1.0,1.0,1.0,3.0,1.0,1.0,1.0,1.0,1.0,4.0,1.0,1.0
8283,1.0,1.0,1.0,3.0,1.0,1.0,1.0,1.0,1.0,5.0,2.0,1.0
8284,1.0,1.0,1.0,3.0,1.0,1.0,1.0,1.0,1.0,3.0,1.0,1.0
8285,1.0,1.0,1.0,3.0,1.0,1.0,1.0,1.0,1.0,3.0,1.0,1.0
8286,1.0,1.0,1.0,3.0,1.0,1.0,1.0,1.0,1.0,5.0,2.0,1.0
8287,1.0,1.0,1.0,3.0,1.0,1.0,1.0,1.0,1.0,3.0,1.0,1.0
8288,1.0,1.0,1.0,3.0,1.0,1.0,1.0,1.0,1.0,4.0,1.0,1.0
8289,1.0,1.0,1.0,3.0,1.0,1.0,1.0,1.0,1.0,3.0,1.0,1.0
8290,1.0,1.0,1.0,3.0,1.0,1.0,1.0,1.0,1.0,5.0,2.0,1.0
8291,1.0,1.0,1.0,3.0,1.0,1.0,1.0,1.0,1.0,4.0,1.0,1.0
8292,1.0,1.0,1.0,3.0,1.0,1.0,1.0,1.0,1.0,3.0,1.0,1.0
8293,1.0,1.0,1.0,3.0,1.0,1.0,1.0,1.0,1.0,4.0,1.0,1.0
8294,1.0,1.0,1.0,3.0,1.0,1.0,1.0,1.0,1.0,3.0,1.0,1.0
8295,1.0,1.0,1.0,3.0,1.0,1.0,1.0,1.0,1.0,4.0,1.0,1.0
8296,1.0,1.0,1.0,3.0,1.0,1.0,1.0,1.0,1.0,4.0,1.0,1.0
8297,1.0,1.0,1.0,3.0,1.0,1.0,1.0,1.0,1.0,5.0,2.0,1.0
8298,1.0,1.0,1.0,3.0,1.0,1.0,1.0,1.0,1.0,3.0,1.0,1.0
8299,1.0,1.0,1.0,3.0,1.0,1.0,1.0,1.0,1.0,5.0,2.0,1.0
8300,1.0,1.0,1.0,3.0,1.0,1.0,1.0,1.0,1.0,3.0,1.0,1.0
8301,1.0,1.0,1.0,3.0,1.0,1.0,1.0,1.0,1.0,4.0,1.0,1.0
8302,1.0,1.0,1.0,3.0,1.0,1.0,1.0,1.0,1.0,5.0,2.0,1.0
8303,1.0,1.0,1.0,3.0,1.0,1.0,1.0,1.0,1.0,3.0,1.0,1.0
8304,1.0,1.0,1.0,3.0,1.0,1.0,1.0,1.0,1.0,5.0,2.0,1.0
8305,1.0,1.0,1.0,3.0,1.0,1.0,1.0,1.0,1.0,3.0,1.0,1.0
8306,1.0,1.0,1.0,3.0,1.0,1.0,1.0,1.0,1.0,3.0,1.0,1.0
8307,1.0,1.0,1.0,3.0,1.0,1.0,1.0,1.0,1.0,3.0,1.0,1.0
8308,1.0,1.0,1.0,3.0,1.0,1.0,1.0,1.0,1.0,3.0,1.0,1.0
8309,1.0,1.0,1.0,3.0,1.0,1.0,1.0,1.0,1.0,4.0,1.0,1.0
8310,1.0,1.0,1.0,3.0,1.0,1.0,1.0,1.0,1.0,5.0,2.0,1.0
8311,1.0,1.0,1.0,3.0,1.0,1.0,1.0,1.0,1.0,4.0,1.0,1.0
8312,1.0,1.0,1.0,3.0,1.0,1.0,1.0,1.0,1.0,3.0,1.0,1.0
8313,1.0,1.0,1.0,3.0,1.0,1.0,1.0,1.0,1.0,3.0,1.0,1.0
8314,1.0,1.0,1.0,3.0,1.0,1.0,1.0,1.0,1.0,4.0,1.0,1.0
8315,1.0,1.0,1.0,3.0,1.0,1.0,1.0,1.0,1.0,3.0,1.0,1.0
8316,1.0,1.0,1.0,3.0,1.0,1.0,1.0,1.0,1.0,5.0,2.0,1.0
8317,1.0,1.0,1.0,3.0,1.0,1.0,1.0,1.0,1.0,4.0,1.0,1.0
8318,1.0,1.0,1.0,3.0,1.0,1.0,1.0,1.0,1.0,5.0,2.0,1.0
8319,1.0,1.0,1.0,3.0,1.0,1.0,1.0,1.0,1.0,5.0,2.0,1.0
8320,1.0,1.0,1.0,3.0,1.0,1.0,1.0,1.0,1.0,3.0,1.0,1.0
8321,1.0,1.0,1.0,3.0,1.0,1.0,1.0,1.0,1.0,3.0,1.0,1.0
8322,1.0,1.0,1.0,3.0,1.0,1.0,1.0,1.0,1.0,5.0,2.0,1.0
8323,1.0,1.0,1.0,3.0,1.0,1.0,1.0,1.0,1.0,3.0,1.0,1.0
8324,1.0,1.0,1.0,3.0,1.0,1.0,1.0,1.0,1.0,3.0,1.0,1.0
8325,1.0,1.0,1.0,3.0,1.0,1.0,1.0,1.0,1.0,3.0,1.0,1.0
8326,1.0,1.0,1.0,3.0,1.0,1.0,1.0,1.0,1.0,3.0,1.0,1.0
8327,1.0,1.0,1.0,3.0,1.0,1.0,1.0,1.0,1.0,5.0,2.0,1.0
8328,1.0,1.0,1.0,3.0,1.0,1.0,1.0,1.0,1.0,4.0,1.0,1.0
8329,1.0,1.0,1.0,3.0,1.0,1.0,1.0,1.0,1.0,4.0,1.0,1.0
8330,1.0,1.0,1.0,3.0,1.0,1.0,1.0,1.0,1.0,3.0,1.0,1.0
8331,1.0,1.0,1.0,3.0,1.0,1.0,1.0,1.0,1.0,5.0,2.0,1.0
8332,1.0,1.0,1.0,3.0,1.0,1.0,1.0,1.0,1.0,5.0,2.0,1.0
8333,1.0,1.0,1.0,3.0,1.0,1.0,1.0,1.0,1.0,5.0,2.0,1.0
8334,1.0,1.0,1.0,3.0,1.0,1.0,1.0,1.0,1.0,3.0,1.0,1.0
8335,1.0,1.0,1.0,3.0,1.0,1.0,1.0,1.0,1.0,3.0,1.0,1.0
8336,1.0,1.0,1.0,3.0,1.0,1.0,1.0,1.0,1.0,5.0,2.0,1.0
8337,1.0,1.0,1.0,3.0,1.0,1.0,1.0,1.0,1.0,5.0,2.0,1.0
8338,1.0,1.0,1.0,3.0,1.0,1.0,1.0,1.0,1.0,4.0,1.0,1.0
8339,1.0,1.0,1.0,3.0,1.0,1.0,1.0,1.0,1.0,5.0,2.0,1.0
8340,1.0,1.0,1.0,3.0,1.0,1.0,1.0,1.0,1.0,5.0,2.0,1.0
8341,1.0,1.0,1.0,3.0,1.0,1.0,1.0,1.0,1.0,3.0,1.0,1.0
8342,1.0,1.0,1.0,3.0,1.0,1.0,1.0,1.0,1.0,4.0,1.0,1.0
8343,1.0,1.0,1.0,3.0,1.0,1.0,1.0,1.0,1.0,3.0,1.0,1.0
8344,1.0,1.0,1.0,3.0,1.0,1.0,1.0,1.0,1.0,3.0,1.0,1.0
8345,1.0,1.0,1.0,3.0,1.0,1.0,1.0,1.0,1.0,4.0,1.0,1.0
8346,1.0,1.0,1.0,3.0,1.0,1.0,1.0,1.0,1.0,4.0,1.0,1.0
8347,1.0,1.0,1.0,3.0,1.0,1.0,1.0,1.0,1.0,3.0,1.0,1.0
8348,1.0,1.0,1.0,3.0,1.0,1.0,1.0,1.0,1.0,5.0,2.0,1.0
8349,1.0,1.0,1.0,3.0,1.0,1.0,1.0,1.0,1.0,3.0,1.0,1.0
8350,1.0,1.0,1.0,3.0,1.0,1.0,1.0,1.0,1.0,4.0,1.0,1.0
8351,1.0,1.0,1.0,3.0,1.0,1.0,1.0,1.0,1.0,3.0,1.0,1.0
8352,1.0,1.0,1.0,3.0,1.0,1.0,1.0,1.0,1.0,4.0,1.0,1.0
8353,1.0,1.0,1.0,3.0,1.0,1.0,1.0,1.0,1.0,3.0,1.0,1.0
8354,1.0,1.0,1.0,3.0,1.0,1.0,1.0,1.0,1.0,3.0,1.0,1.0
8355,1.0,1.0,1.0,3.0,1.0,1.0,1.0,1.0,1.0,4.0,1.0,1.0
8356,1.0,1.0,1.0,3.0,1.0,1.0,1.0,1.0,1.0,5.0,2.0,1.0
8357,1.0,1.0,1.0,3.0,1.0,1.0,1.0,1.0,1.0,5.0,2.0,1.0
8358,1.0,1.0,1.0,3.0,1.0,1.0,1.0,1.0,1.0,4.0,1.0,1.0
8359,1.0,1.0,1.0,3.0,1.0,1.0,1.0,1.0,1.0,4.0,1.0,1.0
8360,1.0,1.0,1.0,3.0,1.0,1.0,1.0,1.0,1.0,3.0,1.0,1.0
8361,1.0,1.0,1.0,3.0,1.0,1.0,1.0,1.0,1.0,4.0,1.0,1.0
8362,1.0,1.0,1.0,3.0,1.0,1.0,1.0,1.0,1.0,4.0,1.0,1.0
8363,1.0,1.0,1.0,3.0,1.0,1.0,1.0,1.0,1.0,3.0,1.0,1.0
8364,1.0,1.0,1.0,3.0,1.0,1.0,1.0,1.0,1.0,3.0,1.0,1.0
8365,1.0,1.0,1.0,3.0,1.0,1.0,1.0,1.0,1.0,3.0,1.0,1.0
8366,1.0,1.0,1.0,3.0,1.0,1.0,1.0,1.0,1.0,3.0,1.0,1.0
8367,1.0,1.0,1.0,3.0,1.0,1.0,1.0,1.0,1.0,4.0,1.0,1.0
8368,1.0,1.0,1.0,3.0,1.0,1.0,1.0,1.0,1.0,4.0,1.0,1.0
8369,1.0,1.0,1.0,3.0,1.0,1.0,1.0,1.0,1.0,3.0,1.0,1.0
8370,1.0,1.0,1.0,3.0,1.0,1.0,1.0,1.0,1.0,5.0,2.0,1.0
8371,1.0,1.0,1.0,3.0,1.0,1.0,1.0,1.0,1.0,5.0,2.0,1.0
8372,1.0,1.0,1.0,3.0,1.0,1.0,1.0,1.0,1.0,4.0,1.0,1.0
8373,1.0,1.0,1.0,3.0,1.0,1.0,1.0,1.0,1.0,3.0,1.0,1.0
8374,1.0,1.0,1.0,3.0,1.0,1.0,1.0,1.0,1.0,4.0,1.0,1.0
8375,1.0,1.0,1.0,3.0,1.0,1.0,1.0,1.0,1.0,4.0,1.0,1.0
8376,1.0,1.0,1.0,3.0,1.0,1.0,1.0,1.0,1.0,3.0,1.0,1.0
8377,1.0,1.0,1.0,3.0,1.0,1.0,1.0,1.0,1.0,4.0,1.0,1.0
8378,1.0,1.0,1.0,3.0,1.0,1.0,1.0,1.0,1.0,5.0,2.0,1.0
8379,1.0,1.0,1.0,3.0,1.0,1.0,1.0,1.0,1.0,5.0,2.0,1.0
8380,1.0,1.0,1.0,3.0,1.0,1.0,1.0,1.0,1.0,5.0,2.0,1.0
8381,1.0,1.0,1.0,3.0,1.0,1.0,1.0,1.0,1.0,4.0,1.0,1.0
8382,1.0,1.0,1.0,3.0,1.0,1.0,1.0,1.0,1.0,3.0,1.0,1.0
8383,1.0,1.0,1.0,3.0,1.0,1.0,1.0,1.0,1.0,4.0,1.0,1.0
8384,1.0,1.0,1.0,3.0,1.0,1.0,1.0,1.0,1.0,3.0,1.0,1.0
8385,1.0,1.0,1.0,3.0,1.0,1.0,1.0,1.0,1.0,5.0,2.0,1.0
8386,1.0,1.0,1.0,3.0,1.0,1.0,1.0,1.0,1.0,3.0,1.0,1.0
8387,1.0,1.0,1.0,3.0,1.0,1.0,1.0,1.0,1.0,3.0,1.0,1.0
8388,1.0,1.0,1.0,3.0,1.0,1.0,1.0,1.0,1.0,3.0,1.0,1.0
8389,1.0,1.0,1.0,3.0,1.0,1.0,1.0,1.0,1.0,3.0,1.0,1.0
8390,1.0,1.0,1.0,3.0,1.0,1.0,1.0,1.0,1.0,5.0,2.0,1.0
8391,1.0,1.0,1.0,3.0,1.0,1.0,1.0,1.0,1.0,4.0,1.0,1.0
8392,1.0,1.0,1.0,3.0,1.0,1.0,1.0,1.0,1.0,3.0,1.0,1.0
8393,1.0,1.0,1.0,3.0,1.0,1.0,1.0,1.0,1.0,3.0,1.0,1.0
8394,1.0,1.0,1.0,3.0,1.0,1.0,1.0,1.0,1.0,4.0,1.0,1.0
8395,1.0,1.0,1.0,3.0,1.0,1.0,1.0,1.0,1.0,5.0,2.0,1.0
8396,1.0,1.0,1.0,3.0,1.0,1.0,1.0,1.0,1.0,3.0,1.0,1.0
8397,1.0,1.0,1.0,3.0,1.0,1.0,1.0,1.0,1.0,5.0,2.0,1.0
8398,1.0,1.0,1.0,3.0,1.0,1.0,1.0,1.0,1.0,3.0,1.0,1.0
8399,1.0,1.0,1.0,3.0,1.0,1.0,1.0,1.0,1.0,3.0,1.0,1.0
8400,1.0,1.0,1.0,3.0,1.0,1.0,1.0,1.0,1.0,3.0,1.0,1.0
8401,1.0,1.0,1.0,3.0,1.0,1.0,1.0,1.0,1.0,4.0,1.0,1.0
8402,1.0,1.0,1.0,3.0,1.0,1.0,1.0,1.0,1.0,4.0,1.0,1.0
8403,1.0,1.0,1.0,3.0,1.0,1.0,1.0,1.0,1.0,4.0,1.0,1.0
8404,1.0,1.0,1.0,3.0,1.0,1.0,1.0,1.0,1.0,3.0,1.0,1.0
8405,1.0,1.0,1.0,3.0,1.0,1.0,1.0,1.0,1.0,3.0,1.0,1.0
8406,1.0,1.0,1.0,3.0,1.0,1.0,1.0,1.0,1.0,5.0,2.0,1.0
8407,1.0,1.0,1.0,3.0,1.0,1.0,1.0,1.0,1.0,3.0,1.0,1.0
8408,1.0,1.0,1.0,3.0,1.0,1.0,1.0,1.0,1.0,3.0,1.0,1.0
8409,1.0,1.0,1.0,3.0,1.0,1.0,1.0,1.0,1.0,3.0,1.0,1.0
8410,1.0,1.0,1.0,3.0,1.0,1.0,1.0,1.0,1.0,3.0,1.0,1.0
8411,1.0,1.0,1.0,3.0,1.0,1.0,1.0,1.0,1.0,5.0,2.0,1.0
8412,1.0,1.0,1.0,3.0,1.0,1.0,1.0,1.0,1.0,5.0,2.0,1.0
8413,1.0,1.0,1.0,3.0,1.0,1.0,1.0,1.0,1.0,4.0,1.0,1.0
8414,1.0,1.0,1.0,3.0,1.0,1.0,1.0,1.0,1.0,3.0,1.0,1.0
8415,1.0,1.0,1.0,3.0,1.0,1.0,1.0,1.0,1.0,4.0,1.0,1.0
8416,1.0,1.0,1.0,3.0,1.0,1.0,1.0,1.0,1.0,3.0,1.0,1.0
8417,1.0,1.0,1.0,3.0,1.0,1.0,1.0,1.0,1.0,3.0,1.0,1.0
8418,1.0,1.0,1.0,3.0,1.0,1.0,1.0,1.0,1.0,5.0,2.0,1.0
8419,1.0,1.0,1.0,3.0,1.0,1.0,1.0,1.0,1.0,5.0,2.0,1.0
8420,1.0,1.0,1.0,3.0,1.0,1.0,1.0,1.0,1.0,4.0,1.0,1.0
8421,1.0,1.0,1.0,3.0,1.0,1.0,1.0,1.0,1.0,5.0,2.0,1.0
8422,1.0,1.0,1.0,3.0,1.0,1.0,1.0,1.0,1.0,3.0,1.0,1.0
8423,1.0,1.0,1.0,3.0,1.0,1.0,1.0,1.0,1.0,3.0,1.0,1.0
8424,1.0,1.0,1.0,3.0,1.0,1.0,1.0,1.0,1.0,3.0,1.0,1.0
8425,1.0,1.0,1.0,3.0,1.0,1.0,1.0,1.0,1.0,4.0,1.0,1.0
8426,1.0,1.0,1.0,3.0,1.0,1.0,1.0,1.0,1.0,3.0,1.0,1.0
8427,1.0,1.0,1.0,3.0,1.0,1.0,1.0,1.0,1.0,3.0,1.0,1.0
8428,1.0,1.0,1.0,3.0,1.0,1.0,1.0,1.0,1.0,5.0,2.0,1.0
8429,1.0,1.0,1.0,3.0,1.0,1.0,1.0,1.0,1.0,5.0,2.0,1.0
8430,1.0,1.0,1.0,3.0,1.0,1.0,1.0,1.0,1.0,3.0,1.0,1.0
8431,1.0,1.0,1.0,3.0,1.0,1.0,1.0,1.0,1.0,5.0,2.0,1.0
8432,1.0,1.0,1.0,3.0,1.0,1.0,1.0,1.0,1.0,4.0,1.0,1.0
8433,1.0,1.0,1.0,3.0,1.0,1.0,1.0,1.0,1.0,3.0,1.0,1.0
8434,1.0,1.0,1.0,3.0,1.0,1.0,1.0,1.0,1.0,4.0,1.0,1.0
8435,1.0,1.0,1.0,3.0,1.0,1.0,1.0,1.0,1.0,3.0,1.0,1.0
8436,1.0,1.0,1.0,3.0,1.0,1.0,1.0,1.0,1.0,3.0,1.0,1.0
8437,1.0,1.0,1.0,3.0,1.0,1.0,1.0,1.0,1.0,5.0,2.0,1.0
8438,1.0,1.0,1.0,3.0,1.0,1.0,1.0,1.0,1.0,3.0,1.0,1.0
8439,1.0,1.0,1.0,3.0,1.0,1.0,1.0,1.0,1.0,5.0,2.0,1.0
8440,1.0,1.0,1.0,3.0,1.0,1.0,1.0,1.0,1.0,3.0,1.0,1.0
8441,1.0,1.0,1.0,3.0,1.0,1.0,1.0,1.0,1.0,4.0,1.0,1.0
8442,1.0,1.0,1.0,3.0,1.0,1.0,1.0,1.0,1.0,3.0,1.0,1.0
8443,1.0,1.0,1.0,3.0,1.0,1.0,1.0,1.0,1.0,3.0,1.0,1.0
8444,1.0,1.0,1.0,3.0,1.0,1.0,1.0,1.0,1.0,3.0,1.0,1.0
8445,1.0,1.0,1.0,3.0,1.0,1.0,1.0,1.0,1.0,5.0,2.0,1.0
8446,1.0,1.0,1.0,3.0,1.0,1.0,1.0,1.0,1.0,3.0,1.0,1.0
8447,1.0,1.0,1.0,3.0,1.0,1.0,1.0,1.0,1.0,4.0,1.0,1.0
8448,1.0,1.0,1.0,3.0,1.0,1.0,1.0,1.0,1.0,3.0,1.0,1.0
8449,1.0,1.0,1.0,3.0,1.0,1.0,1.0,1.0,1.0,5.0,2.0,1.0
8450,1.0,1.0,1.0,3.0,1.0,1.0,1.0,1.0,1.0,5.0,2.0,1.0
8451,1.0,1.0,1.0,3.0,1.0,1.0,1.0,1.0,1.0,5.0,2.0,1.0
8452,1.0,1.0,1.0,3.0,1.0,1.0,1.0,1.0,1.0,4.0,1.0,1.0
8453,1.0,1.0,1.0,3.0,1.0,1.0,1.0,1.0,1.0,5.0,2.0,1.0
8454,1.0,1.0,1.0,3.0,1.0,1.0,1.0,1.0,1.0,4.0,1.0,1.0
8455,1.0,1.0,1.0,3.0,1.0,1.0,1.0,1.0,1.0,3.0,1.0,1.0
8456,1.0,1.0,1.0,3.0,1.0,1.0,1.0,1.0,1.0,3.0,1.0,1.0
8457,1.0,1.0,1.0,3.0,1.0,1.0,1.0,1.0,1.0,3.0,1.0,1.0
8458,1.0,1.0,1.0,3.0,1.0,1.0,1.0,1.0,1.0,3.0,1.0,1.0
8459,1.0,1.0,1.0,3.0,1.0,1.0,1.0,1.0,1.0,4.0,1.0,1.0
8460,1.0,1.0,1.0,3.0,1.0,1.0,1.0,1.0,1.0,3.0,1.0,1.0
8461,1.0,1.0,1.0,3.0,1.0,1.0,1.0,1.0,1.0,3.0,1.0,1.0
8462,1.0,1.0,1.0,3.0,1.0,1.0,1.0,1.0,1.0,3.0,1.0,1.0
8463,1.0,1.0,1.0,3.0,1.0,1.0,1.0,1.0,1.0,3.0,1.0,1.0
8464,1.0,1.0,1.0,3.0,1.0,1.0,1.0,1.0,1.0,5.0,2.0,1.0
8465,1.0,1.0,1.0,3.0,1.0,1.0,1.0,1.0,1.0,3.0,1.0,1.0
8466,1.0,1.0,1.0,3.0,1.0,1.0,1.0,1.0,1.0,3.0,1.0,1.0
8467,1.0,1.0,1.0,3.0,1.0,1.0,1.0,1.0,1.0,3.0,1.0,1.0
8468,1.0,1.0,1.0,3.0,1.0,1.0,1.0,1.0,1.0,3.0,1.0,1.0
8469,1.0,1.0,1.0,3.0,1.0,1.0,1.0,1.0,1.0,5.0,2.0,1.0
8470,1.0,1.0,1.0,3.0,1.0,1.0,1.0,1.0,1.0,5.0,2.0,1.0
8471,1.0,1.0,1.0,3.0,1.0,1.0,1.0,1.0,1.0,5.0,2.0,1.0
8472,1.0,1.0,1.0,3.0,1.0,1.0,1.0,1.0,1.0,4.0,1.0,1.0
8473,1.0,1.0,1.0,3.0,1.0,1.0,1.0,1.0,1.0,3.0,1.0,1.0
8474,1.0,1.0,1.0,3.0,1.0,1.0,1.0,1.0,1.0,5.0,2.0,1.0
8475,1.0,1.0,1.0,3.0,1.0,1.0,1.0,1.0,1.0,3.0,1.0,1.0
8476,1.0,1.0,1.0,3.0,1.0,1.0,1.0,1.0,1.0,5.0,2.0,1.0
8477,1.0,1.0,1.0,3.0,1.0,1.0,1.0,1.0,1.0,3.0,1.0,1.0
8478,1.0,1.0,1.0,3.0,1.0,1.0,1.0,1.0,1.0,3.0,1.0,1.0
8479,1.0,1.0,1.0,3.0,1.0,1.0,1.0,1.0,1.0,3.0,1.0,1.0
8480,1.0,1.0,1.0,3.0,1.0,1.0,1.0,1.0,1.0,4.0,1.0,1.0
8481,1.0,1.0,1.0,3.0,1.0,1.0,1.0,1.0,1.0,5.0,2.0,1.0
8482,1.0,1.0,1.0,3.0,1.0,1.0,1.0,1.0,1.0,5.0,2.0,1.0
8483,1.0,1.0,1.0,3.0,1.0,1.0,1.0,1.0,1.0,3.0,1.0,1.0
8484,1.0,1.0,1.0,3.0,1.0,1.0,1.0,1.0,1.0,4.0,1.0,1.0
8485,1.0,1.0,1.0,3.0,1.0,1.0,1.0,1.0,1.0,3.0,1.0,1.0
8486,1.0,1.0,1.0,3.0,1.0,1.0,1.0,1.0,1.0,4.0,1.0,1.0
8487,1.0,1.0,1.0,3.0,1.0,1.0,1.0,1.0,1.0,4.0,1.0,1.0
8488,1.0,1.0,1.0,3.0,1.0,1.0,1.0,1.0,1.0,5.0,2.0,1.0
8489,1.0,1.0,1.0,3.0,1.0,1.0,1.0,1.0,1.0,4.0,1.0,1.0
8490,1.0,1.0,1.0,3.0,1.0,1.0,1.0,1.0,1.0,3.0,1.0,1.0
8491,1.0,1.0,1.0,3.0,1.0,1.0,1.0,1.0,1.0,3.0,1.0,1.0
8492,1.0,1.0,1.0,3.0,1.0,1.0,1.0,1.0,1.0,3.0,1.0,1.0
8493,1.0,1.0,1.0,3.0,1.0,1.0,1.0,1.0,1.0,5.0,2.0,1.0
8494,1.0,1.0,1.0,3.0,1.0,1.0,1.0,1.0,1.0,5.0,2.0,1.0
8495,1.0,1.0,1.0,3.0,1.0,1.0,1.0,1.0,1.0,5.0,2.0,1.0
8496,1.0,1.0,1.0,3.0,1.0,1.0,1.0,1.0,1.0,5.0,2.0,1.0
8497,1.0,1.0,1.0,3.0,1.0,1.0,1.0,1.0,1.0,3.0,1.0,1.0
8498,1.0,1.0,1.0,3.0,1.0,1.0,1.0,1.0,1.0,4.0,1.0,1.0
8499,1.0,1.0,1.0,3.0,1.0,1.0,1.0,1.0,1.0,4.0,1.0,1.0
8500,1.0,1.0,1.0,3.0,1.0,1.0,1.0,1.0,1.0,3.0,1.0,1.0
8501,1.0,1.0,1.0,3.0,1.0,1.0,1.0,1.0,1.0,3.0,1.0,1.0
8502,1.0,1.0,1.0,3.0,1.0,1.0,1.0,1.0,1.0,4.0,1.0,1.0
8503,1.0,1.0,1.0,3.0,1.0,1.0,1.0,1.0,1.0,3.0,1.0,1.0
8504,1.0,1.0,1.0,3.0,1.0,1.0,1.0,1.0,1.0,3.0,1.0,1.0
8505,1.0,1.0,1.0,3.0,1.0,1.0,1.0,1.0,1.0,3.0,1.0,1.0
8506,1.0,1.0,1.0,3.0,1.0,1.0,1.0,1.0,1.0,4.0,1.0,1.0
8507,1.0,1.0,1.0,3.0,1.0,1.0,1.0,1.0,1.0,4.0,1.0,1.0
8508,1.0,1.0,1.0,3.0,1.0,1.0,1.0,1.0,1.0,5.0,2.0,1.0
8509,1.0,1.0,1.0,3.0,1.0,1.0,1.0,1.0,1.0,5.0,2.0,1.0
8510,1.0,1.0,1.0,3.0,1.0,1.0,1.0,1.0,1.0,4.0,1.0,1.0
8511,1.0,1.0,1.0,3.0,1.0,1.0,1.0,1.0,1.0,4.0,1.0,1.0
8512,1.0,1.0,1.0,3.0,1.0,1.0,1.0,1.0,1.0,4.0,1.0,1.0
8513,1.0,1.0,1.0,3.0,1.0,1.0,1.0,1.0,1.0,3.0,1.0,1.0
8514,1.0,1.0,1.0,3.0,1.0,1.0,1.0,1.0,1.0,3.0,1.0,1.0
8515,1.0,1.0,1.0,3.0,1.0,1.0,1.0,1.0,1.0,5.0,2.0,1.0
8516,1.0,1.0,1.0,3.0,1.0,1.0,1.0,1.0,1.0,3.0,1.0,1.0
8517,1.0,1.0,1.0,3.0,1.0,1.0,1.0,1.0,1.0,3.0,1.0,1.0
8518,1.0,1.0,1.0,3.0,1.0,1.0,1.0,1.0,1.0,5.0,2.0,1.0
8519,1.0,1.0,1.0,3.0,1.0,1.0,1.0,1.0,1.0,3.0,1.0,1.0
8520,1.0,1.0,1.0,3.0,1.0,1.0,1.0,1.0,1.0,4.0,1.0,1.0
8521,1.0,1.0,1.0,3.0,1.0,1.0,1.0,1.0,1.0,4.0,1.0,1.0
8522,1.0,1.0,1.0,3.0,1.0,1.0,1.0,1.0,1.0,5.0,2.0,1.0
8523,1.0,1.0,1.0,3.0,1.0,1.0,1.0,1.0,1.0,5.0,2.0,1.0
8524,1.0,1.0,1.0,3.0,1.0,1.0,1.0,1.0,1.0,3.0,1.0,1.0
8525,1.0,1.0,1.0,3.0,1.0,1.0,1.0,1.0,1.0,5.0,2.0,1.0
8526,1.0,1.0,1.0,3.0,1.0,1.0,1.0,1.0,1.0,3.0,1.0,1.0
8527,1.0,1.0,1.0,3.0,1.0,1.0,1.0,1.0,1.0,5.0,2.0,1.0
8528,1.0,1.0,1.0,3.0,1.0,1.0,1.0,1.0,1.0,5.0,2.0,1.0
8529,1.0,1.0,1.0,3.0,1.0,1.0,1.0,1.0,1.0,3.0,1.0,1.0
8530,1.0,1.0,1.0,3.0,1.0,1.0,1.0,1.0,1.0,5.0,2.0,1.0
8531,1.0,1.0,1.0,3.0,1.0,1.0,1.0,1.0,1.0,3.0,1.0,1.0
8532,1.0,1.0,1.0,3.0,1.0,1.0,1.0,1.0,1.0,3.0,1.0,1.0
8533,1.0,1.0,1.0,3.0,1.0,1.0,1.0,1.0,1.0,3.0,1.0,1.0
8534,1.0,1.0,1.0,3.0,1.0,1.0,1.0,1.0,1.0,5.0,2.0,1.0
8535,1.0,1.0,1.0,3.0,1.0,1.0,1.0,1.0,1.0,4.0,1.0,1.0
8536,1.0,1.0,1.0,3.0,1.0,1.0,1.0,1.0,1.0,5.0,2.0,1.0
8537,1.0,1.0,1.0,3.0,1.0,1.0,1.0,1.0,1.0,3.0,1.0,1.0
8538,1.0,1.0,1.0,3.0,1.0,1.0,1.0,1.0,1.0,5.0,2.0,1.0
8539,1.0,1.0,1.0,3.0,1.0,1.0,1.0,1.0,1.0,3.0,1.0,1.0
8540,1.0,1.0,1.0,3.0,1.0,1.0,1.0,1.0,1.0,5.0,2.0,1.0
8541,1.0,1.0,1.0,3.0,1.0,1.0,1.0,1.0,1.0,4.0,1.0,1.0
8542,1.0,1.0,1.0,3.0,1.0,1.0,1.0,1.0,1.0,3.0,1.0,1.0
8543,1.0,1.0,1.0,3.0,1.0,1.0,1.0,1.0,1.0,3.0,1.0,1.0
8544,1.0,1.0,1.0,3.0,1.0,1.0,1.0,1.0,1.0,4.0,1.0,1.0
8545,1.0,1.0,1.0,3.0,1.0,1.0,1.0,1.0,1.0,3.0,1.0,1.0
8546,1.0,1.0,1.0,3.0,1.0,1.0,1.0,1.0,1.0,3.0,1.0,1.0
8547,1.0,1.0,1.0,3.0,1.0,1.0,1.0,1.0,1.0,3.0,1.0,1.0
8548,1.0,1.0,1.0,3.0,1.0,1.0,1.0,1.0,1.0,5.0,2.0,1.0
8549,1.0,1.0,1.0,3.0,1.0,1.0,1.0,1.0,1.0,3.0,1.0,1.0
8550,1.0,1.0,1.0,3.0,1.0,1.0,1.0,1.0,1.0,3.0,1.0,1.0
8551,1.0,1.0,1.0,3.0,1.0,1.0,1.0,1.0,1.0,5.0,2.0,1.0
8552,1.0,1.0,1.0,3.0,1.0,1.0,1.0,1.0,1.0,5.0,2.0,1.0
8553,1.0,1.0,1.0,3.0,1.0,1.0,1.0,1.0,1.0,3.0,1.0,1.0
8554,1.0,1.0,1.0,3.0,1.0,1.0,1.0,1.0,1.0,3.0,1.0,1.0
8555,1.0,1.0,1.0,3.0,1.0,1.0,1.0,1.0,1.0,5.0,2.0,1.0
8556,1.0,1.0,1.0,3.0,1.0,1.0,1.0,1.0,1.0,5.0,2.0,1.0
8557,1.0,1.0,1.0,3.0,1.0,1.0,1.0,1.0,1.0,3.0,1.0,1.0
8558,1.0,1.0,1.0,3.0,1.0,1.0,1.0,1.0,1.0,3.0,1.0,1.0
8559,1.0,1.0,1.0,3.0,1.0,1.0,1.0,1.0,1.0,5.0,2.0,1.0
8560,1.0,1.0,1.0,3.0,1.0,1.0,1.0,1.0,1.0,5.0,2.0,1.0
8561,1.0,1.0,1.0,3.0,1.0,1.0,1.0,1.0,1.0,4.0,1.0,1.0
8562,1.0,1.0,1.0,3.0,1.0,1.0,1.0,1.0,1.0,5.0,2.0,1.0
8563,1.0,1.0,1.0,3.0,1.0,1.0,1.0,1.0,1.0,3.0,1.0,1.0
8564,1.0,1.0,1.0,3.0,1.0,1.0,1.0,1.0,1.0,3.0,1.0,1.0
8565,1.0,1.0,1.0,3.0,1.0,1.0,1.0,1.0,1.0,3.0,1.0,1.0
8566,1.0,1.0,1.0,3.0,1.0,1.0,1.0,1.0,1.0,5.0,2.0,1.0
8567,1.0,1.0,1.0,3.0,1.0,1.0,1.0,1.0,1.0,3.0,1.0,1.0
8568,1.0,1.0,1.0,3.0,1.0,1.0,1.0,1.0,1.0,4.0,1.0,1.0
8569,1.0,1.0,1.0,3.0,1.0,1.0,1.0,1.0,1.0,4.0,1.0,1.0
8570,1.0,1.0,1.0,3.0,1.0,1.0,1.0,1.0,1.0,3.0,1.0,1.0
8571,1.0,1.0,1.0,3.0,1.0,1.0,1.0,1.0,1.0,4.0,1.0,1.0
8572,1.0,1.0,1.0,3.0,1.0,1.0,1.0,1.0,1.0,4.0,1.0,1.0
8573,1.0,1.0,1.0,3.0,1.0,1.0,1.0,1.0,1.0,5.0,2.0,1.0
8574,1.0,1.0,1.0,3.0,1.0,1.0,1.0,1.0,1.0,3.0,1.0,1.0
8575,1.0,1.0,1.0,3.0,1.0,1.0,1.0,1.0,1.0,3.0,1.0,1.0
8576,1.0,1.0,1.0,3.0,1.0,1.0,1.0,1.0,1.0,4.0,1.0,1.0
8577,1.0,1.0,1.0,3.0,1.0,1.0,1.0,1.0,1.0,3.0,1.0,1.0
8578,1.0,1.0,1.0,3.0,1.0,1.0,1.0,1.0,1.0,3.0,1.0,1.0
8579,1.0,1.0,1.0,3.0,1.0,1.0,1.0,1.0,1.0,3.0,1.0,1.0
8580,1.0,1.0,1.0,3.0,1.0,1.0,1.0,1.0,1.0,5.0,2.0,1.0
8581,1.0,1.0,1.0,3.0,1.0,1.0,1.0,1.0,1.0,3.0,1.0,1.0
8582,1.0,1.0,1.0,3.0,1.0,1.0,1.0,1.0,1.0,4.0,1.0,1.0
8583,1.0,1.0,1.0,3.0,1.0,1.0,1.0,1.0,1.0,3.0,1.0,1.0
8584,1.0,1.0,1.0,3.0,1.0,1.0,1.0,1.0,1.0,5.0,2.0,1.0
8585,1.0,1.0,1.0,3.0,1.0,1.0,1.0,1.0,1.0,5.0,2.0,1.0
8586,1.0,1.0,1.0,3.0,1.0,1.0,1.0,1.0,1.0,3.0,1.0,1.0
8587,1.0,1.0,1.0,3.0,1.0,1.0,1.0,1.0,1.0,3.0,1.0,1.0
8588,1.0,1.0,1.0,3.0,1.0,1.0,1.0,1.0,1.0,5.0,2.0,1.0
8589,1.0,1.0,1.0,3.0,1.0,1.0,1.0,1.0,1.0,4.0,1.0,1.0
8590,1.0,1.0,1.0,3.0,1.0,1.0,1.0,1.0,1.0,3.0,1.0,1.0
8591,1.0,1.0,1.0,3.0,1.0,1.0,1.0,1.0,1.0,3.0,1.0,1.0
8592,1.0,1.0,1.0,3.0,1.0,1.0,1.0,1.0,1.0,3.0,1.0,1.0
8593,1.0,1.0,1.0,3.0,1.0,1.0,1.0,1.0,1.0,3.0,1.0,1.0
8594,1.0,1.0,1.0,3.0,1.0,1.0,1.0,1.0,1.0,3.0,1.0,1.0
8595,1.0,1.0,1.0,3.0,1.0,1.0,1.0,1.0,1.0,5.0,2.0,1.0
8596,1.0,1.0,1.0,3.0,1.0,1.0,1.0,1.0,1.0,4.0,1.0,1.0
8597,1.0,1.0,1.0,3.0,1.0,1.0,1.0,1.0,1.0,3.0,1.0,1.0
8598,1.0,1.0,1.0,3.0,1.0,1.0,1.0,1.0,1.0,4.0,1.0,1.0
8599,1.0,1.0,1.0,3.0,1.0,1.0,1.0,1.0,1.0,5.0,2.0,1.0
8600,1.0,1.0,1.0,3.0,1.0,1.0,1.0,1.0,1.0,5.0,2.0,1.0
8601,1.0,1.0,1.0,3.0,1.0,1.0,1.0,1.0,1.0,3.0,1.0,1.0
8602,1.0,1.0,1.0,3.0,1.0,1.0,1.0,1.0,1.0,3.0,1.0,1.0
8603,1.0,1.0,1.0,3.0,1.0,1.0,1.0,1.0,1.0,3.0,1.0,1.0
8604,1.0,1.0,1.0,3.0,1.0,1.0,1.0,1.0,1.0,5.0,2.0,1.0
8605,1.0,1.0,1.0,3.0,1.0,1.0,1.0,1.0,1.0,4.0,1.0,1.0
8606,1.0,1.0,1.0,3.0,1.0,1.0,1.0,1.0,1.0,5.0,2.0,1.0
8607,1.0,1.0,1.0,3.0,1.0,1.0,1.0,1.0,1.0,5.0,2.0,1.0
8608,1.0,1.0,1.0,3.0,1.0,1.0,1.0,1.0,1.0,3.0,1.0,1.0
8609,1.0,1.0,1.0,3.0,1.0,1.0,1.0,1.0,1.0,3.0,1.0,1.0
8610,1.0,1.0,1.0,3.0,1.0,1.0,1.0,1.0,1.0,5.0,2.0,1.0
8611,1.0,1.0,1.0,3.0,1.0,1.0,1.0,1.0,1.0,3.0,1.0,1.0
8612,1.0,1.0,1.0,3.0,1.0,1.0,1.0,1.0,1.0,4.0,1.0,1.0
8613,1.0,1.0,1.0,3.0,1.0,1.0,1.0,1.0,1.0,5.0,2.0,1.0
8614,1.0,1.0,1.0,3.0,1.0,1.0,1.0,1.0,1.0,3.0,1.0,1.0
8615,1.0,1.0,1.0,3.0,1.0,1.0,1.0,1.0,1.0,3.0,1.0,1.0
8616,1.0,1.0,1.0,3.0,1.0,1.0,1.0,1.0,1.0,5.0,2.0,1.0
8617,1.0,1.0,1.0,3.0,1.0,1.0,1.0,1.0,1.0,3.0,1.0,1.0
8618,1.0,1.0,1.0,3.0,1.0,1.0,1.0,1.0,1.0,4.0,1.0,1.0
8619,1.0,1.0,1.0,3.0,1.0,1.0,1.0,1.0,1.0,4.0,1.0,1.0
8620,1.0,1.0,1.0,3.0,1.0,1.0,1.0,1.0,1.0,4.0,1.0,1.0
8621,1.0,1.0,1.0,3.0,1.0,1.0,1.0,1.0,1.0,3.0,1.0,1.0
8622,1.0,1.0,1.0,3.0,1.0,1.0,1.0,1.0,1.0,3.0,1.0,1.0
8623,1.0,1.0,1.0,3.0,1.0,1.0,1.0,1.0,1.0,3.0,1.0,1.0
8624,1.0,1.0,1.0,3.0,1.0,1.0,1.0,1.0,1.0,5.0,2.0,1.0
8625,1.0,1.0,1.0,3.0,1.0,1.0,1.0,1.0,1.0,3.0,1.0,1.0
8626,1.0,1.0,1.0,3.0,1.0,1.0,1.0,1.0,1.0,5.0,2.0,1.0
8627,1.0,1.0,1.0,3.0,1.0,1.0,1.0,1.0,1.0,5.0,2.0,1.0
8628,1.0,1.0,1.0,3.0,1.0,1.0,1.0,1.0,1.0,3.0,1.0,1.0
8629,1.0,1.0,1.0,3.0,1.0,1.0,1.0,1.0,1.0,4.0,1.0,1.0
8630,1.0,1.0,1.0,3.0,1.0,1.0,1.0,1.0,1.0,4.0,1.0,1.0
8631,1.0,1.0,1.0,3.0,1.0,1.0,1.0,1.0,1.0,4.0,1.0,1.0
8632,1.0,1.0,1.0,3.0,1.0,1.0,1.0,1.0,1.0,5.0,2.0,1.0
8633,1.0,1.0,1.0,3.0,1.0,1.0,1.0,1.0,1.0,4.0,1.0,1.0
8634,1.0,1.0,1.0,3.0,1.0,1.0,1.0,1.0,1.0,3.0,1.0,1.0
8635,1.0,1.0,1.0,3.0,1.0,1.0,1.0,1.0,1.0,5.0,2.0,1.0
8636,1.0,1.0,1.0,3.0,1.0,1.0,1.0,1.0,1.0,3.0,1.0,1.0
8637,1.0,1.0,1.0,3.0,1.0,1.0,1.0,1.0,1.0,5.0,2.0,1.0
8638,1.0,1.0,1.0,3.0,1.0,1.0,1.0,1.0,1.0,5.0,2.0,1.0
8639,1.0,1.0,1.0,3.0,1.0,1.0,1.0,1.0,1.0,5.0,2.0,1.0
8640,1.0,1.0,1.0,3.0,1.0,1.0,1.0,1.0,1.0,3.0,1.0,1.0
8641,1.0,1.0,1.0,3.0,1.0,1.0,1.0,1.0,1.0,3.0,1.0,1.0
8642,1.0,1.0,1.0,3.0,1.0,1.0,1.0,1.0,1.0,5.0,2.0,1.0
8643,1.0,1.0,1.0,3.0,1.0,1.0,1.0,1.0,1.0,3.0,1.0,1.0
8644,1.0,1.0,1.0,3.0,1.0,1.0,1.0,1.0,1.0,5.0,2.0,1.0
8645,1.0,1.0,1.0,3.0,1.0,1.0,1.0,1.0,1.0,3.0,1.0,1.0
8646,1.0,1.0,1.0,3.0,1.0,1.0,1.0,1.0,1.0,3.0,1.0,1.0
8647,1.0,1.0,1.0,3.0,1.0,1.0,1.0,1.0,1.0,3.0,1.0,1.0
8648,1.0,1.0,1.0,3.0,1.0,1.0,1.0,1.0,1.0,3.0,1.0,1.0
8649,1.0,1.0,1.0,3.0,1.0,1.0,1.0,1.0,1.0,3.0,1.0,1.0
8650,1.0,1.0,1.0,3.0,1.0,1.0,1.0,1.0,1.0,3.0,1.0,1.0
8651,1.0,1.0,1.0,3.0,1.0,1.0,1.0,1.0,1.0,3.0,1.0,1.0
8652,1.0,1.0,1.0,3.0,1.0,1.0,1.0,1.0,1.0,5.0,2.0,1.0
8653,1.0,1.0,1.0,3.0,1.0,1.0,1.0,1.0,1.0,3.0,1.0,1.0
8654,1.0,1.0,1.0,3.0,1.0,1.0,1.0,1.0,1.0,3.0,1.0,1.0
8655,1.0,1.0,1.0,3.0,1.0,1.0,1.0,1.0,1.0,3.0,1.0,1.0
8656,1.0,1.0,1.0,3.0,1.0,1.0,1.0,1.0,1.0,4.0,1.0,1.0
8657,1.0,1.0,1.0,3.0,1.0,1.0,1.0,1.0,1.0,3.0,1.0,1.0
8658,1.0,1.0,1.0,3.0,1.0,1.0,1.0,1.0,1.0,5.0,2.0,1.0
8659,1.0,1.0,1.0,3.0,1.0,1.0,1.0,1.0,1.0,5.0,2.0,1.0
8660,1.0,1.0,1.0,3.0,1.0,1.0,1.0,1.0,1.0,3.0,1.0,1.0
8661,1.0,1.0,1.0,3.0,1.0,1.0,1.0,1.0,1.0,4.0,1.0,1.0
8662,1.0,1.0,1.0,3.0,1.0,1.0,1.0,1.0,1.0,3.0,1.0,1.0
8663,1.0,1.0,1.0,3.0,1.0,1.0,1.0,1.0,1.0,3.0,1.0,1.0
8664,1.0,1.0,1.0,3.0,1.0,1.0,1.0,1.0,1.0,5.0,2.0,1.0
8665,1.0,1.0,1.0,3.0,1.0,1.0,1.0,1.0,1.0,3.0,1.0,1.0
8666,1.0,1.0,1.0,3.0,1.0,1.0,1.0,1.0,1.0,4.0,1.0,1.0
8667,1.0,1.0,1.0,3.0,1.0,1.0,1.0,1.0,1.0,3.0,1.0,1.0
8668,1.0,1.0,1.0,3.0,1.0,1.0,1.0,1.0,1.0,3.0,1.0,1.0
8669,1.0,1.0,1.0,3.0,1.0,1.0,1.0,1.0,1.0,3.0,1.0,1.0
8670,1.0,1.0,1.0,3.0,1.0,1.0,1.0,1.0,1.0,4.0,1.0,1.0
8671,1.0,1.0,1.0,3.0,1.0,1.0,1.0,1.0,1.0,5.0,2.0,1.0
8672,1.0,1.0,1.0,3.0,1.0,1.0,1.0,1.0,1.0,5.0,2.0,1.0
8673,1.0,1.0,1.0,3.0,1.0,1.0,1.0,1.0,1.0,3.0,1.0,1.0
8674,1.0,1.0,1.0,3.0,1.0,1.0,1.0,1.0,1.0,5.0,2.0,1.0
8675,1.0,1.0,1.0,3.0,1.0,1.0,1.0,1.0,1.0,3.0,1.0,1.0
8676,1.0,1.0,1.0,3.0,1.0,1.0,1.0,1.0,1.0,3.0,1.0,1.0
8677,1.0,1.0,1.0,3.0,1.0,1.0,1.0,1.0,1.0,5.0,2.0,1.0
8678,1.0,1.0,1.0,3.0,1.0,1.0,1.0,1.0,1.0,5.0,2.0,1.0
8679,1.0,1.0,1.0,3.0,1.0,1.0,1.0,1.0,1.0,3.0,1.0,1.0
8680,1.0,1.0,1.0,3.0,1.0,1.0,1.0,1.0,1.0,5.0,2.0,1.0
8681,1.0,1.0,1.0,3.0,1.0,1.0,1.0,1.0,1.0,5.0,2.0,1.0
8682,1.0,1.0,1.0,3.0,1.0,1.0,1.0,1.0,1.0,3.0,1.0,1.0
8683,1.0,1.0,1.0,3.0,1.0,1.0,1.0,1.0,1.0,5.0,2.0,1.0
8684,1.0,1.0,1.0,3.0,1.0,1.0,1.0,1.0,1.0,4.0,1.0,1.0
8685,1.0,1.0,1.0,3.0,1.0,1.0,1.0,1.0,1.0,4.0,1.0,1.0
8686,1.0,1.0,1.0,3.0,1.0,1.0,1.0,1.0,1.0,3.0,1.0,1.0
8687,1.0,1.0,1.0,3.0,1.0,1.0,1.0,1.0,1.0,3.0,1.0,1.0
8688,1.0,1.0,1.0,3.0,1.0,1.0,1.0,1.0,1.0,3.0,1.0,1.0
8689,1.0,1.0,1.0,3.0,1.0,1.0,1.0,1.0,1.0,3.0,1.0,1.0
8690,1.0,1.0,1.0,3.0,1.0,1.0,1.0,1.0,1.0,4.0,1.0,1.0
8691,1.0,1.0,1.0,3.0,1.0,1.0,1.0,1.0,1.0,3.0,1.0,1.0
8692,1.0,1.0,1.0,3.0,1.0,1.0,1.0,1.0,1.0,3.0,1.0,1.0
8693,1.0,1.0,1.0,3.0,1.0,1.0,1.0,1.0,1.0,3.0,1.0,1.0
8694,1.0,1.0,1.0,3.0,1.0,1.0,1.0,1.0,1.0,3.0,1.0,1.0
8695,1.0,1.0,1.0,3.0,1.0,1.0,1.0,1.0,1.0,3.0,1.0,1.0
8696,1.0,1.0,1.0,3.0,1.0,1.0,1.0,1.0,1.0,4.0,1.0,1.0
8697,1.0,1.0,1.0,3.0,1.0,1.0,1.0,1.0,1.0,3.0,1.0,1.0
8698,1.0,1.0,1.0,3.0,1.0,1.0,1.0,1.0,1.0,3.0,1.0,1.0
8699,1.0,1.0,1.0,3.0,1.0,1.0,1.0,1.0,1.0,3.0,1.0,1.0
8700,1.0,1.0,1.0,3.0,1.0,1.0,1.0,1.0,1.0,5.0,2.0,1.0
8701,1.0,1.0,1.0,3.0,1.0,1.0,1.0,1.0,1.0,3.0,1.0,1.0
8702,1.0,1.0,1.0,3.0,1.0,1.0,1.0,1.0,1.0,4.0,1.0,1.0
8703,1.0,1.0,1.0,3.0,1.0,1.0,1.0,1.0,1.0,3.0,1.0,1.0
8704,1.0,1.0,1.0,3.0,1.0,1.0,1.0,1.0,1.0,3.0,1.0,1.0
8705,1.0,1.0,1.0,3.0,1.0,1.0,1.0,1.0,1.0,3.0,1.0,1.0
8706,1.0,1.0,1.0,3.0,1.0,1.0,1.0,1.0,1.0,3.0,1.0,1.0
8707,1.0,1.0,1.0,3.0,1.0,1.0,1.0,1.0,1.0,3.0,1.0,1.0
8708,1.0,1.0,1.0,3.0,1.0,1.0,1.0,1.0,1.0,4.0,1.0,1.0
8709,1.0,1.0,1.0,3.0,1.0,1.0,1.0,1.0,1.0,5.0,2.0,1.0
8710,1.0,1.0,1.0,3.0,1.0,1.0,1.0,1.0,1.0,3.0,1.0,1.0
8711,1.0,1.0,1.0,3.0,1.0,1.0,1.0,1.0,1.0,3.0,1.0,1.0
8712,1.0,1.0,1.0,3.0,1.0,1.0,1.0,1.0,1.0,4.0,1.0,1.0
8713,1.0,1.0,1.0,3.0,1.0,1.0,1.0,1.0,1.0,3.0,1.0,1.0
8714,1.0,1.0,1.0,3.0,1.0,1.0,1.0,1.0,1.0,5.0,2.0,1.0
8715,1.0,1.0,1.0,3.0,1.0,1.0,1.0,1.0,1.0,3.0,1.0,1.0
8716,1.0,1.0,1.0,3.0,1.0,1.0,1.0,1.0,1.0,3.0,1.0,1.0
8717,1.0,1.0,1.0,3.0,1.0,1.0,1.0,1.0,1.0,3.0,1.0,1.0
8718,1.0,1.0,1.0,3.0,1.0,1.0,1.0,1.0,1.0,4.0,1.0,1.0
8719,1.0,1.0,1.0,3.0,1.0,1.0,1.0,1.0,1.0,4.0,1.0,1.0
8720,1.0,1.0,1.0,3.0,1.0,1.0,1.0,1.0,1.0,3.0,1.0,1.0
8721,1.0,1.0,1.0,3.0,1.0,1.0,1.0,1.0,1.0,3.0,1.0,1.0
8722,1.0,1.0,1.0,3.0,1.0,1.0,1.0,1.0,1.0,4.0,1.0,1.0
8723,1.0,1.0,1.0,3.0,1.0,1.0,1.0,1.0,1.0,5.0,2.0,1.0
8724,1.0,1.0,1.0,3.0,1.0,1.0,1.0,1.0,1.0,4.0,1.0,1.0
8725,1.0,1.0,1.0,3.0,1.0,1.0,1.0,1.0,1.0,4.0,1.0,1.0
8726,1.0,1.0,1.0,3.0,1.0,1.0,1.0,1.0,1.0,3.0,1.0,1.0
8727,1.0,1.0,1.0,3.0,1.0,1.0,1.0,1.0,1.0,3.0,1.0,1.0
8728,1.0,1.0,1.0,3.0,1.0,1.0,1.0,1.0,1.0,4.0,1.0,1.0
8729,1.0,1.0,1.0,3.0,1.0,1.0,1.0,1.0,1.0,5.0,2.0,1.0
8730,1.0,1.0,1.0,3.0,1.0,1.0,1.0,1.0,1.0,3.0,1.0,1.0
8731,1.0,1.0,1.0,3.0,1.0,1.0,1.0,1.0,1.0,4.0,1.0,1.0
8732,1.0,1.0,1.0,3.0,1.0,1.0,1.0,1.0,1.0,4.0,1.0,1.0
8733,1.0,1.0,1.0,3.0,1.0,1.0,1.0,1.0,1.0,4.0,1.0,1.0
8734,1.0,1.0,1.0,3.0,1.0,1.0,1.0,1.0,1.0,4.0,1.0,1.0
8735,1.0,1.0,1.0,3.0,1.0,1.0,1.0,1.0,1.0,4.0,1.0,1.0
8736,1.0,1.0,1.0,3.0,1.0,1.0,1.0,1.0,1.0,3.0,1.0,1.0
8737,1.0,1.0,1.0,3.0,1.0,1.0,1.0,1.0,1.0,3.0,1.0,1.0
8738,1.0,1.0,1.0,3.0,1.0,1.0,1.0,1.0,1.0,5.0,2.0,1.0
8739,1.0,1.0,1.0,3.0,1.0,1.0,1.0,1.0,1.0,3.0,1.0,1.0
8740,1.0,1.0,1.0,3.0,1.0,1.0,1.0,1.0,1.0,5.0,2.0,1.0
8741,1.0,1.0,1.0,3.0,1.0,1.0,1.0,1.0,1.0,4.0,1.0,1.0
8742,1.0,1.0,1.0,3.0,1.0,1.0,1.0,1.0,1.0,3.0,1.0,1.0
8743,1.0,1.0,1.0,3.0,1.0,1.0,1.0,1.0,1.0,5.0,2.0,1.0
8744,1.0,1.0,1.0,3.0,1.0,1.0,1.0,1.0,1.0,3.0,1.0,1.0
8745,1.0,1.0,1.0,3.0,1.0,1.0,1.0,1.0,1.0,4.0,1.0,1.0
8746,1.0,1.0,1.0,3.0,1.0,1.0,1.0,1.0,1.0,4.0,1.0,1.0
8747,1.0,1.0,1.0,3.0,1.0,1.0,1.0,1.0,1.0,3.0,1.0,1.0
8748,1.0,1.0,1.0,3.0,1.0,1.0,1.0,1.0,1.0,5.0,2.0,1.0
8749,1.0,1.0,1.0,3.0,1.0,1.0,1.0,1.0,1.0,5.0,2.0,1.0
8750,1.0,1.0,1.0,3.0,1.0,1.0,1.0,1.0,1.0,4.0,1.0,1.0
8751,1.0,1.0,1.0,3.0,1.0,1.0,1.0,1.0,1.0,5.0,2.0,1.0
8752,1.0,1.0,1.0,3.0,1.0,1.0,1.0,1.0,1.0,3.0,1.0,1.0
8753,1.0,1.0,1.0,3.0,1.0,1.0,1.0,1.0,1.0,4.0,1.0,1.0
8754,1.0,1.0,1.0,3.0,1.0,1.0,1.0,1.0,1.0,3.0,1.0,1.0
8755,1.0,1.0,1.0,3.0,1.0,1.0,1.0,1.0,1.0,3.0,1.0,1.0
8756,1.0,1.0,1.0,3.0,1.0,1.0,1.0,1.0,1.0,4.0,1.0,1.0
8757,1.0,1.0,1.0,3.0,1.0,1.0,1.0,1.0,1.0,3.0,1.0,1.0
8758,1.0,1.0,1.0,3.0,1.0,1.0,1.0,1.0,1.0,4.0,1.0,1.0
8759,1.0,1.0,1.0,3.0,1.0,1.0,1.0,1.0,1.0,3.0,1.0,1.0
8760,1.0,1.0,1.0,3.0,1.0,1.0,1.0,1.0,1.0,3.0,1.0,1.0
8761,1.0,1.0,1.0,3.0,1.0,1.0,1.0,1.0,1.0,5.0,2.0,1.0
8762,1.0,1.0,1.0,3.0,1.0,1.0,1.0,1.0,1.0,3.0,1.0,1.0
8763,1.0,1.0,1.0,3.0,1.0,1.0,1.0,1.0,1.0,3.0,1.0,1.0
8764,1.0,1.0,1.0,3.0,1.0,1.0,1.0,1.0,1.0,3.0,1.0,1.0
8765,1.0,1.0,1.0,3.0,1.0,1.0,1.0,1.0,1.0,3.0,1.0,1.0
8766,1.0,1.0,1.0,3.0,1.0,1.0,1.0,1.0,1.0,4.0,1.0,1.0
8767,1.0,1.0,1.0,3.0,1.0,1.0,1.0,1.0,1.0,3.0,1.0,1.0
8768,1.0,1.0,1.0,3.0,1.0,1.0,1.0,1.0,1.0,3.0,1.0,1.0
8769,1.0,1.0,1.0,3.0,1.0,1.0,1.0,1.0,1.0,3.0,1.0,1.0
8770,1.0,1.0,1.0,3.0,1.0,1.0,1.0,1.0,1.0,3.0,1.0,1.0
8771,1.0,1.0,1.0,3.0,1.0,1.0,1.0,1.0,1.0,5.0,2.0,1.0
8772,1.0,1.0,1.0,3.0,1.0,1.0,1.0,1.0,1.0,4.0,1.0,1.0
8773,1.0,1.0,1.0,3.0,1.0,1.0,1.0,1.0,1.0,4.0,1.0,1.0
8774,1.0,1.0,1.0,3.0,1.0,1.0,1.0,1.0,1.0,4.0,1.0,1.0
8775,1.0,1.0,1.0,3.0,1.0,1.0,1.0,1.0,1.0,5.0,2.0,1.0
8776,1.0,1.0,1.0,3.0,1.0,1.0,1.0,1.0,1.0,3.0,1.0,1.0
8777,1.0,1.0,1.0,3.0,1.0,1.0,1.0,1.0,1.0,5.0,2.0,1.0
8778,1.0,1.0,1.0,3.0,1.0,1.0,1.0,1.0,1.0,4.0,1.0,1.0
8779,1.0,1.0,1.0,3.0,1.0,1.0,1.0,1.0,1.0,3.0,1.0,1.0
8780,1.0,1.0,1.0,3.0,1.0,1.0,1.0,1.0,1.0,4.0,1.0,1.0
8781,1.0,1.0,1.0,3.0,1.0,1.0,1.0,1.0,1.0,5.0,2.0,1.0
8782,1.0,1.0,1.0,3.0,1.0,1.0,1.0,1.0,1.0,3.0,1.0,1.0
8783,1.0,1.0,1.0,3.0,1.0,1.0,1.0,1.0,1.0,3.0,1.0,1.0
8784,1.0,1.0,1.0,3.0,1.0,1.0,1.0,1.0,1.0,3.0,1.0,1.0
8785,1.0,1.0,1.0,3.0,1.0,1.0,1.0,1.0,1.0,3.0,1.0,1.0
8786,1.0,1.0,1.0,3.0,1.0,1.0,1.0,1.0,1.0,4.0,1.0,1.0
8787,1.0,1.0,1.0,3.0,1.0,1.0,1.0,1.0,1.0,3.0,1.0,1.0
8788,1.0,1.0,1.0,3.0,1.0,1.0,1.0,1.0,1.0,3.0,1.0,1.0
8789,1.0,1.0,1.0,3.0,1.0,1.0,1.0,1.0,1.0,3.0,1.0,1.0
8790,1.0,1.0,1.0,3.0,1.0,1.0,1.0,1.0,1.0,3.0,1.0,1.0
8791,1.0,1.0,1.0,3.0,1.0,1.0,1.0,1.0,1.0,3.0,1.0,1.0
8792,1.0,1.0,1.0,3.0,1.0,1.0,1.0,1.0,1.0,3.0,1.0,1.0
8793,1.0,1.0,1.0,3.0,1.0,1.0,1.0,1.0,1.0,5.0,2.0,1.0
8794,1.0,1.0,1.0,3.0,1.0,1.0,1.0,1.0,1.0,3.0,1.0,1.0
8795,1.0,1.0,1.0,3.0,1.0,1.0,1.0,1.0,1.0,4.0,1.0,1.0
8796,1.0,1.0,1.0,3.0,1.0,1.0,1.0,1.0,1.0,3.0,1.0,1.0
8797,1.0,1.0,1.0,3.0,1.0,1.0,1.0,1.0,1.0,3.0,1.0,1.0
8798,1.0,1.0,1.0,3.0,1.0,1.0,1.0,1.0,1.0,4.0,1.0,1.0
8799,1.0,1.0,1.0,3.0,1.0,1.0,1.0,1.0,1.0,3.0,1.0,1.0
8800,1.0,1.0,1.0,3.0,1.0,1.0,1.0,1.0,1.0,3.0,1.0,1.0
8801,1.0,1.0,1.0,3.0,1.0,1.0,1.0,1.0,1.0,3.0,1.0,1.0
8802,1.0,1.0,1.0,3.0,1.0,1.0,1.0,1.0,1.0,5.0,2.0,1.0
8803,1.0,1.0,1.0,3.0,1.0,1.0,1.0,1.0,1.0,5.0,2.0,1.0
8804,1.0,1.0,1.0,3.0,1.0,1.0,1.0,1.0,1.0,3.0,1.0,1.0
8805,1.0,1.0,1.0,3.0,1.0,1.0,1.0,1.0,1.0,3.0,1.0,1.0
8806,1.0,1.0,1.0,3.0,1.0,1.0,1.0,1.0,1.0,3.0,1.0,1.0
8807,1.0,1.0,1.0,3.0,1.0,1.0,1.0,1.0,1.0,5.0,2.0,1.0
8808,1.0,1.0,1.0,3.0,1.0,1.0,1.0,1.0,1.0,5.0,2.0,1.0
8809,1.0,1.0,1.0,3.0,1.0,1.0,1.0,1.0,1.0,3.0,1.0,1.0
8810,1.0,1.0,1.0,3.0,1.0,1.0,1.0,1.0,1.0,3.0,1.0,1.0
8811,1.0,1.0,1.0,3.0,1.0,1.0,1.0,1.0,1.0,5.0,2.0,1.0
8812,1.0,1.0,1.0,3.0,1.0,1.0,1.0,1.0,1.0,5.0,2.0,1.0
8813,1.0,1.0,1.0,3.0,1.0,1.0,1.0,1.0,1.0,3.0,1.0,1.0
8814,1.0,1.0,1.0,3.0,1.0,1.0,1.0,1.0,1.0,5.0,2.0,1.0
8815,1.0,1.0,1.0,3.0,1.0,1.0,1.0,1.0,1.0,5.0,2.0,1.0
8816,1.0,1.0,1.0,3.0,1.0,1.0,1.0,1.0,1.0,3.0,1.0,1.0
8817,1.0,1.0,1.0,3.0,1.0,1.0,1.0,1.0,1.0,3.0,1.0,1.0
8818,1.0,1.0,1.0,3.0,1.0,1.0,1.0,1.0,1.0,3.0,1.0,1.0
8819,1.0,1.0,1.0,3.0,1.0,1.0,1.0,1.0,1.0,3.0,1.0,1.0
8820,1.0,1.0,1.0,3.0,1.0,1.0,1.0,1.0,1.0,3.0,1.0,1.0
8821,1.0,1.0,1.0,3.0,1.0,1.0,1.0,1.0,1.0,3.0,1.0,1.0
8822,1.0,1.0,1.0,3.0,1.0,1.0,1.0,1.0,1.0,5.0,2.0,1.0
8823,1.0,1.0,1.0,3.0,1.0,1.0,1.0,1.0,1.0,3.0,1.0,1.0
8824,1.0,1.0,1.0,3.0,1.0,1.0,1.0,1.0,1.0,5.0,2.0,1.0
8825,1.0,1.0,1.0,3.0,1.0,1.0,1.0,1.0,1.0,4.0,1.0,1.0
8826,1.0,1.0,1.0,3.0,1.0,1.0,1.0,1.0,1.0,3.0,1.0,1.0
8827,1.0,1.0,1.0,3.0,1.0,1.0,1.0,1.0,1.0,4.0,1.0,1.0
8828,1.0,1.0,1.0,3.0,1.0,1.0,1.0,1.0,1.0,4.0,1.0,1.0
8829,1.0,1.0,1.0,3.0,1.0,1.0,1.0,1.0,1.0,4.0,1.0,1.0
8830,1.0,1.0,1.0,3.0,1.0,1.0,1.0,1.0,1.0,5.0,2.0,1.0
8831,1.0,1.0,1.0,3.0,1.0,1.0,1.0,1.0,1.0,3.0,1.0,1.0
8832,1.0,1.0,1.0,3.0,1.0,1.0,1.0,1.0,1.0,3.0,1.0,1.0
8833,1.0,1.0,1.0,3.0,1.0,1.0,1.0,1.0,1.0,3.0,1.0,1.0
8834,1.0,1.0,1.0,3.0,1.0,1.0,1.0,1.0,1.0,4.0,1.0,1.0
8835,1.0,1.0,1.0,3.0,1.0,1.0,1.0,1.0,1.0,3.0,1.0,1.0
8836,1.0,1.0,1.0,3.0,1.0,1.0,1.0,1.0,1.0,5.0,2.0,1.0
8837,1.0,1.0,1.0,3.0,1.0,1.0,1.0,1.0,1.0,3.0,1.0,1.0
8838,1.0,1.0,1.0,3.0,1.0,1.0,1.0,1.0,1.0,3.0,1.0,1.0
8839,1.0,1.0,1.0,3.0,1.0,1.0,1.0,1.0,1.0,5.0,2.0,1.0
8840,1.0,1.0,1.0,3.0,1.0,1.0,1.0,1.0,1.0,5.0,2.0,1.0
8841,1.0,1.0,1.0,3.0,1.0,1.0,1.0,1.0,1.0,5.0,2.0,1.0
8842,1.0,1.0,1.0,3.0,1.0,1.0,1.0,1.0,1.0,3.0,1.0,1.0
8843,1.0,1.0,1.0,3.0,1.0,1.0,1.0,1.0,1.0,5.0,2.0,1.0
8844,1.0,1.0,1.0,3.0,1.0,1.0,1.0,1.0,1.0,5.0,2.0,1.0
8845,1.0,1.0,1.0,3.0,1.0,1.0,1.0,1.0,1.0,3.0,1.0,1.0
8846,1.0,1.0,1.0,3.0,1.0,1.0,1.0,1.0,1.0,3.0,1.0,1.0
8847,1.0,1.0,1.0,3.0,1.0,1.0,1.0,1.0,1.0,4.0,1.0,1.0
8848,1.0,1.0,1.0,3.0,1.0,1.0,1.0,1.0,1.0,5.0,2.0,1.0
8849,1.0,1.0,1.0,3.0,1.0,1.0,1.0,1.0,1.0,3.0,1.0,1.0
8850,1.0,1.0,1.0,3.0,1.0,1.0,1.0,1.0,1.0,5.0,2.0,1.0
8851,1.0,1.0,1.0,3.0,1.0,1.0,1.0,1.0,1.0,4.0,1.0,1.0
8852,1.0,1.0,1.0,3.0,1.0,1.0,1.0,1.0,1.0,3.0,1.0,1.0
8853,1.0,1.0,1.0,3.0,1.0,1.0,1.0,1.0,1.0,4.0,1.0,1.0
8854,1.0,1.0,1.0,3.0,1.0,1.0,1.0,1.0,1.0,5.0,2.0,1.0
8855,1.0,1.0,1.0,3.0,1.0,1.0,1.0,1.0,1.0,5.0,2.0,1.0
8856,1.0,1.0,1.0,3.0,1.0,1.0,1.0,1.0,1.0,3.0,1.0,1.0
8857,1.0,1.0,1.0,3.0,1.0,1.0,1.0,1.0,1.0,4.0,1.0,1.0
8858,1.0,1.0,1.0,3.0,1.0,1.0,1.0,1.0,1.0,4.0,1.0,1.0
8859,1.0,1.0,1.0,3.0,1.0,1.0,1.0,1.0,1.0,4.0,1.0,1.0
8860,1.0,1.0,1.0,3.0,1.0,1.0,1.0,1.0,1.0,5.0,2.0,1.0
8861,1.0,1.0,1.0,3.0,1.0,1.0,1.0,1.0,1.0,3.0,1.0,1.0
8862,1.0,1.0,1.0,3.0,1.0,1.0,1.0,1.0,1.0,3.0,1.0,1.0
8863,1.0,1.0,1.0,3.0,1.0,1.0,1.0,1.0,1.0,5.0,2.0,1.0
8864,1.0,1.0,1.0,3.0,1.0,1.0,1.0,1.0,1.0,5.0,2.0,1.0
8865,1.0,1.0,1.0,3.0,1.0,1.0,1.0,1.0,1.0,4.0,1.0,1.0
8866,1.0,1.0,1.0,3.0,1.0,1.0,1.0,1.0,1.0,4.0,1.0,1.0
8867,1.0,1.0,1.0,3.0,1.0,1.0,1.0,1.0,1.0,5.0,2.0,1.0
8868,1.0,1.0,1.0,3.0,1.0,1.0,1.0,1.0,1.0,3.0,1.0,1.0
8869,1.0,1.0,1.0,3.0,1.0,1.0,1.0,1.0,1.0,4.0,1.0,1.0
8870,1.0,1.0,1.0,3.0,1.0,1.0,1.0,1.0,1.0,5.0,2.0,1.0
8871,1.0,1.0,1.0,3.0,1.0,1.0,1.0,1.0,1.0,4.0,1.0,1.0
8872,1.0,1.0,1.0,3.0,1.0,1.0,1.0,1.0,1.0,3.0,1.0,1.0
8873,1.0,1.0,1.0,3.0,1.0,1.0,1.0,1.0,1.0,3.0,1.0,1.0
8874,1.0,1.0,1.0,3.0,1.0,1.0,1.0,1.0,1.0,3.0,1.0,1.0
8875,1.0,1.0,1.0,3.0,1.0,1.0,1.0,1.0,1.0,3.0,1.0,1.0
8876,1.0,1.0,1.0,3.0,1.0,1.0,1.0,1.0,1.0,3.0,1.0,1.0
8877,1.0,1.0,1.0,3.0,1.0,1.0,1.0,1.0,1.0,5.0,2.0,1.0
8878,1.0,1.0,1.0,3.0,1.0,1.0,1.0,1.0,1.0,4.0,1.0,1.0
8879,1.0,1.0,1.0,3.0,1.0,1.0,1.0,1.0,1.0,3.0,1.0,1.0
8880,1.0,1.0,1.0,3.0,1.0,1.0,1.0,1.0,1.0,5.0,2.0,1.0
8881,1.0,1.0,1.0,3.0,1.0,1.0,1.0,1.0,1.0,3.0,1.0,1.0
8882,1.0,1.0,1.0,3.0,1.0,1.0,1.0,1.0,1.0,5.0,2.0,1.0
8883,1.0,1.0,1.0,3.0,1.0,1.0,1.0,1.0,1.0,4.0,1.0,1.0
8884,1.0,1.0,1.0,3.0,1.0,1.0,1.0,1.0,1.0,4.0,1.0,1.0
8885,1.0,1.0,1.0,3.0,1.0,1.0,1.0,1.0,1.0,3.0,1.0,1.0
8886,1.0,1.0,1.0,3.0,1.0,1.0,1.0,1.0,1.0,3.0,1.0,1.0
8887,1.0,1.0,1.0,3.0,1.0,1.0,1.0,1.0,1.0,3.0,1.0,1.0
8888,1.0,1.0,1.0,3.0,1.0,1.0,1.0,1.0,1.0,4.0,1.0,1.0
8889,1.0,1.0,1.0,3.0,1.0,1.0,1.0,1.0,1.0,3.0,1.0,1.0
8890,1.0,1.0,1.0,3.0,1.0,1.0,1.0,1.0,1.0,4.0,1.0,1.0
8891,1.0,1.0,1.0,3.0,1.0,1.0,1.0,1.0,1.0,5.0,2.0,1.0
8892,1.0,1.0,1.0,3.0,1.0,1.0,1.0,1.0,1.0,3.0,1.0,1.0
8893,1.0,1.0,1.0,3.0,1.0,1.0,1.0,1.0,1.0,3.0,1.0,1.0
8894,1.0,1.0,1.0,3.0,1.0,1.0,1.0,1.0,1.0,5.0,2.0,1.0
8895,1.0,1.0,1.0,3.0,1.0,1.0,1.0,1.0,1.0,4.0,1.0,1.0
8896,1.0,1.0,1.0,3.0,1.0,1.0,1.0,1.0,1.0,4.0,1.0,1.0
8897,1.0,1.0,1.0,3.0,1.0,1.0,1.0,1.0,1.0,3.0,1.0,1.0
8898,1.0,1.0,1.0,3.0,1.0,1.0,1.0,1.0,1.0,3.0,1.0,1.0
8899,1.0,1.0,1.0,3.0,1.0,1.0,1.0,1.0,1.0,5.0,2.0,1.0
8900,1.0,1.0,1.0,3.0,1.0,1.0,1.0,1.0,1.0,4.0,1.0,1.0
8901,1.0,1.0,1.0,3.0,1.0,1.0,1.0,1.0,1.0,3.0,1.0,1.0
8902,1.0,1.0,1.0,3.0,1.0,1.0,1.0,1.0,1.0,3.0,1.0,1.0
8903,1.0,1.0,1.0,3.0,1.0,1.0,1.0,1.0,1.0,4.0,1.0,1.0
8904,1.0,1.0,1.0,3.0,1.0,1.0,1.0,1.0,1.0,3.0,1.0,1.0
8905,1.0,1.0,1.0,3.0,1.0,1.0,1.0,1.0,1.0,5.0,2.0,1.0
8906,1.0,1.0,1.0,3.0,1.0,1.0,1.0,1.0,1.0,3.0,1.0,1.0
8907,1.0,1.0,1.0,3.0,1.0,1.0,1.0,1.0,1.0,3.0,1.0,1.0
8908,1.0,1.0,1.0,3.0,1.0,1.0,1.0,1.0,1.0,4.0,1.0,1.0
8909,1.0,1.0,1.0,3.0,1.0,1.0,1.0,1.0,1.0,4.0,1.0,1.0
8910,1.0,1.0,1.0,3.0,1.0,1.0,1.0,1.0,1.0,3.0,1.0,1.0
8911,1.0,1.0,1.0,3.0,1.0,1.0,1.0,1.0,1.0,3.0,1.0,1.0
8912,1.0,1.0,1.0,3.0,1.0,1.0,1.0,1.0,1.0,3.0,1.0,1.0
8913,1.0,1.0,1.0,3.0,1.0,1.0,1.0,1.0,1.0,5.0,2.0,1.0
8914,1.0,1.0,1.0,3.0,1.0,1.0,1.0,1.0,1.0,3.0,1.0,1.0
8915,1.0,1.0,1.0,3.0,1.0,1.0,1.0,1.0,1.0,4.0,1.0,1.0
8916,1.0,1.0,1.0,3.0,1.0,1.0,1.0,1.0,1.0,4.0,1.0,1.0
8917,1.0,1.0,1.0,3.0,1.0,1.0,1.0,1.0,1.0,3.0,1.0,1.0
8918,1.0,1.0,1.0,3.0,1.0,1.0,1.0,1.0,1.0,3.0,1.0,1.0
8919,1.0,1.0,1.0,3.0,1.0,1.0,1.0,1.0,1.0,4.0,1.0,1.0
8920,1.0,1.0,1.0,3.0,1.0,1.0,1.0,1.0,1.0,3.0,1.0,1.0
8921,1.0,1.0,1.0,3.0,1.0,1.0,1.0,1.0,1.0,5.0,2.0,1.0
8922,1.0,1.0,1.0,3.0,1.0,1.0,1.0,1.0,1.0,3.0,1.0,1.0
8923,1.0,1.0,1.0,3.0,1.0,1.0,1.0,1.0,1.0,3.0,1.0,1.0
8924,1.0,1.0,1.0,3.0,1.0,1.0,1.0,1.0,1.0,4.0,1.0,1.0
8925,1.0,1.0,1.0,3.0,1.0,1.0,1.0,1.0,1.0,3.0,1.0,1.0
8926,1.0,1.0,1.0,3.0,1.0,1.0,1.0,1.0,1.0,5.0,2.0,1.0
8927,1.0,1.0,1.0,3.0,1.0,1.0,1.0,1.0,1.0,5.0,2.0,1.0
8928,1.0,1.0,1.0,3.0,1.0,1.0,1.0,1.0,1.0,5.0,2.0,1.0
8929,1.0,1.0,1.0,3.0,1.0,1.0,1.0,1.0,1.0,4.0,1.0,1.0
8930,1.0,1.0,1.0,3.0,1.0,1.0,1.0,1.0,1.0,3.0,1.0,1.0
8931,1.0,1.0,1.0,3.0,1.0,1.0,1.0,1.0,1.0,5.0,2.0,1.0
8932,1.0,1.0,1.0,3.0,1.0,1.0,1.0,1.0,1.0,5.0,2.0,1.0
8933,1.0,1.0,1.0,3.0,1.0,1.0,1.0,1.0,1.0,3.0,1.0,1.0
8934,1.0,1.0,1.0,3.0,1.0,1.0,1.0,1.0,1.0,3.0,1.0,1.0
8935,1.0,1.0,1.0,3.0,1.0,1.0,1.0,1.0,1.0,3.0,1.0,1.0
8936,1.0,1.0,1.0,3.0,1.0,1.0,1.0,1.0,1.0,3.0,1.0,1.0
8937,1.0,1.0,1.0,3.0,1.0,1.0,1.0,1.0,1.0,4.0,1.0,1.0
8938,1.0,1.0,1.0,3.0,1.0,1.0,1.0,1.0,1.0,4.0,1.0,1.0
8939,1.0,1.0,1.0,3.0,1.0,1.0,1.0,1.0,1.0,3.0,1.0,1.0
8940,1.0,1.0,1.0,3.0,1.0,1.0,1.0,1.0,1.0,3.0,1.0,1.0
8941,1.0,1.0,1.0,3.0,1.0,1.0,1.0,1.0,1.0,4.0,1.0,1.0
8942,1.0,1.0,1.0,3.0,1.0,1.0,1.0,1.0,1.0,5.0,2.0,1.0
8943,1.0,1.0,1.0,3.0,1.0,1.0,1.0,1.0,1.0,3.0,1.0,1.0
8944,1.0,1.0,1.0,3.0,1.0,1.0,1.0,1.0,1.0,3.0,1.0,1.0
8945,1.0,1.0,1.0,3.0,1.0,1.0,1.0,1.0,1.0,3.0,1.0,1.0
8946,1.0,1.0,1.0,3.0,1.0,1.0,1.0,1.0,1.0,3.0,1.0,1.0
8947,1.0,1.0,1.0,3.0,1.0,1.0,1.0,1.0,1.0,4.0,1.0,1.0
8948,1.0,1.0,1.0,3.0,1.0,1.0,1.0,1.0,1.0,5.0,2.0,1.0
8949,1.0,1.0,1.0,3.0,1.0,1.0,1.0,1.0,1.0,4.0,1.0,1.0
8950,1.0,1.0,1.0,3.0,1.0,1.0,1.0,1.0,1.0,3.0,1.0,1.0
8951,1.0,1.0,1.0,3.0,1.0,1.0,1.0,1.0,1.0,5.0,2.0,1.0
8952,1.0,1.0,1.0,3.0,1.0,1.0,1.0,1.0,1.0,3.0,1.0,1.0
8953,1.0,1.0,1.0,3.0,1.0,1.0,1.0,1.0,1.0,5.0,2.0,1.0
8954,1.0,1.0,1.0,3.0,1.0,1.0,1.0,1.0,1.0,3.0,1.0,1.0
8955,1.0,1.0,1.0,3.0,1.0,1.0,1.0,1.0,1.0,4.0,1.0,1.0
8956,1.0,1.0,1.0,3.0,1.0,1.0,1.0,1.0,1.0,4.0,1.0,1.0
8957,1.0,1.0,1.0,3.0,1.0,1.0,1.0,1.0,1.0,5.0,2.0,1.0
8958,1.0,1.0,1.0,3.0,1.0,1.0,1.0,1.0,1.0,3.0,1.0,1.0
8959,1.0,1.0,1.0,3.0,1.0,1.0,1.0,1.0,1.0,3.0,1.0,1.0
8960,1.0,1.0,1.0,3.0,1.0,1.0,1.0,1.0,1.0,5.0,2.0,1.0
8961,1.0,1.0,1.0,3.0,1.0,1.0,1.0,1.0,1.0,3.0,1.0,1.0
8962,1.0,1.0,1.0,3.0,1.0,1.0,1.0,1.0,1.0,3.0,1.0,1.0
8963,1.0,1.0,1.0,3.0,1.0,1.0,1.0,1.0,1.0,4.0,1.0,1.0
8964,1.0,1.0,1.0,3.0,1.0,1.0,1.0,1.0,1.0,3.0,1.0,1.0
8965,1.0,1.0,1.0,3.0,1.0,1.0,1.0,1.0,1.0,4.0,1.0,1.0
8966,1.0,1.0,1.0,3.0,1.0,1.0,1.0,1.0,1.0,5.0,2.0,1.0
8967,1.0,1.0,1.0,3.0,1.0,1.0,1.0,1.0,1.0,3.0,1.0,1.0
8968,1.0,1.0,1.0,3.0,1.0,1.0,1.0,1.0,1.0,3.0,1.0,1.0
8969,1.0,1.0,1.0,3.0,1.0,1.0,1.0,1.0,1.0,3.0,1.0,1.0
8970,1.0,1.0,1.0,3.0,1.0,1.0,1.0,1.0,1.0,3.0,1.0,1.0
8971,1.0,1.0,1.0,3.0,1.0,1.0,1.0,1.0,1.0,3.0,1.0,1.0
8972,1.0,1.0,1.0,3.0,1.0,1.0,1.0,1.0,1.0,3.0,1.0,1.0
8973,1.0,1.0,1.0,3.0,1.0,1.0,1.0,1.0,1.0,5.0,2.0,1.0
8974,1.0,1.0,1.0,3.0,1.0,1.0,1.0,1.0,1.0,5.0,2.0,1.0
8975,1.0,1.0,1.0,3.0,1.0,1.0,1.0,1.0,1.0,3.0,1.0,1.0
8976,1.0,1.0,1.0,3.0,1.0,1.0,1.0,1.0,1.0,4.0,1.0,1.0
8977,1.0,1.0,1.0,3.0,1.0,1.0,1.0,1.0,1.0,3.0,1.0,1.0
8978,1.0,1.0,1.0,3.0,1.0,1.0,1.0,1.0,1.0,3.0,1.0,1.0
8979,1.0,1.0,1.0,3.0,1.0,1.0,1.0,1.0,1.0,3.0,1.0,1.0
8980,1.0,1.0,1.0,3.0,1.0,1.0,1.0,1.0,1.0,3.0,1.0,1.0
8981,1.0,1.0,1.0,3.0,1.0,1.0,1.0,1.0,1.0,5.0,2.0,1.0
8982,1.0,1.0,1.0,3.0,1.0,1.0,1.0,1.0,1.0,5.0,2.0,1.0
8983,1.0,1.0,1.0,3.0,1.0,1.0,1.0,1.0,1.0,3.0,1.0,1.0
8984,1.0,1.0,1.0,3.0,1.0,1.0,1.0,1.0,1.0,5.0,2.0,1.0
8985,1.0,1.0,1.0,3.0,1.0,1.0,1.0,1.0,1.0,3.0,1.0,1.0
8986,1.0,1.0,1.0,3.0,1.0,1.0,1.0,1.0,1.0,3.0,1.0,1.0
8987,1.0,1.0,1.0,3.0,1.0,1.0,1.0,1.0,1.0,3.0,1.0,1.0
8988,1.0,1.0,1.0,3.0,1.0,1.0,1.0,1.0,1.0,3.0,1.0,1.0
8989,1.0,1.0,1.0,3.0,1.0,1.0,1.0,1.0,1.0,3.0,1.0,1.0
8990,1.0,1.0,1.0,3.0,1.0,1.0,1.0,1.0,1.0,3.0,1.0,1.0
8991,1.0,1.0,1.0,3.0,1.0,1.0,1.0,1.0,1.0,5.0,2.0,1.0
8992,1.0,1.0,1.0,3.0,1.0,1.0,1.0,1.0,1.0,3.0,1.0,1.0
8993,1.0,1.0,1.0,3.0,1.0,1.0,1.0,1.0,1.0,5.0,2.0,1.0
8994,1.0,1.0,1.0,3.0,1.0,1.0,1.0,1.0,1.0,5.0,2.0,1.0
8995,1.0,1.0,1.0,3.0,1.0,1.0,1.0,1.0,1.0,3.0,1.0,1.0
8996,1.0,1.0,1.0,3.0,1.0,1.0,1.0,1.0,1.0,4.0,1.0,1.0
8997,1.0,1.0,1.0,3.0,1.0,1.0,1.0,1.0,1.0,4.0,1.0,1.0
8998,1.0,1.0,1.0,3.0,1.0,1.0,1.0,1.0,1.0,3.0,1.0,1.0
8999,1.0,1.0,1.0,3.0,1.0,1.0,1.0,1.0,1.0,5.0,2.0,1.0
9000,1.0,1.0,1.0,3.0,1.0,1.0,1.0,1.0,1.0,3.0,1.0,1.0
9001,1.0,1.0,1.0,3.0,1.0,1.0,1.0,1.0,1.0,3.0,1.0,1.0
9002,1.0,1.0,1.0,3.0,1.0,1.0,1.0,1.0,1.0,3.0,1.0,1.0
9003,1.0,1.0,1.0,3.0,1.0,1.0,1.0,1.0,1.0,4.0,1.0,1.0
9004,1.0,1.0,1.0,3.0,1.0,1.0,1.0,1.0,1.0,3.0,1.0,1.0
9005,1.0,1.0,1.0,3.0,1.0,1.0,1.0,1.0,1.0,5.0,2.0,1.0
9006,1.0,1.0,1.0,3.0,1.0,1.0,1.0,1.0,1.0,4.0,1.0,1.0
9007,1.0,1.0,1.0,3.0,1.0,1.0,1.0,1.0,1.0,3.0,1.0,1.0
9008,1.0,1.0,1.0,3.0,1.0,1.0,1.0,1.0,1.0,5.0,2.0,1.0
9009,1.0,1.0,1.0,3.0,1.0,1.0,1.0,1.0,1.0,3.0,1.0,1.0
9010,1.0,1.0,1.0,3.0,1.0,1.0,1.0,1.0,1.0,5.0,2.0,1.0
9011,1.0,1.0,1.0,3.0,1.0,1.0,1.0,1.0,1.0,3.0,1.0,1.0
9012,1.0,1.0,1.0,3.0,1.0,1.0,1.0,1.0,1.0,5.0,2.0,1.0
9013,1.0,1.0,1.0,3.0,1.0,1.0,1.0,1.0,1.0,3.0,1.0,1.0
9014,1.0,1.0,1.0,3.0,1.0,1.0,1.0,1.0,1.0,3.0,1.0,1.0
9015,1.0,1.0,1.0,3.0,1.0,1.0,1.0,1.0,1.0,5.0,2.0,1.0
9016,1.0,1.0,1.0,3.0,1.0,1.0,1.0,1.0,1.0,5.0,2.0,1.0
9017,1.0,1.0,1.0,3.0,1.0,1.0,1.0,1.0,1.0,4.0,1.0,1.0
9018,1.0,1.0,1.0,3.0,1.0,1.0,1.0,1.0,1.0,3.0,1.0,1.0
9019,1.0,1.0,1.0,3.0,1.0,1.0,1.0,1.0,1.0,5.0,2.0,1.0
9020,1.0,1.0,1.0,3.0,1.0,1.0,1.0,1.0,1.0,5.0,2.0,1.0
9021,1.0,1.0,1.0,3.0,1.0,1.0,1.0,1.0,1.0,5.0,2.0,1.0
9022,1.0,1.0,1.0,3.0,1.0,1.0,1.0,1.0,1.0,3.0,1.0,1.0
9023,1.0,1.0,1.0,3.0,1.0,1.0,1.0,1.0,1.0,5.0,2.0,1.0
9024,1.0,1.0,1.0,3.0,1.0,1.0,1.0,1.0,1.0,3.0,1.0,1.0
9025,1.0,1.0,1.0,3.0,1.0,1.0,1.0,1.0,1.0,5.0,2.0,1.0
9026,1.0,1.0,1.0,3.0,1.0,1.0,1.0,1.0,1.0,3.0,1.0,1.0
9027,1.0,1.0,1.0,3.0,1.0,1.0,1.0,1.0,1.0,3.0,1.0,1.0
9028,1.0,1.0,1.0,3.0,1.0,1.0,1.0,1.0,1.0,3.0,1.0,1.0
9029,1.0,1.0,1.0,3.0,1.0,1.0,1.0,1.0,1.0,3.0,1.0,1.0
9030,1.0,1.0,1.0,3.0,1.0,1.0,1.0,1.0,1.0,5.0,2.0,1.0
9031,1.0,1.0,1.0,3.0,1.0,1.0,1.0,1.0,1.0,3.0,1.0,1.0
9032,1.0,1.0,1.0,3.0,1.0,1.0,1.0,1.0,1.0,3.0,1.0,1.0
9033,1.0,1.0,1.0,3.0,1.0,1.0,1.0,1.0,1.0,3.0,1.0,1.0
9034,1.0,1.0,1.0,3.0,1.0,1.0,1.0,1.0,1.0,5.0,2.0,1.0
9035,1.0,1.0,1.0,3.0,1.0,1.0,1.0,1.0,1.0,3.0,1.0,1.0
9036,1.0,1.0,1.0,3.0,1.0,1.0,1.0,1.0,1.0,3.0,1.0,1.0
9037,1.0,1.0,1.0,3.0,1.0,1.0,1.0,1.0,1.0,3.0,1.0,1.0
9038,1.0,1.0,1.0,3.0,1.0,1.0,1.0,1.0,1.0,5.0,2.0,1.0
9039,1.0,1.0,1.0,3.0,1.0,1.0,1.0,1.0,1.0,4.0,1.0,1.0
9040,1.0,1.0,1.0,3.0,1.0,1.0,1.0,1.0,1.0,5.0,2.0,1.0
9041,1.0,1.0,1.0,3.0,1.0,1.0,1.0,1.0,1.0,4.0,1.0,1.0
9042,1.0,1.0,1.0,3.0,1.0,1.0,1.0,1.0,1.0,4.0,1.0,1.0
9043,1.0,1.0,1.0,3.0,1.0,1.0,1.0,1.0,1.0,3.0,1.0,1.0
9044,1.0,1.0,1.0,3.0,1.0,1.0,1.0,1.0,1.0,3.0,1.0,1.0
9045,1.0,1.0,1.0,3.0,1.0,1.0,1.0,1.0,1.0,4.0,1.0,1.0
9046,1.0,1.0,1.0,3.0,1.0,1.0,1.0,1.0,1.0,3.0,1.0,1.0
9047,1.0,1.0,1.0,3.0,1.0,1.0,1.0,1.0,1.0,3.0,1.0,1.0
9048,1.0,1.0,1.0,3.0,1.0,1.0,1.0,1.0,1.0,3.0,1.0,1.0
9049,1.0,1.0,1.0,3.0,1.0,1.0,1.0,1.0,1.0,4.0,1.0,1.0
9050,1.0,1.0,1.0,3.0,1.0,1.0,1.0,1.0,1.0,4.0,1.0,1.0
9051,1.0,1.0,1.0,3.0,1.0,1.0,1.0,1.0,1.0,5.0,2.0,1.0
9052,1.0,1.0,1.0,3.0,1.0,1.0,1.0,1.0,1.0,5.0,2.0,1.0
9053,1.0,1.0,1.0,3.0,1.0,1.0,1.0,1.0,1.0,4.0,1.0,1.0
9054,1.0,1.0,1.0,3.0,1.0,1.0,1.0,1.0,1.0,3.0,1.0,1.0
9055,1.0,1.0,1.0,3.0,1.0,1.0,1.0,1.0,1.0,3.0,1.0,1.0
9056,1.0,1.0,1.0,3.0,1.0,1.0,1.0,1.0,1.0,3.0,1.0,1.0
9057,1.0,1.0,1.0,3.0,1.0,1.0,1.0,1.0,1.0,5.0,2.0,1.0
9058,1.0,1.0,1.0,3.0,1.0,1.0,1.0,1.0,1.0,4.0,1.0,1.0
9059,1.0,1.0,1.0,3.0,1.0,1.0,1.0,1.0,1.0,4.0,1.0,1.0
9060,1.0,1.0,1.0,3.0,1.0,1.0,1.0,1.0,1.0,3.0,1.0,1.0
9061,1.0,1.0,1.0,3.0,1.0,1.0,1.0,1.0,1.0,4.0,1.0,1.0
9062,1.0,1.0,1.0,3.0,1.0,1.0,1.0,1.0,1.0,5.0,2.0,1.0
9063,1.0,1.0,1.0,3.0,1.0,1.0,1.0,1.0,1.0,3.0,1.0,1.0
9064,1.0,1.0,1.0,3.0,1.0,1.0,1.0,1.0,1.0,3.0,1.0,1.0
9065,1.0,1.0,1.0,3.0,1.0,1.0,1.0,1.0,1.0,3.0,1.0,1.0
9066,1.0,1.0,1.0,3.0,1.0,1.0,1.0,1.0,1.0,3.0,1.0,1.0
9067,1.0,1.0,1.0,3.0,1.0,1.0,1.0,1.0,1.0,5.0,2.0,1.0
9068,1.0,1.0,1.0,3.0,1.0,1.0,1.0,1.0,1.0,3.0,1.0,1.0
9069,1.0,1.0,1.0,3.0,1.0,1.0,1.0,1.0,1.0,5.0,2.0,1.0
9070,1.0,1.0,1.0,3.0,1.0,1.0,1.0,1.0,1.0,3.0,1.0,1.0
9071,1.0,1.0,1.0,3.0,1.0,1.0,1.0,1.0,1.0,5.0,2.0,1.0
9072,1.0,1.0,1.0,3.0,1.0,1.0,1.0,1.0,1.0,3.0,1.0,1.0
9073,1.0,1.0,1.0,3.0,1.0,1.0,1.0,1.0,1.0,5.0,2.0,1.0
9074,1.0,1.0,1.0,3.0,1.0,1.0,1.0,1.0,1.0,4.0,1.0,1.0
9075,1.0,1.0,1.0,3.0,1.0,1.0,1.0,1.0,1.0,4.0,1.0,1.0
9076,1.0,1.0,1.0,3.0,1.0,1.0,1.0,1.0,1.0,3.0,1.0,1.0
9077,1.0,1.0,1.0,3.0,1.0,1.0,1.0,1.0,1.0,3.0,1.0,1.0
9078,1.0,1.0,1.0,3.0,1.0,1.0,1.0,1.0,1.0,3.0,1.0,1.0
9079,1.0,1.0,1.0,3.0,1.0,1.0,1.0,1.0,1.0,4.0,1.0,1.0
9080,1.0,1.0,1.0,3.0,1.0,1.0,1.0,1.0,1.0,4.0,1.0,1.0
9081,1.0,1.0,1.0,3.0,1.0,1.0,1.0,1.0,1.0,3.0,1.0,1.0
9082,1.0,1.0,1.0,3.0,1.0,1.0,1.0,1.0,1.0,3.0,1.0,1.0
9083,1.0,1.0,1.0,3.0,1.0,1.0,1.0,1.0,1.0,5.0,2.0,1.0
9084,1.0,1.0,1.0,3.0,1.0,1.0,1.0,1.0,1.0,5.0,2.0,1.0
9085,1.0,1.0,1.0,3.0,1.0,1.0,1.0,1.0,1.0,5.0,2.0,1.0
9086,1.0,1.0,1.0,3.0,1.0,1.0,1.0,1.0,1.0,3.0,1.0,1.0
9087,1.0,1.0,1.0,3.0,1.0,1.0,1.0,1.0,1.0,3.0,1.0,1.0
9088,1.0,1.0,1.0,3.0,1.0,1.0,1.0,1.0,1.0,5.0,2.0,1.0
9089,1.0,1.0,1.0,3.0,1.0,1.0,1.0,1.0,1.0,4.0,1.0,1.0
9090,1.0,1.0,1.0,3.0,1.0,1.0,1.0,1.0,1.0,5.0,2.0,1.0
9091,1.0,1.0,1.0,3.0,1.0,1.0,1.0,1.0,1.0,4.0,1.0,1.0
9092,1.0,1.0,1.0,3.0,1.0,1.0,1.0,1.0,1.0,5.0,2.0,1.0
9093,1.0,1.0,1.0,3.0,1.0,1.0,1.0,1.0,1.0,4.0,1.0,1.0
9094,1.0,1.0,1.0,3.0,1.0,1.0,1.0,1.0,1.0,3.0,1.0,1.0
9095,1.0,1.0,1.0,3.0,1.0,1.0,1.0,1.0,1.0,3.0,1.0,1.0
9096,1.0,1.0,1.0,3.0,1.0,1.0,1.0,1.0,1.0,4.0,1.0,1.0
9097,1.0,1.0,1.0,3.0,1.0,1.0,1.0,1.0,1.0,3.0,1.0,1.0
9098,1.0,1.0,1.0,3.0,1.0,1.0,1.0,1.0,1.0,5.0,2.0,1.0
9099,1.0,1.0,1.0,3.0,1.0,1.0,1.0,1.0,1.0,4.0,1.0,1.0
9100,1.0,1.0,1.0,3.0,1.0,1.0,1.0,1.0,1.0,3.0,1.0,1.0
9101,1.0,1.0,1.0,3.0,1.0,1.0,1.0,1.0,1.0,4.0,1.0,1.0
9102,1.0,1.0,1.0,3.0,1.0,1.0,1.0,1.0,1.0,3.0,1.0,1.0
9103,1.0,1.0,1.0,3.0,1.0,1.0,1.0,1.0,1.0,4.0,1.0,1.0
9104,1.0,1.0,1.0,3.0,1.0,1.0,1.0,1.0,1.0,3.0,1.0,1.0
9105,1.0,1.0,1.0,3.0,1.0,1.0,1.0,1.0,1.0,3.0,1.0,1.0
9106,1.0,1.0,1.0,3.0,1.0,1.0,1.0,1.0,1.0,4.0,1.0,1.0
9107,1.0,1.0,1.0,3.0,1.0,1.0,1.0,1.0,1.0,3.0,1.0,1.0
9108,1.0,1.0,1.0,3.0,1.0,1.0,1.0,1.0,1.0,5.0,2.0,1.0
9109,1.0,1.0,1.0,3.0,1.0,1.0,1.0,1.0,1.0,5.0,2.0,1.0
9110,1.0,1.0,1.0,3.0,1.0,1.0,1.0,1.0,1.0,3.0,1.0,1.0
9111,1.0,1.0,1.0,3.0,1.0,1.0,1.0,1.0,1.0,5.0,2.0,1.0
9112,1.0,1.0,1.0,3.0,1.0,1.0,1.0,1.0,1.0,3.0,1.0,1.0
9113,1.0,1.0,1.0,3.0,1.0,1.0,1.0,1.0,1.0,5.0,2.0,1.0
9114,1.0,1.0,1.0,3.0,1.0,1.0,1.0,1.0,1.0,4.0,1.0,1.0
9115,1.0,1.0,1.0,3.0,1.0,1.0,1.0,1.0,1.0,4.0,1.0,1.0
9116,1.0,1.0,1.0,3.0,1.0,1.0,1.0,1.0,1.0,5.0,2.0,1.0
9117,1.0,1.0,1.0,3.0,1.0,1.0,1.0,1.0,1.0,5.0,2.0,1.0
9118,1.0,1.0,1.0,3.0,1.0,1.0,1.0,1.0,1.0,3.0,1.0,1.0
9119,1.0,1.0,1.0,3.0,1.0,1.0,1.0,1.0,1.0,3.0,1.0,1.0
9120,1.0,1.0,1.0,3.0,1.0,1.0,1.0,1.0,1.0,5.0,2.0,1.0
9121,1.0,1.0,1.0,3.0,1.0,1.0,1.0,1.0,1.0,4.0,1.0,1.0
9122,1.0,1.0,1.0,3.0,1.0,1.0,1.0,1.0,1.0,4.0,1.0,1.0
9123,1.0,1.0,1.0,3.0,1.0,1.0,1.0,1.0,1.0,3.0,1.0,1.0
9124,1.0,1.0,1.0,3.0,1.0,1.0,1.0,1.0,1.0,3.0,1.0,1.0
9125,1.0,1.0,1.0,3.0,1.0,1.0,1.0,1.0,1.0,5.0,2.0,1.0
9126,1.0,1.0,1.0,3.0,1.0,1.0,1.0,1.0,1.0,3.0,1.0,1.0
9127,1.0,1.0,1.0,3.0,1.0,1.0,1.0,1.0,1.0,3.0,1.0,1.0
9128,1.0,1.0,1.0,3.0,1.0,1.0,1.0,1.0,1.0,4.0,1.0,1.0
9129,1.0,1.0,1.0,3.0,1.0,1.0,1.0,1.0,1.0,5.0,2.0,1.0
9130,1.0,1.0,1.0,3.0,1.0,1.0,1.0,1.0,1.0,3.0,1.0,1.0
9131,1.0,1.0,1.0,3.0,1.0,1.0,1.0,1.0,1.0,5.0,2.0,1.0
9132,1.0,1.0,1.0,3.0,1.0,1.0,1.0,1.0,1.0,5.0,2.0,1.0
9133,1.0,1.0,1.0,3.0,1.0,1.0,1.0,1.0,1.0,3.0,1.0,1.0
9134,1.0,1.0,1.0,3.0,1.0,1.0,1.0,1.0,1.0,3.0,1.0,1.0
9135,1.0,1.0,1.0,3.0,1.0,1.0,1.0,1.0,1.0,4.0,1.0,1.0
9136,1.0,1.0,1.0,3.0,1.0,1.0,1.0,1.0,1.0,3.0,1.0,1.0
9137,1.0,1.0,1.0,3.0,1.0,1.0,1.0,1.0,1.0,5.0,2.0,1.0
9138,1.0,1.0,1.0,3.0,1.0,1.0,1.0,1.0,1.0,3.0,1.0,1.0
9139,1.0,1.0,1.0,3.0,1.0,1.0,1.0,1.0,1.0,3.0,1.0,1.0
9140,1.0,1.0,1.0,3.0,1.0,1.0,1.0,1.0,1.0,4.0,1.0,1.0
9141,1.0,1.0,1.0,3.0,1.0,1.0,1.0,1.0,1.0,3.0,1.0,1.0
9142,1.0,1.0,1.0,3.0,1.0,1.0,1.0,1.0,1.0,3.0,1.0,1.0
9143,1.0,1.0,1.0,3.0,1.0,1.0,1.0,1.0,1.0,3.0,1.0,1.0
9144,1.0,1.0,1.0,3.0,1.0,1.0,1.0,1.0,1.0,3.0,1.0,1.0
9145,1.0,1.0,1.0,3.0,1.0,1.0,1.0,1.0,1.0,3.0,1.0,1.0
9146,1.0,1.0,1.0,3.0,1.0,1.0,1.0,1.0,1.0,3.0,1.0,1.0
9147,1.0,1.0,1.0,3.0,1.0,1.0,1.0,1.0,1.0,3.0,1.0,1.0
9148,1.0,1.0,1.0,3.0,1.0,1.0,1.0,1.0,1.0,4.0,1.0,1.0
9149,1.0,1.0,1.0,3.0,1.0,1.0,1.0,1.0,1.0,3.0,1.0,1.0
9150,1.0,1.0,1.0,3.0,1.0,1.0,1.0,1.0,1.0,4.0,1.0,1.0
9151,1.0,1.0,1.0,3.0,1.0,1.0,1.0,1.0,1.0,5.0,2.0,1.0
9152,1.0,1.0,1.0,3.0,1.0,1.0,1.0,1.0,1.0,3.0,1.0,1.0
9153,1.0,1.0,1.0,3.0,1.0,1.0,1.0,1.0,1.0,3.0,1.0,1.0
9154,1.0,1.0,1.0,3.0,1.0,1.0,1.0,1.0,1.0,4.0,1.0,1.0
9155,1.0,1.0,1.0,3.0,1.0,1.0,1.0,1.0,1.0,3.0,1.0,1.0
9156,1.0,1.0,1.0,3.0,1.0,1.0,1.0,1.0,1.0,3.0,1.0,1.0
9157,1.0,1.0,1.0,3.0,1.0,1.0,1.0,1.0,1.0,3.0,1.0,1.0
9158,1.0,1.0,1.0,3.0,1.0,1.0,1.0,1.0,1.0,5.0,2.0,1.0
9159,1.0,1.0,1.0,3.0,1.0,1.0,1.0,1.0,1.0,3.0,1.0,1.0
9160,1.0,1.0,1.0,3.0,1.0,1.0,1.0,1.0,1.0,5.0,2.0,1.0
9161,1.0,1.0,1.0,3.0,1.0,1.0,1.0,1.0,1.0,3.0,1.0,1.0
9162,1.0,1.0,1.0,3.0,1.0,1.0,1.0,1.0,1.0,4.0,1.0,1.0
9163,1.0,1.0,1.0,3.0,1.0,1.0,1.0,1.0,1.0,3.0,1.0,1.0
9164,1.0,1.0,1.0,3.0,1.0,1.0,1.0,1.0,1.0,5.0,2.0,1.0
9165,1.0,1.0,1.0,3.0,1.0,1.0,1.0,1.0,1.0,5.0,2.0,1.0
9166,1.0,1.0,1.0,3.0,1.0,1.0,1.0,1.0,1.0,5.0,2.0,1.0
9167,1.0,1.0,1.0,3.0,1.0,1.0,1.0,1.0,1.0,5.0,2.0,1.0
9168,1.0,1.0,1.0,3.0,1.0,1.0,1.0,1.0,1.0,5.0,2.0,1.0
9169,1.0,1.0,1.0,3.0,1.0,1.0,1.0,1.0,1.0,4.0,1.0,1.0
9170,1.0,1.0,1.0,3.0,1.0,1.0,1.0,1.0,1.0,3.0,1.0,1.0
9171,1.0,1.0,1.0,3.0,1.0,1.0,1.0,1.0,1.0,3.0,1.0,1.0
9172,1.0,1.0,1.0,3.0,1.0,1.0,1.0,1.0,1.0,3.0,1.0,1.0
9173,1.0,1.0,1.0,3.0,1.0,1.0,1.0,1.0,1.0,3.0,1.0,1.0
9174,1.0,1.0,1.0,3.0,1.0,1.0,1.0,1.0,1.0,3.0,1.0,1.0
9175,1.0,1.0,1.0,3.0,1.0,1.0,1.0,1.0,1.0,4.0,1.0,1.0
9176,1.0,1.0,1.0,3.0,1.0,1.0,1.0,1.0,1.0,3.0,1.0,1.0
9177,1.0,1.0,1.0,3.0,1.0,1.0,1.0,1.0,1.0,3.0,1.0,1.0
9178,1.0,1.0,1.0,3.0,1.0,1.0,1.0,1.0,1.0,5.0,2.0,1.0
9179,1.0,1.0,1.0,3.0,1.0,1.0,1.0,1.0,1.0,4.0,1.0,1.0
9180,1.0,1.0,1.0,3.0,1.0,1.0,1.0,1.0,1.0,3.0,1.0,1.0
9181,1.0,1.0,1.0,3.0,1.0,1.0,1.0,1.0,1.0,5.0,2.0,1.0
9182,1.0,1.0,1.0,3.0,1.0,1.0,1.0,1.0,1.0,4.0,1.0,1.0
9183,1.0,1.0,1.0,3.0,1.0,1.0,1.0,1.0,1.0,3.0,1.0,1.0
9184,1.0,1.0,1.0,3.0,1.0,1.0,1.0,1.0,1.0,3.0,1.0,1.0
9185,1.0,1.0,1.0,3.0,1.0,1.0,1.0,1.0,1.0,3.0,1.0,1.0
9186,1.0,1.0,1.0,3.0,1.0,1.0,1.0,1.0,1.0,3.0,1.0,1.0
9187,1.0,1.0,1.0,3.0,1.0,1.0,1.0,1.0,1.0,5.0,2.0,1.0
9188,1.0,1.0,1.0,3.0,1.0,1.0,1.0,1.0,1.0,4.0,1.0,1.0
9189,1.0,1.0,1.0,3.0,1.0,1.0,1.0,1.0,1.0,5.0,2.0,1.0
9190,1.0,1.0,1.0,3.0,1.0,1.0,1.0,1.0,1.0,4.0,1.0,1.0
9191,1.0,1.0,1.0,3.0,1.0,1.0,1.0,1.0,1.0,5.0,2.0,1.0
9192,1.0,1.0,1.0,3.0,1.0,1.0,1.0,1.0,1.0,4.0,1.0,1.0
9193,1.0,1.0,1.0,3.0,1.0,1.0,1.0,1.0,1.0,5.0,2.0,1.0
9194,1.0,1.0,1.0,3.0,1.0,1.0,1.0,1.0,1.0,3.0,1.0,1.0
9195,1.0,1.0,1.0,3.0,1.0,1.0,1.0,1.0,1.0,3.0,1.0,1.0
9196,1.0,1.0,1.0,3.0,1.0,1.0,1.0,1.0,1.0,4.0,1.0,1.0
9197,1.0,1.0,1.0,3.0,1.0,1.0,1.0,1.0,1.0,5.0,2.0,1.0
9198,1.0,1.0,1.0,3.0,1.0,1.0,1.0,1.0,1.0,5.0,2.0,1.0
9199,1.0,1.0,1.0,3.0,1.0,1.0,1.0,1.0,1.0,3.0,1.0,1.0
9200,1.0,1.0,1.0,3.0,1.0,1.0,1.0,1.0,1.0,3.0,1.0,1.0
9201,1.0,1.0,1.0,3.0,1.0,1.0,1.0,1.0,1.0,5.0,2.0,1.0
9202,1.0,1.0,1.0,3.0,1.0,1.0,1.0,1.0,1.0,5.0,2.0,1.0
9203,1.0,1.0,1.0,3.0,1.0,1.0,1.0,1.0,1.0,3.0,1.0,1.0
9204,1.0,1.0,1.0,3.0,1.0,1.0,1.0,1.0,1.0,3.0,1.0,1.0
9205,1.0,1.0,1.0,3.0,1.0,1.0,1.0,1.0,1.0,3.0,1.0,1.0
9206,1.0,1.0,1.0,3.0,1.0,1.0,1.0,1.0,1.0,4.0,1.0,1.0
9207,1.0,1.0,1.0,3.0,1.0,1.0,1.0,1.0,1.0,3.0,1.0,1.0
9208,1.0,1.0,1.0,3.0,1.0,1.0,1.0,1.0,1.0,3.0,1.0,1.0
9209,1.0,1.0,1.0,3.0,1.0,1.0,1.0,1.0,1.0,5.0,2.0,1.0
9210,1.0,1.0,1.0,3.0,1.0,1.0,1.0,1.0,1.0,4.0,1.0,1.0
9211,1.0,1.0,1.0,3.0,1.0,1.0,1.0,1.0,1.0,5.0,2.0,1.0
9212,1.0,1.0,1.0,3.0,1.0,1.0,1.0,1.0,1.0,3.0,1.0,1.0
9213,1.0,1.0,1.0,3.0,1.0,1.0,1.0,1.0,1.0,3.0,1.0,1.0
9214,1.0,1.0,1.0,3.0,1.0,1.0,1.0,1.0,1.0,3.0,1.0,1.0
9215,1.0,1.0,1.0,3.0,1.0,1.0,1.0,1.0,1.0,4.0,1.0,1.0
9216,1.0,1.0,1.0,3.0,1.0,1.0,1.0,1.0,1.0,3.0,1.0,1.0
9217,1.0,1.0,1.0,3.0,1.0,1.0,1.0,1.0,1.0,3.0,1.0,1.0
9218,1.0,1.0,1.0,3.0,1.0,1.0,1.0,1.0,1.0,5.0,2.0,1.0
9219,1.0,1.0,1.0,3.0,1.0,1.0,1.0,1.0,1.0,3.0,1.0,1.0
9220,1.0,1.0,1.0,3.0,1.0,1.0,1.0,1.0,1.0,4.0,1.0,1.0
9221,1.0,1.0,1.0,3.0,1.0,1.0,1.0,1.0,1.0,3.0,1.0,1.0
9222,1.0,1.0,1.0,3.0,1.0,1.0,1.0,1.0,1.0,3.0,1.0,1.0
9223,1.0,1.0,1.0,3.0,1.0,1.0,1.0,1.0,1.0,4.0,1.0,1.0
9224,1.0,1.0,1.0,3.0,1.0,1.0,1.0,1.0,1.0,3.0,1.0,1.0
9225,1.0,1.0,1.0,3.0,1.0,1.0,1.0,1.0,1.0,3.0,1.0,1.0
9226,1.0,1.0,1.0,3.0,1.0,1.0,1.0,1.0,1.0,5.0,2.0,1.0
9227,1.0,1.0,1.0,3.0,1.0,1.0,1.0,1.0,1.0,4.0,1.0,1.0
9228,1.0,1.0,1.0,3.0,1.0,1.0,1.0,1.0,1.0,4.0,1.0,1.0
9229,1.0,1.0,1.0,3.0,1.0,1.0,1.0,1.0,1.0,3.0,1.0,1.0
9230,1.0,1.0,1.0,3.0,1.0,1.0,1.0,1.0,1.0,5.0,2.0,1.0
9231,1.0,1.0,1.0,3.0,1.0,1.0,1.0,1.0,1.0,5.0,2.0,1.0
9232,1.0,1.0,1.0,3.0,1.0,1.0,1.0,1.0,1.0,3.0,1.0,1.0
9233,1.0,1.0,1.0,3.0,1.0,1.0,1.0,1.0,1.0,3.0,1.0,1.0
9234,1.0,1.0,1.0,3.0,1.0,1.0,1.0,1.0,1.0,3.0,1.0,1.0
9235,1.0,1.0,1.0,3.0,1.0,1.0,1.0,1.0,1.0,3.0,1.0,1.0
9236,1.0,1.0,1.0,3.0,1.0,1.0,1.0,1.0,1.0,4.0,1.0,1.0
9237,1.0,1.0,1.0,3.0,1.0,1.0,1.0,1.0,1.0,5.0,2.0,1.0
9238,1.0,1.0,1.0,3.0,1.0,1.0,1.0,1.0,1.0,3.0,1.0,1.0
9239,1.0,1.0,1.0,3.0,1.0,1.0,1.0,1.0,1.0,4.0,1.0,1.0
9240,1.0,1.0,1.0,3.0,1.0,1.0,1.0,1.0,1.0,5.0,2.0,1.0
9241,1.0,1.0,1.0,3.0,1.0,1.0,1.0,1.0,1.0,5.0,2.0,1.0
9242,1.0,1.0,1.0,3.0,1.0,1.0,1.0,1.0,1.0,5.0,2.0,1.0
9243,1.0,1.0,1.0,3.0,1.0,1.0,1.0,1.0,1.0,3.0,1.0,1.0
9244,1.0,1.0,1.0,3.0,1.0,1.0,1.0,1.0,1.0,3.0,1.0,1.0
9245,1.0,1.0,1.0,3.0,1.0,1.0,1.0,1.0,1.0,4.0,1.0,1.0
9246,1.0,1.0,1.0,3.0,1.0,1.0,1.0,1.0,1.0,3.0,1.0,1.0
9247,1.0,1.0,1.0,3.0,1.0,1.0,1.0,1.0,1.0,5.0,2.0,1.0
9248,1.0,1.0,1.0,3.0,1.0,1.0,1.0,1.0,1.0,4.0,1.0,1.0
9249,1.0,1.0,1.0,3.0,1.0,1.0,1.0,1.0,1.0,3.0,1.0,1.0
9250,1.0,1.0,1.0,3.0,1.0,1.0,1.0,1.0,1.0,3.0,1.0,1.0
9251,1.0,1.0,1.0,3.0,1.0,1.0,1.0,1.0,1.0,4.0,1.0,1.0
9252,1.0,1.0,1.0,3.0,1.0,1.0,1.0,1.0,1.0,4.0,1.0,1.0
9253,1.0,1.0,1.0,3.0,1.0,1.0,1.0,1.0,1.0,4.0,1.0,1.0
9254,1.0,1.0,1.0,3.0,1.0,1.0,1.0,1.0,1.0,4.0,1.0,1.0
9255,1.0,1.0,1.0,3.0,1.0,1.0,1.0,1.0,1.0,4.0,1.0,1.0
9256,1.0,1.0,1.0,3.0,1.0,1.0,1.0,1.0,1.0,4.0,1.0,1.0
9257,1.0,1.0,1.0,3.0,1.0,1.0,1.0,1.0,1.0,3.0,1.0,1.0
9258,1.0,1.0,1.0,3.0,1.0,1.0,1.0,1.0,1.0,4.0,1.0,1.0
9259,1.0,1.0,1.0,3.0,1.0,1.0,1.0,1.0,1.0,5.0,2.0,1.0
9260,1.0,1.0,1.0,3.0,1.0,1.0,1.0,1.0,1.0,3.0,1.0,1.0
9261,1.0,1.0,1.0,3.0,1.0,1.0,1.0,1.0,1.0,3.0,1.0,1.0
9262,1.0,1.0,1.0,3.0,1.0,1.0,1.0,1.0,1.0,3.0,1.0,1.0
9263,1.0,1.0,1.0,3.0,1.0,1.0,1.0,1.0,1.0,5.0,2.0,1.0
9264,1.0,1.0,1.0,3.0,1.0,1.0,1.0,1.0,1.0,3.0,1.0,1.0
9265,1.0,1.0,1.0,3.0,1.0,1.0,1.0,1.0,1.0,3.0,1.0,1.0
9266,1.0,1.0,1.0,3.0,1.0,1.0,1.0,1.0,1.0,3.0,1.0,1.0
9267,1.0,1.0,1.0,3.0,1.0,1.0,1.0,1.0,1.0,3.0,1.0,1.0
9268,1.0,1.0,1.0,3.0,1.0,1.0,1.0,1.0,1.0,3.0,1.0,1.0
9269,1.0,1.0,1.0,3.0,1.0,1.0,1.0,1.0,1.0,5.0,2.0,1.0
9270,1.0,1.0,1.0,3.0,1.0,1.0,1.0,1.0,1.0,3.0,1.0,1.0
9271,1.0,1.0,1.0,3.0,1.0,1.0,1.0,1.0,1.0,3.0,1.0,1.0
9272,1.0,1.0,1.0,3.0,1.0,1.0,1.0,1.0,1.0,4.0,1.0,1.0
9273,1.0,1.0,1.0,3.0,1.0,1.0,1.0,1.0,1.0,3.0,1.0,1.0
9274,1.0,1.0,1.0,3.0,1.0,1.0,1.0,1.0,1.0,3.0,1.0,1.0
9275,1.0,1.0,1.0,3.0,1.0,1.0,1.0,1.0,1.0,3.0,1.0,1.0
9276,1.0,1.0,1.0,3.0,1.0,1.0,1.0,1.0,1.0,3.0,1.0,1.0
9277,1.0,1.0,1.0,3.0,1.0,1.0,1.0,1.0,1.0,4.0,1.0,1.0
9278,1.0,1.0,1.0,3.0,1.0,1.0,1.0,1.0,1.0,3.0,1.0,1.0
9279,1.0,1.0,1.0,3.0,1.0,1.0,1.0,1.0,1.0,3.0,1.0,1.0
9280,1.0,1.0,1.0,3.0,1.0,1.0,1.0,1.0,1.0,3.0,1.0,1.0
9281,1.0,1.0,1.0,3.0,1.0,1.0,1.0,1.0,1.0,5.0,2.0,1.0
9282,1.0,1.0,1.0,3.0,1.0,1.0,1.0,1.0,1.0,3.0,1.0,1.0
9283,1.0,1.0,1.0,3.0,1.0,1.0,1.0,1.0,1.0,3.0,1.0,1.0
9284,1.0,1.0,1.0,3.0,1.0,1.0,1.0,1.0,1.0,4.0,1.0,1.0
9285,1.0,1.0,1.0,3.0,1.0,1.0,1.0,1.0,1.0,3.0,1.0,1.0
9286,1.0,1.0,1.0,3.0,1.0,1.0,1.0,1.0,1.0,3.0,1.0,1.0
9287,1.0,1.0,1.0,3.0,1.0,1.0,1.0,1.0,1.0,4.0,1.0,1.0
9288,1.0,1.0,1.0,3.0,1.0,1.0,1.0,1.0,1.0,3.0,1.0,1.0
9289,1.0,1.0,1.0,3.0,1.0,1.0,1.0,1.0,1.0,3.0,1.0,1.0
9290,1.0,1.0,1.0,3.0,1.0,1.0,1.0,1.0,1.0,3.0,1.0,1.0
9291,1.0,1.0,1.0,3.0,1.0,1.0,1.0,1.0,1.0,4.0,1.0,1.0
9292,1.0,1.0,1.0,3.0,1.0,1.0,1.0,1.0,1.0,4.0,1.0,1.0
9293,1.0,1.0,1.0,3.0,1.0,1.0,1.0,1.0,1.0,4.0,1.0,1.0
9294,1.0,1.0,1.0,3.0,1.0,1.0,1.0,1.0,1.0,3.0,1.0,1.0
9295,1.0,1.0,1.0,3.0,1.0,1.0,1.0,1.0,1.0,3.0,1.0,1.0
9296,1.0,1.0,1.0,3.0,1.0,1.0,1.0,1.0,1.0,3.0,1.0,1.0
9297,1.0,1.0,1.0,3.0,1.0,1.0,1.0,1.0,1.0,3.0,1.0,1.0
9298,1.0,1.0,1.0,3.0,1.0,1.0,1.0,1.0,1.0,5.0,2.0,1.0
9299,1.0,1.0,1.0,3.0,1.0,1.0,1.0,1.0,1.0,4.0,1.0,1.0
9300,1.0,1.0,1.0,3.0,1.0,1.0,1.0,1.0,1.0,3.0,1.0,1.0
9301,1.0,1.0,1.0,3.0,1.0,1.0,1.0,1.0,1.0,4.0,1.0,1.0
9302,1.0,1.0,1.0,3.0,1.0,1.0,1.0,1.0,1.0,3.0,1.0,1.0
9303,1.0,1.0,1.0,3.0,1.0,1.0,1.0,1.0,1.0,4.0,1.0,1.0
9304,1.0,1.0,1.0,3.0,1.0,1.0,1.0,1.0,1.0,5.0,2.0,1.0
9305,1.0,1.0,1.0,3.0,1.0,1.0,1.0,1.0,1.0,5.0,2.0,1.0
9306,1.0,1.0,1.0,3.0,1.0,1.0,1.0,1.0,1.0,3.0,1.0,1.0
9307,1.0,1.0,1.0,3.0,1.0,1.0,1.0,1.0,1.0,3.0,1.0,1.0
9308,1.0,1.0,1.0,3.0,1.0,1.0,1.0,1.0,1.0,3.0,1.0,1.0
9309,1.0,1.0,1.0,3.0,1.0,1.0,1.0,1.0,1.0,4.0,1.0,1.0
9310,1.0,1.0,1.0,3.0,1.0,1.0,1.0,1.0,1.0,4.0,1.0,1.0
9311,1.0,1.0,1.0,3.0,1.0,1.0,1.0,1.0,1.0,3.0,1.0,1.0
9312,1.0,1.0,1.0,3.0,1.0,1.0,1.0,1.0,1.0,3.0,1.0,1.0
9313,1.0,1.0,1.0,3.0,1.0,1.0,1.0,1.0,1.0,4.0,1.0,1.0
9314,1.0,1.0,1.0,3.0,1.0,1.0,1.0,1.0,1.0,3.0,1.0,1.0
9315,1.0,1.0,1.0,3.0,1.0,1.0,1.0,1.0,1.0,5.0,2.0,1.0
9316,1.0,1.0,1.0,3.0,1.0,1.0,1.0,1.0,1.0,3.0,1.0,1.0
9317,1.0,1.0,1.0,3.0,1.0,1.0,1.0,1.0,1.0,3.0,1.0,1.0
9318,1.0,1.0,1.0,3.0,1.0,1.0,1.0,1.0,1.0,4.0,1.0,1.0
9319,1.0,1.0,1.0,3.0,1.0,1.0,1.0,1.0,1.0,4.0,1.0,1.0
9320,1.0,1.0,1.0,3.0,1.0,1.0,1.0,1.0,1.0,5.0,2.0,1.0
9321,1.0,1.0,1.0,3.0,1.0,1.0,1.0,1.0,1.0,4.0,1.0,1.0
9322,1.0,1.0,1.0,3.0,1.0,1.0,1.0,1.0,1.0,3.0,1.0,1.0
9323,1.0,1.0,1.0,3.0,1.0,1.0,1.0,1.0,1.0,3.0,1.0,1.0
9324,1.0,1.0,1.0,3.0,1.0,1.0,1.0,1.0,1.0,3.0,1.0,1.0
9325,1.0,1.0,1.0,3.0,1.0,1.0,1.0,1.0,1.0,5.0,2.0,1.0
9326,1.0,1.0,1.0,3.0,1.0,1.0,1.0,1.0,1.0,3.0,1.0,1.0
9327,1.0,1.0,1.0,3.0,1.0,1.0,1.0,1.0,1.0,4.0,1.0,1.0
9328,1.0,1.0,1.0,3.0,1.0,1.0,1.0,1.0,1.0,5.0,2.0,1.0
9329,1.0,1.0,1.0,3.0,1.0,1.0,1.0,1.0,1.0,5.0,2.0,1.0
9330,1.0,1.0,1.0,3.0,1.0,1.0,1.0,1.0,1.0,5.0,2.0,1.0
9331,1.0,1.0,1.0,3.0,1.0,1.0,1.0,1.0,1.0,3.0,1.0,1.0
9332,1.0,1.0,1.0,3.0,1.0,1.0,1.0,1.0,1.0,4.0,1.0,1.0
9333,1.0,1.0,1.0,3.0,1.0,1.0,1.0,1.0,1.0,3.0,1.0,1.0
9334,1.0,1.0,1.0,3.0,1.0,1.0,1.0,1.0,1.0,5.0,2.0,1.0
9335,1.0,1.0,1.0,3.0,1.0,1.0,1.0,1.0,1.0,5.0,2.0,1.0
9336,1.0,1.0,1.0,3.0,1.0,1.0,1.0,1.0,1.0,4.0,1.0,1.0
9337,1.0,1.0,1.0,3.0,1.0,1.0,1.0,1.0,1.0,5.0,2.0,1.0
9338,1.0,1.0,1.0,3.0,1.0,1.0,1.0,1.0,1.0,3.0,1.0,1.0
9339,1.0,1.0,1.0,3.0,1.0,1.0,1.0,1.0,1.0,3.0,1.0,1.0
9340,1.0,1.0,1.0,3.0,1.0,1.0,1.0,1.0,1.0,3.0,1.0,1.0
9341,1.0,1.0,1.0,3.0,1.0,1.0,1.0,1.0,1.0,3.0,1.0,1.0
9342,1.0,1.0,1.0,3.0,1.0,1.0,1.0,1.0,1.0,3.0,1.0,1.0
9343,1.0,1.0,1.0,3.0,1.0,1.0,1.0,1.0,1.0,3.0,1.0,1.0
9344,1.0,1.0,1.0,3.0,1.0,1.0,1.0,1.0,1.0,3.0,1.0,1.0
9345,1.0,1.0,1.0,3.0,1.0,1.0,1.0,1.0,1.0,3.0,1.0,1.0
9346,1.0,1.0,1.0,3.0,1.0,1.0,1.0,1.0,1.0,5.0,2.0,1.0
9347,1.0,1.0,1.0,3.0,1.0,1.0,1.0,1.0,1.0,5.0,2.0,1.0
9348,1.0,1.0,1.0,3.0,1.0,1.0,1.0,1.0,1.0,4.0,1.0,1.0
9349,1.0,1.0,1.0,3.0,1.0,1.0,1.0,1.0,1.0,3.0,1.0,1.0
9350,1.0,1.0,1.0,3.0,1.0,1.0,1.0,1.0,1.0,4.0,1.0,1.0
9351,1.0,1.0,1.0,3.0,1.0,1.0,1.0,1.0,1.0,4.0,1.0,1.0
9352,1.0,1.0,1.0,3.0,1.0,1.0,1.0,1.0,1.0,5.0,2.0,1.0
9353,1.0,1.0,1.0,3.0,1.0,1.0,1.0,1.0,1.0,3.0,1.0,1.0
9354,1.0,1.0,1.0,3.0,1.0,1.0,1.0,1.0,1.0,3.0,1.0,1.0
9355,1.0,1.0,1.0,3.0,1.0,1.0,1.0,1.0,1.0,3.0,1.0,1.0
9356,1.0,1.0,1.0,3.0,1.0,1.0,1.0,1.0,1.0,4.0,1.0,1.0
9357,1.0,1.0,1.0,3.0,1.0,1.0,1.0,1.0,1.0,4.0,1.0,1.0
9358,1.0,1.0,1.0,3.0,1.0,1.0,1.0,1.0,1.0,4.0,1.0,1.0
9359,1.0,1.0,1.0,3.0,1.0,1.0,1.0,1.0,1.0,3.0,1.0,1.0
9360,1.0,1.0,1.0,3.0,1.0,1.0,1.0,1.0,1.0,3.0,1.0,1.0
9361,1.0,1.0,1.0,3.0,1.0,1.0,1.0,1.0,1.0,5.0,2.0,1.0
9362,1.0,1.0,1.0,3.0,1.0,1.0,1.0,1.0,1.0,4.0,1.0,1.0
9363,1.0,1.0,1.0,3.0,1.0,1.0,1.0,1.0,1.0,3.0,1.0,1.0
9364,1.0,1.0,1.0,3.0,1.0,1.0,1.0,1.0,1.0,4.0,1.0,1.0
9365,1.0,1.0,1.0,3.0,1.0,1.0,1.0,1.0,1.0,5.0,2.0,1.0
9366,1.0,1.0,1.0,3.0,1.0,1.0,1.0,1.0,1.0,3.0,1.0,1.0
9367,1.0,1.0,1.0,3.0,1.0,1.0,1.0,1.0,1.0,3.0,1.0,1.0
9368,1.0,1.0,1.0,3.0,1.0,1.0,1.0,1.0,1.0,3.0,1.0,1.0
9369,1.0,1.0,1.0,3.0,1.0,1.0,1.0,1.0,1.0,5.0,2.0,1.0
9370,1.0,1.0,1.0,3.0,1.0,1.0,1.0,1.0,1.0,5.0,2.0,1.0
9371,1.0,1.0,1.0,3.0,1.0,1.0,1.0,1.0,1.0,4.0,1.0,1.0
9372,1.0,1.0,1.0,3.0,1.0,1.0,1.0,1.0,1.0,3.0,1.0,1.0
9373,1.0,1.0,1.0,3.0,1.0,1.0,1.0,1.0,1.0,5.0,2.0,1.0
9374,1.0,1.0,1.0,3.0,1.0,1.0,1.0,1.0,1.0,4.0,1.0,1.0
9375,1.0,1.0,1.0,3.0,1.0,1.0,1.0,1.0,1.0,4.0,1.0,1.0
9376,1.0,1.0,1.0,3.0,1.0,1.0,1.0,1.0,1.0,3.0,1.0,1.0
9377,1.0,1.0,1.0,3.0,1.0,1.0,1.0,1.0,1.0,4.0,1.0,1.0
9378,1.0,1.0,1.0,3.0,1.0,1.0,1.0,1.0,1.0,3.0,1.0,1.0
9379,1.0,1.0,1.0,3.0,1.0,1.0,1.0,1.0,1.0,4.0,1.0,1.0
9380,1.0,1.0,1.0,3.0,1.0,1.0,1.0,1.0,1.0,4.0,1.0,1.0
9381,1.0,1.0,1.0,3.0,1.0,1.0,1.0,1.0,1.0,3.0,1.0,1.0
9382,1.0,1.0,1.0,3.0,1.0,1.0,1.0,1.0,1.0,4.0,1.0,1.0
9383,1.0,1.0,1.0,3.0,1.0,1.0,1.0,1.0,1.0,4.0,1.0,1.0
9384,1.0,1.0,1.0,3.0,1.0,1.0,1.0,1.0,1.0,5.0,2.0,1.0
9385,1.0,1.0,1.0,3.0,1.0,1.0,1.0,1.0,1.0,3.0,1.0,1.0
9386,1.0,1.0,1.0,3.0,1.0,1.0,1.0,1.0,1.0,4.0,1.0,1.0
9387,1.0,1.0,1.0,3.0,1.0,1.0,1.0,1.0,1.0,3.0,1.0,1.0
9388,1.0,1.0,1.0,3.0,1.0,1.0,1.0,1.0,1.0,3.0,1.0,1.0
9389,1.0,1.0,1.0,3.0,1.0,1.0,1.0,1.0,1.0,5.0,2.0,1.0
9390,1.0,1.0,1.0,3.0,1.0,1.0,1.0,1.0,1.0,3.0,1.0,1.0
9391,1.0,1.0,1.0,3.0,1.0,1.0,1.0,1.0,1.0,3.0,1.0,1.0
9392,1.0,1.0,1.0,3.0,1.0,1.0,1.0,1.0,1.0,3.0,1.0,1.0
9393,1.0,1.0,1.0,3.0,1.0,1.0,1.0,1.0,1.0,3.0,1.0,1.0
9394,1.0,1.0,1.0,3.0,1.0,1.0,1.0,1.0,1.0,4.0,1.0,1.0
9395,1.0,1.0,1.0,3.0,1.0,1.0,1.0,1.0,1.0,3.0,1.0,1.0
9396,1.0,1.0,1.0,3.0,1.0,1.0,1.0,1.0,1.0,3.0,1.0,1.0
9397,1.0,1.0,1.0,3.0,1.0,1.0,1.0,1.0,1.0,5.0,2.0,1.0
9398,1.0,1.0,1.0,3.0,1.0,1.0,1.0,1.0,1.0,5.0,2.0,1.0
9399,1.0,1.0,1.0,3.0,1.0,1.0,1.0,1.0,1.0,3.0,1.0,1.0
9400,1.0,1.0,1.0,3.0,1.0,1.0,1.0,1.0,1.0,5.0,2.0,1.0
9401,1.0,1.0,1.0,3.0,1.0,1.0,1.0,1.0,1.0,3.0,1.0,1.0
9402,1.0,1.0,1.0,3.0,1.0,1.0,1.0,1.0,1.0,3.0,1.0,1.0
9403,1.0,1.0,1.0,3.0,1.0,1.0,1.0,1.0,1.0,3.0,1.0,1.0
9404,1.0,1.0,1.0,3.0,1.0,1.0,1.0,1.0,1.0,4.0,1.0,1.0
9405,1.0,1.0,1.0,3.0,1.0,1.0,1.0,1.0,1.0,3.0,1.0,1.0
9406,1.0,1.0,1.0,3.0,1.0,1.0,1.0,1.0,1.0,5.0,2.0,1.0
9407,1.0,1.0,1.0,3.0,1.0,1.0,1.0,1.0,1.0,5.0,2.0,1.0
9408,1.0,1.0,1.0,3.0,1.0,1.0,1.0,1.0,1.0,3.0,1.0,1.0
9409,1.0,1.0,1.0,3.0,1.0,1.0,1.0,1.0,1.0,3.0,1.0,1.0
9410,1.0,1.0,1.0,3.0,1.0,1.0,1.0,1.0,1.0,3.0,1.0,1.0
9411,1.0,1.0,1.0,3.0,1.0,1.0,1.0,1.0,1.0,3.0,1.0,1.0
9412,1.0,1.0,1.0,3.0,1.0,1.0,1.0,1.0,1.0,3.0,1.0,1.0
9413,1.0,1.0,1.0,3.0,1.0,1.0,1.0,1.0,1.0,3.0,1.0,1.0
9414,1.0,1.0,1.0,3.0,1.0,1.0,1.0,1.0,1.0,3.0,1.0,1.0
9415,1.0,1.0,1.0,3.0,1.0,1.0,1.0,1.0,1.0,3.0,1.0,1.0
9416,1.0,1.0,1.0,3.0,1.0,1.0,1.0,1.0,1.0,5.0,2.0,1.0
9417,1.0,1.0,1.0,3.0,1.0,1.0,1.0,1.0,1.0,5.0,2.0,1.0
9418,1.0,1.0,1.0,3.0,1.0,1.0,1.0,1.0,1.0,3.0,1.0,1.0
9419,1.0,1.0,1.0,3.0,1.0,1.0,1.0,1.0,1.0,3.0,1.0,1.0
9420,1.0,1.0,1.0,3.0,1.0,1.0,1.0,1.0,1.0,3.0,1.0,1.0
9421,1.0,1.0,1.0,3.0,1.0,1.0,1.0,1.0,1.0,4.0,1.0,1.0
9422,1.0,1.0,1.0,3.0,1.0,1.0,1.0,1.0,1.0,3.0,1.0,1.0
9423,1.0,1.0,1.0,3.0,1.0,1.0,1.0,1.0,1.0,4.0,1.0,1.0
9424,1.0,1.0,1.0,3.0,1.0,1.0,1.0,1.0,1.0,3.0,1.0,1.0
9425,1.0,1.0,1.0,3.0,1.0,1.0,1.0,1.0,1.0,4.0,1.0,1.0
9426,1.0,1.0,1.0,3.0,1.0,1.0,1.0,1.0,1.0,5.0,2.0,1.0
9427,1.0,1.0,1.0,3.0,1.0,1.0,1.0,1.0,1.0,3.0,1.0,1.0
9428,1.0,1.0,1.0,3.0,1.0,1.0,1.0,1.0,1.0,3.0,1.0,1.0
9429,1.0,1.0,1.0,3.0,1.0,1.0,1.0,1.0,1.0,3.0,1.0,1.0
9430,1.0,1.0,1.0,3.0,1.0,1.0,1.0,1.0,1.0,4.0,1.0,1.0
9431,1.0,1.0,1.0,3.0,1.0,1.0,1.0,1.0,1.0,3.0,1.0,1.0
9432,1.0,1.0,1.0,3.0,1.0,1.0,1.0,1.0,1.0,3.0,1.0,1.0
9433,1.0,1.0,1.0,3.0,1.0,1.0,1.0,1.0,1.0,3.0,1.0,1.0
9434,1.0,1.0,1.0,3.0,1.0,1.0,1.0,1.0,1.0,5.0,2.0,1.0
9435,1.0,1.0,1.0,3.0,1.0,1.0,1.0,1.0,1.0,3.0,1.0,1.0
9436,1.0,1.0,1.0,3.0,1.0,1.0,1.0,1.0,1.0,3.0,1.0,1.0
9437,1.0,1.0,1.0,3.0,1.0,1.0,1.0,1.0,1.0,4.0,1.0,1.0
9438,1.0,1.0,1.0,3.0,1.0,1.0,1.0,1.0,1.0,4.0,1.0,1.0
9439,1.0,1.0,1.0,3.0,1.0,1.0,1.0,1.0,1.0,4.0,1.0,1.0
9440,1.0,1.0,1.0,3.0,1.0,1.0,1.0,1.0,1.0,5.0,2.0,1.0
9441,1.0,1.0,1.0,3.0,1.0,1.0,1.0,1.0,1.0,3.0,1.0,1.0
9442,1.0,1.0,1.0,3.0,1.0,1.0,1.0,1.0,1.0,5.0,2.0,1.0
9443,1.0,1.0,1.0,3.0,1.0,1.0,1.0,1.0,1.0,3.0,1.0,1.0
9444,1.0,1.0,1.0,3.0,1.0,1.0,1.0,1.0,1.0,5.0,2.0,1.0
9445,1.0,1.0,1.0,3.0,1.0,1.0,1.0,1.0,1.0,3.0,1.0,1.0
9446,1.0,1.0,1.0,3.0,1.0,1.0,1.0,1.0,1.0,3.0,1.0,1.0
9447,1.0,1.0,1.0,3.0,1.0,1.0,1.0,1.0,1.0,4.0,1.0,1.0
9448,1.0,1.0,1.0,3.0,1.0,1.0,1.0,1.0,1.0,3.0,1.0,1.0
9449,1.0,1.0,1.0,3.0,1.0,1.0,1.0,1.0,1.0,3.0,1.0,1.0
9450,1.0,1.0,1.0,3.0,1.0,1.0,1.0,1.0,1.0,3.0,1.0,1.0
9451,1.0,1.0,1.0,3.0,1.0,1.0,1.0,1.0,1.0,5.0,2.0,1.0
9452,1.0,1.0,1.0,3.0,1.0,1.0,1.0,1.0,1.0,5.0,2.0,1.0
9453,1.0,1.0,1.0,3.0,1.0,1.0,1.0,1.0,1.0,4.0,1.0,1.0
9454,1.0,1.0,1.0,3.0,1.0,1.0,1.0,1.0,1.0,3.0,1.0,1.0
9455,1.0,1.0,1.0,3.0,1.0,1.0,1.0,1.0,1.0,5.0,2.0,1.0
9456,1.0,1.0,1.0,3.0,1.0,1.0,1.0,1.0,1.0,3.0,1.0,1.0
9457,1.0,1.0,1.0,3.0,1.0,1.0,1.0,1.0,1.0,5.0,2.0,1.0
9458,1.0,1.0,1.0,3.0,1.0,1.0,1.0,1.0,1.0,5.0,2.0,1.0
9459,1.0,1.0,1.0,3.0,1.0,1.0,1.0,1.0,1.0,5.0,2.0,1.0
9460,1.0,1.0,1.0,3.0,1.0,1.0,1.0,1.0,1.0,5.0,2.0,1.0
9461,1.0,1.0,1.0,3.0,1.0,1.0,1.0,1.0,1.0,3.0,1.0,1.0
9462,1.0,1.0,1.0,3.0,1.0,1.0,1.0,1.0,1.0,5.0,2.0,1.0
9463,1.0,1.0,1.0,3.0,1.0,1.0,1.0,1.0,1.0,4.0,1.0,1.0
9464,1.0,1.0,1.0,3.0,1.0,1.0,1.0,1.0,1.0,3.0,1.0,1.0
9465,1.0,1.0,1.0,3.0,1.0,1.0,1.0,1.0,1.0,4.0,1.0,1.0
9466,1.0,1.0,1.0,3.0,1.0,1.0,1.0,1.0,1.0,3.0,1.0,1.0
9467,1.0,1.0,1.0,3.0,1.0,1.0,1.0,1.0,1.0,3.0,1.0,1.0
9468,1.0,1.0,1.0,3.0,1.0,1.0,1.0,1.0,1.0,3.0,1.0,1.0
9469,1.0,1.0,1.0,3.0,1.0,1.0,1.0,1.0,1.0,3.0,1.0,1.0
9470,1.0,1.0,1.0,3.0,1.0,1.0,1.0,1.0,1.0,3.0,1.0,1.0
9471,1.0,1.0,1.0,3.0,1.0,1.0,1.0,1.0,1.0,3.0,1.0,1.0
9472,1.0,1.0,1.0,3.0,1.0,1.0,1.0,1.0,1.0,5.0,2.0,1.0
9473,1.0,1.0,1.0,3.0,1.0,1.0,1.0,1.0,1.0,3.0,1.0,1.0
9474,1.0,1.0,1.0,3.0,1.0,1.0,1.0,1.0,1.0,5.0,2.0,1.0
9475,1.0,1.0,1.0,3.0,1.0,1.0,1.0,1.0,1.0,3.0,1.0,1.0
9476,1.0,1.0,1.0,3.0,1.0,1.0,1.0,1.0,1.0,5.0,2.0,1.0
9477,1.0,1.0,1.0,3.0,1.0,1.0,1.0,1.0,1.0,3.0,1.0,1.0
9478,1.0,1.0,1.0,3.0,1.0,1.0,1.0,1.0,1.0,5.0,2.0,1.0
9479,1.0,1.0,1.0,3.0,1.0,1.0,1.0,1.0,1.0,5.0,2.0,1.0
9480,1.0,1.0,1.0,3.0,1.0,1.0,1.0,1.0,1.0,5.0,2.0,1.0
9481,1.0,1.0,1.0,3.0,1.0,1.0,1.0,1.0,1.0,3.0,1.0,1.0
9482,1.0,1.0,1.0,3.0,1.0,1.0,1.0,1.0,1.0,5.0,2.0,1.0
9483,1.0,1.0,1.0,3.0,1.0,1.0,1.0,1.0,1.0,3.0,1.0,1.0
9484,1.0,1.0,1.0,3.0,1.0,1.0,1.0,1.0,1.0,3.0,1.0,1.0
9485,1.0,1.0,1.0,3.0,1.0,1.0,1.0,1.0,1.0,5.0,2.0,1.0
9486,1.0,1.0,1.0,3.0,1.0,1.0,1.0,1.0,1.0,3.0,1.0,1.0
9487,1.0,1.0,1.0,3.0,1.0,1.0,1.0,1.0,1.0,5.0,2.0,1.0
9488,1.0,1.0,1.0,3.0,1.0,1.0,1.0,1.0,1.0,3.0,1.0,1.0
9489,1.0,1.0,1.0,3.0,1.0,1.0,1.0,1.0,1.0,3.0,1.0,1.0
9490,1.0,1.0,1.0,3.0,1.0,1.0,1.0,1.0,1.0,3.0,1.0,1.0
9491,1.0,1.0,1.0,3.0,1.0,1.0,1.0,1.0,1.0,3.0,1.0,1.0
9492,1.0,1.0,1.0,3.0,1.0,1.0,1.0,1.0,1.0,3.0,1.0,1.0
9493,1.0,1.0,1.0,3.0,1.0,1.0,1.0,1.0,1.0,3.0,1.0,1.0
9494,1.0,1.0,1.0,3.0,1.0,1.0,1.0,1.0,1.0,5.0,2.0,1.0
9495,1.0,1.0,1.0,3.0,1.0,1.0,1.0,1.0,1.0,5.0,2.0,1.0
9496,1.0,1.0,1.0,3.0,1.0,1.0,1.0,1.0,1.0,5.0,2.0,1.0
9497,1.0,1.0,1.0,3.0,1.0,1.0,1.0,1.0,1.0,3.0,1.0,1.0
9498,1.0,1.0,1.0,3.0,1.0,1.0,1.0,1.0,1.0,3.0,1.0,1.0
9499,1.0,1.0,1.0,3.0,1.0,1.0,1.0,1.0,1.0,3.0,1.0,1.0
9500,1.0,1.0,1.0,3.0,1.0,1.0,1.0,1.0,1.0,3.0,1.0,1.0
9501,1.0,1.0,1.0,3.0,1.0,1.0,1.0,1.0,1.0,3.0,1.0,1.0
9502,1.0,1.0,1.0,3.0,1.0,1.0,1.0,1.0,1.0,3.0,1.0,1.0
9503,1.0,1.0,1.0,3.0,1.0,1.0,1.0,1.0,1.0,3.0,1.0,1.0
9504,1.0,1.0,1.0,3.0,1.0,1.0,1.0,1.0,1.0,5.0,2.0,1.0
9505,1.0,1.0,1.0,3.0,1.0,1.0,1.0,1.0,1.0,3.0,1.0,1.0
9506,1.0,1.0,1.0,3.0,1.0,1.0,1.0,1.0,1.0,3.0,1.0,1.0
9507,1.0,1.0,1.0,3.0,1.0,1.0,1.0,1.0,1.0,5.0,2.0,1.0
9508,1.0,1.0,1.0,3.0,1.0,1.0,1.0,1.0,1.0,5.0,2.0,1.0
9509,1.0,1.0,1.0,3.0,1.0,1.0,1.0,1.0,1.0,5.0,2.0,1.0
9510,1.0,1.0,1.0,3.0,1.0,1.0,1.0,1.0,1.0,4.0,1.0,1.0
9511,1.0,1.0,1.0,3.0,1.0,1.0,1.0,1.0,1.0,3.0,1.0,1.0
9512,1.0,1.0,1.0,3.0,1.0,1.0,1.0,1.0,1.0,3.0,1.0,1.0
9513,1.0,1.0,1.0,3.0,1.0,1.0,1.0,1.0,1.0,5.0,2.0,1.0
9514,1.0,1.0,1.0,3.0,1.0,1.0,1.0,1.0,1.0,5.0,2.0,1.0
9515,1.0,1.0,1.0,3.0,1.0,1.0,1.0,1.0,1.0,5.0,2.0,1.0
9516,1.0,1.0,1.0,3.0,1.0,1.0,1.0,1.0,1.0,3.0,1.0,1.0
9517,1.0,1.0,1.0,3.0,1.0,1.0,1.0,1.0,1.0,3.0,1.0,1.0
9518,1.0,1.0,1.0,3.0,1.0,1.0,1.0,1.0,1.0,3.0,1.0,1.0
9519,1.0,1.0,1.0,3.0,1.0,1.0,1.0,1.0,1.0,5.0,2.0,1.0
9520,1.0,1.0,1.0,3.0,1.0,1.0,1.0,1.0,1.0,5.0,2.0,1.0
9521,1.0,1.0,1.0,3.0,1.0,1.0,1.0,1.0,1.0,5.0,2.0,1.0
9522,1.0,1.0,1.0,3.0,1.0,1.0,1.0,1.0,1.0,3.0,1.0,1.0
9523,1.0,1.0,1.0,3.0,1.0,1.0,1.0,1.0,1.0,3.0,1.0,1.0
9524,1.0,1.0,1.0,3.0,1.0,1.0,1.0,1.0,1.0,5.0,2.0,1.0
9525,1.0,1.0,1.0,3.0,1.0,1.0,1.0,1.0,1.0,3.0,1.0,1.0
9526,1.0,1.0,1.0,3.0,1.0,1.0,1.0,1.0,1.0,5.0,2.0,1.0
9527,1.0,1.0,1.0,3.0,1.0,1.0,1.0,1.0,1.0,5.0,2.0,1.0
9528,1.0,1.0,1.0,3.0,1.0,1.0,1.0,1.0,1.0,5.0,2.0,1.0
9529,1.0,1.0,1.0,3.0,1.0,1.0,1.0,1.0,1.0,5.0,2.0,1.0
9530,1.0,1.0,1.0,3.0,1.0,1.0,1.0,1.0,1.0,5.0,2.0,1.0
9531,1.0,1.0,1.0,3.0,1.0,1.0,1.0,1.0,1.0,4.0,1.0,1.0
9532,1.0,1.0,1.0,3.0,1.0,1.0,1.0,1.0,1.0,4.0,1.0,1.0
9533,1.0,1.0,1.0,3.0,1.0,1.0,1.0,1.0,1.0,4.0,1.0,1.0
9534,1.0,1.0,1.0,3.0,1.0,1.0,1.0,1.0,1.0,5.0,2.0,1.0
9535,1.0,1.0,1.0,3.0,1.0,1.0,1.0,1.0,1.0,4.0,1.0,1.0
9536,1.0,1.0,1.0,3.0,1.0,1.0,1.0,1.0,1.0,4.0,1.0,1.0
9537,1.0,1.0,1.0,3.0,1.0,1.0,1.0,1.0,1.0,5.0,2.0,1.0
9538,1.0,1.0,1.0,3.0,1.0,1.0,1.0,1.0,1.0,3.0,1.0,1.0
9539,1.0,1.0,1.0,3.0,1.0,1.0,1.0,1.0,1.0,5.0,2.0,1.0
9540,1.0,1.0,1.0,3.0,1.0,1.0,1.0,1.0,1.0,5.0,2.0,1.0
9541,1.0,1.0,1.0,3.0,1.0,1.0,1.0,1.0,1.0,4.0,1.0,1.0
9542,1.0,1.0,1.0,3.0,1.0,1.0,1.0,1.0,1.0,5.0,2.0,1.0
9543,1.0,1.0,1.0,3.0,1.0,1.0,1.0,1.0,1.0,5.0,2.0,1.0
9544,1.0,1.0,1.0,3.0,1.0,1.0,1.0,1.0,1.0,5.0,2.0,1.0
9545,1.0,1.0,1.0,3.0,1.0,1.0,1.0,1.0,1.0,3.0,1.0,1.0
9546,1.0,1.0,1.0,3.0,1.0,1.0,1.0,1.0,1.0,4.0,1.0,1.0
9547,1.0,1.0,1.0,3.0,1.0,1.0,1.0,1.0,1.0,3.0,1.0,1.0
9548,1.0,1.0,1.0,3.0,1.0,1.0,1.0,1.0,1.0,3.0,1.0,1.0
9549,1.0,1.0,1.0,3.0,1.0,1.0,1.0,1.0,1.0,3.0,1.0,1.0
9550,1.0,1.0,1.0,3.0,1.0,1.0,1.0,1.0,1.0,5.0,2.0,1.0
9551,1.0,1.0,1.0,3.0,1.0,1.0,1.0,1.0,1.0,5.0,2.0,1.0
9552,1.0,1.0,1.0,3.0,1.0,1.0,1.0,1.0,1.0,4.0,1.0,1.0
9553,1.0,1.0,1.0,3.0,1.0,1.0,1.0,1.0,1.0,3.0,1.0,1.0
9554,1.0,1.0,1.0,3.0,1.0,1.0,1.0,1.0,1.0,3.0,1.0,1.0
9555,1.0,1.0,1.0,3.0,1.0,1.0,1.0,1.0,1.0,5.0,2.0,1.0
9556,1.0,1.0,1.0,3.0,1.0,1.0,1.0,1.0,1.0,3.0,1.0,1.0
9557,1.0,1.0,1.0,3.0,1.0,1.0,1.0,1.0,1.0,3.0,1.0,1.0
9558,1.0,1.0,1.0,3.0,1.0,1.0,1.0,1.0,1.0,5.0,2.0,1.0
9559,1.0,1.0,1.0,3.0,1.0,1.0,1.0,1.0,1.0,4.0,1.0,1.0
9560,1.0,1.0,1.0,3.0,1.0,1.0,1.0,1.0,1.0,3.0,1.0,1.0
9561,1.0,1.0,1.0,3.0,1.0,1.0,1.0,1.0,1.0,4.0,1.0,1.0
9562,1.0,1.0,1.0,3.0,1.0,1.0,1.0,1.0,1.0,3.0,1.0,1.0
9563,1.0,1.0,1.0,3.0,1.0,1.0,1.0,1.0,1.0,3.0,1.0,1.0
9564,1.0,1.0,1.0,3.0,1.0,1.0,1.0,1.0,1.0,3.0,1.0,1.0
9565,1.0,1.0,1.0,3.0,1.0,1.0,1.0,1.0,1.0,4.0,1.0,1.0
9566,1.0,1.0,1.0,3.0,1.0,1.0,1.0,1.0,1.0,3.0,1.0,1.0
9567,1.0,1.0,1.0,3.0,1.0,1.0,1.0,1.0,1.0,3.0,1.0,1.0
9568,1.0,1.0,1.0,3.0,1.0,1.0,1.0,1.0,1.0,3.0,1.0,1.0
9569,1.0,1.0,1.0,3.0,1.0,1.0,1.0,1.0,1.0,3.0,1.0,1.0
9570,1.0,1.0,1.0,3.0,1.0,1.0,1.0,1.0,1.0,3.0,1.0,1.0
9571,1.0,1.0,1.0,3.0,1.0,1.0,1.0,1.0,1.0,4.0,1.0,1.0
9572,1.0,1.0,1.0,3.0,1.0,1.0,1.0,1.0,1.0,3.0,1.0,1.0
9573,1.0,1.0,1.0,3.0,1.0,1.0,1.0,1.0,1.0,4.0,1.0,1.0
9574,1.0,1.0,1.0,3.0,1.0,1.0,1.0,1.0,1.0,3.0,1.0,1.0
9575,1.0,1.0,1.0,3.0,1.0,1.0,1.0,1.0,1.0,5.0,2.0,1.0
9576,1.0,1.0,1.0,3.0,1.0,1.0,1.0,1.0,1.0,3.0,1.0,1.0
9577,1.0,1.0,1.0,3.0,1.0,1.0,1.0,1.0,1.0,5.0,2.0,1.0
9578,1.0,1.0,1.0,3.0,1.0,1.0,1.0,1.0,1.0,5.0,2.0,1.0
9579,1.0,1.0,1.0,3.0,1.0,1.0,1.0,1.0,1.0,5.0,2.0,1.0
9580,1.0,1.0,1.0,3.0,1.0,1.0,1.0,1.0,1.0,3.0,1.0,1.0
9581,1.0,1.0,1.0,3.0,1.0,1.0,1.0,1.0,1.0,3.0,1.0,1.0
9582,1.0,1.0,1.0,3.0,1.0,1.0,1.0,1.0,1.0,3.0,1.0,1.0
9583,1.0,1.0,1.0,3.0,1.0,1.0,1.0,1.0,1.0,3.0,1.0,1.0
9584,1.0,1.0,1.0,3.0,1.0,1.0,1.0,1.0,1.0,4.0,1.0,1.0
9585,1.0,1.0,1.0,3.0,1.0,1.0,1.0,1.0,1.0,3.0,1.0,1.0
9586,1.0,1.0,1.0,3.0,1.0,1.0,1.0,1.0,1.0,3.0,1.0,1.0
9587,1.0,1.0,1.0,3.0,1.0,1.0,1.0,1.0,1.0,3.0,1.0,1.0
9588,1.0,1.0,1.0,3.0,1.0,1.0,1.0,1.0,1.0,5.0,2.0,1.0
9589,1.0,1.0,1.0,3.0,1.0,1.0,1.0,1.0,1.0,4.0,1.0,1.0
9590,1.0,1.0,1.0,3.0,1.0,1.0,1.0,1.0,1.0,3.0,1.0,1.0
9591,1.0,1.0,1.0,3.0,1.0,1.0,1.0,1.0,1.0,3.0,1.0,1.0
9592,1.0,1.0,1.0,3.0,1.0,1.0,1.0,1.0,1.0,3.0,1.0,1.0
9593,1.0,1.0,1.0,3.0,1.0,1.0,1.0,1.0,1.0,3.0,1.0,1.0
9594,1.0,1.0,1.0,3.0,1.0,1.0,1.0,1.0,1.0,3.0,1.0,1.0
9595,1.0,1.0,1.0,3.0,1.0,1.0,1.0,1.0,1.0,3.0,1.0,1.0
9596,1.0,1.0,1.0,3.0,1.0,1.0,1.0,1.0,1.0,3.0,1.0,1.0
9597,1.0,1.0,1.0,3.0,1.0,1.0,1.0,1.0,1.0,3.0,1.0,1.0
9598,1.0,1.0,1.0,3.0,1.0,1.0,1.0,1.0,1.0,4.0,1.0,1.0
9599,1.0,1.0,1.0,3.0,1.0,1.0,1.0,1.0,1.0,5.0,2.0,1.0
9600,1.0,1.0,1.0,3.0,1.0,1.0,1.0,1.0,1.0,4.0,1.0,1.0
9601,1.0,1.0,1.0,3.0,1.0,1.0,1.0,1.0,1.0,5.0,2.0,1.0
9602,1.0,1.0,1.0,3.0,1.0,1.0,1.0,1.0,1.0,3.0,1.0,1.0
9603,1.0,1.0,1.0,3.0,1.0,1.0,1.0,1.0,1.0,5.0,2.0,1.0
9604,1.0,1.0,1.0,3.0,1.0,1.0,1.0,1.0,1.0,5.0,2.0,1.0
9605,1.0,1.0,1.0,3.0,1.0,1.0,1.0,1.0,1.0,5.0,2.0,1.0
9606,1.0,1.0,1.0,3.0,1.0,1.0,1.0,1.0,1.0,4.0,1.0,1.0
9607,1.0,1.0,1.0,3.0,1.0,1.0,1.0,1.0,1.0,3.0,1.0,1.0
9608,1.0,1.0,1.0,3.0,1.0,1.0,1.0,1.0,1.0,3.0,1.0,1.0
9609,1.0,1.0,1.0,3.0,1.0,1.0,1.0,1.0,1.0,3.0,1.0,1.0
9610,1.0,1.0,1.0,3.0,1.0,1.0,1.0,1.0,1.0,5.0,2.0,1.0
9611,1.0,1.0,1.0,3.0,1.0,1.0,1.0,1.0,1.0,4.0,1.0,1.0
9612,1.0,1.0,1.0,3.0,1.0,1.0,1.0,1.0,1.0,5.0,2.0,1.0
9613,1.0,1.0,1.0,3.0,1.0,1.0,1.0,1.0,1.0,5.0,2.0,1.0
9614,1.0,1.0,1.0,3.0,1.0,1.0,1.0,1.0,1.0,3.0,1.0,1.0
9615,1.0,1.0,1.0,3.0,1.0,1.0,1.0,1.0,1.0,5.0,2.0,1.0
9616,1.0,1.0,1.0,3.0,1.0,1.0,1.0,1.0,1.0,3.0,1.0,1.0
9617,1.0,1.0,1.0,3.0,1.0,1.0,1.0,1.0,1.0,3.0,1.0,1.0
9618,1.0,1.0,1.0,3.0,1.0,1.0,1.0,1.0,1.0,3.0,1.0,1.0
9619,1.0,1.0,1.0,3.0,1.0,1.0,1.0,1.0,1.0,4.0,1.0,1.0
9620,1.0,1.0,1.0,3.0,1.0,1.0,1.0,1.0,1.0,3.0,1.0,1.0
9621,1.0,1.0,1.0,3.0,1.0,1.0,1.0,1.0,1.0,3.0,1.0,1.0
9622,1.0,1.0,1.0,3.0,1.0,1.0,1.0,1.0,1.0,5.0,2.0,1.0
9623,1.0,1.0,1.0,3.0,1.0,1.0,1.0,1.0,1.0,5.0,2.0,1.0
9624,1.0,1.0,1.0,3.0,1.0,1.0,1.0,1.0,1.0,5.0,2.0,1.0
9625,1.0,1.0,1.0,3.0,1.0,1.0,1.0,1.0,1.0,3.0,1.0,1.0
9626,1.0,1.0,1.0,3.0,1.0,1.0,1.0,1.0,1.0,3.0,1.0,1.0
9627,1.0,1.0,1.0,3.0,1.0,1.0,1.0,1.0,1.0,3.0,1.0,1.0
9628,1.0,1.0,1.0,3.0,1.0,1.0,1.0,1.0,1.0,4.0,1.0,1.0
9629,1.0,1.0,1.0,3.0,1.0,1.0,1.0,1.0,1.0,5.0,2.0,1.0
9630,1.0,1.0,1.0,3.0,1.0,1.0,1.0,1.0,1.0,3.0,1.0,1.0
9631,1.0,1.0,1.0,3.0,1.0,1.0,1.0,1.0,1.0,3.0,1.0,1.0
9632,1.0,1.0,1.0,3.0,1.0,1.0,1.0,1.0,1.0,3.0,1.0,1.0
9633,1.0,1.0,1.0,3.0,1.0,1.0,1.0,1.0,1.0,5.0,2.0,1.0
9634,1.0,1.0,1.0,3.0,1.0,1.0,1.0,1.0,1.0,3.0,1.0,1.0
9635,1.0,1.0,1.0,3.0,1.0,1.0,1.0,1.0,1.0,5.0,2.0,1.0
9636,1.0,1.0,1.0,3.0,1.0,1.0,1.0,1.0,1.0,3.0,1.0,1.0
9637,1.0,1.0,1.0,3.0,1.0,1.0,1.0,1.0,1.0,4.0,1.0,1.0
9638,1.0,1.0,1.0,3.0,1.0,1.0,1.0,1.0,1.0,3.0,1.0,1.0
9639,1.0,1.0,1.0,3.0,1.0,1.0,1.0,1.0,1.0,3.0,1.0,1.0
9640,1.0,1.0,1.0,3.0,1.0,1.0,1.0,1.0,1.0,3.0,1.0,1.0
9641,1.0,1.0,1.0,3.0,1.0,1.0,1.0,1.0,1.0,5.0,2.0,1.0
9642,1.0,1.0,1.0,3.0,1.0,1.0,1.0,1.0,1.0,3.0,1.0,1.0
9643,1.0,1.0,1.0,3.0,1.0,1.0,1.0,1.0,1.0,3.0,1.0,1.0
9644,1.0,1.0,1.0,3.0,1.0,1.0,1.0,1.0,1.0,5.0,2.0,1.0
9645,1.0,1.0,1.0,3.0,1.0,1.0,1.0,1.0,1.0,3.0,1.0,1.0
9646,1.0,1.0,1.0,3.0,1.0,1.0,1.0,1.0,1.0,3.0,1.0,1.0
9647,1.0,1.0,1.0,3.0,1.0,1.0,1.0,1.0,1.0,5.0,2.0,1.0
9648,1.0,1.0,1.0,3.0,1.0,1.0,1.0,1.0,1.0,4.0,1.0,1.0
9649,1.0,1.0,1.0,3.0,1.0,1.0,1.0,1.0,1.0,5.0,2.0,1.0
9650,1.0,1.0,1.0,3.0,1.0,1.0,1.0,1.0,1.0,3.0,1.0,1.0
9651,1.0,1.0,1.0,3.0,1.0,1.0,1.0,1.0,1.0,3.0,1.0,1.0
9652,1.0,1.0,1.0,3.0,1.0,1.0,1.0,1.0,1.0,4.0,1.0,1.0
9653,1.0,1.0,1.0,3.0,1.0,1.0,1.0,1.0,1.0,4.0,1.0,1.0
9654,1.0,1.0,1.0,3.0,1.0,1.0,1.0,1.0,1.0,5.0,2.0,1.0
9655,1.0,1.0,1.0,3.0,1.0,1.0,1.0,1.0,1.0,3.0,1.0,1.0
9656,1.0,1.0,1.0,3.0,1.0,1.0,1.0,1.0,1.0,3.0,1.0,1.0
9657,1.0,1.0,1.0,3.0,1.0,1.0,1.0,1.0,1.0,3.0,1.0,1.0
9658,1.0,1.0,1.0,3.0,1.0,1.0,1.0,1.0,1.0,3.0,1.0,1.0
9659,1.0,1.0,1.0,3.0,1.0,1.0,1.0,1.0,1.0,3.0,1.0,1.0
9660,1.0,1.0,1.0,3.0,1.0,1.0,1.0,1.0,1.0,5.0,2.0,1.0
9661,1.0,1.0,1.0,3.0,1.0,1.0,1.0,1.0,1.0,3.0,1.0,1.0
9662,1.0,1.0,1.0,3.0,1.0,1.0,1.0,1.0,1.0,3.0,1.0,1.0
9663,1.0,1.0,1.0,3.0,1.0,1.0,1.0,1.0,1.0,5.0,2.0,1.0
9664,1.0,1.0,1.0,3.0,1.0,1.0,1.0,1.0,1.0,3.0,1.0,1.0
9665,1.0,1.0,1.0,3.0,1.0,1.0,1.0,1.0,1.0,3.0,1.0,1.0
9666,1.0,1.0,1.0,3.0,1.0,1.0,1.0,1.0,1.0,4.0,1.0,1.0
9667,1.0,1.0,1.0,3.0,1.0,1.0,1.0,1.0,1.0,5.0,2.0,1.0
9668,1.0,1.0,1.0,3.0,1.0,1.0,1.0,1.0,1.0,3.0,1.0,1.0
9669,1.0,1.0,1.0,3.0,1.0,1.0,1.0,1.0,1.0,5.0,2.0,1.0
9670,1.0,1.0,1.0,3.0,1.0,1.0,1.0,1.0,1.0,3.0,1.0,1.0
9671,1.0,1.0,1.0,3.0,1.0,1.0,1.0,1.0,1.0,3.0,1.0,1.0
9672,1.0,1.0,1.0,3.0,1.0,1.0,1.0,1.0,1.0,3.0,1.0,1.0
9673,1.0,1.0,1.0,3.0,1.0,1.0,1.0,1.0,1.0,3.0,1.0,1.0
9674,1.0,1.0,1.0,3.0,1.0,1.0,1.0,1.0,1.0,5.0,2.0,1.0
9675,1.0,1.0,1.0,3.0,1.0,1.0,1.0,1.0,1.0,3.0,1.0,1.0
9676,1.0,1.0,1.0,3.0,1.0,1.0,1.0,1.0,1.0,3.0,1.0,1.0
9677,1.0,1.0,1.0,3.0,1.0,1.0,1.0,1.0,1.0,3.0,1.0,1.0
9678,1.0,1.0,1.0,3.0,1.0,1.0,1.0,1.0,1.0,4.0,1.0,1.0
9679,1.0,1.0,1.0,3.0,1.0,1.0,1.0,1.0,1.0,3.0,1.0,1.0
9680,1.0,1.0,1.0,3.0,1.0,1.0,1.0,1.0,1.0,5.0,2.0,1.0
9681,1.0,1.0,1.0,3.0,1.0,1.0,1.0,1.0,1.0,4.0,1.0,1.0
9682,1.0,1.0,1.0,3.0,1.0,1.0,1.0,1.0,1.0,3.0,1.0,1.0
9683,1.0,1.0,1.0,3.0,1.0,1.0,1.0,1.0,1.0,3.0,1.0,1.0
9684,1.0,1.0,1.0,3.0,1.0,1.0,1.0,1.0,1.0,5.0,2.0,1.0
9685,1.0,1.0,1.0,3.0,1.0,1.0,1.0,1.0,1.0,4.0,1.0,1.0
9686,1.0,1.0,1.0,3.0,1.0,1.0,1.0,1.0,1.0,3.0,1.0,1.0
9687,1.0,1.0,1.0,3.0,1.0,1.0,1.0,1.0,1.0,3.0,1.0,1.0
9688,1.0,1.0,1.0,3.0,1.0,1.0,1.0,1.0,1.0,3.0,1.0,1.0
9689,1.0,1.0,1.0,3.0,1.0,1.0,1.0,1.0,1.0,5.0,2.0,1.0
9690,1.0,1.0,1.0,3.0,1.0,1.0,1.0,1.0,1.0,3.0,1.0,1.0
9691,1.0,1.0,1.0,3.0,1.0,1.0,1.0,1.0,1.0,4.0,1.0,1.0
9692,1.0,1.0,1.0,3.0,1.0,1.0,1.0,1.0,1.0,5.0,2.0,1.0
9693,1.0,1.0,1.0,3.0,1.0,1.0,1.0,1.0,1.0,3.0,1.0,1.0
9694,1.0,1.0,1.0,3.0,1.0,1.0,1.0,1.0,1.0,3.0,1.0,1.0
9695,1.0,1.0,1.0,3.0,1.0,1.0,1.0,1.0,1.0,3.0,1.0,1.0
9696,1.0,1.0,1.0,3.0,1.0,1.0,1.0,1.0,1.0,3.0,1.0,1.0
9697,1.0,1.0,1.0,3.0,1.0,1.0,1.0,1.0,1.0,5.0,2.0,1.0
9698,1.0,1.0,1.0,3.0,1.0,1.0,1.0,1.0,1.0,5.0,2.0,1.0
9699,1.0,1.0,1.0,3.0,1.0,1.0,1.0,1.0,1.0,3.0,1.0,1.0
9700,1.0,1.0,1.0,3.0,1.0,1.0,1.0,1.0,1.0,3.0,1.0,1.0
9701,1.0,1.0,1.0,3.0,1.0,1.0,1.0,1.0,1.0,5.0,2.0,1.0
9702,1.0,1.0,1.0,3.0,1.0,1.0,1.0,1.0,1.0,5.0,2.0,1.0
9703,1.0,1.0,1.0,3.0,1.0,1.0,1.0,1.0,1.0,5.0,2.0,1.0
9704,1.0,1.0,1.0,3.0,1.0,1.0,1.0,1.0,1.0,4.0,1.0,1.0
9705,1.0,1.0,1.0,3.0,1.0,1.0,1.0,1.0,1.0,5.0,2.0,1.0
9706,1.0,1.0,1.0,3.0,1.0,1.0,1.0,1.0,1.0,3.0,1.0,1.0
9707,1.0,1.0,1.0,3.0,1.0,1.0,1.0,1.0,1.0,4.0,1.0,1.0
9708,1.0,1.0,1.0,3.0,1.0,1.0,1.0,1.0,1.0,3.0,1.0,1.0
9709,1.0,1.0,1.0,3.0,1.0,1.0,1.0,1.0,1.0,3.0,1.0,1.0
9710,1.0,1.0,1.0,3.0,1.0,1.0,1.0,1.0,1.0,3.0,1.0,1.0
9711,1.0,1.0,1.0,3.0,1.0,1.0,1.0,1.0,1.0,3.0,1.0,1.0
9712,1.0,1.0,1.0,3.0,1.0,1.0,1.0,1.0,1.0,5.0,2.0,1.0
9713,1.0,1.0,1.0,3.0,1.0,1.0,1.0,1.0,1.0,3.0,1.0,1.0
9714,1.0,1.0,1.0,3.0,1.0,1.0,1.0,1.0,1.0,4.0,1.0,1.0
9715,1.0,1.0,1.0,3.0,1.0,1.0,1.0,1.0,1.0,5.0,2.0,1.0
9716,1.0,1.0,1.0,3.0,1.0,1.0,1.0,1.0,1.0,3.0,1.0,1.0
9717,1.0,1.0,1.0,3.0,1.0,1.0,1.0,1.0,1.0,5.0,2.0,1.0
9718,1.0,1.0,1.0,3.0,1.0,1.0,1.0,1.0,1.0,5.0,2.0,1.0
9719,1.0,1.0,1.0,3.0,1.0,1.0,1.0,1.0,1.0,3.0,1.0,1.0
9720,1.0,1.0,1.0,3.0,1.0,1.0,1.0,1.0,1.0,3.0,1.0,1.0
9721,1.0,1.0,1.0,3.0,1.0,1.0,1.0,1.0,1.0,3.0,1.0,1.0
9722,1.0,1.0,1.0,3.0,1.0,1.0,1.0,1.0,1.0,3.0,1.0,1.0
9723,1.0,1.0,1.0,3.0,1.0,1.0,1.0,1.0,1.0,3.0,1.0,1.0
9724,1.0,1.0,1.0,3.0,1.0,1.0,1.0,1.0,1.0,3.0,1.0,1.0
9725,1.0,1.0,1.0,3.0,1.0,1.0,1.0,1.0,1.0,5.0,2.0,1.0
9726,1.0,1.0,1.0,3.0,1.0,1.0,1.0,1.0,1.0,5.0,2.0,1.0
9727,1.0,1.0,1.0,3.0,1.0,1.0,1.0,1.0,1.0,4.0,1.0,1.0
9728,1.0,1.0,1.0,3.0,1.0,1.0,1.0,1.0,1.0,3.0,1.0,1.0
9729,1.0,1.0,1.0,3.0,1.0,1.0,1.0,1.0,1.0,3.0,1.0,1.0
9730,1.0,1.0,1.0,3.0,1.0,1.0,1.0,1.0,1.0,3.0,1.0,1.0
9731,1.0,1.0,1.0,3.0,1.0,1.0,1.0,1.0,1.0,4.0,1.0,1.0
9732,1.0,1.0,1.0,3.0,1.0,1.0,1.0,1.0,1.0,5.0,2.0,1.0
9733,1.0,1.0,1.0,3.0,1.0,1.0,1.0,1.0,1.0,4.0,1.0,1.0
9734,1.0,1.0,1.0,3.0,1.0,1.0,1.0,1.0,1.0,3.0,1.0,1.0
9735,1.0,1.0,1.0,3.0,1.0,1.0,1.0,1.0,1.0,3.0,1.0,1.0
9736,1.0,1.0,1.0,3.0,1.0,1.0,1.0,1.0,1.0,5.0,2.0,1.0
9737,1.0,1.0,1.0,3.0,1.0,1.0,1.0,1.0,1.0,4.0,1.0,1.0
9738,1.0,1.0,1.0,3.0,1.0,1.0,1.0,1.0,1.0,4.0,1.0,1.0
9739,1.0,1.0,1.0,3.0,1.0,1.0,1.0,1.0,1.0,4.0,1.0,1.0
9740,1.0,1.0,1.0,3.0,1.0,1.0,1.0,1.0,1.0,3.0,1.0,1.0
9741,1.0,1.0,1.0,3.0,1.0,1.0,1.0,1.0,1.0,3.0,1.0,1.0
9742,1.0,1.0,1.0,3.0,1.0,1.0,1.0,1.0,1.0,3.0,1.0,1.0
9743,1.0,1.0,1.0,3.0,1.0,1.0,1.0,1.0,1.0,3.0,1.0,1.0
9744,1.0,1.0,1.0,3.0,1.0,1.0,1.0,1.0,1.0,4.0,1.0,1.0
9745,1.0,1.0,1.0,3.0,1.0,1.0,1.0,1.0,1.0,3.0,1.0,1.0
9746,1.0,1.0,1.0,3.0,1.0,1.0,1.0,1.0,1.0,4.0,1.0,1.0
9747,1.0,1.0,1.0,3.0,1.0,1.0,1.0,1.0,1.0,3.0,1.0,1.0
9748,1.0,1.0,1.0,3.0,1.0,1.0,1.0,1.0,1.0,3.0,1.0,1.0
9749,1.0,1.0,1.0,3.0,1.0,1.0,1.0,1.0,1.0,4.0,1.0,1.0
9750,1.0,1.0,1.0,3.0,1.0,1.0,1.0,1.0,1.0,3.0,1.0,1.0
9751,1.0,1.0,1.0,3.0,1.0,1.0,1.0,1.0,1.0,3.0,1.0,1.0
9752,1.0,1.0,1.0,3.0,1.0,1.0,1.0,1.0,1.0,3.0,1.0,1.0
9753,1.0,1.0,1.0,3.0,1.0,1.0,1.0,1.0,1.0,4.0,1.0,1.0
9754,1.0,1.0,1.0,3.0,1.0,1.0,1.0,1.0,1.0,3.0,1.0,1.0
9755,1.0,1.0,1.0,3.0,1.0,1.0,1.0,1.0,1.0,3.0,1.0,1.0
9756,1.0,1.0,1.0,3.0,1.0,1.0,1.0,1.0,1.0,4.0,1.0,1.0
9757,1.0,1.0,1.0,3.0,1.0,1.0,1.0,1.0,1.0,3.0,1.0,1.0
9758,1.0,1.0,1.0,3.0,1.0,1.0,1.0,1.0,1.0,4.0,1.0,1.0
9759,1.0,1.0,1.0,3.0,1.0,1.0,1.0,1.0,1.0,5.0,2.0,1.0
9760,1.0,1.0,1.0,3.0,1.0,1.0,1.0,1.0,1.0,3.0,1.0,1.0
9761,1.0,1.0,1.0,3.0,1.0,1.0,1.0,1.0,1.0,3.0,1.0,1.0
9762,1.0,1.0,1.0,3.0,1.0,1.0,1.0,1.0,1.0,4.0,1.0,1.0
9763,1.0,1.0,1.0,3.0,1.0,1.0,1.0,1.0,1.0,3.0,1.0,1.0
9764,1.0,1.0,1.0,3.0,1.0,1.0,1.0,1.0,1.0,3.0,1.0,1.0
9765,1.0,1.0,1.0,3.0,1.0,1.0,1.0,1.0,1.0,5.0,2.0,1.0
9766,1.0,1.0,1.0,3.0,1.0,1.0,1.0,1.0,1.0,3.0,1.0,1.0
9767,1.0,1.0,1.0,3.0,1.0,1.0,1.0,1.0,1.0,4.0,1.0,1.0
9768,1.0,1.0,1.0,3.0,1.0,1.0,1.0,1.0,1.0,3.0,1.0,1.0
9769,1.0,1.0,1.0,3.0,1.0,1.0,1.0,1.0,1.0,3.0,1.0,1.0
9770,1.0,1.0,1.0,3.0,1.0,1.0,1.0,1.0,1.0,3.0,1.0,1.0
9771,1.0,1.0,1.0,3.0,1.0,1.0,1.0,1.0,1.0,4.0,1.0,1.0
9772,1.0,1.0,1.0,3.0,1.0,1.0,1.0,1.0,1.0,3.0,1.0,1.0
9773,1.0,1.0,1.0,3.0,1.0,1.0,1.0,1.0,1.0,3.0,1.0,1.0
9774,1.0,1.0,1.0,3.0,1.0,1.0,1.0,1.0,1.0,5.0,2.0,1.0
9775,1.0,1.0,1.0,3.0,1.0,1.0,1.0,1.0,1.0,3.0,1.0,1.0
9776,1.0,1.0,1.0,3.0,1.0,1.0,1.0,1.0,1.0,4.0,1.0,1.0
9777,1.0,1.0,1.0,3.0,1.0,1.0,1.0,1.0,1.0,4.0,1.0,1.0
9778,1.0,1.0,1.0,3.0,1.0,1.0,1.0,1.0,1.0,3.0,1.0,1.0
9779,1.0,1.0,1.0,3.0,1.0,1.0,1.0,1.0,1.0,4.0,1.0,1.0
9780,1.0,1.0,1.0,3.0,1.0,1.0,1.0,1.0,1.0,4.0,1.0,1.0
9781,1.0,1.0,1.0,3.0,1.0,1.0,1.0,1.0,1.0,3.0,1.0,1.0
9782,1.0,1.0,1.0,3.0,1.0,1.0,1.0,1.0,1.0,5.0,2.0,1.0
9783,1.0,1.0,1.0,3.0,1.0,1.0,1.0,1.0,1.0,3.0,1.0,1.0
9784,1.0,1.0,1.0,3.0,1.0,1.0,1.0,1.0,1.0,3.0,1.0,1.0
9785,1.0,1.0,1.0,3.0,1.0,1.0,1.0,1.0,1.0,4.0,1.0,1.0
9786,1.0,1.0,1.0,3.0,1.0,1.0,1.0,1.0,1.0,5.0,2.0,1.0
9787,1.0,1.0,1.0,3.0,1.0,1.0,1.0,1.0,1.0,5.0,2.0,1.0
9788,1.0,1.0,1.0,3.0,1.0,1.0,1.0,1.0,1.0,3.0,1.0,1.0
9789,1.0,1.0,1.0,3.0,1.0,1.0,1.0,1.0,1.0,5.0,2.0,1.0
9790,1.0,1.0,1.0,3.0,1.0,1.0,1.0,1.0,1.0,3.0,1.0,1.0
9791,1.0,1.0,1.0,3.0,1.0,1.0,1.0,1.0,1.0,3.0,1.0,1.0
9792,1.0,1.0,1.0,3.0,1.0,1.0,1.0,1.0,1.0,5.0,2.0,1.0
9793,1.0,1.0,1.0,3.0,1.0,1.0,1.0,1.0,1.0,5.0,2.0,1.0
9794,1.0,1.0,1.0,3.0,1.0,1.0,1.0,1.0,1.0,5.0,2.0,1.0
9795,1.0,1.0,1.0,3.0,1.0,1.0,1.0,1.0,1.0,5.0,2.0,1.0
9796,1.0,1.0,1.0,3.0,1.0,1.0,1.0,1.0,1.0,3.0,1.0,1.0
9797,1.0,1.0,1.0,3.0,1.0,1.0,1.0,1.0,1.0,4.0,1.0,1.0
9798,1.0,1.0,1.0,3.0,1.0,1.0,1.0,1.0,1.0,4.0,1.0,1.0
9799,1.0,1.0,1.0,3.0,1.0,1.0,1.0,1.0,1.0,5.0,2.0,1.0
9800,1.0,1.0,1.0,3.0,1.0,1.0,1.0,1.0,1.0,5.0,2.0,1.0
9801,1.0,1.0,1.0,3.0,1.0,1.0,1.0,1.0,1.0,3.0,1.0,1.0
9802,1.0,1.0,1.0,3.0,1.0,1.0,1.0,1.0,1.0,3.0,1.0,1.0
9803,1.0,1.0,1.0,3.0,1.0,1.0,1.0,1.0,1.0,3.0,1.0,1.0
9804,1.0,1.0,1.0,3.0,1.0,1.0,1.0,1.0,1.0,3.0,1.0,1.0
9805,1.0,1.0,1.0,3.0,1.0,1.0,1.0,1.0,1.0,4.0,1.0,1.0
9806,1.0,1.0,1.0,3.0,1.0,1.0,1.0,1.0,1.0,3.0,1.0,1.0
9807,1.0,1.0,1.0,3.0,1.0,1.0,1.0,1.0,1.0,3.0,1.0,1.0
9808,1.0,1.0,1.0,3.0,1.0,1.0,1.0,1.0,1.0,4.0,1.0,1.0
9809,1.0,1.0,1.0,3.0,1.0,1.0,1.0,1.0,1.0,3.0,1.0,1.0
9810,1.0,1.0,1.0,3.0,1.0,1.0,1.0,1.0,1.0,5.0,2.0,1.0
9811,1.0,1.0,1.0,3.0,1.0,1.0,1.0,1.0,1.0,5.0,2.0,1.0
9812,1.0,1.0,1.0,3.0,1.0,1.0,1.0,1.0,1.0,3.0,1.0,1.0
9813,1.0,1.0,1.0,3.0,1.0,1.0,1.0,1.0,1.0,4.0,1.0,1.0
9814,1.0,1.0,1.0,3.0,1.0,1.0,1.0,1.0,1.0,3.0,1.0,1.0
9815,1.0,1.0,1.0,3.0,1.0,1.0,1.0,1.0,1.0,3.0,1.0,1.0
9816,1.0,1.0,1.0,3.0,1.0,1.0,1.0,1.0,1.0,3.0,1.0,1.0
9817,1.0,1.0,1.0,3.0,1.0,1.0,1.0,1.0,1.0,5.0,2.0,1.0
9818,1.0,1.0,1.0,3.0,1.0,1.0,1.0,1.0,1.0,5.0,2.0,1.0
9819,1.0,1.0,1.0,3.0,1.0,1.0,1.0,1.0,1.0,4.0,1.0,1.0
9820,1.0,1.0,1.0,3.0,1.0,1.0,1.0,1.0,1.0,3.0,1.0,1.0
9821,1.0,1.0,1.0,3.0,1.0,1.0,1.0,1.0,1.0,3.0,1.0,1.0
9822,1.0,1.0,1.0,3.0,1.0,1.0,1.0,1.0,1.0,4.0,1.0,1.0
9823,1.0,1.0,1.0,3.0,1.0,1.0,1.0,1.0,1.0,3.0,1.0,1.0
9824,1.0,1.0,1.0,3.0,1.0,1.0,1.0,1.0,1.0,4.0,1.0,1.0
9825,1.0,1.0,1.0,3.0,1.0,1.0,1.0,1.0,1.0,3.0,1.0,1.0
9826,1.0,1.0,1.0,3.0,1.0,1.0,1.0,1.0,1.0,5.0,2.0,1.0
9827,1.0,1.0,1.0,3.0,1.0,1.0,1.0,1.0,1.0,3.0,1.0,1.0
9828,1.0,1.0,1.0,3.0,1.0,1.0,1.0,1.0,1.0,5.0,2.0,1.0
9829,1.0,1.0,1.0,3.0,1.0,1.0,1.0,1.0,1.0,5.0,2.0,1.0
9830,1.0,1.0,1.0,3.0,1.0,1.0,1.0,1.0,1.0,5.0,2.0,1.0
9831,1.0,1.0,1.0,3.0,1.0,1.0,1.0,1.0,1.0,3.0,1.0,1.0
9832,1.0,1.0,1.0,3.0,1.0,1.0,1.0,1.0,1.0,4.0,1.0,1.0
9833,1.0,1.0,1.0,3.0,1.0,1.0,1.0,1.0,1.0,3.0,1.0,1.0
9834,1.0,1.0,1.0,3.0,1.0,1.0,1.0,1.0,1.0,4.0,1.0,1.0
9835,1.0,1.0,1.0,3.0,1.0,1.0,1.0,1.0,1.0,3.0,1.0,1.0
9836,1.0,1.0,1.0,3.0,1.0,1.0,1.0,1.0,1.0,3.0,1.0,1.0
9837,1.0,1.0,1.0,3.0,1.0,1.0,1.0,1.0,1.0,5.0,2.0,1.0
9838,1.0,1.0,1.0,3.0,1.0,1.0,1.0,1.0,1.0,3.0,1.0,1.0
9839,1.0,1.0,1.0,3.0,1.0,1.0,1.0,1.0,1.0,4.0,1.0,1.0
9840,1.0,1.0,1.0,3.0,1.0,1.0,1.0,1.0,1.0,3.0,1.0,1.0
9841,1.0,1.0,1.0,3.0,1.0,1.0,1.0,1.0,1.0,3.0,1.0,1.0
9842,1.0,1.0,1.0,3.0,1.0,1.0,1.0,1.0,1.0,5.0,2.0,1.0
9843,1.0,1.0,1.0,3.0,1.0,1.0,1.0,1.0,1.0,4.0,1.0,1.0
9844,1.0,1.0,1.0,3.0,1.0,1.0,1.0,1.0,1.0,3.0,1.0,1.0
9845,1.0,1.0,1.0,3.0,1.0,1.0,1.0,1.0,1.0,3.0,1.0,1.0
9846,1.0,1.0,1.0,3.0,1.0,1.0,1.0,1.0,1.0,5.0,2.0,1.0
9847,1.0,1.0,1.0,3.0,1.0,1.0,1.0,1.0,1.0,4.0,1.0,1.0
9848,1.0,1.0,1.0,3.0,1.0,1.0,1.0,1.0,1.0,3.0,1.0,1.0
9849,1.0,1.0,1.0,3.0,1.0,1.0,1.0,1.0,1.0,4.0,1.0,1.0
9850,1.0,1.0,1.0,3.0,1.0,1.0,1.0,1.0,1.0,3.0,1.0,1.0
9851,1.0,1.0,1.0,3.0,1.0,1.0,1.0,1.0,1.0,4.0,1.0,1.0
9852,1.0,1.0,1.0,3.0,1.0,1.0,1.0,1.0,1.0,5.0,2.0,1.0
9853,1.0,1.0,1.0,3.0,1.0,1.0,1.0,1.0,1.0,3.0,1.0,1.0
9854,1.0,1.0,1.0,3.0,1.0,1.0,1.0,1.0,1.0,3.0,1.0,1.0
9855,1.0,1.0,1.0,3.0,1.0,1.0,1.0,1.0,1.0,3.0,1.0,1.0
9856,1.0,1.0,1.0,3.0,1.0,1.0,1.0,1.0,1.0,5.0,2.0,1.0
9857,1.0,1.0,1.0,3.0,1.0,1.0,1.0,1.0,1.0,3.0,1.0,1.0
9858,1.0,1.0,1.0,3.0,1.0,1.0,1.0,1.0,1.0,3.0,1.0,1.0
9859,1.0,1.0,1.0,3.0,1.0,1.0,1.0,1.0,1.0,5.0,2.0,1.0
9860,1.0,1.0,1.0,3.0,1.0,1.0,1.0,1.0,1.0,5.0,2.0,1.0
9861,1.0,1.0,1.0,3.0,1.0,1.0,1.0,1.0,1.0,3.0,1.0,1.0
9862,1.0,1.0,1.0,3.0,1.0,1.0,1.0,1.0,1.0,5.0,2.0,1.0
9863,1.0,1.0,1.0,3.0,1.0,1.0,1.0,1.0,1.0,3.0,1.0,1.0
9864,1.0,1.0,1.0,3.0,1.0,1.0,1.0,1.0,1.0,5.0,2.0,1.0
9865,1.0,1.0,1.0,3.0,1.0,1.0,1.0,1.0,1.0,3.0,1.0,1.0
9866,1.0,1.0,1.0,3.0,1.0,1.0,1.0,1.0,1.0,3.0,1.0,1.0
9867,1.0,1.0,1.0,3.0,1.0,1.0,1.0,1.0,1.0,4.0,1.0,1.0
9868,1.0,1.0,1.0,3.0,1.0,1.0,1.0,1.0,1.0,3.0,1.0,1.0
9869,1.0,1.0,1.0,3.0,1.0,1.0,1.0,1.0,1.0,5.0,2.0,1.0
9870,1.0,1.0,1.0,3.0,1.0,1.0,1.0,1.0,1.0,4.0,1.0,1.0
9871,1.0,1.0,1.0,3.0,1.0,1.0,1.0,1.0,1.0,3.0,1.0,1.0
9872,1.0,1.0,1.0,3.0,1.0,1.0,1.0,1.0,1.0,3.0,1.0,1.0
9873,1.0,1.0,1.0,3.0,1.0,1.0,1.0,1.0,1.0,3.0,1.0,1.0
9874,1.0,1.0,1.0,3.0,1.0,1.0,1.0,1.0,1.0,4.0,1.0,1.0
9875,1.0,1.0,1.0,3.0,1.0,1.0,1.0,1.0,1.0,3.0,1.0,1.0
9876,1.0,1.0,1.0,3.0,1.0,1.0,1.0,1.0,1.0,3.0,1.0,1.0
9877,1.0,1.0,1.0,3.0,1.0,1.0,1.0,1.0,1.0,3.0,1.0,1.0
9878,1.0,1.0,1.0,3.0,1.0,1.0,1.0,1.0,1.0,5.0,2.0,1.0
9879,1.0,1.0,1.0,3.0,1.0,1.0,1.0,1.0,1.0,5.0,2.0,1.0
9880,1.0,1.0,1.0,3.0,1.0,1.0,1.0,1.0,1.0,3.0,1.0,1.0
9881,1.0,1.0,1.0,3.0,1.0,1.0,1.0,1.0,1.0,3.0,1.0,1.0
9882,1.0,1.0,1.0,3.0,1.0,1.0,1.0,1.0,1.0,3.0,1.0,1.0
9883,1.0,1.0,1.0,3.0,1.0,1.0,1.0,1.0,1.0,3.0,1.0,1.0
9884,1.0,1.0,1.0,3.0,1.0,1.0,1.0,1.0,1.0,3.0,1.0,1.0
9885,1.0,1.0,1.0,3.0,1.0,1.0,1.0,1.0,1.0,3.0,1.0,1.0
9886,1.0,1.0,1.0,3.0,1.0,1.0,1.0,1.0,1.0,3.0,1.0,1.0
9887,1.0,1.0,1.0,3.0,1.0,1.0,1.0,1.0,1.0,5.0,2.0,1.0
9888,1.0,1.0,1.0,3.0,1.0,1.0,1.0,1.0,1.0,3.0,1.0,1.0
9889,1.0,1.0,1.0,3.0,1.0,1.0,1.0,1.0,1.0,3.0,1.0,1.0
9890,1.0,1.0,1.0,3.0,1.0,1.0,1.0,1.0,1.0,3.0,1.0,1.0
9891,1.0,1.0,1.0,3.0,1.0,1.0,1.0,1.0,1.0,5.0,2.0,1.0
9892,1.0,1.0,1.0,3.0,1.0,1.0,1.0,1.0,1.0,3.0,1.0,1.0
9893,1.0,1.0,1.0,3.0,1.0,1.0,1.0,1.0,1.0,3.0,1.0,1.0
9894,1.0,1.0,1.0,3.0,1.0,1.0,1.0,1.0,1.0,5.0,2.0,1.0
9895,1.0,1.0,1.0,3.0,1.0,1.0,1.0,1.0,1.0,4.0,1.0,1.0
9896,1.0,1.0,1.0,3.0,1.0,1.0,1.0,1.0,1.0,3.0,1.0,1.0
9897,1.0,1.0,1.0,3.0,1.0,1.0,1.0,1.0,1.0,5.0,2.0,1.0
9898,1.0,1.0,1.0,3.0,1.0,1.0,1.0,1.0,1.0,3.0,1.0,1.0
9899,1.0,1.0,1.0,3.0,1.0,1.0,1.0,1.0,1.0,4.0,1.0,1.0
9900,1.0,1.0,1.0,3.0,1.0,1.0,1.0,1.0,1.0,5.0,2.0,1.0
9901,1.0,1.0,1.0,3.0,1.0,1.0,1.0,1.0,1.0,5.0,2.0,1.0
9902,1.0,1.0,1.0,3.0,1.0,1.0,1.0,1.0,1.0,3.0,1.0,1.0
9903,1.0,1.0,1.0,3.0,1.0,1.0,1.0,1.0,1.0,3.0,1.0,1.0
9904,1.0,1.0,1.0,3.0,1.0,1.0,1.0,1.0,1.0,4.0,1.0,1.0
9905,1.0,1.0,1.0,3.0,1.0,1.0,1.0,1.0,1.0,4.0,1.0,1.0
9906,1.0,1.0,1.0,3.0,1.0,1.0,1.0,1.0,1.0,5.0,2.0,1.0
9907,1.0,1.0,1.0,3.0,1.0,1.0,1.0,1.0,1.0,3.0,1.0,1.0
9908,1.0,1.0,1.0,3.0,1.0,1.0,1.0,1.0,1.0,4.0,1.0,1.0
9909,1.0,1.0,1.0,3.0,1.0,1.0,1.0,1.0,1.0,5.0,2.0,1.0
9910,1.0,1.0,1.0,3.0,1.0,1.0,1.0,1.0,1.0,4.0,1.0,1.0
9911,1.0,1.0,1.0,3.0,1.0,1.0,1.0,1.0,1.0,3.0,1.0,1.0
9912,1.0,1.0,1.0,3.0,1.0,1.0,1.0,1.0,1.0,3.0,1.0,1.0
9913,1.0,1.0,1.0,3.0,1.0,1.0,1.0,1.0,1.0,5.0,2.0,1.0
9914,1.0,1.0,1.0,3.0,1.0,1.0,1.0,1.0,1.0,3.0,1.0,1.0
9915,1.0,1.0,1.0,3.0,1.0,1.0,1.0,1.0,1.0,3.0,1.0,1.0
9916,1.0,1.0,1.0,3.0,1.0,1.0,1.0,1.0,1.0,3.0,1.0,1.0
9917,1.0,1.0,1.0,3.0,1.0,1.0,1.0,1.0,1.0,5.0,2.0,1.0
9918,1.0,1.0,1.0,3.0,1.0,1.0,1.0,1.0,1.0,3.0,1.0,1.0
9919,1.0,1.0,1.0,3.0,1.0,1.0,1.0,1.0,1.0,5.0,2.0,1.0
9920,1.0,1.0,1.0,3.0,1.0,1.0,1.0,1.0,1.0,5.0,2.0,1.0
9921,1.0,1.0,1.0,3.0,1.0,1.0,1.0,1.0,1.0,3.0,1.0,1.0
9922,1.0,1.0,1.0,3.0,1.0,1.0,1.0,1.0,1.0,4.0,1.0,1.0
9923,1.0,1.0,1.0,3.0,1.0,1.0,1.0,1.0,1.0,4.0,1.0,1.0
9924,1.0,1.0,1.0,3.0,1.0,1.0,1.0,1.0,1.0,3.0,1.0,1.0
9925,1.0,1.0,1.0,3.0,1.0,1.0,1.0,1.0,1.0,4.0,1.0,1.0
9926,1.0,1.0,1.0,3.0,1.0,1.0,1.0,1.0,1.0,3.0,1.0,1.0
9927,1.0,1.0,1.0,3.0,1.0,1.0,1.0,1.0,1.0,4.0,1.0,1.0
9928,1.0,1.0,1.0,3.0,1.0,1.0,1.0,1.0,1.0,5.0,2.0,1.0
9929,1.0,1.0,1.0,3.0,1.0,1.0,1.0,1.0,1.0,3.0,1.0,1.0
9930,1.0,1.0,1.0,3.0,1.0,1.0,1.0,1.0,1.0,3.0,1.0,1.0
9931,1.0,1.0,1.0,3.0,1.0,1.0,1.0,1.0,1.0,3.0,1.0,1.0
9932,1.0,1.0,1.0,3.0,1.0,1.0,1.0,1.0,1.0,3.0,1.0,1.0
9933,1.0,1.0,1.0,3.0,1.0,1.0,1.0,1.0,1.0,5.0,2.0,1.0
9934,1.0,1.0,1.0,3.0,1.0,1.0,1.0,1.0,1.0,3.0,1.0,1.0
9935,1.0,1.0,1.0,3.0,1.0,1.0,1.0,1.0,1.0,3.0,1.0,1.0
9936,1.0,1.0,1.0,3.0,1.0,1.0,1.0,1.0,1.0,3.0,1.0,1.0
9937,1.0,1.0,1.0,3.0,1.0,1.0,1.0,1.0,1.0,3.0,1.0,1.0
9938,1.0,1.0,1.0,3.0,1.0,1.0,1.0,1.0,1.0,5.0,2.0,1.0
9939,1.0,1.0,1.0,3.0,1.0,1.0,1.0,1.0,1.0,3.0,1.0,1.0
9940,1.0,1.0,1.0,3.0,1.0,1.0,1.0,1.0,1.0,4.0,1.0,1.0
9941,1.0,1.0,1.0,3.0,1.0,1.0,1.0,1.0,1.0,4.0,1.0,1.0
9942,1.0,1.0,1.0,3.0,1.0,1.0,1.0,1.0,1.0,3.0,1.0,1.0
9943,1.0,1.0,1.0,3.0,1.0,1.0,1.0,1.0,1.0,3.0,1.0,1.0
9944,1.0,1.0,1.0,3.0,1.0,1.0,1.0,1.0,1.0,3.0,1.0,1.0
9945,1.0,1.0,1.0,3.0,1.0,1.0,1.0,1.0,1.0,3.0,1.0,1.0
9946,1.0,1.0,1.0,3.0,1.0,1.0,1.0,1.0,1.0,3.0,1.0,1.0
9947,1.0,1.0,1.0,3.0,1.0,1.0,1.0,1.0,1.0,5.0,2.0,1.0
9948,1.0,1.0,1.0,3.0,1.0,1.0,1.0,1.0,1.0,3.0,1.0,1.0
9949,1.0,1.0,1.0,3.0,1.0,1.0,1.0,1.0,1.0,3.0,1.0,1.0
9950,1.0,1.0,1.0,3.0,1.0,1.0,1.0,1.0,1.0,3.0,1.0,1.0
9951,1.0,1.0,1.0,3.0,1.0,1.0,1.0,1.0,1.0,5.0,2.0,1.0
9952,1.0,1.0,1.0,3.0,1.0,1.0,1.0,1.0,1.0,5.0,2.0,1.0
9953,1.0,1.0,1.0,3.0,1.0,1.0,1.0,1.0,1.0,3.0,1.0,1.0
9954,1.0,1.0,1.0,3.0,1.0,1.0,1.0,1.0,1.0,3.0,1.0,1.0
9955,1.0,1.0,1.0,3.0,1.0,1.0,1.0,1.0,1.0,3.0,1.0,1.0
9956,1.0,1.0,1.0,3.0,1.0,1.0,1.0,1.0,1.0,3.0,1.0,1.0
9957,1.0,1.0,1.0,3.0,1.0,1.0,1.0,1.0,1.0,3.0,1.0,1.0
9958,1.0,1.0,1.0,3.0,1.0,1.0,1.0,1.0,1.0,4.0,1.0,1.0
9959,1.0,1.0,1.0,3.0,1.0,1.0,1.0,1.0,1.0,5.0,2.0,1.0
9960,1.0,1.0,1.0,3.0,1.0,1.0,1.0,1.0,1.0,5.0,2.0,1.0
9961,1.0,1.0,1.0,3.0,1.0,1.0,1.0,1.0,1.0,3.0,1.0,1.0
9962,1.0,1.0,1.0,3.0,1.0,1.0,1.0,1.0,1.0,4.0,1.0,1.0
9963,1.0,1.0,1.0,3.0,1.0,1.0,1.0,1.0,1.0,5.0,2.0,1.0
9964,1.0,1.0,1.0,3.0,1.0,1.0,1.0,1.0,1.0,3.0,1.0,1.0
9965,1.0,1.0,1.0,3.0,1.0,1.0,1.0,1.0,1.0,4.0,1.0,1.0
9966,1.0,1.0,1.0,3.0,1.0,1.0,1.0,1.0,1.0,5.0,2.0,1.0
9967,1.0,1.0,1.0,3.0,1.0,1.0,1.0,1.0,1.0,3.0,1.0,1.0
9968,1.0,1.0,1.0,3.0,1.0,1.0,1.0,1.0,1.0,3.0,1.0,1.0
9969,1.0,1.0,1.0,3.0,1.0,1.0,1.0,1.0,1.0,3.0,1.0,1.0
9970,1.0,1.0,1.0,3.0,1.0,1.0,1.0,1.0,1.0,5.0,2.0,1.0
9971,1.0,1.0,1.0,3.0,1.0,1.0,1.0,1.0,1.0,5.0,2.0,1.0
9972,1.0,1.0,1.0,3.0,1.0,1.0,1.0,1.0,1.0,4.0,1.0,1.0
9973,1.0,1.0,1.0,3.0,1.0,1.0,1.0,1.0,1.0,3.0,1.0,1.0
9974,1.0,1.0,1.0,3.0,1.0,1.0,1.0,1.0,1.0,5.0,2.0,1.0
9975,1.0,1.0,1.0,3.0,1.0,1.0,1.0,1.0,1.0,3.0,1.0,1.0
9976,1.0,1.0,1.0,3.0,1.0,1.0,1.0,1.0,1.0,4.0,1.0,1.0
9977,1.0,1.0,1.0,3.0,1.0,1.0,1.0,1.0,1.0,3.0,1.0,1.0
9978,1.0,1.0,1.0,3.0,1.0,1.0,1.0,1.0,1.0,5.0,2.0,1.0
9979,1.0,1.0,1.0,3.0,1.0,1.0,1.0,1.0,1.0,4.0,1.0,1.0
9980,1.0,1.0,1.0,3.0,1.0,1.0,1.0,1.0,1.0,3.0,1.0,1.0
9981,1.0,1.0,1.0,3.0,1.0,1.0,1.0,1.0,1.0,5.0,2.0,1.0
9982,1.0,1.0,1.0,3.0,1.0,1.0,1.0,1.0,1.0,3.0,1.0,1.0
9983,1.0,1.0,1.0,3.0,1.0,1.0,1.0,1.0,1.0,4.0,1.0,1.0
9984,1.0,1.0,1.0,3.0,1.0,1.0,1.0,1.0,1.0,3.0,1.0,1.0
9985,1.0,1.0,1.0,3.0,1.0,1.0,1.0,1.0,1.0,5.0,2.0,1.0
9986,1.0,1.0,1.0,3.0,1.0,1.0,1.0,1.0,1.0,3.0,1.0,1.0
9987,1.0,1.0,1.0,3.0,1.0,1.0,1.0,1.0,1.0,5.0,2.0,1.0
9988,1.0,1.0,1.0,3.0,1.0,1.0,1.0,1.0,1.0,3.0,1.0,1.0
9989,1.0,1.0,1.0,3.0,1.0,1.0,1.0,1.0,1.0,5.0,2.0,1.0
9990,1.0,1.0,1.0,3.0,1.0,1.0,1.0,1.0,1.0,4.0,1.0,1.0
9991,1.0,1.0,1.0,3.0,1.0,1.0,1.0,1.0,1.0,3.0,1.0,1.0
9992,1.0,1.0,1.0,3.0,1.0,1.0,1.0,1.0,1.0,5.0,2.0,1.0
9993,1.0,1.0,1.0,3.0,1.0,1.0,1.0,1.0,1.0,3.0,1.0,1.0
9994,1.0,1.0,1.0,3.0,1.0,1.0,1.0,1.0,1.0,5.0,2.0,1.0
9995,1.0,1.0,1.0,3.0,1.0,1.0,1.0,1.0,1.0,5.0,2.0,1.0
9996,1.0,1.0,1.0,3.0,1.0,1.0,1.0,1.0,1.0,4.0,1.0,1.0
9997,1.0,1.0,1.0,3.0,1.0,1.0,1.0,1.0,1.0,5.0,2.0,1.0
9998,1.0,1.0,1.0,3.0,1.0,1.0,1.0,1.0,1.0,3.0,1.0,1.0
9999,1.0,1.0,1.0,3.0,1.0,1.0,1.0,1.0,1.0,4.0,1.0,1.0
10000,1.0,1.0,1.0,3.0,1.0,1.0,1.0,1.0,1.0,5.0,2.0,1.0
10001,1.0,1.0,1.0,3.0,1.0,1.0,1.0,1.0,1.0,3.0,1.0,1.0
10002,1.0,1.0,1.0,3.0,1.0,1.0,1.0,1.0,1.0,5.0,2.0,1.0
10003,1.0,1.0,1.0,3.0,1.0,1.0,1.0,1.0,1.0,5.0,2.0,1.0
10004,1.0,1.0,1.0,3.0,1.0,1.0,1.0,1.0,1.0,3.0,1.0,1.0
10005,1.0,1.0,1.0,3.0,1.0,1.0,1.0,1.0,1.0,3.0,1.0,1.0
10006,1.0,1.0,1.0,3.0,1.0,1.0,1.0,1.0,1.0,3.0,1.0,1.0
10007,1.0,1.0,1.0,3.0,1.0,1.0,1.0,1.0,1.0,4.0,1.0,1.0
10008,1.0,1.0,1.0,3.0,1.0,1.0,1.0,1.0,1.0,5.0,2.0,1.0
10009,1.0,1.0,1.0,3.0,1.0,1.0,1.0,1.0,1.0,3.0,1.0,1.0
10010,1.0,1.0,1.0,3.0,1.0,1.0,1.0,1.0,1.0,4.0,1.0,1.0
10011,1.0,1.0,1.0,3.0,1.0,1.0,1.0,1.0,1.0,3.0,1.0,1.0
10012,1.0,1.0,1.0,3.0,1.0,1.0,1.0,1.0,1.0,5.0,2.0,1.0
10013,1.0,1.0,1.0,3.0,1.0,1.0,1.0,1.0,1.0,4.0,1.0,1.0
10014,1.0,1.0,1.0,3.0,1.0,1.0,1.0,1.0,1.0,4.0,1.0,1.0
10015,1.0,1.0,1.0,3.0,1.0,1.0,1.0,1.0,1.0,5.0,2.0,1.0
10016,1.0,1.0,1.0,3.0,1.0,1.0,1.0,1.0,1.0,4.0,1.0,1.0
10017,1.0,1.0,1.0,3.0,1.0,1.0,1.0,1.0,1.0,4.0,1.0,1.0
10018,1.0,1.0,1.0,3.0,1.0,1.0,1.0,1.0,1.0,4.0,1.0,1.0
10019,1.0,1.0,1.0,3.0,1.0,1.0,1.0,1.0,1.0,3.0,1.0,1.0
10020,1.0,1.0,1.0,3.0,1.0,1.0,1.0,1.0,1.0,3.0,1.0,1.0
10021,1.0,1.0,1.0,3.0,1.0,1.0,1.0,1.0,1.0,4.0,1.0,1.0
10022,1.0,1.0,1.0,3.0,1.0,1.0,1.0,1.0,1.0,4.0,1.0,1.0
10023,1.0,1.0,1.0,3.0,1.0,1.0,1.0,1.0,1.0,3.0,1.0,1.0
10024,1.0,1.0,1.0,3.0,1.0,1.0,1.0,1.0,1.0,5.0,2.0,1.0
10025,1.0,1.0,1.0,3.0,1.0,1.0,1.0,1.0,1.0,5.0,2.0,1.0
10026,1.0,1.0,1.0,3.0,1.0,1.0,1.0,1.0,1.0,5.0,2.0,1.0
10027,1.0,1.0,1.0,3.0,1.0,1.0,1.0,1.0,1.0,5.0,2.0,1.0
10028,1.0,1.0,1.0,3.0,1.0,1.0,1.0,1.0,1.0,3.0,1.0,1.0
10029,1.0,1.0,1.0,3.0,1.0,1.0,1.0,1.0,1.0,3.0,1.0,1.0
10030,1.0,1.0,1.0,3.0,1.0,1.0,1.0,1.0,1.0,4.0,1.0,1.0
10031,1.0,1.0,1.0,3.0,1.0,1.0,1.0,1.0,1.0,4.0,1.0,1.0
10032,1.0,1.0,1.0,3.0,1.0,1.0,1.0,1.0,1.0,5.0,2.0,1.0
10033,1.0,1.0,1.0,3.0,1.0,1.0,1.0,1.0,1.0,4.0,1.0,1.0
10034,1.0,1.0,1.0,3.0,1.0,1.0,1.0,1.0,1.0,3.0,1.0,1.0
10035,1.0,1.0,1.0,3.0,1.0,1.0,1.0,1.0,1.0,5.0,2.0,1.0
10036,1.0,1.0,1.0,3.0,1.0,1.0,1.0,1.0,1.0,3.0,1.0,1.0
10037,1.0,1.0,1.0,3.0,1.0,1.0,1.0,1.0,1.0,4.0,1.0,1.0
10038,1.0,1.0,1.0,3.0,1.0,1.0,1.0,1.0,1.0,3.0,1.0,1.0
10039,1.0,1.0,1.0,3.0,1.0,1.0,1.0,1.0,1.0,3.0,1.0,1.0
10040,1.0,1.0,1.0,3.0,1.0,1.0,1.0,1.0,1.0,4.0,1.0,1.0
10041,1.0,1.0,1.0,3.0,1.0,1.0,1.0,1.0,1.0,3.0,1.0,1.0
10042,1.0,1.0,1.0,3.0,1.0,1.0,1.0,1.0,1.0,3.0,1.0,1.0
10043,1.0,1.0,1.0,3.0,1.0,1.0,1.0,1.0,1.0,3.0,1.0,1.0
10044,1.0,1.0,1.0,3.0,1.0,1.0,1.0,1.0,1.0,3.0,1.0,1.0
10045,1.0,1.0,1.0,3.0,1.0,1.0,1.0,1.0,1.0,3.0,1.0,1.0
10046,1.0,1.0,1.0,3.0,1.0,1.0,1.0,1.0,1.0,5.0,2.0,1.0
10047,1.0,1.0,1.0,3.0,1.0,1.0,1.0,1.0,1.0,5.0,2.0,1.0
10048,1.0,1.0,1.0,3.0,1.0,1.0,1.0,1.0,1.0,4.0,1.0,1.0
10049,1.0,1.0,1.0,3.0,1.0,1.0,1.0,1.0,1.0,5.0,2.0,1.0
10050,1.0,1.0,1.0,3.0,1.0,1.0,1.0,1.0,1.0,3.0,1.0,1.0
10051,1.0,1.0,1.0,3.0,1.0,1.0,1.0,1.0,1.0,3.0,1.0,1.0
10052,1.0,1.0,1.0,3.0,1.0,1.0,1.0,1.0,1.0,3.0,1.0,1.0
10053,1.0,1.0,1.0,3.0,1.0,1.0,1.0,1.0,1.0,3.0,1.0,1.0
10054,1.0,1.0,1.0,3.0,1.0,1.0,1.0,1.0,1.0,3.0,1.0,1.0
10055,1.0,1.0,1.0,3.0,1.0,1.0,1.0,1.0,1.0,3.0,1.0,1.0
10056,1.0,1.0,1.0,3.0,1.0,1.0,1.0,1.0,1.0,3.0,1.0,1.0
10057,1.0,1.0,1.0,3.0,1.0,1.0,1.0,1.0,1.0,3.0,1.0,1.0
10058,1.0,1.0,1.0,3.0,1.0,1.0,1.0,1.0,1.0,3.0,1.0,1.0
10059,1.0,1.0,1.0,3.0,1.0,1.0,1.0,1.0,1.0,3.0,1.0,1.0
10060,1.0,1.0,1.0,3.0,1.0,1.0,1.0,1.0,1.0,3.0,1.0,1.0
10061,1.0,1.0,1.0,3.0,1.0,1.0,1.0,1.0,1.0,3.0,1.0,1.0
10062,1.0,1.0,1.0,3.0,1.0,1.0,1.0,1.0,1.0,3.0,1.0,1.0
10063,1.0,1.0,1.0,3.0,1.0,1.0,1.0,1.0,1.0,3.0,1.0,1.0
10064,1.0,1.0,1.0,3.0,1.0,1.0,1.0,1.0,1.0,3.0,1.0,1.0
10065,1.0,1.0,1.0,3.0,1.0,1.0,1.0,1.0,1.0,5.0,2.0,1.0
10066,1.0,1.0,1.0,3.0,1.0,1.0,1.0,1.0,1.0,4.0,1.0,1.0
10067,1.0,1.0,1.0,3.0,1.0,1.0,1.0,1.0,1.0,3.0,1.0,1.0
10068,1.0,1.0,1.0,3.0,1.0,1.0,1.0,1.0,1.0,3.0,1.0,1.0
10069,1.0,1.0,1.0,3.0,1.0,1.0,1.0,1.0,1.0,3.0,1.0,1.0
10070,1.0,1.0,1.0,3.0,1.0,1.0,1.0,1.0,1.0,5.0,2.0,1.0
10071,1.0,1.0,1.0,3.0,1.0,1.0,1.0,1.0,1.0,5.0,2.0,1.0
10072,1.0,1.0,1.0,3.0,1.0,1.0,1.0,1.0,1.0,3.0,1.0,1.0
10073,1.0,1.0,1.0,3.0,1.0,1.0,1.0,1.0,1.0,3.0,1.0,1.0
10074,1.0,1.0,1.0,3.0,1.0,1.0,1.0,1.0,1.0,3.0,1.0,1.0
10075,1.0,1.0,1.0,3.0,1.0,1.0,1.0,1.0,1.0,3.0,1.0,1.0
10076,1.0,1.0,1.0,3.0,1.0,1.0,1.0,1.0,1.0,4.0,1.0,1.0
10077,1.0,1.0,1.0,3.0,1.0,1.0,1.0,1.0,1.0,4.0,1.0,1.0
10078,1.0,1.0,1.0,3.0,1.0,1.0,1.0,1.0,1.0,3.0,1.0,1.0
10079,1.0,1.0,1.0,3.0,1.0,1.0,1.0,1.0,1.0,3.0,1.0,1.0
10080,1.0,1.0,1.0,3.0,1.0,1.0,1.0,1.0,1.0,4.0,1.0,1.0
10081,1.0,1.0,1.0,3.0,1.0,1.0,1.0,1.0,1.0,5.0,2.0,1.0
10082,1.0,1.0,1.0,3.0,1.0,1.0,1.0,1.0,1.0,5.0,2.0,1.0
10083,1.0,1.0,1.0,3.0,1.0,1.0,1.0,1.0,1.0,3.0,1.0,1.0
10084,1.0,1.0,1.0,3.0,1.0,1.0,1.0,1.0,1.0,3.0,1.0,1.0
10085,1.0,1.0,1.0,3.0,1.0,1.0,1.0,1.0,1.0,5.0,2.0,1.0
10086,1.0,1.0,1.0,3.0,1.0,1.0,1.0,1.0,1.0,5.0,2.0,1.0
10087,1.0,1.0,1.0,3.0,1.0,1.0,1.0,1.0,1.0,5.0,2.0,1.0
10088,1.0,1.0,1.0,3.0,1.0,1.0,1.0,1.0,1.0,4.0,1.0,1.0
10089,1.0,1.0,1.0,3.0,1.0,1.0,1.0,1.0,1.0,3.0,1.0,1.0
10090,1.0,1.0,1.0,3.0,1.0,1.0,1.0,1.0,1.0,3.0,1.0,1.0
10091,1.0,1.0,1.0,3.0,1.0,1.0,1.0,1.0,1.0,3.0,1.0,1.0
10092,1.0,1.0,1.0,3.0,1.0,1.0,1.0,1.0,1.0,5.0,2.0,1.0
10093,1.0,1.0,1.0,3.0,1.0,1.0,1.0,1.0,1.0,4.0,1.0,1.0
10094,1.0,1.0,1.0,3.0,1.0,1.0,1.0,1.0,1.0,5.0,2.0,1.0
10095,1.0,1.0,1.0,3.0,1.0,1.0,1.0,1.0,1.0,3.0,1.0,1.0
10096,1.0,1.0,1.0,3.0,1.0,1.0,1.0,1.0,1.0,3.0,1.0,1.0
10097,1.0,1.0,1.0,3.0,1.0,1.0,1.0,1.0,1.0,5.0,2.0,1.0
10098,1.0,1.0,1.0,3.0,1.0,1.0,1.0,1.0,1.0,5.0,2.0,1.0
10099,1.0,1.0,1.0,3.0,1.0,1.0,1.0,1.0,1.0,5.0,2.0,1.0
10100,1.0,1.0,1.0,3.0,1.0,1.0,1.0,1.0,1.0,4.0,1.0,1.0
10101,1.0,1.0,1.0,3.0,1.0,1.0,1.0,1.0,1.0,4.0,1.0,1.0
10102,1.0,1.0,1.0,3.0,1.0,1.0,1.0,1.0,1.0,5.0,2.0,1.0
10103,1.0,1.0,1.0,3.0,1.0,1.0,1.0,1.0,1.0,3.0,1.0,1.0
10104,1.0,1.0,1.0,3.0,1.0,1.0,1.0,1.0,1.0,5.0,2.0,1.0
10105,1.0,1.0,1.0,3.0,1.0,1.0,1.0,1.0,1.0,4.0,1.0,1.0
10106,1.0,1.0,1.0,3.0,1.0,1.0,1.0,1.0,1.0,5.0,2.0,1.0
10107,1.0,1.0,1.0,3.0,1.0,1.0,1.0,1.0,1.0,3.0,1.0,1.0
10108,1.0,1.0,1.0,3.0,1.0,1.0,1.0,1.0,1.0,5.0,2.0,1.0
10109,1.0,1.0,1.0,3.0,1.0,1.0,1.0,1.0,1.0,3.0,1.0,1.0
10110,1.0,1.0,1.0,3.0,1.0,1.0,1.0,1.0,1.0,3.0,1.0,1.0
10111,1.0,1.0,1.0,3.0,1.0,1.0,1.0,1.0,1.0,3.0,1.0,1.0
10112,1.0,1.0,1.0,3.0,1.0,1.0,1.0,1.0,1.0,5.0,2.0,1.0
10113,1.0,1.0,1.0,3.0,1.0,1.0,1.0,1.0,1.0,3.0,1.0,1.0
10114,1.0,1.0,1.0,3.0,1.0,1.0,1.0,1.0,1.0,5.0,2.0,1.0
10115,1.0,1.0,1.0,3.0,1.0,1.0,1.0,1.0,1.0,3.0,1.0,1.0
10116,1.0,1.0,1.0,3.0,1.0,1.0,1.0,1.0,1.0,4.0,1.0,1.0
10117,1.0,1.0,1.0,3.0,1.0,1.0,1.0,1.0,1.0,5.0,2.0,1.0
10118,1.0,1.0,1.0,3.0,1.0,1.0,1.0,1.0,1.0,5.0,2.0,1.0
10119,1.0,1.0,1.0,3.0,1.0,1.0,1.0,1.0,1.0,3.0,1.0,1.0
10120,1.0,1.0,1.0,3.0,1.0,1.0,1.0,1.0,1.0,4.0,1.0,1.0
10121,1.0,1.0,1.0,3.0,1.0,1.0,1.0,1.0,1.0,3.0,1.0,1.0
10122,1.0,1.0,1.0,3.0,1.0,1.0,1.0,1.0,1.0,3.0,1.0,1.0
10123,1.0,1.0,1.0,3.0,1.0,1.0,1.0,1.0,1.0,4.0,1.0,1.0
10124,1.0,1.0,1.0,3.0,1.0,1.0,1.0,1.0,1.0,4.0,1.0,1.0
10125,1.0,1.0,1.0,3.0,1.0,1.0,1.0,1.0,1.0,3.0,1.0,1.0
10126,1.0,1.0,1.0,3.0,1.0,1.0,1.0,1.0,1.0,3.0,1.0,1.0
10127,1.0,1.0,1.0,3.0,1.0,1.0,1.0,1.0,1.0,3.0,1.0,1.0
10128,1.0,1.0,1.0,3.0,1.0,1.0,1.0,1.0,1.0,3.0,1.0,1.0
10129,1.0,1.0,1.0,3.0,1.0,1.0,1.0,1.0,1.0,5.0,2.0,1.0
10130,1.0,1.0,1.0,3.0,1.0,1.0,1.0,1.0,1.0,5.0,2.0,1.0
10131,1.0,1.0,1.0,3.0,1.0,1.0,1.0,1.0,1.0,3.0,1.0,1.0
10132,1.0,1.0,1.0,3.0,1.0,1.0,1.0,1.0,1.0,3.0,1.0,1.0
10133,1.0,1.0,1.0,3.0,1.0,1.0,1.0,1.0,1.0,4.0,1.0,1.0
10134,1.0,1.0,1.0,3.0,1.0,1.0,1.0,1.0,1.0,3.0,1.0,1.0
10135,1.0,1.0,1.0,3.0,1.0,1.0,1.0,1.0,1.0,4.0,1.0,1.0
10136,1.0,1.0,1.0,3.0,1.0,1.0,1.0,1.0,1.0,3.0,1.0,1.0
10137,1.0,1.0,1.0,3.0,1.0,1.0,1.0,1.0,1.0,4.0,1.0,1.0
10138,1.0,1.0,1.0,3.0,1.0,1.0,1.0,1.0,1.0,4.0,1.0,1.0
10139,1.0,1.0,1.0,3.0,1.0,1.0,1.0,1.0,1.0,5.0,2.0,1.0
10140,1.0,1.0,1.0,3.0,1.0,1.0,1.0,1.0,1.0,4.0,1.0,1.0
10141,1.0,1.0,1.0,3.0,1.0,1.0,1.0,1.0,1.0,4.0,1.0,1.0
10142,1.0,1.0,1.0,3.0,1.0,1.0,1.0,1.0,1.0,5.0,2.0,1.0
10143,1.0,1.0,1.0,3.0,1.0,1.0,1.0,1.0,1.0,5.0,2.0,1.0
10144,1.0,1.0,1.0,3.0,1.0,1.0,1.0,1.0,1.0,5.0,2.0,1.0
10145,1.0,1.0,1.0,3.0,1.0,1.0,1.0,1.0,1.0,3.0,1.0,1.0
10146,1.0,1.0,1.0,3.0,1.0,1.0,1.0,1.0,1.0,3.0,1.0,1.0
10147,1.0,1.0,1.0,3.0,1.0,1.0,1.0,1.0,1.0,3.0,1.0,1.0
10148,1.0,1.0,1.0,3.0,1.0,1.0,1.0,1.0,1.0,3.0,1.0,1.0
10149,1.0,1.0,1.0,3.0,1.0,1.0,1.0,1.0,1.0,4.0,1.0,1.0
10150,1.0,1.0,1.0,3.0,1.0,1.0,1.0,1.0,1.0,3.0,1.0,1.0
10151,1.0,1.0,1.0,3.0,1.0,1.0,1.0,1.0,1.0,3.0,1.0,1.0
10152,1.0,1.0,1.0,3.0,1.0,1.0,1.0,1.0,1.0,3.0,1.0,1.0
10153,1.0,1.0,1.0,3.0,1.0,1.0,1.0,1.0,1.0,5.0,2.0,1.0
10154,1.0,1.0,1.0,3.0,1.0,1.0,1.0,1.0,1.0,3.0,1.0,1.0
10155,1.0,1.0,1.0,3.0,1.0,1.0,1.0,1.0,1.0,4.0,1.0,1.0
10156,1.0,1.0,1.0,3.0,1.0,1.0,1.0,1.0,1.0,3.0,1.0,1.0
10157,1.0,1.0,1.0,3.0,1.0,1.0,1.0,1.0,1.0,3.0,1.0,1.0
10158,1.0,1.0,1.0,3.0,1.0,1.0,1.0,1.0,1.0,3.0,1.0,1.0
10159,1.0,1.0,1.0,3.0,1.0,1.0,1.0,1.0,1.0,3.0,1.0,1.0
10160,1.0,1.0,1.0,3.0,1.0,1.0,1.0,1.0,1.0,3.0,1.0,1.0
10161,1.0,1.0,1.0,3.0,1.0,1.0,1.0,1.0,1.0,5.0,2.0,1.0
10162,1.0,1.0,1.0,3.0,1.0,1.0,1.0,1.0,1.0,3.0,1.0,1.0
10163,1.0,1.0,1.0,3.0,1.0,1.0,1.0,1.0,1.0,4.0,1.0,1.0
10164,1.0,1.0,1.0,3.0,1.0,1.0,1.0,1.0,1.0,3.0,1.0,1.0
10165,1.0,1.0,1.0,3.0,1.0,1.0,1.0,1.0,1.0,4.0,1.0,1.0
10166,1.0,1.0,1.0,3.0,1.0,1.0,1.0,1.0,1.0,3.0,1.0,1.0
10167,1.0,1.0,1.0,3.0,1.0,1.0,1.0,1.0,1.0,3.0,1.0,1.0
10168,1.0,1.0,1.0,3.0,1.0,1.0,1.0,1.0,1.0,3.0,1.0,1.0
10169,1.0,1.0,1.0,3.0,1.0,1.0,1.0,1.0,1.0,3.0,1.0,1.0
10170,1.0,1.0,1.0,3.0,1.0,1.0,1.0,1.0,1.0,4.0,1.0,1.0
10171,1.0,1.0,1.0,3.0,1.0,1.0,1.0,1.0,1.0,4.0,1.0,1.0
10172,1.0,1.0,1.0,3.0,1.0,1.0,1.0,1.0,1.0,3.0,1.0,1.0
10173,1.0,1.0,1.0,3.0,1.0,1.0,1.0,1.0,1.0,3.0,1.0,1.0
10174,1.0,1.0,1.0,3.0,1.0,1.0,1.0,1.0,1.0,3.0,1.0,1.0
10175,1.0,1.0,1.0,3.0,1.0,1.0,1.0,1.0,1.0,4.0,1.0,1.0
10176,1.0,1.0,1.0,3.0,1.0,1.0,1.0,1.0,1.0,3.0,1.0,1.0
10177,1.0,1.0,1.0,3.0,1.0,1.0,1.0,1.0,1.0,5.0,2.0,1.0
10178,1.0,1.0,1.0,3.0,1.0,1.0,1.0,1.0,1.0,3.0,1.0,1.0
10179,1.0,1.0,1.0,3.0,1.0,1.0,1.0,1.0,1.0,3.0,1.0,1.0
10180,1.0,1.0,1.0,3.0,1.0,1.0,1.0,1.0,1.0,3.0,1.0,1.0
10181,1.0,1.0,1.0,3.0,1.0,1.0,1.0,1.0,1.0,3.0,1.0,1.0
10182,1.0,1.0,1.0,3.0,1.0,1.0,1.0,1.0,1.0,5.0,2.0,1.0
10183,1.0,1.0,1.0,3.0,1.0,1.0,1.0,1.0,1.0,3.0,1.0,1.0
10184,1.0,1.0,1.0,3.0,1.0,1.0,1.0,1.0,1.0,3.0,1.0,1.0
10185,1.0,1.0,1.0,3.0,1.0,1.0,1.0,1.0,1.0,4.0,1.0,1.0
10186,1.0,1.0,1.0,3.0,1.0,1.0,1.0,1.0,1.0,3.0,1.0,1.0
10187,1.0,1.0,1.0,3.0,1.0,1.0,1.0,1.0,1.0,3.0,1.0,1.0
10188,1.0,1.0,1.0,3.0,1.0,1.0,1.0,1.0,1.0,3.0,1.0,1.0
10189,1.0,1.0,1.0,3.0,1.0,1.0,1.0,1.0,1.0,5.0,2.0,1.0
10190,1.0,1.0,1.0,3.0,1.0,1.0,1.0,1.0,1.0,3.0,1.0,1.0
10191,1.0,1.0,1.0,3.0,1.0,1.0,1.0,1.0,1.0,3.0,1.0,1.0
10192,1.0,1.0,1.0,3.0,1.0,1.0,1.0,1.0,1.0,3.0,1.0,1.0
10193,1.0,1.0,1.0,3.0,1.0,1.0,1.0,1.0,1.0,5.0,2.0,1.0
10194,1.0,1.0,1.0,3.0,1.0,1.0,1.0,1.0,1.0,3.0,1.0,1.0
10195,1.0,1.0,1.0,3.0,1.0,1.0,1.0,1.0,1.0,5.0,2.0,1.0
10196,1.0,1.0,1.0,3.0,1.0,1.0,1.0,1.0,1.0,3.0,1.0,1.0
10197,1.0,1.0,1.0,3.0,1.0,1.0,1.0,1.0,1.0,4.0,1.0,1.0
10198,1.0,1.0,1.0,3.0,1.0,1.0,1.0,1.0,1.0,3.0,1.0,1.0
10199,1.0,1.0,1.0,3.0,1.0,1.0,1.0,1.0,1.0,3.0,1.0,1.0
10200,1.0,1.0,1.0,3.0,1.0,1.0,1.0,1.0,1.0,3.0,1.0,1.0
10201,1.0,1.0,1.0,3.0,1.0,1.0,1.0,1.0,1.0,3.0,1.0,1.0
10202,1.0,1.0,1.0,3.0,1.0,1.0,1.0,1.0,1.0,3.0,1.0,1.0
10203,1.0,1.0,1.0,3.0,1.0,1.0,1.0,1.0,1.0,5.0,2.0,1.0
10204,1.0,1.0,1.0,3.0,1.0,1.0,1.0,1.0,1.0,3.0,1.0,1.0
10205,1.0,1.0,1.0,3.0,1.0,1.0,1.0,1.0,1.0,3.0,1.0,1.0
10206,1.0,1.0,1.0,3.0,1.0,1.0,1.0,1.0,1.0,3.0,1.0,1.0
10207,1.0,1.0,1.0,3.0,1.0,1.0,1.0,1.0,1.0,3.0,1.0,1.0
10208,1.0,1.0,1.0,3.0,1.0,1.0,1.0,1.0,1.0,5.0,2.0,1.0
10209,1.0,1.0,1.0,3.0,1.0,1.0,1.0,1.0,1.0,3.0,1.0,1.0
10210,1.0,1.0,1.0,3.0,1.0,1.0,1.0,1.0,1.0,4.0,1.0,1.0
10211,1.0,1.0,1.0,3.0,1.0,1.0,1.0,1.0,1.0,4.0,1.0,1.0
10212,1.0,1.0,1.0,3.0,1.0,1.0,1.0,1.0,1.0,4.0,1.0,1.0
10213,1.0,1.0,1.0,3.0,1.0,1.0,1.0,1.0,1.0,3.0,1.0,1.0
10214,1.0,1.0,1.0,3.0,1.0,1.0,1.0,1.0,1.0,4.0,1.0,1.0
10215,1.0,1.0,1.0,3.0,1.0,1.0,1.0,1.0,1.0,3.0,1.0,1.0
10216,1.0,1.0,1.0,3.0,1.0,1.0,1.0,1.0,1.0,3.0,1.0,1.0
10217,1.0,1.0,1.0,3.0,1.0,1.0,1.0,1.0,1.0,4.0,1.0,1.0
10218,1.0,1.0,1.0,3.0,1.0,1.0,1.0,1.0,1.0,5.0,2.0,1.0
10219,1.0,1.0,1.0,3.0,1.0,1.0,1.0,1.0,1.0,3.0,1.0,1.0
10220,1.0,1.0,1.0,3.0,1.0,1.0,1.0,1.0,1.0,3.0,1.0,1.0
10221,1.0,1.0,1.0,3.0,1.0,1.0,1.0,1.0,1.0,3.0,1.0,1.0
10222,1.0,1.0,1.0,3.0,1.0,1.0,1.0,1.0,1.0,3.0,1.0,1.0
10223,1.0,1.0,1.0,3.0,1.0,1.0,1.0,1.0,1.0,3.0,1.0,1.0
10224,1.0,1.0,1.0,3.0,1.0,1.0,1.0,1.0,1.0,4.0,1.0,1.0
10225,1.0,1.0,1.0,3.0,1.0,1.0,1.0,1.0,1.0,4.0,1.0,1.0
10226,1.0,1.0,1.0,3.0,1.0,1.0,1.0,1.0,1.0,4.0,1.0,1.0
10227,1.0,1.0,1.0,3.0,1.0,1.0,1.0,1.0,1.0,3.0,1.0,1.0
10228,1.0,1.0,1.0,3.0,1.0,1.0,1.0,1.0,1.0,3.0,1.0,1.0
10229,1.0,1.0,1.0,3.0,1.0,1.0,1.0,1.0,1.0,3.0,1.0,1.0
10230,1.0,1.0,1.0,3.0,1.0,1.0,1.0,1.0,1.0,4.0,1.0,1.0
10231,1.0,1.0,1.0,3.0,1.0,1.0,1.0,1.0,1.0,5.0,2.0,1.0
10232,1.0,1.0,1.0,3.0,1.0,1.0,1.0,1.0,1.0,5.0,2.0,1.0
10233,1.0,1.0,1.0,3.0,1.0,1.0,1.0,1.0,1.0,3.0,1.0,1.0
10234,1.0,1.0,1.0,3.0,1.0,1.0,1.0,1.0,1.0,3.0,1.0,1.0
10235,1.0,1.0,1.0,3.0,1.0,1.0,1.0,1.0,1.0,3.0,1.0,1.0
10236,1.0,1.0,1.0,3.0,1.0,1.0,1.0,1.0,1.0,3.0,1.0,1.0
10237,1.0,1.0,1.0,3.0,1.0,1.0,1.0,1.0,1.0,5.0,2.0,1.0
10238,1.0,1.0,1.0,3.0,1.0,1.0,1.0,1.0,1.0,3.0,1.0,1.0
10239,1.0,1.0,1.0,3.0,1.0,1.0,1.0,1.0,1.0,5.0,2.0,1.0
10240,1.0,1.0,1.0,3.0,1.0,1.0,1.0,1.0,1.0,3.0,1.0,1.0
10241,1.0,1.0,1.0,3.0,1.0,1.0,1.0,1.0,1.0,4.0,1.0,1.0
10242,1.0,1.0,1.0,3.0,1.0,1.0,1.0,1.0,1.0,3.0,1.0,1.0
10243,1.0,1.0,1.0,3.0,1.0,1.0,1.0,1.0,1.0,4.0,1.0,1.0
10244,1.0,1.0,1.0,3.0,1.0,1.0,1.0,1.0,1.0,3.0,1.0,1.0
10245,1.0,1.0,1.0,3.0,1.0,1.0,1.0,1.0,1.0,5.0,2.0,1.0
10246,1.0,1.0,1.0,3.0,1.0,1.0,1.0,1.0,1.0,3.0,1.0,1.0
10247,1.0,1.0,1.0,3.0,1.0,1.0,1.0,1.0,1.0,4.0,1.0,1.0
10248,1.0,1.0,1.0,3.0,1.0,1.0,1.0,1.0,1.0,4.0,1.0,1.0
10249,1.0,1.0,1.0,3.0,1.0,1.0,1.0,1.0,1.0,3.0,1.0,1.0
10250,1.0,1.0,1.0,3.0,1.0,1.0,1.0,1.0,1.0,5.0,2.0,1.0
10251,1.0,1.0,1.0,3.0,1.0,1.0,1.0,1.0,1.0,5.0,2.0,1.0
10252,1.0,1.0,1.0,3.0,1.0,1.0,1.0,1.0,1.0,4.0,1.0,1.0
10253,1.0,1.0,1.0,3.0,1.0,1.0,1.0,1.0,1.0,3.0,1.0,1.0
10254,1.0,1.0,1.0,3.0,1.0,1.0,1.0,1.0,1.0,5.0,2.0,1.0
10255,1.0,1.0,1.0,3.0,1.0,1.0,1.0,1.0,1.0,5.0,2.0,1.0
10256,1.0,1.0,1.0,3.0,1.0,1.0,1.0,1.0,1.0,3.0,1.0,1.0
10257,1.0,1.0,1.0,3.0,1.0,1.0,1.0,1.0,1.0,3.0,1.0,1.0
10258,1.0,1.0,1.0,3.0,1.0,1.0,1.0,1.0,1.0,5.0,2.0,1.0
10259,1.0,1.0,1.0,3.0,1.0,1.0,1.0,1.0,1.0,4.0,1.0,1.0
10260,1.0,1.0,1.0,3.0,1.0,1.0,1.0,1.0,1.0,3.0,1.0,1.0
10261,1.0,1.0,1.0,3.0,1.0,1.0,1.0,1.0,1.0,5.0,2.0,1.0
10262,1.0,1.0,1.0,3.0,1.0,1.0,1.0,1.0,1.0,4.0,1.0,1.0
10263,1.0,1.0,1.0,3.0,1.0,1.0,1.0,1.0,1.0,5.0,2.0,1.0
10264,1.0,1.0,1.0,3.0,1.0,1.0,1.0,1.0,1.0,3.0,1.0,1.0
10265,1.0,1.0,1.0,3.0,1.0,1.0,1.0,1.0,1.0,4.0,1.0,1.0
10266,1.0,1.0,1.0,3.0,1.0,1.0,1.0,1.0,1.0,5.0,2.0,1.0
10267,1.0,1.0,1.0,3.0,1.0,1.0,1.0,1.0,1.0,5.0,2.0,1.0
10268,1.0,1.0,1.0,3.0,1.0,1.0,1.0,1.0,1.0,3.0,1.0,1.0
10269,1.0,1.0,1.0,3.0,1.0,1.0,1.0,1.0,1.0,3.0,1.0,1.0
10270,1.0,1.0,1.0,3.0,1.0,1.0,1.0,1.0,1.0,4.0,1.0,1.0
10271,1.0,1.0,1.0,3.0,1.0,1.0,1.0,1.0,1.0,5.0,2.0,1.0
10272,1.0,1.0,1.0,3.0,1.0,1.0,1.0,1.0,1.0,3.0,1.0,1.0
10273,1.0,1.0,1.0,3.0,1.0,1.0,1.0,1.0,1.0,5.0,2.0,1.0
10274,1.0,1.0,1.0,3.0,1.0,1.0,1.0,1.0,1.0,3.0,1.0,1.0
10275,1.0,1.0,1.0,3.0,1.0,1.0,1.0,1.0,1.0,5.0,2.0,1.0
10276,1.0,1.0,1.0,3.0,1.0,1.0,1.0,1.0,1.0,4.0,1.0,1.0
10277,1.0,1.0,1.0,3.0,1.0,1.0,1.0,1.0,1.0,5.0,2.0,1.0
10278,1.0,1.0,1.0,3.0,1.0,1.0,1.0,1.0,1.0,3.0,1.0,1.0
10279,1.0,1.0,1.0,3.0,1.0,1.0,1.0,1.0,1.0,3.0,1.0,1.0
10280,1.0,1.0,1.0,3.0,1.0,1.0,1.0,1.0,1.0,5.0,2.0,1.0
10281,1.0,1.0,1.0,3.0,1.0,1.0,1.0,1.0,1.0,3.0,1.0,1.0
10282,1.0,1.0,1.0,3.0,1.0,1.0,1.0,1.0,1.0,3.0,1.0,1.0
10283,1.0,1.0,1.0,3.0,1.0,1.0,1.0,1.0,1.0,5.0,2.0,1.0
10284,1.0,1.0,1.0,3.0,1.0,1.0,1.0,1.0,1.0,3.0,1.0,1.0
10285,1.0,1.0,1.0,3.0,1.0,1.0,1.0,1.0,1.0,4.0,1.0,1.0
10286,1.0,1.0,1.0,3.0,1.0,1.0,1.0,1.0,1.0,3.0,1.0,1.0
10287,1.0,1.0,1.0,3.0,1.0,1.0,1.0,1.0,1.0,5.0,2.0,1.0
10288,1.0,1.0,1.0,3.0,1.0,1.0,1.0,1.0,1.0,4.0,1.0,1.0
10289,1.0,1.0,1.0,3.0,1.0,1.0,1.0,1.0,1.0,4.0,1.0,1.0
10290,1.0,1.0,1.0,3.0,1.0,1.0,1.0,1.0,1.0,3.0,1.0,1.0
10291,1.0,1.0,1.0,3.0,1.0,1.0,1.0,1.0,1.0,3.0,1.0,1.0
10292,1.0,1.0,1.0,3.0,1.0,1.0,1.0,1.0,1.0,3.0,1.0,1.0
10293,1.0,1.0,1.0,3.0,1.0,1.0,1.0,1.0,1.0,3.0,1.0,1.0
10294,1.0,1.0,1.0,3.0,1.0,1.0,1.0,1.0,1.0,4.0,1.0,1.0
10295,1.0,1.0,1.0,3.0,1.0,1.0,1.0,1.0,1.0,3.0,1.0,1.0
10296,1.0,1.0,1.0,3.0,1.0,1.0,1.0,1.0,1.0,4.0,1.0,1.0
10297,1.0,1.0,1.0,3.0,1.0,1.0,1.0,1.0,1.0,3.0,1.0,1.0
10298,1.0,1.0,1.0,3.0,1.0,1.0,1.0,1.0,1.0,4.0,1.0,1.0
10299,1.0,1.0,1.0,3.0,1.0,1.0,1.0,1.0,1.0,5.0,2.0,1.0
10300,1.0,1.0,1.0,3.0,1.0,1.0,1.0,1.0,1.0,5.0,2.0,1.0
10301,1.0,1.0,1.0,3.0,1.0,1.0,1.0,1.0,1.0,3.0,1.0,1.0
10302,1.0,1.0,1.0,3.0,1.0,1.0,1.0,1.0,1.0,3.0,1.0,1.0
10303,1.0,1.0,1.0,3.0,1.0,1.0,1.0,1.0,1.0,5.0,2.0,1.0
10304,1.0,1.0,1.0,3.0,1.0,1.0,1.0,1.0,1.0,3.0,1.0,1.0
10305,1.0,1.0,1.0,3.0,1.0,1.0,1.0,1.0,1.0,3.0,1.0,1.0
10306,1.0,1.0,1.0,3.0,1.0,1.0,1.0,1.0,1.0,3.0,1.0,1.0
10307,1.0,1.0,1.0,3.0,1.0,1.0,1.0,1.0,1.0,3.0,1.0,1.0
10308,1.0,1.0,1.0,3.0,1.0,1.0,1.0,1.0,1.0,5.0,2.0,1.0
10309,1.0,1.0,1.0,3.0,1.0,1.0,1.0,1.0,1.0,3.0,1.0,1.0
10310,1.0,1.0,1.0,3.0,1.0,1.0,1.0,1.0,1.0,4.0,1.0,1.0
10311,1.0,1.0,1.0,3.0,1.0,1.0,1.0,1.0,1.0,3.0,1.0,1.0
10312,1.0,1.0,1.0,3.0,1.0,1.0,1.0,1.0,1.0,5.0,2.0,1.0
10313,1.0,1.0,1.0,3.0,1.0,1.0,1.0,1.0,1.0,3.0,1.0,1.0
10314,1.0,1.0,1.0,3.0,1.0,1.0,1.0,1.0,1.0,4.0,1.0,1.0
10315,1.0,1.0,1.0,3.0,1.0,1.0,1.0,1.0,1.0,4.0,1.0,1.0
10316,1.0,1.0,1.0,3.0,1.0,1.0,1.0,1.0,1.0,4.0,1.0,1.0
10317,1.0,1.0,1.0,3.0,1.0,1.0,1.0,1.0,1.0,3.0,1.0,1.0
10318,1.0,1.0,1.0,3.0,1.0,1.0,1.0,1.0,1.0,5.0,2.0,1.0
10319,1.0,1.0,1.0,3.0,1.0,1.0,1.0,1.0,1.0,3.0,1.0,1.0
10320,1.0,1.0,1.0,3.0,1.0,1.0,1.0,1.0,1.0,3.0,1.0,1.0
10321,1.0,1.0,1.0,3.0,1.0,1.0,1.0,1.0,1.0,3.0,1.0,1.0
10322,1.0,1.0,1.0,3.0,1.0,1.0,1.0,1.0,1.0,3.0,1.0,1.0
10323,1.0,1.0,1.0,3.0,1.0,1.0,1.0,1.0,1.0,4.0,1.0,1.0
10324,1.0,1.0,1.0,3.0,1.0,1.0,1.0,1.0,1.0,3.0,1.0,1.0
10325,1.0,1.0,1.0,3.0,1.0,1.0,1.0,1.0,1.0,4.0,1.0,1.0
10326,1.0,1.0,1.0,3.0,1.0,1.0,1.0,1.0,1.0,4.0,1.0,1.0
10327,1.0,1.0,1.0,3.0,1.0,1.0,1.0,1.0,1.0,3.0,1.0,1.0
10328,1.0,1.0,1.0,3.0,1.0,1.0,1.0,1.0,1.0,3.0,1.0,1.0
10329,1.0,1.0,1.0,3.0,1.0,1.0,1.0,1.0,1.0,3.0,1.0,1.0
10330,1.0,1.0,1.0,3.0,1.0,1.0,1.0,1.0,1.0,3.0,1.0,1.0
10331,1.0,1.0,1.0,3.0,1.0,1.0,1.0,1.0,1.0,3.0,1.0,1.0
10332,1.0,1.0,1.0,3.0,1.0,1.0,1.0,1.0,1.0,3.0,1.0,1.0
10333,1.0,1.0,1.0,3.0,1.0,1.0,1.0,1.0,1.0,5.0,2.0,1.0
10334,1.0,1.0,1.0,3.0,1.0,1.0,1.0,1.0,1.0,5.0,2.0,1.0
10335,1.0,1.0,1.0,3.0,1.0,1.0,1.0,1.0,1.0,3.0,1.0,1.0
10336,1.0,1.0,1.0,3.0,1.0,1.0,1.0,1.0,1.0,3.0,1.0,1.0
10337,1.0,1.0,1.0,3.0,1.0,1.0,1.0,1.0,1.0,3.0,1.0,1.0
10338,1.0,1.0,1.0,3.0,1.0,1.0,1.0,1.0,1.0,4.0,1.0,1.0
10339,1.0,1.0,1.0,3.0,1.0,1.0,1.0,1.0,1.0,3.0,1.0,1.0
10340,1.0,1.0,1.0,3.0,1.0,1.0,1.0,1.0,1.0,3.0,1.0,1.0
10341,1.0,1.0,1.0,3.0,1.0,1.0,1.0,1.0,1.0,4.0,1.0,1.0
10342,1.0,1.0,1.0,3.0,1.0,1.0,1.0,1.0,1.0,5.0,2.0,1.0
10343,1.0,1.0,1.0,3.0,1.0,1.0,1.0,1.0,1.0,3.0,1.0,1.0
10344,1.0,1.0,1.0,3.0,1.0,1.0,1.0,1.0,1.0,3.0,1.0,1.0
10345,1.0,1.0,1.0,3.0,1.0,1.0,1.0,1.0,1.0,5.0,2.0,1.0
10346,1.0,1.0,1.0,3.0,1.0,1.0,1.0,1.0,1.0,5.0,2.0,1.0
10347,1.0,1.0,1.0,3.0,1.0,1.0,1.0,1.0,1.0,3.0,1.0,1.0
10348,1.0,1.0,1.0,3.0,1.0,1.0,1.0,1.0,1.0,3.0,1.0,1.0
10349,1.0,1.0,1.0,3.0,1.0,1.0,1.0,1.0,1.0,3.0,1.0,1.0
10350,1.0,1.0,1.0,3.0,1.0,1.0,1.0,1.0,1.0,5.0,2.0,1.0
10351,1.0,1.0,1.0,3.0,1.0,1.0,1.0,1.0,1.0,3.0,1.0,1.0
10352,1.0,1.0,1.0,3.0,1.0,1.0,1.0,1.0,1.0,3.0,1.0,1.0
10353,1.0,1.0,1.0,3.0,1.0,1.0,1.0,1.0,1.0,3.0,1.0,1.0
10354,1.0,1.0,1.0,3.0,1.0,1.0,1.0,1.0,1.0,5.0,2.0,1.0
10355,1.0,1.0,1.0,3.0,1.0,1.0,1.0,1.0,1.0,3.0,1.0,1.0
10356,1.0,1.0,1.0,3.0,1.0,1.0,1.0,1.0,1.0,3.0,1.0,1.0
10357,1.0,1.0,1.0,3.0,1.0,1.0,1.0,1.0,1.0,4.0,1.0,1.0
10358,1.0,1.0,1.0,3.0,1.0,1.0,1.0,1.0,1.0,4.0,1.0,1.0
10359,1.0,1.0,1.0,3.0,1.0,1.0,1.0,1.0,1.0,5.0,2.0,1.0
10360,1.0,1.0,1.0,3.0,1.0,1.0,1.0,1.0,1.0,5.0,2.0,1.0
10361,1.0,1.0,1.0,3.0,1.0,1.0,1.0,1.0,1.0,3.0,1.0,1.0
10362,1.0,1.0,1.0,3.0,1.0,1.0,1.0,1.0,1.0,4.0,1.0,1.0
10363,1.0,1.0,1.0,3.0,1.0,1.0,1.0,1.0,1.0,3.0,1.0,1.0
10364,1.0,1.0,1.0,3.0,1.0,1.0,1.0,1.0,1.0,3.0,1.0,1.0
10365,1.0,1.0,1.0,3.0,1.0,1.0,1.0,1.0,1.0,5.0,2.0,1.0
10366,1.0,1.0,1.0,3.0,1.0,1.0,1.0,1.0,1.0,3.0,1.0,1.0
10367,1.0,1.0,1.0,3.0,1.0,1.0,1.0,1.0,1.0,5.0,2.0,1.0
10368,1.0,1.0,1.0,3.0,1.0,1.0,1.0,1.0,1.0,3.0,1.0,1.0
10369,1.0,1.0,1.0,3.0,1.0,1.0,1.0,1.0,1.0,4.0,1.0,1.0
10370,1.0,1.0,1.0,3.0,1.0,1.0,1.0,1.0,1.0,3.0,1.0,1.0
10371,1.0,1.0,1.0,3.0,1.0,1.0,1.0,1.0,1.0,5.0,2.0,1.0
10372,1.0,1.0,1.0,3.0,1.0,1.0,1.0,1.0,1.0,5.0,2.0,1.0
10373,1.0,1.0,1.0,3.0,1.0,1.0,1.0,1.0,1.0,3.0,1.0,1.0
10374,1.0,1.0,1.0,3.0,1.0,1.0,1.0,1.0,1.0,4.0,1.0,1.0
10375,1.0,1.0,1.0,3.0,1.0,1.0,1.0,1.0,1.0,5.0,2.0,1.0
10376,1.0,1.0,1.0,3.0,1.0,1.0,1.0,1.0,1.0,3.0,1.0,1.0
10377,1.0,1.0,1.0,3.0,1.0,1.0,1.0,1.0,1.0,5.0,2.0,1.0
10378,1.0,1.0,1.0,3.0,1.0,1.0,1.0,1.0,1.0,3.0,1.0,1.0
10379,1.0,1.0,1.0,3.0,1.0,1.0,1.0,1.0,1.0,3.0,1.0,1.0
10380,1.0,1.0,1.0,3.0,1.0,1.0,1.0,1.0,1.0,5.0,2.0,1.0
10381,1.0,1.0,1.0,3.0,1.0,1.0,1.0,1.0,1.0,3.0,1.0,1.0
10382,1.0,1.0,1.0,3.0,1.0,1.0,1.0,1.0,1.0,3.0,1.0,1.0
10383,1.0,1.0,1.0,3.0,1.0,1.0,1.0,1.0,1.0,3.0,1.0,1.0
10384,1.0,1.0,1.0,3.0,1.0,1.0,1.0,1.0,1.0,3.0,1.0,1.0
10385,1.0,1.0,1.0,3.0,1.0,1.0,1.0,1.0,1.0,3.0,1.0,1.0
10386,1.0,1.0,1.0,3.0,1.0,1.0,1.0,1.0,1.0,3.0,1.0,1.0
10387,1.0,1.0,1.0,3.0,1.0,1.0,1.0,1.0,1.0,4.0,1.0,1.0
10388,1.0,1.0,1.0,3.0,1.0,1.0,1.0,1.0,1.0,5.0,2.0,1.0
10389,1.0,1.0,1.0,3.0,1.0,1.0,1.0,1.0,1.0,3.0,1.0,1.0
10390,1.0,1.0,1.0,3.0,1.0,1.0,1.0,1.0,1.0,5.0,2.0,1.0
10391,1.0,1.0,1.0,3.0,1.0,1.0,1.0,1.0,1.0,4.0,1.0,1.0
10392,1.0,1.0,1.0,3.0,1.0,1.0,1.0,1.0,1.0,3.0,1.0,1.0
10393,1.0,1.0,1.0,3.0,1.0,1.0,1.0,1.0,1.0,5.0,2.0,1.0
10394,1.0,1.0,1.0,3.0,1.0,1.0,1.0,1.0,1.0,3.0,1.0,1.0
10395,1.0,1.0,1.0,3.0,1.0,1.0,1.0,1.0,1.0,4.0,1.0,1.0
10396,1.0,1.0,1.0,3.0,1.0,1.0,1.0,1.0,1.0,3.0,1.0,1.0
10397,1.0,1.0,1.0,3.0,1.0,1.0,1.0,1.0,1.0,3.0,1.0,1.0
10398,1.0,1.0,1.0,3.0,1.0,1.0,1.0,1.0,1.0,3.0,1.0,1.0
10399,1.0,1.0,1.0,3.0,1.0,1.0,1.0,1.0,1.0,3.0,1.0,1.0
10400,1.0,1.0,1.0,3.0,1.0,1.0,1.0,1.0,1.0,5.0,2.0,1.0
10401,1.0,1.0,1.0,3.0,1.0,1.0,1.0,1.0,1.0,3.0,1.0,1.0
10402,1.0,1.0,1.0,3.0,1.0,1.0,1.0,1.0,1.0,4.0,1.0,1.0
10403,1.0,1.0,1.0,3.0,1.0,1.0,1.0,1.0,1.0,3.0,1.0,1.0
10404,1.0,1.0,1.0,3.0,1.0,1.0,1.0,1.0,1.0,5.0,2.0,1.0
10405,1.0,1.0,1.0,3.0,1.0,1.0,1.0,1.0,1.0,4.0,1.0,1.0
10406,1.0,1.0,1.0,3.0,1.0,1.0,1.0,1.0,1.0,3.0,1.0,1.0
10407,1.0,1.0,1.0,3.0,1.0,1.0,1.0,1.0,1.0,4.0,1.0,1.0
10408,1.0,1.0,1.0,3.0,1.0,1.0,1.0,1.0,1.0,3.0,1.0,1.0
10409,1.0,1.0,1.0,3.0,1.0,1.0,1.0,1.0,1.0,3.0,1.0,1.0
10410,1.0,1.0,1.0,3.0,1.0,1.0,1.0,1.0,1.0,3.0,1.0,1.0
10411,1.0,1.0,1.0,3.0,1.0,1.0,1.0,1.0,1.0,4.0,1.0,1.0
10412,1.0,1.0,1.0,3.0,1.0,1.0,1.0,1.0,1.0,3.0,1.0,1.0
10413,1.0,1.0,1.0,3.0,1.0,1.0,1.0,1.0,1.0,3.0,1.0,1.0
10414,1.0,1.0,1.0,3.0,1.0,1.0,1.0,1.0,1.0,4.0,1.0,1.0
10415,1.0,1.0,1.0,3.0,1.0,1.0,1.0,1.0,1.0,5.0,2.0,1.0
10416,1.0,1.0,1.0,3.0,1.0,1.0,1.0,1.0,1.0,5.0,2.0,1.0
10417,1.0,1.0,1.0,3.0,1.0,1.0,1.0,1.0,1.0,5.0,2.0,1.0
10418,1.0,1.0,1.0,3.0,1.0,1.0,1.0,1.0,1.0,3.0,1.0,1.0
10419,1.0,1.0,1.0,3.0,1.0,1.0,1.0,1.0,1.0,3.0,1.0,1.0
10420,1.0,1.0,1.0,3.0,1.0,1.0,1.0,1.0,1.0,3.0,1.0,1.0
10421,1.0,1.0,1.0,3.0,1.0,1.0,1.0,1.0,1.0,3.0,1.0,1.0
10422,1.0,1.0,1.0,3.0,1.0,1.0,1.0,1.0,1.0,3.0,1.0,1.0
10423,1.0,1.0,1.0,3.0,1.0,1.0,1.0,1.0,1.0,4.0,1.0,1.0
10424,1.0,1.0,1.0,3.0,1.0,1.0,1.0,1.0,1.0,5.0,2.0,1.0
10425,1.0,1.0,1.0,3.0,1.0,1.0,1.0,1.0,1.0,3.0,1.0,1.0
10426,1.0,1.0,1.0,3.0,1.0,1.0,1.0,1.0,1.0,4.0,1.0,1.0
10427,1.0,1.0,1.0,3.0,1.0,1.0,1.0,1.0,1.0,3.0,1.0,1.0
10428,1.0,1.0,1.0,3.0,1.0,1.0,1.0,1.0,1.0,5.0,2.0,1.0
10429,1.0,1.0,1.0,3.0,1.0,1.0,1.0,1.0,1.0,3.0,1.0,1.0
10430,1.0,1.0,1.0,3.0,1.0,1.0,1.0,1.0,1.0,3.0,1.0,1.0
10431,1.0,1.0,1.0,3.0,1.0,1.0,1.0,1.0,1.0,3.0,1.0,1.0
10432,1.0,1.0,1.0,3.0,1.0,1.0,1.0,1.0,1.0,3.0,1.0,1.0
10433,1.0,1.0,1.0,3.0,1.0,1.0,1.0,1.0,1.0,3.0,1.0,1.0
10434,1.0,1.0,1.0,3.0,1.0,1.0,1.0,1.0,1.0,3.0,1.0,1.0
10435,1.0,1.0,1.0,3.0,1.0,1.0,1.0,1.0,1.0,3.0,1.0,1.0
10436,1.0,1.0,1.0,3.0,1.0,1.0,1.0,1.0,1.0,3.0,1.0,1.0
10437,1.0,1.0,1.0,3.0,1.0,1.0,1.0,1.0,1.0,4.0,1.0,1.0
10438,1.0,1.0,1.0,3.0,1.0,1.0,1.0,1.0,1.0,5.0,2.0,1.0
10439,1.0,1.0,1.0,3.0,1.0,1.0,1.0,1.0,1.0,4.0,1.0,1.0
10440,1.0,1.0,1.0,3.0,1.0,1.0,1.0,1.0,1.0,5.0,2.0,1.0
10441,1.0,1.0,1.0,3.0,1.0,1.0,1.0,1.0,1.0,4.0,1.0,1.0
10442,1.0,1.0,1.0,3.0,1.0,1.0,1.0,1.0,1.0,4.0,1.0,1.0
10443,1.0,1.0,1.0,3.0,1.0,1.0,1.0,1.0,1.0,4.0,1.0,1.0
10444,1.0,1.0,1.0,3.0,1.0,1.0,1.0,1.0,1.0,5.0,2.0,1.0
10445,1.0,1.0,1.0,3.0,1.0,1.0,1.0,1.0,1.0,4.0,1.0,1.0
10446,1.0,1.0,1.0,3.0,1.0,1.0,1.0,1.0,1.0,3.0,1.0,1.0
10447,1.0,1.0,1.0,3.0,1.0,1.0,1.0,1.0,1.0,3.0,1.0,1.0
10448,1.0,1.0,1.0,3.0,1.0,1.0,1.0,1.0,1.0,5.0,2.0,1.0
10449,1.0,1.0,1.0,3.0,1.0,1.0,1.0,1.0,1.0,3.0,1.0,1.0
10450,1.0,1.0,1.0,3.0,1.0,1.0,1.0,1.0,1.0,5.0,2.0,1.0
10451,1.0,1.0,1.0,3.0,1.0,1.0,1.0,1.0,1.0,3.0,1.0,1.0
10452,1.0,1.0,1.0,3.0,1.0,1.0,1.0,1.0,1.0,3.0,1.0,1.0
10453,1.0,1.0,1.0,3.0,1.0,1.0,1.0,1.0,1.0,3.0,1.0,1.0
10454,1.0,1.0,1.0,3.0,1.0,1.0,1.0,1.0,1.0,4.0,1.0,1.0
10455,1.0,1.0,1.0,3.0,1.0,1.0,1.0,1.0,1.0,3.0,1.0,1.0
10456,1.0,1.0,1.0,3.0,1.0,1.0,1.0,1.0,1.0,4.0,1.0,1.0
10457,1.0,1.0,1.0,3.0,1.0,1.0,1.0,1.0,1.0,3.0,1.0,1.0
10458,1.0,1.0,1.0,3.0,1.0,1.0,1.0,1.0,1.0,4.0,1.0,1.0
10459,1.0,1.0,1.0,3.0,1.0,1.0,1.0,1.0,1.0,3.0,1.0,1.0
10460,1.0,1.0,1.0,3.0,1.0,1.0,1.0,1.0,1.0,5.0,2.0,1.0
10461,1.0,1.0,1.0,3.0,1.0,1.0,1.0,1.0,1.0,5.0,2.0,1.0
10462,1.0,1.0,1.0,3.0,1.0,1.0,1.0,1.0,1.0,4.0,1.0,1.0
10463,1.0,1.0,1.0,3.0,1.0,1.0,1.0,1.0,1.0,3.0,1.0,1.0
10464,1.0,1.0,1.0,3.0,1.0,1.0,1.0,1.0,1.0,4.0,1.0,1.0
10465,1.0,1.0,1.0,3.0,1.0,1.0,1.0,1.0,1.0,5.0,2.0,1.0
10466,1.0,1.0,1.0,3.0,1.0,1.0,1.0,1.0,1.0,5.0,2.0,1.0
10467,1.0,1.0,1.0,3.0,1.0,1.0,1.0,1.0,1.0,5.0,2.0,1.0
10468,1.0,1.0,1.0,3.0,1.0,1.0,1.0,1.0,1.0,3.0,1.0,1.0
10469,1.0,1.0,1.0,3.0,1.0,1.0,1.0,1.0,1.0,3.0,1.0,1.0
10470,1.0,1.0,1.0,3.0,1.0,1.0,1.0,1.0,1.0,4.0,1.0,1.0
10471,1.0,1.0,1.0,3.0,1.0,1.0,1.0,1.0,1.0,3.0,1.0,1.0
10472,1.0,1.0,1.0,3.0,1.0,1.0,1.0,1.0,1.0,3.0,1.0,1.0
10473,1.0,1.0,1.0,3.0,1.0,1.0,1.0,1.0,1.0,3.0,1.0,1.0
10474,1.0,1.0,1.0,3.0,1.0,1.0,1.0,1.0,1.0,4.0,1.0,1.0
10475,1.0,1.0,1.0,3.0,1.0,1.0,1.0,1.0,1.0,4.0,1.0,1.0
10476,1.0,1.0,1.0,3.0,1.0,1.0,1.0,1.0,1.0,3.0,1.0,1.0
10477,1.0,1.0,1.0,3.0,1.0,1.0,1.0,1.0,1.0,3.0,1.0,1.0
10478,1.0,1.0,1.0,3.0,1.0,1.0,1.0,1.0,1.0,3.0,1.0,1.0
10479,1.0,1.0,1.0,3.0,1.0,1.0,1.0,1.0,1.0,3.0,1.0,1.0
10480,1.0,1.0,1.0,3.0,1.0,1.0,1.0,1.0,1.0,3.0,1.0,1.0
10481,1.0,1.0,1.0,3.0,1.0,1.0,1.0,1.0,1.0,3.0,1.0,1.0
10482,1.0,1.0,1.0,3.0,1.0,1.0,1.0,1.0,1.0,5.0,2.0,1.0
10483,1.0,1.0,1.0,3.0,1.0,1.0,1.0,1.0,1.0,3.0,1.0,1.0
10484,1.0,1.0,1.0,3.0,1.0,1.0,1.0,1.0,1.0,5.0,2.0,1.0
10485,1.0,1.0,1.0,3.0,1.0,1.0,1.0,1.0,1.0,3.0,1.0,1.0
10486,1.0,1.0,1.0,3.0,1.0,1.0,1.0,1.0,1.0,5.0,2.0,1.0
10487,1.0,1.0,1.0,3.0,1.0,1.0,1.0,1.0,1.0,3.0,1.0,1.0
10488,1.0,1.0,1.0,3.0,1.0,1.0,1.0,1.0,1.0,3.0,1.0,1.0
10489,1.0,1.0,1.0,3.0,1.0,1.0,1.0,1.0,1.0,5.0,2.0,1.0
10490,1.0,1.0,1.0,3.0,1.0,1.0,1.0,1.0,1.0,3.0,1.0,1.0
10491,1.0,1.0,1.0,3.0,1.0,1.0,1.0,1.0,1.0,5.0,2.0,1.0
10492,1.0,1.0,1.0,3.0,1.0,1.0,1.0,1.0,1.0,5.0,2.0,1.0
10493,1.0,1.0,1.0,3.0,1.0,1.0,1.0,1.0,1.0,3.0,1.0,1.0
10494,1.0,1.0,1.0,3.0,1.0,1.0,1.0,1.0,1.0,5.0,2.0,1.0
10495,1.0,1.0,1.0,3.0,1.0,1.0,1.0,1.0,1.0,5.0,2.0,1.0
10496,1.0,1.0,1.0,3.0,1.0,1.0,1.0,1.0,1.0,4.0,1.0,1.0
10497,1.0,1.0,1.0,3.0,1.0,1.0,1.0,1.0,1.0,3.0,1.0,1.0
10498,1.0,1.0,1.0,3.0,1.0,1.0,1.0,1.0,1.0,3.0,1.0,1.0
10499,1.0,1.0,1.0,3.0,1.0,1.0,1.0,1.0,1.0,5.0,2.0,1.0
10500,1.0,1.0,1.0,3.0,1.0,1.0,1.0,1.0,1.0,4.0,1.0,1.0
10501,1.0,1.0,1.0,3.0,1.0,1.0,1.0,1.0,1.0,3.0,1.0,1.0
10502,1.0,1.0,1.0,3.0,1.0,1.0,1.0,1.0,1.0,5.0,2.0,1.0
10503,1.0,1.0,1.0,3.0,1.0,1.0,1.0,1.0,1.0,5.0,2.0,1.0
10504,1.0,1.0,1.0,3.0,1.0,1.0,1.0,1.0,1.0,5.0,2.0,1.0
10505,1.0,1.0,1.0,3.0,1.0,1.0,1.0,1.0,1.0,5.0,2.0,1.0
10506,1.0,1.0,1.0,3.0,1.0,1.0,1.0,1.0,1.0,3.0,1.0,1.0
10507,1.0,1.0,1.0,3.0,1.0,1.0,1.0,1.0,1.0,3.0,1.0,1.0
10508,1.0,1.0,1.0,3.0,1.0,1.0,1.0,1.0,1.0,4.0,1.0,1.0
10509,1.0,1.0,1.0,3.0,1.0,1.0,1.0,1.0,1.0,3.0,1.0,1.0
10510,1.0,1.0,1.0,3.0,1.0,1.0,1.0,1.0,1.0,4.0,1.0,1.0
10511,1.0,1.0,1.0,3.0,1.0,1.0,1.0,1.0,1.0,3.0,1.0,1.0
10512,1.0,1.0,1.0,3.0,1.0,1.0,1.0,1.0,1.0,3.0,1.0,1.0
10513,1.0,1.0,1.0,3.0,1.0,1.0,1.0,1.0,1.0,3.0,1.0,1.0
10514,1.0,1.0,1.0,3.0,1.0,1.0,1.0,1.0,1.0,4.0,1.0,1.0
10515,1.0,1.0,1.0,3.0,1.0,1.0,1.0,1.0,1.0,4.0,1.0,1.0
10516,1.0,1.0,1.0,3.0,1.0,1.0,1.0,1.0,1.0,5.0,2.0,1.0
10517,1.0,1.0,1.0,3.0,1.0,1.0,1.0,1.0,1.0,4.0,1.0,1.0
10518,1.0,1.0,1.0,3.0,1.0,1.0,1.0,1.0,1.0,5.0,2.0,1.0
10519,1.0,1.0,1.0,3.0,1.0,1.0,1.0,1.0,1.0,3.0,1.0,1.0
10520,1.0,1.0,1.0,3.0,1.0,1.0,1.0,1.0,1.0,5.0,2.0,1.0
10521,1.0,1.0,1.0,3.0,1.0,1.0,1.0,1.0,1.0,5.0,2.0,1.0
10522,1.0,1.0,1.0,3.0,1.0,1.0,1.0,1.0,1.0,5.0,2.0,1.0
10523,1.0,1.0,1.0,3.0,1.0,1.0,1.0,1.0,1.0,4.0,1.0,1.0
10524,1.0,1.0,1.0,3.0,1.0,1.0,1.0,1.0,1.0,3.0,1.0,1.0
10525,1.0,1.0,1.0,3.0,1.0,1.0,1.0,1.0,1.0,3.0,1.0,1.0
10526,1.0,1.0,1.0,3.0,1.0,1.0,1.0,1.0,1.0,3.0,1.0,1.0
10527,1.0,1.0,1.0,3.0,1.0,1.0,1.0,1.0,1.0,5.0,2.0,1.0
10528,1.0,1.0,1.0,3.0,1.0,1.0,1.0,1.0,1.0,4.0,1.0,1.0
10529,1.0,1.0,1.0,3.0,1.0,1.0,1.0,1.0,1.0,3.0,1.0,1.0
10530,1.0,1.0,1.0,3.0,1.0,1.0,1.0,1.0,1.0,3.0,1.0,1.0
10531,1.0,1.0,1.0,3.0,1.0,1.0,1.0,1.0,1.0,4.0,1.0,1.0
10532,1.0,1.0,1.0,3.0,1.0,1.0,1.0,1.0,1.0,5.0,2.0,1.0
10533,1.0,1.0,1.0,3.0,1.0,1.0,1.0,1.0,1.0,5.0,2.0,1.0
10534,1.0,1.0,1.0,3.0,1.0,1.0,1.0,1.0,1.0,5.0,2.0,1.0
10535,1.0,1.0,1.0,3.0,1.0,1.0,1.0,1.0,1.0,3.0,1.0,1.0
10536,1.0,1.0,1.0,3.0,1.0,1.0,1.0,1.0,1.0,4.0,1.0,1.0
10537,1.0,1.0,1.0,3.0,1.0,1.0,1.0,1.0,1.0,4.0,1.0,1.0
10538,1.0,1.0,1.0,3.0,1.0,1.0,1.0,1.0,1.0,4.0,1.0,1.0
10539,1.0,1.0,1.0,3.0,1.0,1.0,1.0,1.0,1.0,3.0,1.0,1.0
10540,1.0,1.0,1.0,3.0,1.0,1.0,1.0,1.0,1.0,3.0,1.0,1.0
10541,1.0,1.0,1.0,3.0,1.0,1.0,1.0,1.0,1.0,3.0,1.0,1.0
10542,1.0,1.0,1.0,3.0,1.0,1.0,1.0,1.0,1.0,3.0,1.0,1.0
10543,1.0,1.0,1.0,3.0,1.0,1.0,1.0,1.0,1.0,4.0,1.0,1.0
10544,1.0,1.0,1.0,3.0,1.0,1.0,1.0,1.0,1.0,3.0,1.0,1.0
10545,1.0,1.0,1.0,3.0,1.0,1.0,1.0,1.0,1.0,5.0,2.0,1.0
10546,1.0,1.0,1.0,3.0,1.0,1.0,1.0,1.0,1.0,4.0,1.0,1.0
10547,1.0,1.0,1.0,3.0,1.0,1.0,1.0,1.0,1.0,3.0,1.0,1.0
10548,1.0,1.0,1.0,3.0,1.0,1.0,1.0,1.0,1.0,5.0,2.0,1.0
10549,1.0,1.0,1.0,3.0,1.0,1.0,1.0,1.0,1.0,4.0,1.0,1.0
10550,1.0,1.0,1.0,3.0,1.0,1.0,1.0,1.0,1.0,3.0,1.0,1.0
10551,1.0,1.0,1.0,3.0,1.0,1.0,1.0,1.0,1.0,3.0,1.0,1.0
10552,1.0,1.0,1.0,3.0,1.0,1.0,1.0,1.0,1.0,5.0,2.0,1.0
10553,1.0,1.0,1.0,3.0,1.0,1.0,1.0,1.0,1.0,3.0,1.0,1.0
10554,1.0,1.0,1.0,3.0,1.0,1.0,1.0,1.0,1.0,3.0,1.0,1.0
10555,1.0,1.0,1.0,3.0,1.0,1.0,1.0,1.0,1.0,3.0,1.0,1.0
10556,1.0,1.0,1.0,3.0,1.0,1.0,1.0,1.0,1.0,3.0,1.0,1.0
10557,1.0,1.0,1.0,3.0,1.0,1.0,1.0,1.0,1.0,3.0,1.0,1.0
10558,1.0,1.0,1.0,3.0,1.0,1.0,1.0,1.0,1.0,3.0,1.0,1.0
10559,1.0,1.0,1.0,3.0,1.0,1.0,1.0,1.0,1.0,5.0,2.0,1.0
10560,1.0,1.0,1.0,3.0,1.0,1.0,1.0,1.0,1.0,3.0,1.0,1.0
10561,1.0,1.0,1.0,3.0,1.0,1.0,1.0,1.0,1.0,5.0,2.0,1.0
10562,1.0,1.0,1.0,3.0,1.0,1.0,1.0,1.0,1.0,3.0,1.0,1.0
10563,1.0,1.0,1.0,3.0,1.0,1.0,1.0,1.0,1.0,5.0,2.0,1.0
10564,1.0,1.0,1.0,3.0,1.0,1.0,1.0,1.0,1.0,3.0,1.0,1.0
10565,1.0,1.0,1.0,3.0,1.0,1.0,1.0,1.0,1.0,3.0,1.0,1.0
10566,1.0,1.0,1.0,3.0,1.0,1.0,1.0,1.0,1.0,3.0,1.0,1.0
10567,1.0,1.0,1.0,3.0,1.0,1.0,1.0,1.0,1.0,3.0,1.0,1.0
10568,1.0,1.0,1.0,3.0,1.0,1.0,1.0,1.0,1.0,3.0,1.0,1.0
10569,1.0,1.0,1.0,3.0,1.0,1.0,1.0,1.0,1.0,4.0,1.0,1.0
10570,1.0,1.0,1.0,3.0,1.0,1.0,1.0,1.0,1.0,3.0,1.0,1.0
10571,1.0,1.0,1.0,3.0,1.0,1.0,1.0,1.0,1.0,3.0,1.0,1.0
10572,1.0,1.0,1.0,3.0,1.0,1.0,1.0,1.0,1.0,5.0,2.0,1.0
10573,1.0,1.0,1.0,3.0,1.0,1.0,1.0,1.0,1.0,4.0,1.0,1.0
10574,1.0,1.0,1.0,3.0,1.0,1.0,1.0,1.0,1.0,4.0,1.0,1.0
10575,1.0,1.0,1.0,3.0,1.0,1.0,1.0,1.0,1.0,3.0,1.0,1.0
10576,1.0,1.0,1.0,3.0,1.0,1.0,1.0,1.0,1.0,3.0,1.0,1.0
10577,1.0,1.0,1.0,3.0,1.0,1.0,1.0,1.0,1.0,4.0,1.0,1.0
10578,1.0,1.0,1.0,3.0,1.0,1.0,1.0,1.0,1.0,5.0,2.0,1.0
10579,1.0,1.0,1.0,3.0,1.0,1.0,1.0,1.0,1.0,4.0,1.0,1.0
10580,1.0,1.0,1.0,3.0,1.0,1.0,1.0,1.0,1.0,3.0,1.0,1.0
10581,1.0,1.0,1.0,3.0,1.0,1.0,1.0,1.0,1.0,5.0,2.0,1.0
10582,1.0,1.0,1.0,3.0,1.0,1.0,1.0,1.0,1.0,3.0,1.0,1.0
10583,1.0,1.0,1.0,3.0,1.0,1.0,1.0,1.0,1.0,3.0,1.0,1.0
10584,1.0,1.0,1.0,3.0,1.0,1.0,1.0,1.0,1.0,3.0,1.0,1.0
10585,1.0,1.0,1.0,3.0,1.0,1.0,1.0,1.0,1.0,5.0,2.0,1.0
10586,1.0,1.0,1.0,3.0,1.0,1.0,1.0,1.0,1.0,3.0,1.0,1.0
10587,1.0,1.0,1.0,3.0,1.0,1.0,1.0,1.0,1.0,5.0,2.0,1.0
10588,1.0,1.0,1.0,3.0,1.0,1.0,1.0,1.0,1.0,4.0,1.0,1.0
10589,1.0,1.0,1.0,3.0,1.0,1.0,1.0,1.0,1.0,3.0,1.0,1.0
10590,1.0,1.0,1.0,3.0,1.0,1.0,1.0,1.0,1.0,5.0,2.0,1.0
10591,1.0,1.0,1.0,3.0,1.0,1.0,1.0,1.0,1.0,3.0,1.0,1.0
10592,1.0,1.0,1.0,3.0,1.0,1.0,1.0,1.0,1.0,3.0,1.0,1.0
10593,1.0,1.0,1.0,3.0,1.0,1.0,1.0,1.0,1.0,3.0,1.0,1.0
10594,1.0,1.0,1.0,3.0,1.0,1.0,1.0,1.0,1.0,3.0,1.0,1.0
10595,1.0,1.0,1.0,3.0,1.0,1.0,1.0,1.0,1.0,3.0,1.0,1.0
10596,1.0,1.0,1.0,3.0,1.0,1.0,1.0,1.0,1.0,3.0,1.0,1.0
10597,1.0,1.0,1.0,3.0,1.0,1.0,1.0,1.0,1.0,5.0,2.0,1.0
10598,1.0,1.0,1.0,3.0,1.0,1.0,1.0,1.0,1.0,3.0,1.0,1.0
10599,1.0,1.0,1.0,3.0,1.0,1.0,1.0,1.0,1.0,5.0,2.0,1.0
10600,1.0,1.0,1.0,3.0,1.0,1.0,1.0,1.0,1.0,5.0,2.0,1.0
10601,1.0,1.0,1.0,3.0,1.0,1.0,1.0,1.0,1.0,3.0,1.0,1.0
10602,1.0,1.0,1.0,3.0,1.0,1.0,1.0,1.0,1.0,4.0,1.0,1.0
10603,1.0,1.0,1.0,3.0,1.0,1.0,1.0,1.0,1.0,3.0,1.0,1.0
10604,1.0,1.0,1.0,3.0,1.0,1.0,1.0,1.0,1.0,5.0,2.0,1.0
10605,1.0,1.0,1.0,3.0,1.0,1.0,1.0,1.0,1.0,4.0,1.0,1.0
10606,1.0,1.0,1.0,3.0,1.0,1.0,1.0,1.0,1.0,3.0,1.0,1.0
10607,1.0,1.0,1.0,3.0,1.0,1.0,1.0,1.0,1.0,3.0,1.0,1.0
10608,1.0,1.0,1.0,3.0,1.0,1.0,1.0,1.0,1.0,3.0,1.0,1.0
10609,1.0,1.0,1.0,3.0,1.0,1.0,1.0,1.0,1.0,4.0,1.0,1.0
10610,1.0,1.0,1.0,3.0,1.0,1.0,1.0,1.0,1.0,5.0,2.0,1.0
10611,1.0,1.0,1.0,3.0,1.0,1.0,1.0,1.0,1.0,4.0,1.0,1.0
10612,1.0,1.0,1.0,3.0,1.0,1.0,1.0,1.0,1.0,5.0,2.0,1.0
10613,1.0,1.0,1.0,3.0,1.0,1.0,1.0,1.0,1.0,3.0,1.0,1.0
10614,1.0,1.0,1.0,3.0,1.0,1.0,1.0,1.0,1.0,5.0,2.0,1.0
10615,1.0,1.0,1.0,3.0,1.0,1.0,1.0,1.0,1.0,5.0,2.0,1.0
10616,1.0,1.0,1.0,3.0,1.0,1.0,1.0,1.0,1.0,3.0,1.0,1.0
10617,1.0,1.0,1.0,3.0,1.0,1.0,1.0,1.0,1.0,5.0,2.0,1.0
10618,1.0,1.0,1.0,3.0,1.0,1.0,1.0,1.0,1.0,3.0,1.0,1.0
10619,1.0,1.0,1.0,3.0,1.0,1.0,1.0,1.0,1.0,3.0,1.0,1.0
10620,1.0,1.0,1.0,3.0,1.0,1.0,1.0,1.0,1.0,3.0,1.0,1.0
10621,1.0,1.0,1.0,3.0,1.0,1.0,1.0,1.0,1.0,3.0,1.0,1.0
10622,1.0,1.0,1.0,3.0,1.0,1.0,1.0,1.0,1.0,5.0,2.0,1.0
10623,1.0,1.0,1.0,3.0,1.0,1.0,1.0,1.0,1.0,3.0,1.0,1.0
10624,1.0,1.0,1.0,3.0,1.0,1.0,1.0,1.0,1.0,5.0,2.0,1.0
10625,1.0,1.0,1.0,3.0,1.0,1.0,1.0,1.0,1.0,4.0,1.0,1.0
10626,1.0,1.0,1.0,3.0,1.0,1.0,1.0,1.0,1.0,4.0,1.0,1.0
10627,1.0,1.0,1.0,3.0,1.0,1.0,1.0,1.0,1.0,4.0,1.0,1.0
10628,1.0,1.0,1.0,3.0,1.0,1.0,1.0,1.0,1.0,3.0,1.0,1.0
10629,1.0,1.0,1.0,3.0,1.0,1.0,1.0,1.0,1.0,5.0,2.0,1.0
10630,1.0,1.0,1.0,3.0,1.0,1.0,1.0,1.0,1.0,5.0,2.0,1.0
10631,1.0,1.0,1.0,3.0,1.0,1.0,1.0,1.0,1.0,5.0,2.0,1.0
10632,1.0,1.0,1.0,3.0,1.0,1.0,1.0,1.0,1.0,3.0,1.0,1.0
10633,1.0,1.0,1.0,3.0,1.0,1.0,1.0,1.0,1.0,4.0,1.0,1.0
10634,1.0,1.0,1.0,3.0,1.0,1.0,1.0,1.0,1.0,3.0,1.0,1.0
10635,1.0,1.0,1.0,3.0,1.0,1.0,1.0,1.0,1.0,3.0,1.0,1.0
10636,1.0,1.0,1.0,3.0,1.0,1.0,1.0,1.0,1.0,3.0,1.0,1.0
10637,1.0,1.0,1.0,3.0,1.0,1.0,1.0,1.0,1.0,5.0,2.0,1.0
10638,1.0,1.0,1.0,3.0,1.0,1.0,1.0,1.0,1.0,3.0,1.0,1.0
10639,1.0,1.0,1.0,3.0,1.0,1.0,1.0,1.0,1.0,3.0,1.0,1.0
10640,1.0,1.0,1.0,3.0,1.0,1.0,1.0,1.0,1.0,3.0,1.0,1.0
10641,1.0,1.0,1.0,3.0,1.0,1.0,1.0,1.0,1.0,4.0,1.0,1.0
10642,1.0,1.0,1.0,3.0,1.0,1.0,1.0,1.0,1.0,4.0,1.0,1.0
10643,1.0,1.0,1.0,3.0,1.0,1.0,1.0,1.0,1.0,3.0,1.0,1.0
10644,1.0,1.0,1.0,3.0,1.0,1.0,1.0,1.0,1.0,4.0,1.0,1.0
10645,1.0,1.0,1.0,3.0,1.0,1.0,1.0,1.0,1.0,5.0,2.0,1.0
10646,1.0,1.0,1.0,3.0,1.0,1.0,1.0,1.0,1.0,4.0,1.0,1.0
10647,1.0,1.0,1.0,3.0,1.0,1.0,1.0,1.0,1.0,5.0,2.0,1.0
10648,1.0,1.0,1.0,3.0,1.0,1.0,1.0,1.0,1.0,5.0,2.0,1.0
10649,1.0,1.0,1.0,3.0,1.0,1.0,1.0,1.0,1.0,5.0,2.0,1.0
10650,1.0,1.0,1.0,3.0,1.0,1.0,1.0,1.0,1.0,5.0,2.0,1.0
10651,1.0,1.0,1.0,3.0,1.0,1.0,1.0,1.0,1.0,3.0,1.0,1.0
10652,1.0,1.0,1.0,3.0,1.0,1.0,1.0,1.0,1.0,4.0,1.0,1.0
10653,1.0,1.0,1.0,3.0,1.0,1.0,1.0,1.0,1.0,3.0,1.0,1.0
10654,1.0,1.0,1.0,3.0,1.0,1.0,1.0,1.0,1.0,4.0,1.0,1.0
10655,1.0,1.0,1.0,3.0,1.0,1.0,1.0,1.0,1.0,3.0,1.0,1.0
10656,1.0,1.0,1.0,3.0,1.0,1.0,1.0,1.0,1.0,4.0,1.0,1.0
10657,1.0,1.0,1.0,3.0,1.0,1.0,1.0,1.0,1.0,3.0,1.0,1.0
10658,1.0,1.0,1.0,3.0,1.0,1.0,1.0,1.0,1.0,5.0,2.0,1.0
10659,1.0,1.0,1.0,3.0,1.0,1.0,1.0,1.0,1.0,5.0,2.0,1.0
10660,1.0,1.0,1.0,3.0,1.0,1.0,1.0,1.0,1.0,4.0,1.0,1.0
10661,1.0,1.0,1.0,3.0,1.0,1.0,1.0,1.0,1.0,3.0,1.0,1.0
10662,1.0,1.0,1.0,3.0,1.0,1.0,1.0,1.0,1.0,5.0,2.0,1.0
10663,1.0,1.0,1.0,3.0,1.0,1.0,1.0,1.0,1.0,3.0,1.0,1.0
10664,1.0,1.0,1.0,3.0,1.0,1.0,1.0,1.0,1.0,3.0,1.0,1.0
10665,1.0,1.0,1.0,3.0,1.0,1.0,1.0,1.0,1.0,3.0,1.0,1.0
10666,1.0,1.0,1.0,3.0,1.0,1.0,1.0,1.0,1.0,5.0,2.0,1.0
10667,1.0,1.0,1.0,3.0,1.0,1.0,1.0,1.0,1.0,5.0,2.0,1.0
10668,1.0,1.0,1.0,3.0,1.0,1.0,1.0,1.0,1.0,5.0,2.0,1.0
10669,1.0,1.0,1.0,3.0,1.0,1.0,1.0,1.0,1.0,3.0,1.0,1.0
10670,1.0,1.0,1.0,3.0,1.0,1.0,1.0,1.0,1.0,5.0,2.0,1.0
10671,1.0,1.0,1.0,3.0,1.0,1.0,1.0,1.0,1.0,5.0,2.0,1.0
10672,1.0,1.0,1.0,3.0,1.0,1.0,1.0,1.0,1.0,4.0,1.0,1.0
10673,1.0,1.0,1.0,3.0,1.0,1.0,1.0,1.0,1.0,4.0,1.0,1.0
10674,1.0,1.0,1.0,3.0,1.0,1.0,1.0,1.0,1.0,4.0,1.0,1.0
10675,1.0,1.0,1.0,3.0,1.0,1.0,1.0,1.0,1.0,3.0,1.0,1.0
10676,1.0,1.0,1.0,3.0,1.0,1.0,1.0,1.0,1.0,5.0,2.0,1.0
10677,1.0,1.0,1.0,3.0,1.0,1.0,1.0,1.0,1.0,5.0,2.0,1.0
10678,1.0,1.0,1.0,3.0,1.0,1.0,1.0,1.0,1.0,4.0,1.0,1.0
10679,1.0,1.0,1.0,3.0,1.0,1.0,1.0,1.0,1.0,3.0,1.0,1.0
10680,1.0,1.0,1.0,3.0,1.0,1.0,1.0,1.0,1.0,3.0,1.0,1.0
10681,1.0,1.0,1.0,3.0,1.0,1.0,1.0,1.0,1.0,3.0,1.0,1.0
10682,1.0,1.0,1.0,3.0,1.0,1.0,1.0,1.0,1.0,3.0,1.0,1.0
10683,1.0,1.0,1.0,3.0,1.0,1.0,1.0,1.0,1.0,3.0,1.0,1.0
10684,1.0,1.0,1.0,3.0,1.0,1.0,1.0,1.0,1.0,4.0,1.0,1.0
10685,1.0,1.0,1.0,3.0,1.0,1.0,1.0,1.0,1.0,3.0,1.0,1.0
10686,1.0,1.0,1.0,3.0,1.0,1.0,1.0,1.0,1.0,3.0,1.0,1.0
10687,1.0,1.0,1.0,3.0,1.0,1.0,1.0,1.0,1.0,3.0,1.0,1.0
10688,1.0,1.0,1.0,3.0,1.0,1.0,1.0,1.0,1.0,4.0,1.0,1.0
10689,1.0,1.0,1.0,3.0,1.0,1.0,1.0,1.0,1.0,4.0,1.0,1.0
10690,1.0,1.0,1.0,3.0,1.0,1.0,1.0,1.0,1.0,4.0,1.0,1.0
10691,1.0,1.0,1.0,3.0,1.0,1.0,1.0,1.0,1.0,4.0,1.0,1.0
10692,1.0,1.0,1.0,3.0,1.0,1.0,1.0,1.0,1.0,3.0,1.0,1.0
10693,1.0,1.0,1.0,3.0,1.0,1.0,1.0,1.0,1.0,5.0,2.0,1.0
10694,1.0,1.0,1.0,3.0,1.0,1.0,1.0,1.0,1.0,5.0,2.0,1.0
10695,1.0,1.0,1.0,3.0,1.0,1.0,1.0,1.0,1.0,3.0,1.0,1.0
10696,1.0,1.0,1.0,3.0,1.0,1.0,1.0,1.0,1.0,3.0,1.0,1.0
10697,1.0,1.0,1.0,3.0,1.0,1.0,1.0,1.0,1.0,5.0,2.0,1.0
10698,1.0,1.0,1.0,3.0,1.0,1.0,1.0,1.0,1.0,3.0,1.0,1.0
10699,1.0,1.0,1.0,3.0,1.0,1.0,1.0,1.0,1.0,5.0,2.0,1.0
10700,1.0,1.0,1.0,3.0,1.0,1.0,1.0,1.0,1.0,4.0,1.0,1.0
10701,1.0,1.0,1.0,3.0,1.0,1.0,1.0,1.0,1.0,4.0,1.0,1.0
10702,1.0,1.0,1.0,3.0,1.0,1.0,1.0,1.0,1.0,4.0,1.0,1.0
10703,1.0,1.0,1.0,3.0,1.0,1.0,1.0,1.0,1.0,3.0,1.0,1.0
10704,1.0,1.0,1.0,3.0,1.0,1.0,1.0,1.0,1.0,5.0,2.0,1.0
10705,1.0,1.0,1.0,3.0,1.0,1.0,1.0,1.0,1.0,3.0,1.0,1.0
10706,1.0,1.0,1.0,3.0,1.0,1.0,1.0,1.0,1.0,4.0,1.0,1.0
10707,1.0,1.0,1.0,3.0,1.0,1.0,1.0,1.0,1.0,3.0,1.0,1.0
10708,1.0,1.0,1.0,3.0,1.0,1.0,1.0,1.0,1.0,3.0,1.0,1.0
10709,1.0,1.0,1.0,3.0,1.0,1.0,1.0,1.0,1.0,5.0,2.0,1.0
10710,1.0,1.0,1.0,3.0,1.0,1.0,1.0,1.0,1.0,4.0,1.0,1.0
10711,1.0,1.0,1.0,3.0,1.0,1.0,1.0,1.0,1.0,5.0,2.0,1.0
10712,1.0,1.0,1.0,3.0,1.0,1.0,1.0,1.0,1.0,5.0,2.0,1.0
10713,1.0,1.0,1.0,3.0,1.0,1.0,1.0,1.0,1.0,3.0,1.0,1.0
10714,1.0,1.0,1.0,3.0,1.0,1.0,1.0,1.0,1.0,3.0,1.0,1.0
10715,1.0,1.0,1.0,3.0,1.0,1.0,1.0,1.0,1.0,3.0,1.0,1.0
10716,1.0,1.0,1.0,3.0,1.0,1.0,1.0,1.0,1.0,4.0,1.0,1.0
10717,1.0,1.0,1.0,3.0,1.0,1.0,1.0,1.0,1.0,3.0,1.0,1.0
10718,1.0,1.0,1.0,3.0,1.0,1.0,1.0,1.0,1.0,4.0,1.0,1.0
10719,1.0,1.0,1.0,3.0,1.0,1.0,1.0,1.0,1.0,3.0,1.0,1.0
10720,1.0,1.0,1.0,3.0,1.0,1.0,1.0,1.0,1.0,5.0,2.0,1.0
10721,1.0,1.0,1.0,3.0,1.0,1.0,1.0,1.0,1.0,3.0,1.0,1.0
10722,1.0,1.0,1.0,3.0,1.0,1.0,1.0,1.0,1.0,3.0,1.0,1.0
10723,1.0,1.0,1.0,3.0,1.0,1.0,1.0,1.0,1.0,5.0,2.0,1.0
10724,1.0,1.0,1.0,3.0,1.0,1.0,1.0,1.0,1.0,4.0,1.0,1.0
10725,1.0,1.0,1.0,3.0,1.0,1.0,1.0,1.0,1.0,5.0,2.0,1.0
10726,1.0,1.0,1.0,3.0,1.0,1.0,1.0,1.0,1.0,3.0,1.0,1.0
10727,1.0,1.0,1.0,3.0,1.0,1.0,1.0,1.0,1.0,4.0,1.0,1.0
10728,1.0,1.0,1.0,3.0,1.0,1.0,1.0,1.0,1.0,3.0,1.0,1.0
10729,1.0,1.0,1.0,3.0,1.0,1.0,1.0,1.0,1.0,4.0,1.0,1.0
10730,1.0,1.0,1.0,3.0,1.0,1.0,1.0,1.0,1.0,4.0,1.0,1.0
10731,1.0,1.0,1.0,3.0,1.0,1.0,1.0,1.0,1.0,3.0,1.0,1.0
10732,1.0,1.0,1.0,3.0,1.0,1.0,1.0,1.0,1.0,5.0,2.0,1.0
10733,1.0,1.0,1.0,3.0,1.0,1.0,1.0,1.0,1.0,5.0,2.0,1.0
10734,1.0,1.0,1.0,3.0,1.0,1.0,1.0,1.0,1.0,5.0,2.0,1.0
10735,1.0,1.0,1.0,3.0,1.0,1.0,1.0,1.0,1.0,3.0,1.0,1.0
10736,1.0,1.0,1.0,3.0,1.0,1.0,1.0,1.0,1.0,5.0,2.0,1.0
10737,1.0,1.0,1.0,3.0,1.0,1.0,1.0,1.0,1.0,5.0,2.0,1.0
10738,1.0,1.0,1.0,3.0,1.0,1.0,1.0,1.0,1.0,5.0,2.0,1.0
10739,1.0,1.0,1.0,3.0,1.0,1.0,1.0,1.0,1.0,3.0,1.0,1.0
10740,1.0,1.0,1.0,3.0,1.0,1.0,1.0,1.0,1.0,4.0,1.0,1.0
10741,1.0,1.0,1.0,3.0,1.0,1.0,1.0,1.0,1.0,3.0,1.0,1.0
10742,1.0,1.0,1.0,3.0,1.0,1.0,1.0,1.0,1.0,5.0,2.0,1.0
10743,1.0,1.0,1.0,3.0,1.0,1.0,1.0,1.0,1.0,4.0,1.0,1.0
10744,1.0,1.0,1.0,3.0,1.0,1.0,1.0,1.0,1.0,3.0,1.0,1.0
10745,1.0,1.0,1.0,3.0,1.0,1.0,1.0,1.0,1.0,3.0,1.0,1.0
10746,1.0,1.0,1.0,3.0,1.0,1.0,1.0,1.0,1.0,3.0,1.0,1.0
10747,1.0,1.0,1.0,3.0,1.0,1.0,1.0,1.0,1.0,5.0,2.0,1.0
10748,1.0,1.0,1.0,3.0,1.0,1.0,1.0,1.0,1.0,4.0,1.0,1.0
10749,1.0,1.0,1.0,3.0,1.0,1.0,1.0,1.0,1.0,4.0,1.0,1.0
10750,1.0,1.0,1.0,3.0,1.0,1.0,1.0,1.0,1.0,5.0,2.0,1.0
10751,1.0,1.0,1.0,3.0,1.0,1.0,1.0,1.0,1.0,3.0,1.0,1.0
10752,1.0,1.0,1.0,3.0,1.0,1.0,1.0,1.0,1.0,5.0,2.0,1.0
10753,1.0,1.0,1.0,3.0,1.0,1.0,1.0,1.0,1.0,4.0,1.0,1.0
10754,1.0,1.0,1.0,3.0,1.0,1.0,1.0,1.0,1.0,4.0,1.0,1.0
10755,1.0,1.0,1.0,3.0,1.0,1.0,1.0,1.0,1.0,5.0,2.0,1.0
10756,1.0,1.0,1.0,3.0,1.0,1.0,1.0,1.0,1.0,4.0,1.0,1.0
10757,1.0,1.0,1.0,3.0,1.0,1.0,1.0,1.0,1.0,4.0,1.0,1.0
10758,1.0,1.0,1.0,3.0,1.0,1.0,1.0,1.0,1.0,5.0,2.0,1.0
10759,1.0,1.0,1.0,3.0,1.0,1.0,1.0,1.0,1.0,4.0,1.0,1.0
10760,1.0,1.0,1.0,3.0,1.0,1.0,1.0,1.0,1.0,3.0,1.0,1.0
10761,1.0,1.0,1.0,3.0,1.0,1.0,1.0,1.0,1.0,3.0,1.0,1.0
10762,1.0,1.0,1.0,3.0,1.0,1.0,1.0,1.0,1.0,3.0,1.0,1.0
10763,1.0,1.0,1.0,3.0,1.0,1.0,1.0,1.0,1.0,3.0,1.0,1.0
10764,1.0,1.0,1.0,3.0,1.0,1.0,1.0,1.0,1.0,3.0,1.0,1.0
10765,1.0,1.0,1.0,3.0,1.0,1.0,1.0,1.0,1.0,5.0,2.0,1.0
10766,1.0,1.0,1.0,3.0,1.0,1.0,1.0,1.0,1.0,5.0,2.0,1.0
10767,1.0,1.0,1.0,3.0,1.0,1.0,1.0,1.0,1.0,5.0,2.0,1.0
10768,1.0,1.0,1.0,3.0,1.0,1.0,1.0,1.0,1.0,3.0,1.0,1.0
10769,1.0,1.0,1.0,3.0,1.0,1.0,1.0,1.0,1.0,5.0,2.0,1.0
10770,1.0,1.0,1.0,3.0,1.0,1.0,1.0,1.0,1.0,4.0,1.0,1.0
10771,1.0,1.0,1.0,3.0,1.0,1.0,1.0,1.0,1.0,5.0,2.0,1.0
10772,1.0,1.0,1.0,3.0,1.0,1.0,1.0,1.0,1.0,3.0,1.0,1.0
10773,1.0,1.0,1.0,3.0,1.0,1.0,1.0,1.0,1.0,3.0,1.0,1.0
10774,1.0,1.0,1.0,3.0,1.0,1.0,1.0,1.0,1.0,3.0,1.0,1.0
10775,1.0,1.0,1.0,3.0,1.0,1.0,1.0,1.0,1.0,5.0,2.0,1.0
10776,1.0,1.0,1.0,3.0,1.0,1.0,1.0,1.0,1.0,4.0,1.0,1.0
10777,1.0,1.0,1.0,3.0,1.0,1.0,1.0,1.0,1.0,3.0,1.0,1.0
10778,1.0,1.0,1.0,3.0,1.0,1.0,1.0,1.0,1.0,5.0,2.0,1.0
10779,1.0,1.0,1.0,3.0,1.0,1.0,1.0,1.0,1.0,3.0,1.0,1.0
10780,1.0,1.0,1.0,3.0,1.0,1.0,1.0,1.0,1.0,3.0,1.0,1.0
10781,1.0,1.0,1.0,3.0,1.0,1.0,1.0,1.0,1.0,3.0,1.0,1.0
10782,1.0,1.0,1.0,3.0,1.0,1.0,1.0,1.0,1.0,3.0,1.0,1.0
10783,1.0,1.0,1.0,3.0,1.0,1.0,1.0,1.0,1.0,3.0,1.0,1.0
10784,1.0,1.0,1.0,3.0,1.0,1.0,1.0,1.0,1.0,3.0,1.0,1.0
10785,1.0,1.0,1.0,3.0,1.0,1.0,1.0,1.0,1.0,3.0,1.0,1.0
10786,1.0,1.0,1.0,3.0,1.0,1.0,1.0,1.0,1.0,4.0,1.0,1.0
10787,1.0,1.0,1.0,3.0,1.0,1.0,1.0,1.0,1.0,3.0,1.0,1.0
10788,1.0,1.0,1.0,3.0,1.0,1.0,1.0,1.0,1.0,5.0,2.0,1.0
10789,1.0,1.0,1.0,3.0,1.0,1.0,1.0,1.0,1.0,4.0,1.0,1.0
10790,1.0,1.0,1.0,3.0,1.0,1.0,1.0,1.0,1.0,3.0,1.0,1.0
10791,1.0,1.0,1.0,3.0,1.0,1.0,1.0,1.0,1.0,3.0,1.0,1.0
10792,1.0,1.0,1.0,3.0,1.0,1.0,1.0,1.0,1.0,3.0,1.0,1.0
10793,1.0,1.0,1.0,3.0,1.0,1.0,1.0,1.0,1.0,3.0,1.0,1.0
10794,1.0,1.0,1.0,3.0,1.0,1.0,1.0,1.0,1.0,3.0,1.0,1.0
10795,1.0,1.0,1.0,3.0,1.0,1.0,1.0,1.0,1.0,3.0,1.0,1.0
10796,1.0,1.0,1.0,3.0,1.0,1.0,1.0,1.0,1.0,3.0,1.0,1.0
10797,1.0,1.0,1.0,3.0,1.0,1.0,1.0,1.0,1.0,5.0,2.0,1.0
10798,1.0,1.0,1.0,3.0,1.0,1.0,1.0,1.0,1.0,4.0,1.0,1.0
10799,1.0,1.0,1.0,3.0,1.0,1.0,1.0,1.0,1.0,3.0,1.0,1.0
10800,1.0,1.0,1.0,3.0,1.0,1.0,1.0,1.0,1.0,3.0,1.0,1.0
10801,1.0,1.0,1.0,3.0,1.0,1.0,1.0,1.0,1.0,3.0,1.0,1.0
10802,1.0,1.0,1.0,3.0,1.0,1.0,1.0,1.0,1.0,4.0,1.0,1.0
10803,1.0,1.0,1.0,3.0,1.0,1.0,1.0,1.0,1.0,4.0,1.0,1.0
10804,1.0,1.0,1.0,3.0,1.0,1.0,1.0,1.0,1.0,3.0,1.0,1.0
10805,1.0,1.0,1.0,3.0,1.0,1.0,1.0,1.0,1.0,5.0,2.0,1.0
10806,1.0,1.0,1.0,3.0,1.0,1.0,1.0,1.0,1.0,5.0,2.0,1.0
10807,1.0,1.0,1.0,3.0,1.0,1.0,1.0,1.0,1.0,4.0,1.0,1.0
10808,1.0,1.0,1.0,3.0,1.0,1.0,1.0,1.0,1.0,5.0,2.0,1.0
10809,1.0,1.0,1.0,3.0,1.0,1.0,1.0,1.0,1.0,4.0,1.0,1.0
10810,1.0,1.0,1.0,3.0,1.0,1.0,1.0,1.0,1.0,4.0,1.0,1.0
10811,1.0,1.0,1.0,3.0,1.0,1.0,1.0,1.0,1.0,3.0,1.0,1.0
10812,1.0,1.0,1.0,3.0,1.0,1.0,1.0,1.0,1.0,3.0,1.0,1.0
10813,1.0,1.0,1.0,3.0,1.0,1.0,1.0,1.0,1.0,5.0,2.0,1.0
10814,1.0,1.0,1.0,3.0,1.0,1.0,1.0,1.0,1.0,3.0,1.0,1.0
10815,1.0,1.0,1.0,3.0,1.0,1.0,1.0,1.0,1.0,3.0,1.0,1.0
10816,1.0,1.0,1.0,3.0,1.0,1.0,1.0,1.0,1.0,3.0,1.0,1.0
10817,1.0,1.0,1.0,3.0,1.0,1.0,1.0,1.0,1.0,5.0,2.0,1.0
10818,1.0,1.0,1.0,3.0,1.0,1.0,1.0,1.0,1.0,5.0,2.0,1.0
10819,1.0,1.0,1.0,3.0,1.0,1.0,1.0,1.0,1.0,5.0,2.0,1.0
10820,1.0,1.0,1.0,3.0,1.0,1.0,1.0,1.0,1.0,5.0,2.0,1.0
10821,1.0,1.0,1.0,3.0,1.0,1.0,1.0,1.0,1.0,3.0,1.0,1.0
10822,1.0,1.0,1.0,3.0,1.0,1.0,1.0,1.0,1.0,4.0,1.0,1.0
10823,1.0,1.0,1.0,3.0,1.0,1.0,1.0,1.0,1.0,3.0,1.0,1.0
10824,1.0,1.0,1.0,3.0,1.0,1.0,1.0,1.0,1.0,3.0,1.0,1.0
10825,1.0,1.0,1.0,3.0,1.0,1.0,1.0,1.0,1.0,3.0,1.0,1.0
10826,1.0,1.0,1.0,3.0,1.0,1.0,1.0,1.0,1.0,3.0,1.0,1.0
10827,1.0,1.0,1.0,3.0,1.0,1.0,1.0,1.0,1.0,3.0,1.0,1.0
10828,1.0,1.0,1.0,3.0,1.0,1.0,1.0,1.0,1.0,5.0,2.0,1.0
10829,1.0,1.0,1.0,3.0,1.0,1.0,1.0,1.0,1.0,5.0,2.0,1.0
10830,1.0,1.0,1.0,3.0,1.0,1.0,1.0,1.0,1.0,5.0,2.0,1.0
10831,1.0,1.0,1.0,3.0,1.0,1.0,1.0,1.0,1.0,5.0,2.0,1.0
10832,1.0,1.0,1.0,3.0,1.0,1.0,1.0,1.0,1.0,4.0,1.0,1.0
10833,1.0,1.0,1.0,3.0,1.0,1.0,1.0,1.0,1.0,4.0,1.0,1.0
10834,1.0,1.0,1.0,3.0,1.0,1.0,1.0,1.0,1.0,3.0,1.0,1.0
10835,1.0,1.0,1.0,3.0,1.0,1.0,1.0,1.0,1.0,4.0,1.0,1.0
10836,1.0,1.0,1.0,3.0,1.0,1.0,1.0,1.0,1.0,4.0,1.0,1.0
10837,1.0,1.0,1.0,3.0,1.0,1.0,1.0,1.0,1.0,4.0,1.0,1.0
10838,1.0,1.0,1.0,3.0,1.0,1.0,1.0,1.0,1.0,4.0,1.0,1.0
10839,1.0,1.0,1.0,3.0,1.0,1.0,1.0,1.0,1.0,5.0,2.0,1.0
10840,1.0,1.0,1.0,3.0,1.0,1.0,1.0,1.0,1.0,3.0,1.0,1.0
10841,1.0,1.0,1.0,3.0,1.0,1.0,1.0,1.0,1.0,3.0,1.0,1.0
10842,1.0,1.0,1.0,3.0,1.0,1.0,1.0,1.0,1.0,4.0,1.0,1.0
10843,1.0,1.0,1.0,3.0,1.0,1.0,1.0,1.0,1.0,3.0,1.0,1.0
10844,1.0,1.0,1.0,3.0,1.0,1.0,1.0,1.0,1.0,4.0,1.0,1.0
10845,1.0,1.0,1.0,3.0,1.0,1.0,1.0,1.0,1.0,3.0,1.0,1.0
10846,1.0,1.0,1.0,3.0,1.0,1.0,1.0,1.0,1.0,3.0,1.0,1.0
10847,1.0,1.0,1.0,3.0,1.0,1.0,1.0,1.0,1.0,3.0,1.0,1.0
10848,1.0,1.0,1.0,3.0,1.0,1.0,1.0,1.0,1.0,3.0,1.0,1.0
10849,1.0,1.0,1.0,3.0,1.0,1.0,1.0,1.0,1.0,3.0,1.0,1.0
10850,1.0,1.0,1.0,3.0,1.0,1.0,1.0,1.0,1.0,3.0,1.0,1.0
10851,1.0,1.0,1.0,3.0,1.0,1.0,1.0,1.0,1.0,3.0,1.0,1.0
10852,1.0,1.0,1.0,3.0,1.0,1.0,1.0,1.0,1.0,3.0,1.0,1.0
10853,1.0,1.0,1.0,3.0,1.0,1.0,1.0,1.0,1.0,3.0,1.0,1.0
10854,1.0,1.0,1.0,3.0,1.0,1.0,1.0,1.0,1.0,4.0,1.0,1.0
10855,1.0,1.0,1.0,3.0,1.0,1.0,1.0,1.0,1.0,3.0,1.0,1.0
10856,1.0,1.0,1.0,3.0,1.0,1.0,1.0,1.0,1.0,5.0,2.0,1.0
10857,1.0,1.0,1.0,3.0,1.0,1.0,1.0,1.0,1.0,5.0,2.0,1.0
10858,1.0,1.0,1.0,3.0,1.0,1.0,1.0,1.0,1.0,3.0,1.0,1.0
10859,1.0,1.0,1.0,3.0,1.0,1.0,1.0,1.0,1.0,4.0,1.0,1.0
10860,1.0,1.0,1.0,3.0,1.0,1.0,1.0,1.0,1.0,4.0,1.0,1.0
10861,1.0,1.0,1.0,3.0,1.0,1.0,1.0,1.0,1.0,5.0,2.0,1.0
10862,1.0,1.0,1.0,3.0,1.0,1.0,1.0,1.0,1.0,5.0,2.0,1.0
10863,1.0,1.0,1.0,3.0,1.0,1.0,1.0,1.0,1.0,3.0,1.0,1.0
10864,1.0,1.0,1.0,3.0,1.0,1.0,1.0,1.0,1.0,3.0,1.0,1.0
10865,1.0,1.0,1.0,3.0,1.0,1.0,1.0,1.0,1.0,3.0,1.0,1.0
10866,1.0,1.0,1.0,3.0,1.0,1.0,1.0,1.0,1.0,3.0,1.0,1.0
10867,1.0,1.0,1.0,3.0,1.0,1.0,1.0,1.0,1.0,3.0,1.0,1.0
10868,1.0,1.0,1.0,3.0,1.0,1.0,1.0,1.0,1.0,5.0,2.0,1.0
10869,1.0,1.0,1.0,3.0,1.0,1.0,1.0,1.0,1.0,5.0,2.0,1.0
10870,1.0,1.0,1.0,3.0,1.0,1.0,1.0,1.0,1.0,3.0,1.0,1.0
10871,1.0,1.0,1.0,3.0,1.0,1.0,1.0,1.0,1.0,3.0,1.0,1.0
10872,1.0,1.0,1.0,3.0,1.0,1.0,1.0,1.0,1.0,4.0,1.0,1.0
10873,1.0,1.0,1.0,3.0,1.0,1.0,1.0,1.0,1.0,4.0,1.0,1.0
10874,1.0,1.0,1.0,3.0,1.0,1.0,1.0,1.0,1.0,4.0,1.0,1.0
10875,1.0,1.0,1.0,3.0,1.0,1.0,1.0,1.0,1.0,3.0,1.0,1.0
10876,1.0,1.0,1.0,3.0,1.0,1.0,1.0,1.0,1.0,3.0,1.0,1.0
10877,1.0,1.0,1.0,3.0,1.0,1.0,1.0,1.0,1.0,3.0,1.0,1.0
10878,1.0,1.0,1.0,3.0,1.0,1.0,1.0,1.0,1.0,3.0,1.0,1.0
10879,1.0,1.0,1.0,3.0,1.0,1.0,1.0,1.0,1.0,5.0,2.0,1.0
10880,1.0,1.0,1.0,3.0,1.0,1.0,1.0,1.0,1.0,4.0,1.0,1.0
10881,1.0,1.0,1.0,3.0,1.0,1.0,1.0,1.0,1.0,3.0,1.0,1.0
10882,1.0,1.0,1.0,3.0,1.0,1.0,1.0,1.0,1.0,3.0,1.0,1.0
10883,1.0,1.0,1.0,3.0,1.0,1.0,1.0,1.0,1.0,3.0,1.0,1.0
10884,1.0,1.0,1.0,3.0,1.0,1.0,1.0,1.0,1.0,3.0,1.0,1.0
10885,1.0,1.0,1.0,3.0,1.0,1.0,1.0,1.0,1.0,3.0,1.0,1.0
10886,1.0,1.0,1.0,3.0,1.0,1.0,1.0,1.0,1.0,5.0,2.0,1.0
10887,1.0,1.0,1.0,3.0,1.0,1.0,1.0,1.0,1.0,3.0,1.0,1.0
10888,1.0,1.0,1.0,3.0,1.0,1.0,1.0,1.0,1.0,3.0,1.0,1.0
10889,1.0,1.0,1.0,3.0,1.0,1.0,1.0,1.0,1.0,4.0,1.0,1.0
10890,1.0,1.0,1.0,3.0,1.0,1.0,1.0,1.0,1.0,5.0,2.0,1.0
10891,1.0,1.0,1.0,3.0,1.0,1.0,1.0,1.0,1.0,3.0,1.0,1.0
10892,1.0,1.0,1.0,3.0,1.0,1.0,1.0,1.0,1.0,5.0,2.0,1.0
10893,1.0,1.0,1.0,3.0,1.0,1.0,1.0,1.0,1.0,3.0,1.0,1.0
10894,1.0,1.0,1.0,3.0,1.0,1.0,1.0,1.0,1.0,3.0,1.0,1.0
10895,1.0,1.0,1.0,3.0,1.0,1.0,1.0,1.0,1.0,3.0,1.0,1.0
10896,1.0,1.0,1.0,3.0,1.0,1.0,1.0,1.0,1.0,5.0,2.0,1.0
10897,1.0,1.0,1.0,3.0,1.0,1.0,1.0,1.0,1.0,3.0,1.0,1.0
10898,1.0,1.0,1.0,3.0,1.0,1.0,1.0,1.0,1.0,3.0,1.0,1.0
10899,1.0,1.0,1.0,3.0,1.0,1.0,1.0,1.0,1.0,5.0,2.0,1.0
10900,1.0,1.0,1.0,3.0,1.0,1.0,1.0,1.0,1.0,3.0,1.0,1.0
10901,1.0,1.0,1.0,3.0,1.0,1.0,1.0,1.0,1.0,4.0,1.0,1.0
10902,1.0,1.0,1.0,3.0,1.0,1.0,1.0,1.0,1.0,4.0,1.0,1.0
10903,1.0,1.0,1.0,3.0,1.0,1.0,1.0,1.0,1.0,4.0,1.0,1.0
10904,1.0,1.0,1.0,3.0,1.0,1.0,1.0,1.0,1.0,4.0,1.0,1.0
10905,1.0,1.0,1.0,3.0,1.0,1.0,1.0,1.0,1.0,3.0,1.0,1.0
10906,1.0,1.0,1.0,3.0,1.0,1.0,1.0,1.0,1.0,4.0,1.0,1.0
10907,1.0,1.0,1.0,3.0,1.0,1.0,1.0,1.0,1.0,3.0,1.0,1.0
10908,1.0,1.0,1.0,3.0,1.0,1.0,1.0,1.0,1.0,3.0,1.0,1.0
10909,1.0,1.0,1.0,3.0,1.0,1.0,1.0,1.0,1.0,3.0,1.0,1.0
10910,1.0,1.0,1.0,3.0,1.0,1.0,1.0,1.0,1.0,4.0,1.0,1.0
10911,1.0,1.0,1.0,3.0,1.0,1.0,1.0,1.0,1.0,3.0,1.0,1.0
10912,1.0,1.0,1.0,3.0,1.0,1.0,1.0,1.0,1.0,3.0,1.0,1.0
10913,1.0,1.0,1.0,3.0,1.0,1.0,1.0,1.0,1.0,3.0,1.0,1.0
10914,1.0,1.0,1.0,3.0,1.0,1.0,1.0,1.0,1.0,5.0,2.0,1.0
10915,1.0,1.0,1.0,3.0,1.0,1.0,1.0,1.0,1.0,5.0,2.0,1.0
10916,1.0,1.0,1.0,3.0,1.0,1.0,1.0,1.0,1.0,3.0,1.0,1.0
10917,1.0,1.0,1.0,3.0,1.0,1.0,1.0,1.0,1.0,3.0,1.0,1.0
10918,1.0,1.0,1.0,3.0,1.0,1.0,1.0,1.0,1.0,3.0,1.0,1.0
10919,1.0,1.0,1.0,3.0,1.0,1.0,1.0,1.0,1.0,3.0,1.0,1.0
10920,1.0,1.0,1.0,3.0,1.0,1.0,1.0,1.0,1.0,4.0,1.0,1.0
10921,1.0,1.0,1.0,3.0,1.0,1.0,1.0,1.0,1.0,3.0,1.0,1.0
10922,1.0,1.0,1.0,3.0,1.0,1.0,1.0,1.0,1.0,4.0,1.0,1.0
10923,1.0,1.0,1.0,3.0,1.0,1.0,1.0,1.0,1.0,4.0,1.0,1.0
10924,1.0,1.0,1.0,3.0,1.0,1.0,1.0,1.0,1.0,3.0,1.0,1.0
10925,1.0,1.0,1.0,3.0,1.0,1.0,1.0,1.0,1.0,5.0,2.0,1.0
10926,1.0,1.0,1.0,3.0,1.0,1.0,1.0,1.0,1.0,3.0,1.0,1.0
10927,1.0,1.0,1.0,3.0,1.0,1.0,1.0,1.0,1.0,3.0,1.0,1.0
10928,1.0,1.0,1.0,3.0,1.0,1.0,1.0,1.0,1.0,3.0,1.0,1.0
10929,1.0,1.0,1.0,3.0,1.0,1.0,1.0,1.0,1.0,3.0,1.0,1.0
10930,1.0,1.0,1.0,3.0,1.0,1.0,1.0,1.0,1.0,5.0,2.0,1.0
10931,1.0,1.0,1.0,3.0,1.0,1.0,1.0,1.0,1.0,3.0,1.0,1.0
10932,1.0,1.0,1.0,3.0,1.0,1.0,1.0,1.0,1.0,3.0,1.0,1.0
10933,1.0,1.0,1.0,3.0,1.0,1.0,1.0,1.0,1.0,3.0,1.0,1.0
10934,1.0,1.0,1.0,3.0,1.0,1.0,1.0,1.0,1.0,5.0,2.0,1.0
10935,1.0,1.0,1.0,3.0,1.0,1.0,1.0,1.0,1.0,3.0,1.0,1.0
10936,1.0,1.0,1.0,3.0,1.0,1.0,1.0,1.0,1.0,5.0,2.0,1.0
10937,1.0,1.0,1.0,3.0,1.0,1.0,1.0,1.0,1.0,4.0,1.0,1.0
10938,1.0,1.0,1.0,3.0,1.0,1.0,1.0,1.0,1.0,3.0,1.0,1.0
10939,1.0,1.0,1.0,3.0,1.0,1.0,1.0,1.0,1.0,3.0,1.0,1.0
10940,1.0,1.0,1.0,3.0,1.0,1.0,1.0,1.0,1.0,4.0,1.0,1.0
10941,1.0,1.0,1.0,3.0,1.0,1.0,1.0,1.0,1.0,4.0,1.0,1.0
10942,1.0,1.0,1.0,3.0,1.0,1.0,1.0,1.0,1.0,5.0,2.0,1.0
10943,1.0,1.0,1.0,3.0,1.0,1.0,1.0,1.0,1.0,3.0,1.0,1.0
10944,1.0,1.0,1.0,3.0,1.0,1.0,1.0,1.0,1.0,3.0,1.0,1.0
10945,1.0,1.0,1.0,3.0,1.0,1.0,1.0,1.0,1.0,4.0,1.0,1.0
10946,1.0,1.0,1.0,3.0,1.0,1.0,1.0,1.0,1.0,3.0,1.0,1.0
10947,1.0,1.0,1.0,3.0,1.0,1.0,1.0,1.0,1.0,3.0,1.0,1.0
10948,1.0,1.0,1.0,3.0,1.0,1.0,1.0,1.0,1.0,5.0,2.0,1.0
10949,1.0,1.0,1.0,3.0,1.0,1.0,1.0,1.0,1.0,5.0,2.0,1.0
10950,1.0,1.0,1.0,3.0,1.0,1.0,1.0,1.0,1.0,3.0,1.0,1.0
10951,1.0,1.0,1.0,3.0,1.0,1.0,1.0,1.0,1.0,3.0,1.0,1.0
10952,1.0,1.0,1.0,3.0,1.0,1.0,1.0,1.0,1.0,3.0,1.0,1.0
10953,1.0,1.0,1.0,3.0,1.0,1.0,1.0,1.0,1.0,3.0,1.0,1.0
10954,1.0,1.0,1.0,3.0,1.0,1.0,1.0,1.0,1.0,5.0,2.0,1.0
10955,1.0,1.0,1.0,3.0,1.0,1.0,1.0,1.0,1.0,3.0,1.0,1.0
10956,1.0,1.0,1.0,3.0,1.0,1.0,1.0,1.0,1.0,5.0,2.0,1.0
10957,1.0,1.0,1.0,3.0,1.0,1.0,1.0,1.0,1.0,3.0,1.0,1.0
10958,1.0,1.0,1.0,3.0,1.0,1.0,1.0,1.0,1.0,4.0,1.0,1.0
10959,1.0,1.0,1.0,3.0,1.0,1.0,1.0,1.0,1.0,3.0,1.0,1.0
10960,1.0,1.0,1.0,3.0,1.0,1.0,1.0,1.0,1.0,3.0,1.0,1.0
10961,1.0,1.0,1.0,3.0,1.0,1.0,1.0,1.0,1.0,3.0,1.0,1.0
10962,1.0,1.0,1.0,3.0,1.0,1.0,1.0,1.0,1.0,5.0,2.0,1.0
10963,1.0,1.0,1.0,3.0,1.0,1.0,1.0,1.0,1.0,5.0,2.0,1.0
10964,1.0,1.0,1.0,3.0,1.0,1.0,1.0,1.0,1.0,5.0,2.0,1.0
10965,1.0,1.0,1.0,3.0,1.0,1.0,1.0,1.0,1.0,3.0,1.0,1.0
10966,1.0,1.0,1.0,3.0,1.0,1.0,1.0,1.0,1.0,3.0,1.0,1.0
10967,1.0,1.0,1.0,3.0,1.0,1.0,1.0,1.0,1.0,3.0,1.0,1.0
10968,1.0,1.0,1.0,3.0,1.0,1.0,1.0,1.0,1.0,3.0,1.0,1.0
10969,1.0,1.0,1.0,3.0,1.0,1.0,1.0,1.0,1.0,3.0,1.0,1.0
10970,1.0,1.0,1.0,3.0,1.0,1.0,1.0,1.0,1.0,4.0,1.0,1.0
10971,1.0,1.0,1.0,3.0,1.0,1.0,1.0,1.0,1.0,4.0,1.0,1.0
10972,1.0,1.0,1.0,3.0,1.0,1.0,1.0,1.0,1.0,4.0,1.0,1.0
10973,1.0,1.0,1.0,3.0,1.0,1.0,1.0,1.0,1.0,5.0,2.0,1.0
10974,1.0,1.0,1.0,3.0,1.0,1.0,1.0,1.0,1.0,5.0,2.0,1.0
10975,1.0,1.0,1.0,3.0,1.0,1.0,1.0,1.0,1.0,5.0,2.0,1.0
10976,1.0,1.0,1.0,3.0,1.0,1.0,1.0,1.0,1.0,3.0,1.0,1.0
10977,1.0,1.0,1.0,3.0,1.0,1.0,1.0,1.0,1.0,3.0,1.0,1.0
10978,1.0,1.0,1.0,3.0,1.0,1.0,1.0,1.0,1.0,5.0,2.0,1.0
10979,1.0,1.0,1.0,3.0,1.0,1.0,1.0,1.0,1.0,3.0,1.0,1.0
10980,1.0,1.0,1.0,3.0,1.0,1.0,1.0,1.0,1.0,5.0,2.0,1.0
10981,1.0,1.0,1.0,3.0,1.0,1.0,1.0,1.0,1.0,3.0,1.0,1.0
10982,1.0,1.0,1.0,3.0,1.0,1.0,1.0,1.0,1.0,3.0,1.0,1.0
10983,1.0,1.0,1.0,3.0,1.0,1.0,1.0,1.0,1.0,3.0,1.0,1.0
10984,1.0,1.0,1.0,3.0,1.0,1.0,1.0,1.0,1.0,3.0,1.0,1.0
10985,1.0,1.0,1.0,3.0,1.0,1.0,1.0,1.0,1.0,3.0,1.0,1.0
10986,1.0,1.0,1.0,3.0,1.0,1.0,1.0,1.0,1.0,5.0,2.0,1.0
10987,1.0,1.0,1.0,3.0,1.0,1.0,1.0,1.0,1.0,3.0,1.0,1.0
10988,1.0,1.0,1.0,3.0,1.0,1.0,1.0,1.0,1.0,3.0,1.0,1.0
10989,1.0,1.0,1.0,3.0,1.0,1.0,1.0,1.0,1.0,3.0,1.0,1.0
10990,1.0,1.0,1.0,3.0,1.0,1.0,1.0,1.0,1.0,4.0,1.0,1.0
10991,1.0,1.0,1.0,3.0,1.0,1.0,1.0,1.0,1.0,3.0,1.0,1.0
10992,1.0,1.0,1.0,3.0,1.0,1.0,1.0,1.0,1.0,5.0,2.0,1.0
10993,1.0,1.0,1.0,3.0,1.0,1.0,1.0,1.0,1.0,5.0,2.0,1.0
10994,1.0,1.0,1.0,3.0,1.0,1.0,1.0,1.0,1.0,3.0,1.0,1.0
10995,1.0,1.0,1.0,3.0,1.0,1.0,1.0,1.0,1.0,3.0,1.0,1.0
10996,1.0,1.0,1.0,3.0,1.0,1.0,1.0,1.0,1.0,5.0,2.0,1.0
10997,1.0,1.0,1.0,3.0,1.0,1.0,1.0,1.0,1.0,3.0,1.0,1.0
10998,1.0,1.0,1.0,3.0,1.0,1.0,1.0,1.0,1.0,3.0,1.0,1.0
10999,1.0,1.0,1.0,3.0,1.0,1.0,1.0,1.0,1.0,4.0,1.0,1.0
11000,1.0,1.0,1.0,3.0,1.0,1.0,1.0,1.0,1.0,3.0,1.0,1.0
11001,1.0,1.0,1.0,3.0,1.0,1.0,1.0,1.0,1.0,5.0,2.0,1.0
11002,1.0,1.0,1.0,3.0,1.0,1.0,1.0,1.0,1.0,4.0,1.0,1.0
11003,1.0,1.0,1.0,3.0,1.0,1.0,1.0,1.0,1.0,3.0,1.0,1.0
11004,1.0,1.0,1.0,3.0,1.0,1.0,1.0,1.0,1.0,4.0,1.0,1.0
11005,1.0,1.0,1.0,3.0,1.0,1.0,1.0,1.0,1.0,5.0,2.0,1.0
11006,1.0,1.0,1.0,3.0,1.0,1.0,1.0,1.0,1.0,3.0,1.0,1.0
11007,1.0,1.0,1.0,3.0,1.0,1.0,1.0,1.0,1.0,4.0,1.0,1.0
11008,1.0,1.0,1.0,3.0,1.0,1.0,1.0,1.0,1.0,3.0,1.0,1.0
11009,1.0,1.0,1.0,3.0,1.0,1.0,1.0,1.0,1.0,5.0,2.0,1.0
11010,1.0,1.0,1.0,3.0,1.0,1.0,1.0,1.0,1.0,5.0,2.0,1.0
11011,1.0,1.0,1.0,3.0,1.0,1.0,1.0,1.0,1.0,5.0,2.0,1.0
11012,1.0,1.0,1.0,3.0,1.0,1.0,1.0,1.0,1.0,3.0,1.0,1.0
11013,1.0,1.0,1.0,3.0,1.0,1.0,1.0,1.0,1.0,3.0,1.0,1.0
11014,1.0,1.0,1.0,3.0,1.0,1.0,1.0,1.0,1.0,3.0,1.0,1.0
11015,1.0,1.0,1.0,3.0,1.0,1.0,1.0,1.0,1.0,5.0,2.0,1.0
11016,1.0,1.0,1.0,3.0,1.0,1.0,1.0,1.0,1.0,3.0,1.0,1.0
11017,1.0,1.0,1.0,3.0,1.0,1.0,1.0,1.0,1.0,4.0,1.0,1.0
11018,1.0,1.0,1.0,3.0,1.0,1.0,1.0,1.0,1.0,4.0,1.0,1.0
11019,1.0,1.0,1.0,3.0,1.0,1.0,1.0,1.0,1.0,3.0,1.0,1.0
11020,1.0,1.0,1.0,3.0,1.0,1.0,1.0,1.0,1.0,3.0,1.0,1.0
11021,1.0,1.0,1.0,3.0,1.0,1.0,1.0,1.0,1.0,3.0,1.0,1.0
11022,1.0,1.0,1.0,3.0,1.0,1.0,1.0,1.0,1.0,4.0,1.0,1.0
11023,1.0,1.0,1.0,3.0,1.0,1.0,1.0,1.0,1.0,4.0,1.0,1.0
11024,1.0,1.0,1.0,3.0,1.0,1.0,1.0,1.0,1.0,3.0,1.0,1.0
11025,1.0,1.0,1.0,3.0,1.0,1.0,1.0,1.0,1.0,5.0,2.0,1.0
11026,1.0,1.0,1.0,3.0,1.0,1.0,1.0,1.0,1.0,3.0,1.0,1.0
11027,1.0,1.0,1.0,3.0,1.0,1.0,1.0,1.0,1.0,5.0,2.0,1.0
11028,1.0,1.0,1.0,3.0,1.0,1.0,1.0,1.0,1.0,3.0,1.0,1.0
11029,1.0,1.0,1.0,3.0,1.0,1.0,1.0,1.0,1.0,3.0,1.0,1.0
11030,1.0,1.0,1.0,3.0,1.0,1.0,1.0,1.0,1.0,4.0,1.0,1.0
11031,1.0,1.0,1.0,3.0,1.0,1.0,1.0,1.0,1.0,5.0,2.0,1.0
11032,1.0,1.0,1.0,3.0,1.0,1.0,1.0,1.0,1.0,5.0,2.0,1.0
11033,1.0,1.0,1.0,3.0,1.0,1.0,1.0,1.0,1.0,3.0,1.0,1.0
11034,1.0,1.0,1.0,3.0,1.0,1.0,1.0,1.0,1.0,5.0,2.0,1.0
11035,1.0,1.0,1.0,3.0,1.0,1.0,1.0,1.0,1.0,5.0,2.0,1.0
11036,1.0,1.0,1.0,3.0,1.0,1.0,1.0,1.0,1.0,4.0,1.0,1.0
11037,1.0,1.0,1.0,3.0,1.0,1.0,1.0,1.0,1.0,3.0,1.0,1.0
11038,1.0,1.0,1.0,3.0,1.0,1.0,1.0,1.0,1.0,3.0,1.0,1.0
11039,1.0,1.0,1.0,3.0,1.0,1.0,1.0,1.0,1.0,5.0,2.0,1.0
11040,1.0,1.0,1.0,3.0,1.0,1.0,1.0,1.0,1.0,3.0,1.0,1.0
11041,1.0,1.0,1.0,3.0,1.0,1.0,1.0,1.0,1.0,5.0,2.0,1.0
11042,1.0,1.0,1.0,3.0,1.0,1.0,1.0,1.0,1.0,3.0,1.0,1.0
11043,1.0,1.0,1.0,3.0,1.0,1.0,1.0,1.0,1.0,3.0,1.0,1.0
11044,1.0,1.0,1.0,3.0,1.0,1.0,1.0,1.0,1.0,4.0,1.0,1.0
11045,1.0,1.0,1.0,3.0,1.0,1.0,1.0,1.0,1.0,3.0,1.0,1.0
11046,1.0,1.0,1.0,3.0,1.0,1.0,1.0,1.0,1.0,5.0,2.0,1.0
11047,1.0,1.0,1.0,3.0,1.0,1.0,1.0,1.0,1.0,3.0,1.0,1.0
11048,1.0,1.0,1.0,3.0,1.0,1.0,1.0,1.0,1.0,3.0,1.0,1.0
11049,1.0,1.0,1.0,3.0,1.0,1.0,1.0,1.0,1.0,3.0,1.0,1.0
11050,1.0,1.0,1.0,3.0,1.0,1.0,1.0,1.0,1.0,4.0,1.0,1.0
11051,1.0,1.0,1.0,3.0,1.0,1.0,1.0,1.0,1.0,3.0,1.0,1.0
11052,1.0,1.0,1.0,3.0,1.0,1.0,1.0,1.0,1.0,5.0,2.0,1.0
11053,1.0,1.0,1.0,3.0,1.0,1.0,1.0,1.0,1.0,3.0,1.0,1.0
11054,1.0,1.0,1.0,3.0,1.0,1.0,1.0,1.0,1.0,3.0,1.0,1.0
11055,1.0,1.0,1.0,3.0,1.0,1.0,1.0,1.0,1.0,5.0,2.0,1.0
11056,1.0,1.0,1.0,3.0,1.0,1.0,1.0,1.0,1.0,5.0,2.0,1.0
11057,1.0,1.0,1.0,3.0,1.0,1.0,1.0,1.0,1.0,5.0,2.0,1.0
11058,1.0,1.0,1.0,3.0,1.0,1.0,1.0,1.0,1.0,4.0,1.0,1.0
11059,1.0,1.0,1.0,3.0,1.0,1.0,1.0,1.0,1.0,5.0,2.0,1.0
11060,1.0,1.0,1.0,3.0,1.0,1.0,1.0,1.0,1.0,5.0,2.0,1.0
11061,1.0,1.0,1.0,3.0,1.0,1.0,1.0,1.0,1.0,4.0,1.0,1.0
11062,1.0,1.0,1.0,3.0,1.0,1.0,1.0,1.0,1.0,3.0,1.0,1.0
11063,1.0,1.0,1.0,3.0,1.0,1.0,1.0,1.0,1.0,4.0,1.0,1.0
11064,1.0,1.0,1.0,3.0,1.0,1.0,1.0,1.0,1.0,3.0,1.0,1.0
11065,1.0,1.0,1.0,3.0,1.0,1.0,1.0,1.0,1.0,4.0,1.0,1.0
11066,1.0,1.0,1.0,3.0,1.0,1.0,1.0,1.0,1.0,5.0,2.0,1.0
11067,1.0,1.0,1.0,3.0,1.0,1.0,1.0,1.0,1.0,5.0,2.0,1.0
11068,1.0,1.0,1.0,3.0,1.0,1.0,1.0,1.0,1.0,5.0,2.0,1.0
11069,1.0,1.0,1.0,3.0,1.0,1.0,1.0,1.0,1.0,3.0,1.0,1.0
11070,1.0,1.0,1.0,3.0,1.0,1.0,1.0,1.0,1.0,5.0,2.0,1.0
11071,1.0,1.0,1.0,3.0,1.0,1.0,1.0,1.0,1.0,3.0,1.0,1.0
11072,1.0,1.0,1.0,3.0,1.0,1.0,1.0,1.0,1.0,3.0,1.0,1.0
11073,1.0,1.0,1.0,3.0,1.0,1.0,1.0,1.0,1.0,5.0,2.0,1.0
11074,1.0,1.0,1.0,3.0,1.0,1.0,1.0,1.0,1.0,3.0,1.0,1.0
11075,1.0,1.0,1.0,3.0,1.0,1.0,1.0,1.0,1.0,5.0,2.0,1.0
11076,1.0,1.0,1.0,3.0,1.0,1.0,1.0,1.0,1.0,5.0,2.0,1.0
11077,1.0,1.0,1.0,3.0,1.0,1.0,1.0,1.0,1.0,3.0,1.0,1.0
11078,1.0,1.0,1.0,3.0,1.0,1.0,1.0,1.0,1.0,5.0,2.0,1.0
11079,1.0,1.0,1.0,3.0,1.0,1.0,1.0,1.0,1.0,5.0,2.0,1.0
11080,1.0,1.0,1.0,3.0,1.0,1.0,1.0,1.0,1.0,3.0,1.0,1.0
11081,1.0,1.0,1.0,3.0,1.0,1.0,1.0,1.0,1.0,3.0,1.0,1.0
11082,1.0,1.0,1.0,3.0,1.0,1.0,1.0,1.0,1.0,3.0,1.0,1.0
11083,1.0,1.0,1.0,3.0,1.0,1.0,1.0,1.0,1.0,4.0,1.0,1.0
11084,1.0,1.0,1.0,3.0,1.0,1.0,1.0,1.0,1.0,3.0,1.0,1.0
11085,1.0,1.0,1.0,3.0,1.0,1.0,1.0,1.0,1.0,5.0,2.0,1.0
11086,1.0,1.0,1.0,3.0,1.0,1.0,1.0,1.0,1.0,3.0,1.0,1.0
11087,1.0,1.0,1.0,3.0,1.0,1.0,1.0,1.0,1.0,5.0,2.0,1.0
11088,1.0,1.0,1.0,3.0,1.0,1.0,1.0,1.0,1.0,3.0,1.0,1.0
11089,1.0,1.0,1.0,3.0,1.0,1.0,1.0,1.0,1.0,4.0,1.0,1.0
11090,1.0,1.0,1.0,3.0,1.0,1.0,1.0,1.0,1.0,5.0,2.0,1.0
11091,1.0,1.0,1.0,3.0,1.0,1.0,1.0,1.0,1.0,5.0,2.0,1.0
11092,1.0,1.0,1.0,3.0,1.0,1.0,1.0,1.0,1.0,3.0,1.0,1.0
11093,1.0,1.0,1.0,3.0,1.0,1.0,1.0,1.0,1.0,3.0,1.0,1.0
11094,1.0,1.0,1.0,3.0,1.0,1.0,1.0,1.0,1.0,3.0,1.0,1.0
11095,1.0,1.0,1.0,3.0,1.0,1.0,1.0,1.0,1.0,5.0,2.0,1.0
11096,1.0,1.0,1.0,3.0,1.0,1.0,1.0,1.0,1.0,5.0,2.0,1.0
11097,1.0,1.0,1.0,3.0,1.0,1.0,1.0,1.0,1.0,3.0,1.0,1.0
11098,1.0,1.0,1.0,3.0,1.0,1.0,1.0,1.0,1.0,4.0,1.0,1.0
11099,1.0,1.0,1.0,3.0,1.0,1.0,1.0,1.0,1.0,4.0,1.0,1.0
11100,1.0,1.0,1.0,3.0,1.0,1.0,1.0,1.0,1.0,3.0,1.0,1.0
11101,1.0,1.0,1.0,3.0,1.0,1.0,1.0,1.0,1.0,5.0,2.0,1.0
11102,1.0,1.0,1.0,3.0,1.0,1.0,1.0,1.0,1.0,3.0,1.0,1.0
11103,1.0,1.0,1.0,3.0,1.0,1.0,1.0,1.0,1.0,3.0,1.0,1.0
11104,1.0,1.0,1.0,3.0,1.0,1.0,1.0,1.0,1.0,4.0,1.0,1.0
11105,1.0,1.0,1.0,3.0,1.0,1.0,1.0,1.0,1.0,3.0,1.0,1.0
11106,1.0,1.0,1.0,3.0,1.0,1.0,1.0,1.0,1.0,3.0,1.0,1.0
11107,1.0,1.0,1.0,3.0,1.0,1.0,1.0,1.0,1.0,3.0,1.0,1.0
11108,1.0,1.0,1.0,3.0,1.0,1.0,1.0,1.0,1.0,3.0,1.0,1.0
11109,1.0,1.0,1.0,3.0,1.0,1.0,1.0,1.0,1.0,4.0,1.0,1.0
11110,1.0,1.0,1.0,3.0,1.0,1.0,1.0,1.0,1.0,5.0,2.0,1.0
11111,1.0,1.0,1.0,3.0,1.0,1.0,1.0,1.0,1.0,4.0,1.0,1.0
11112,1.0,1.0,1.0,3.0,1.0,1.0,1.0,1.0,1.0,5.0,2.0,1.0
11113,1.0,1.0,1.0,3.0,1.0,1.0,1.0,1.0,1.0,3.0,1.0,1.0
11114,1.0,1.0,1.0,3.0,1.0,1.0,1.0,1.0,1.0,4.0,1.0,1.0
11115,1.0,1.0,1.0,3.0,1.0,1.0,1.0,1.0,1.0,4.0,1.0,1.0
11116,1.0,1.0,1.0,3.0,1.0,1.0,1.0,1.0,1.0,4.0,1.0,1.0
11117,1.0,1.0,1.0,3.0,1.0,1.0,1.0,1.0,1.0,3.0,1.0,1.0
11118,1.0,1.0,1.0,3.0,1.0,1.0,1.0,1.0,1.0,5.0,2.0,1.0
11119,1.0,1.0,1.0,3.0,1.0,1.0,1.0,1.0,1.0,4.0,1.0,1.0
11120,1.0,1.0,1.0,3.0,1.0,1.0,1.0,1.0,1.0,3.0,1.0,1.0
11121,1.0,1.0,1.0,3.0,1.0,1.0,1.0,1.0,1.0,3.0,1.0,1.0
11122,1.0,1.0,1.0,3.0,1.0,1.0,1.0,1.0,1.0,4.0,1.0,1.0
11123,1.0,1.0,1.0,3.0,1.0,1.0,1.0,1.0,1.0,4.0,1.0,1.0
11124,1.0,1.0,1.0,3.0,1.0,1.0,1.0,1.0,1.0,4.0,1.0,1.0
11125,1.0,1.0,1.0,3.0,1.0,1.0,1.0,1.0,1.0,5.0,2.0,1.0
11126,1.0,1.0,1.0,3.0,1.0,1.0,1.0,1.0,1.0,3.0,1.0,1.0
11127,1.0,1.0,1.0,3.0,1.0,1.0,1.0,1.0,1.0,3.0,1.0,1.0
11128,1.0,1.0,1.0,3.0,1.0,1.0,1.0,1.0,1.0,3.0,1.0,1.0
11129,1.0,1.0,1.0,3.0,1.0,1.0,1.0,1.0,1.0,5.0,2.0,1.0
11130,1.0,1.0,1.0,3.0,1.0,1.0,1.0,1.0,1.0,4.0,1.0,1.0
11131,1.0,1.0,1.0,3.0,1.0,1.0,1.0,1.0,1.0,3.0,1.0,1.0
11132,1.0,1.0,1.0,3.0,1.0,1.0,1.0,1.0,1.0,3.0,1.0,1.0
11133,1.0,1.0,1.0,3.0,1.0,1.0,1.0,1.0,1.0,5.0,2.0,1.0
11134,1.0,1.0,1.0,3.0,1.0,1.0,1.0,1.0,1.0,3.0,1.0,1.0
11135,1.0,1.0,1.0,3.0,1.0,1.0,1.0,1.0,1.0,3.0,1.0,1.0
11136,1.0,1.0,1.0,3.0,1.0,1.0,1.0,1.0,1.0,4.0,1.0,1.0
11137,1.0,1.0,1.0,3.0,1.0,1.0,1.0,1.0,1.0,3.0,1.0,1.0
11138,1.0,1.0,1.0,3.0,1.0,1.0,1.0,1.0,1.0,5.0,2.0,1.0
11139,1.0,1.0,1.0,3.0,1.0,1.0,1.0,1.0,1.0,4.0,1.0,1.0
11140,1.0,1.0,1.0,3.0,1.0,1.0,1.0,1.0,1.0,3.0,1.0,1.0
11141,1.0,1.0,1.0,3.0,1.0,1.0,1.0,1.0,1.0,3.0,1.0,1.0
11142,1.0,1.0,1.0,3.0,1.0,1.0,1.0,1.0,1.0,3.0,1.0,1.0
11143,1.0,1.0,1.0,3.0,1.0,1.0,1.0,1.0,1.0,3.0,1.0,1.0
11144,1.0,1.0,1.0,3.0,1.0,1.0,1.0,1.0,1.0,3.0,1.0,1.0
11145,1.0,1.0,1.0,3.0,1.0,1.0,1.0,1.0,1.0,3.0,1.0,1.0
11146,1.0,1.0,1.0,3.0,1.0,1.0,1.0,1.0,1.0,3.0,1.0,1.0
11147,1.0,1.0,1.0,3.0,1.0,1.0,1.0,1.0,1.0,4.0,1.0,1.0
11148,1.0,1.0,1.0,3.0,1.0,1.0,1.0,1.0,1.0,3.0,1.0,1.0
11149,1.0,1.0,1.0,3.0,1.0,1.0,1.0,1.0,1.0,3.0,1.0,1.0
11150,1.0,1.0,1.0,3.0,1.0,1.0,1.0,1.0,1.0,5.0,2.0,1.0
11151,1.0,1.0,1.0,3.0,1.0,1.0,1.0,1.0,1.0,4.0,1.0,1.0
11152,1.0,1.0,1.0,3.0,1.0,1.0,1.0,1.0,1.0,3.0,1.0,1.0
11153,1.0,1.0,1.0,3.0,1.0,1.0,1.0,1.0,1.0,3.0,1.0,1.0
11154,1.0,1.0,1.0,3.0,1.0,1.0,1.0,1.0,1.0,3.0,1.0,1.0
11155,1.0,1.0,1.0,3.0,1.0,1.0,1.0,1.0,1.0,4.0,1.0,1.0
11156,1.0,1.0,1.0,3.0,1.0,1.0,1.0,1.0,1.0,5.0,2.0,1.0
11157,1.0,1.0,1.0,3.0,1.0,1.0,1.0,1.0,1.0,3.0,1.0,1.0
11158,1.0,1.0,1.0,3.0,1.0,1.0,1.0,1.0,1.0,5.0,2.0,1.0
11159,1.0,1.0,1.0,3.0,1.0,1.0,1.0,1.0,1.0,5.0,2.0,1.0
11160,1.0,1.0,1.0,3.0,1.0,1.0,1.0,1.0,1.0,5.0,2.0,1.0
11161,1.0,1.0,1.0,3.0,1.0,1.0,1.0,1.0,1.0,3.0,1.0,1.0
11162,1.0,1.0,1.0,3.0,1.0,1.0,1.0,1.0,1.0,5.0,2.0,1.0
11163,1.0,1.0,1.0,3.0,1.0,1.0,1.0,1.0,1.0,4.0,1.0,1.0
11164,1.0,1.0,1.0,3.0,1.0,1.0,1.0,1.0,1.0,4.0,1.0,1.0
11165,1.0,1.0,1.0,3.0,1.0,1.0,1.0,1.0,1.0,3.0,1.0,1.0
11166,1.0,1.0,1.0,3.0,1.0,1.0,1.0,1.0,1.0,3.0,1.0,1.0
11167,1.0,1.0,1.0,3.0,1.0,1.0,1.0,1.0,1.0,3.0,1.0,1.0
11168,1.0,1.0,1.0,3.0,1.0,1.0,1.0,1.0,1.0,3.0,1.0,1.0
11169,1.0,1.0,1.0,3.0,1.0,1.0,1.0,1.0,1.0,5.0,2.0,1.0
11170,1.0,1.0,1.0,3.0,1.0,1.0,1.0,1.0,1.0,4.0,1.0,1.0
11171,1.0,1.0,1.0,3.0,1.0,1.0,1.0,1.0,1.0,3.0,1.0,1.0
11172,1.0,1.0,1.0,3.0,1.0,1.0,1.0,1.0,1.0,5.0,2.0,1.0
11173,1.0,1.0,1.0,3.0,1.0,1.0,1.0,1.0,1.0,3.0,1.0,1.0
11174,1.0,1.0,1.0,3.0,1.0,1.0,1.0,1.0,1.0,4.0,1.0,1.0
11175,1.0,1.0,1.0,3.0,1.0,1.0,1.0,1.0,1.0,5.0,2.0,1.0
11176,1.0,1.0,1.0,3.0,1.0,1.0,1.0,1.0,1.0,5.0,2.0,1.0
11177,1.0,1.0,1.0,3.0,1.0,1.0,1.0,1.0,1.0,3.0,1.0,1.0
11178,1.0,1.0,1.0,3.0,1.0,1.0,1.0,1.0,1.0,3.0,1.0,1.0
11179,1.0,1.0,1.0,3.0,1.0,1.0,1.0,1.0,1.0,3.0,1.0,1.0
11180,1.0,1.0,1.0,3.0,1.0,1.0,1.0,1.0,1.0,3.0,1.0,1.0
11181,1.0,1.0,1.0,3.0,1.0,1.0,1.0,1.0,1.0,3.0,1.0,1.0
11182,1.0,1.0,1.0,3.0,1.0,1.0,1.0,1.0,1.0,3.0,1.0,1.0
11183,1.0,1.0,1.0,3.0,1.0,1.0,1.0,1.0,1.0,5.0,2.0,1.0
11184,1.0,1.0,1.0,3.0,1.0,1.0,1.0,1.0,1.0,3.0,1.0,1.0
11185,1.0,1.0,1.0,3.0,1.0,1.0,1.0,1.0,1.0,3.0,1.0,1.0
11186,1.0,1.0,1.0,3.0,1.0,1.0,1.0,1.0,1.0,5.0,2.0,1.0
11187,1.0,1.0,1.0,3.0,1.0,1.0,1.0,1.0,1.0,4.0,1.0,1.0
11188,1.0,1.0,1.0,3.0,1.0,1.0,1.0,1.0,1.0,4.0,1.0,1.0
11189,1.0,1.0,1.0,3.0,1.0,1.0,1.0,1.0,1.0,3.0,1.0,1.0
11190,1.0,1.0,1.0,3.0,1.0,1.0,1.0,1.0,1.0,3.0,1.0,1.0
11191,1.0,1.0,1.0,3.0,1.0,1.0,1.0,1.0,1.0,5.0,2.0,1.0
11192,1.0,1.0,1.0,3.0,1.0,1.0,1.0,1.0,1.0,3.0,1.0,1.0
11193,1.0,1.0,1.0,3.0,1.0,1.0,1.0,1.0,1.0,3.0,1.0,1.0
11194,1.0,1.0,1.0,3.0,1.0,1.0,1.0,1.0,1.0,5.0,2.0,1.0
11195,1.0,1.0,1.0,3.0,1.0,1.0,1.0,1.0,1.0,4.0,1.0,1.0
11196,1.0,1.0,1.0,3.0,1.0,1.0,1.0,1.0,1.0,4.0,1.0,1.0
11197,1.0,1.0,1.0,3.0,1.0,1.0,1.0,1.0,1.0,4.0,1.0,1.0
11198,1.0,1.0,1.0,3.0,1.0,1.0,1.0,1.0,1.0,5.0,2.0,1.0
11199,1.0,1.0,1.0,3.0,1.0,1.0,1.0,1.0,1.0,3.0,1.0,1.0
11200,1.0,1.0,1.0,3.0,1.0,1.0,1.0,1.0,1.0,3.0,1.0,1.0
11201,1.0,1.0,1.0,3.0,1.0,1.0,1.0,1.0,1.0,4.0,1.0,1.0
11202,1.0,1.0,1.0,3.0,1.0,1.0,1.0,1.0,1.0,3.0,1.0,1.0
11203,1.0,1.0,1.0,3.0,1.0,1.0,1.0,1.0,1.0,4.0,1.0,1.0
11204,1.0,1.0,1.0,3.0,1.0,1.0,1.0,1.0,1.0,4.0,1.0,1.0
11205,1.0,1.0,1.0,3.0,1.0,1.0,1.0,1.0,1.0,5.0,2.0,1.0
11206,1.0,1.0,1.0,3.0,1.0,1.0,1.0,1.0,1.0,3.0,1.0,1.0
11207,1.0,1.0,1.0,3.0,1.0,1.0,1.0,1.0,1.0,3.0,1.0,1.0
11208,1.0,1.0,1.0,3.0,1.0,1.0,1.0,1.0,1.0,3.0,1.0,1.0
11209,1.0,1.0,1.0,3.0,1.0,1.0,1.0,1.0,1.0,3.0,1.0,1.0
11210,1.0,1.0,1.0,3.0,1.0,1.0,1.0,1.0,1.0,5.0,2.0,1.0
11211,1.0,1.0,1.0,3.0,1.0,1.0,1.0,1.0,1.0,4.0,1.0,1.0
11212,1.0,1.0,1.0,3.0,1.0,1.0,1.0,1.0,1.0,3.0,1.0,1.0
11213,1.0,1.0,1.0,3.0,1.0,1.0,1.0,1.0,1.0,5.0,2.0,1.0
11214,1.0,1.0,1.0,3.0,1.0,1.0,1.0,1.0,1.0,5.0,2.0,1.0
11215,1.0,1.0,1.0,3.0,1.0,1.0,1.0,1.0,1.0,5.0,2.0,1.0
11216,1.0,1.0,1.0,3.0,1.0,1.0,1.0,1.0,1.0,5.0,2.0,1.0
11217,1.0,1.0,1.0,3.0,1.0,1.0,1.0,1.0,1.0,5.0,2.0,1.0
11218,1.0,1.0,1.0,3.0,1.0,1.0,1.0,1.0,1.0,3.0,1.0,1.0
11219,1.0,1.0,1.0,3.0,1.0,1.0,1.0,1.0,1.0,4.0,1.0,1.0
11220,1.0,1.0,1.0,3.0,1.0,1.0,1.0,1.0,1.0,4.0,1.0,1.0
11221,1.0,1.0,1.0,3.0,1.0,1.0,1.0,1.0,1.0,4.0,1.0,1.0
11222,1.0,1.0,1.0,3.0,1.0,1.0,1.0,1.0,1.0,5.0,2.0,1.0
11223,1.0,1.0,1.0,3.0,1.0,1.0,1.0,1.0,1.0,3.0,1.0,1.0
11224,1.0,1.0,1.0,3.0,1.0,1.0,1.0,1.0,1.0,5.0,2.0,1.0
11225,1.0,1.0,1.0,3.0,1.0,1.0,1.0,1.0,1.0,3.0,1.0,1.0
11226,1.0,1.0,1.0,3.0,1.0,1.0,1.0,1.0,1.0,3.0,1.0,1.0
11227,1.0,1.0,1.0,3.0,1.0,1.0,1.0,1.0,1.0,3.0,1.0,1.0
11228,1.0,1.0,1.0,3.0,1.0,1.0,1.0,1.0,1.0,3.0,1.0,1.0
11229,1.0,1.0,1.0,3.0,1.0,1.0,1.0,1.0,1.0,3.0,1.0,1.0
11230,1.0,1.0,1.0,3.0,1.0,1.0,1.0,1.0,1.0,3.0,1.0,1.0
11231,1.0,1.0,1.0,3.0,1.0,1.0,1.0,1.0,1.0,4.0,1.0,1.0
11232,1.0,1.0,1.0,3.0,1.0,1.0,1.0,1.0,1.0,5.0,2.0,1.0
11233,1.0,1.0,1.0,3.0,1.0,1.0,1.0,1.0,1.0,5.0,2.0,1.0
11234,1.0,1.0,1.0,3.0,1.0,1.0,1.0,1.0,1.0,5.0,2.0,1.0
11235,1.0,1.0,1.0,3.0,1.0,1.0,1.0,1.0,1.0,3.0,1.0,1.0
11236,1.0,1.0,1.0,3.0,1.0,1.0,1.0,1.0,1.0,5.0,2.0,1.0
11237,1.0,1.0,1.0,3.0,1.0,1.0,1.0,1.0,1.0,4.0,1.0,1.0
11238,1.0,1.0,1.0,3.0,1.0,1.0,1.0,1.0,1.0,3.0,1.0,1.0
11239,1.0,1.0,1.0,3.0,1.0,1.0,1.0,1.0,1.0,5.0,2.0,1.0
11240,1.0,1.0,1.0,3.0,1.0,1.0,1.0,1.0,1.0,5.0,2.0,1.0
11241,1.0,1.0,1.0,3.0,1.0,1.0,1.0,1.0,1.0,3.0,1.0,1.0
11242,1.0,1.0,1.0,3.0,1.0,1.0,1.0,1.0,1.0,3.0,1.0,1.0
11243,1.0,1.0,1.0,3.0,1.0,1.0,1.0,1.0,1.0,5.0,2.0,1.0
11244,1.0,1.0,1.0,3.0,1.0,1.0,1.0,1.0,1.0,3.0,1.0,1.0
11245,1.0,1.0,1.0,3.0,1.0,1.0,1.0,1.0,1.0,5.0,2.0,1.0
11246,1.0,1.0,1.0,3.0,1.0,1.0,1.0,1.0,1.0,4.0,1.0,1.0
11247,1.0,1.0,1.0,3.0,1.0,1.0,1.0,1.0,1.0,3.0,1.0,1.0
11248,1.0,1.0,1.0,3.0,1.0,1.0,1.0,1.0,1.0,3.0,1.0,1.0
11249,1.0,1.0,1.0,3.0,1.0,1.0,1.0,1.0,1.0,5.0,2.0,1.0
11250,1.0,1.0,1.0,3.0,1.0,1.0,1.0,1.0,1.0,5.0,2.0,1.0
11251,1.0,1.0,1.0,3.0,1.0,1.0,1.0,1.0,1.0,3.0,1.0,1.0
11252,1.0,1.0,1.0,3.0,1.0,1.0,1.0,1.0,1.0,4.0,1.0,1.0
11253,1.0,1.0,1.0,3.0,1.0,1.0,1.0,1.0,1.0,3.0,1.0,1.0
11254,1.0,1.0,1.0,3.0,1.0,1.0,1.0,1.0,1.0,3.0,1.0,1.0
11255,1.0,1.0,1.0,3.0,1.0,1.0,1.0,1.0,1.0,4.0,1.0,1.0
11256,1.0,1.0,1.0,3.0,1.0,1.0,1.0,1.0,1.0,3.0,1.0,1.0
11257,1.0,1.0,1.0,3.0,1.0,1.0,1.0,1.0,1.0,3.0,1.0,1.0
11258,1.0,1.0,1.0,3.0,1.0,1.0,1.0,1.0,1.0,3.0,1.0,1.0
11259,1.0,1.0,1.0,3.0,1.0,1.0,1.0,1.0,1.0,5.0,2.0,1.0
11260,1.0,1.0,1.0,3.0,1.0,1.0,1.0,1.0,1.0,5.0,2.0,1.0
11261,1.0,1.0,1.0,3.0,1.0,1.0,1.0,1.0,1.0,5.0,2.0,1.0
11262,1.0,1.0,1.0,3.0,1.0,1.0,1.0,1.0,1.0,3.0,1.0,1.0
11263,1.0,1.0,1.0,3.0,1.0,1.0,1.0,1.0,1.0,3.0,1.0,1.0
11264,1.0,1.0,1.0,3.0,1.0,1.0,1.0,1.0,1.0,5.0,2.0,1.0
11265,1.0,1.0,1.0,3.0,1.0,1.0,1.0,1.0,1.0,3.0,1.0,1.0
11266,1.0,1.0,1.0,3.0,1.0,1.0,1.0,1.0,1.0,3.0,1.0,1.0
11267,1.0,1.0,1.0,3.0,1.0,1.0,1.0,1.0,1.0,3.0,1.0,1.0
11268,1.0,1.0,1.0,3.0,1.0,1.0,1.0,1.0,1.0,3.0,1.0,1.0
11269,1.0,1.0,1.0,3.0,1.0,1.0,1.0,1.0,1.0,3.0,1.0,1.0
11270,1.0,1.0,1.0,3.0,1.0,1.0,1.0,1.0,1.0,5.0,2.0,1.0
11271,1.0,1.0,1.0,3.0,1.0,1.0,1.0,1.0,1.0,3.0,1.0,1.0
11272,1.0,1.0,1.0,3.0,1.0,1.0,1.0,1.0,1.0,3.0,1.0,1.0
11273,1.0,1.0,1.0,3.0,1.0,1.0,1.0,1.0,1.0,3.0,1.0,1.0
11274,1.0,1.0,1.0,3.0,1.0,1.0,1.0,1.0,1.0,3.0,1.0,1.0
11275,1.0,1.0,1.0,3.0,1.0,1.0,1.0,1.0,1.0,3.0,1.0,1.0
11276,1.0,1.0,1.0,3.0,1.0,1.0,1.0,1.0,1.0,5.0,2.0,1.0
11277,1.0,1.0,1.0,3.0,1.0,1.0,1.0,1.0,1.0,3.0,1.0,1.0
11278,1.0,1.0,1.0,3.0,1.0,1.0,1.0,1.0,1.0,5.0,2.0,1.0
11279,1.0,1.0,1.0,3.0,1.0,1.0,1.0,1.0,1.0,3.0,1.0,1.0
11280,1.0,1.0,1.0,3.0,1.0,1.0,1.0,1.0,1.0,4.0,1.0,1.0
11281,1.0,1.0,1.0,3.0,1.0,1.0,1.0,1.0,1.0,5.0,2.0,1.0
11282,1.0,1.0,1.0,3.0,1.0,1.0,1.0,1.0,1.0,3.0,1.0,1.0
11283,1.0,1.0,1.0,3.0,1.0,1.0,1.0,1.0,1.0,3.0,1.0,1.0
11284,1.0,1.0,1.0,3.0,1.0,1.0,1.0,1.0,1.0,5.0,2.0,1.0
11285,1.0,1.0,1.0,3.0,1.0,1.0,1.0,1.0,1.0,5.0,2.0,1.0
11286,1.0,1.0,1.0,3.0,1.0,1.0,1.0,1.0,1.0,3.0,1.0,1.0
11287,1.0,1.0,1.0,3.0,1.0,1.0,1.0,1.0,1.0,3.0,1.0,1.0
11288,1.0,1.0,1.0,3.0,1.0,1.0,1.0,1.0,1.0,5.0,2.0,1.0
11289,1.0,1.0,1.0,3.0,1.0,1.0,1.0,1.0,1.0,3.0,1.0,1.0
11290,1.0,1.0,1.0,3.0,1.0,1.0,1.0,1.0,1.0,5.0,2.0,1.0
11291,1.0,1.0,1.0,3.0,1.0,1.0,1.0,1.0,1.0,5.0,2.0,1.0
11292,1.0,1.0,1.0,3.0,1.0,1.0,1.0,1.0,1.0,5.0,2.0,1.0
11293,1.0,1.0,1.0,3.0,1.0,1.0,1.0,1.0,1.0,3.0,1.0,1.0
11294,1.0,1.0,1.0,3.0,1.0,1.0,1.0,1.0,1.0,3.0,1.0,1.0
11295,1.0,1.0,1.0,3.0,1.0,1.0,1.0,1.0,1.0,5.0,2.0,1.0
11296,1.0,1.0,1.0,3.0,1.0,1.0,1.0,1.0,1.0,3.0,1.0,1.0
11297,1.0,1.0,1.0,3.0,1.0,1.0,1.0,1.0,1.0,3.0,1.0,1.0
11298,1.0,1.0,1.0,3.0,1.0,1.0,1.0,1.0,1.0,3.0,1.0,1.0
11299,1.0,1.0,1.0,3.0,1.0,1.0,1.0,1.0,1.0,5.0,2.0,1.0
11300,1.0,1.0,1.0,3.0,1.0,1.0,1.0,1.0,1.0,4.0,1.0,1.0
11301,1.0,1.0,1.0,3.0,1.0,1.0,1.0,1.0,1.0,3.0,1.0,1.0
11302,1.0,1.0,1.0,3.0,1.0,1.0,1.0,1.0,1.0,3.0,1.0,1.0
11303,1.0,1.0,1.0,3.0,1.0,1.0,1.0,1.0,1.0,4.0,1.0,1.0
11304,1.0,1.0,1.0,3.0,1.0,1.0,1.0,1.0,1.0,4.0,1.0,1.0
11305,1.0,1.0,1.0,3.0,1.0,1.0,1.0,1.0,1.0,3.0,1.0,1.0
11306,1.0,1.0,1.0,3.0,1.0,1.0,1.0,1.0,1.0,4.0,1.0,1.0
11307,1.0,1.0,1.0,3.0,1.0,1.0,1.0,1.0,1.0,4.0,1.0,1.0
11308,1.0,1.0,1.0,3.0,1.0,1.0,1.0,1.0,1.0,5.0,2.0,1.0
11309,1.0,1.0,1.0,3.0,1.0,1.0,1.0,1.0,1.0,3.0,1.0,1.0
11310,1.0,1.0,1.0,3.0,1.0,1.0,1.0,1.0,1.0,3.0,1.0,1.0
11311,1.0,1.0,1.0,3.0,1.0,1.0,1.0,1.0,1.0,3.0,1.0,1.0
11312,1.0,1.0,1.0,3.0,1.0,1.0,1.0,1.0,1.0,4.0,1.0,1.0
11313,1.0,1.0,1.0,3.0,1.0,1.0,1.0,1.0,1.0,5.0,2.0,1.0
11314,1.0,1.0,1.0,3.0,1.0,1.0,1.0,1.0,1.0,3.0,1.0,1.0
11315,1.0,1.0,1.0,3.0,1.0,1.0,1.0,1.0,1.0,5.0,2.0,1.0
11316,1.0,1.0,1.0,3.0,1.0,1.0,1.0,1.0,1.0,3.0,1.0,1.0
11317,1.0,1.0,1.0,3.0,1.0,1.0,1.0,1.0,1.0,3.0,1.0,1.0
11318,1.0,1.0,1.0,3.0,1.0,1.0,1.0,1.0,1.0,3.0,1.0,1.0
11319,1.0,1.0,1.0,3.0,1.0,1.0,1.0,1.0,1.0,3.0,1.0,1.0
11320,1.0,1.0,1.0,3.0,1.0,1.0,1.0,1.0,1.0,3.0,1.0,1.0
11321,1.0,1.0,1.0,3.0,1.0,1.0,1.0,1.0,1.0,3.0,1.0,1.0
11322,1.0,1.0,1.0,3.0,1.0,1.0,1.0,1.0,1.0,3.0,1.0,1.0
11323,1.0,1.0,1.0,3.0,1.0,1.0,1.0,1.0,1.0,5.0,2.0,1.0
11324,1.0,1.0,1.0,3.0,1.0,1.0,1.0,1.0,1.0,4.0,1.0,1.0
11325,1.0,1.0,1.0,3.0,1.0,1.0,1.0,1.0,1.0,4.0,1.0,1.0
11326,1.0,1.0,1.0,3.0,1.0,1.0,1.0,1.0,1.0,4.0,1.0,1.0
11327,1.0,1.0,1.0,3.0,1.0,1.0,1.0,1.0,1.0,3.0,1.0,1.0
11328,1.0,1.0,1.0,3.0,1.0,1.0,1.0,1.0,1.0,3.0,1.0,1.0
11329,1.0,1.0,1.0,3.0,1.0,1.0,1.0,1.0,1.0,5.0,2.0,1.0
11330,1.0,1.0,1.0,3.0,1.0,1.0,1.0,1.0,1.0,3.0,1.0,1.0
11331,1.0,1.0,1.0,3.0,1.0,1.0,1.0,1.0,1.0,3.0,1.0,1.0
11332,1.0,1.0,1.0,3.0,1.0,1.0,1.0,1.0,1.0,5.0,2.0,1.0
11333,1.0,1.0,1.0,3.0,1.0,1.0,1.0,1.0,1.0,5.0,2.0,1.0
11334,1.0,1.0,1.0,3.0,1.0,1.0,1.0,1.0,1.0,3.0,1.0,1.0
11335,1.0,1.0,1.0,3.0,1.0,1.0,1.0,1.0,1.0,3.0,1.0,1.0
11336,1.0,1.0,1.0,3.0,1.0,1.0,1.0,1.0,1.0,3.0,1.0,1.0
11337,1.0,1.0,1.0,3.0,1.0,1.0,1.0,1.0,1.0,5.0,2.0,1.0
11338,1.0,1.0,1.0,3.0,1.0,1.0,1.0,1.0,1.0,3.0,1.0,1.0
11339,1.0,1.0,1.0,3.0,1.0,1.0,1.0,1.0,1.0,3.0,1.0,1.0
11340,1.0,1.0,1.0,3.0,1.0,1.0,1.0,1.0,1.0,4.0,1.0,1.0
11341,1.0,1.0,1.0,3.0,1.0,1.0,1.0,1.0,1.0,5.0,2.0,1.0
11342,1.0,1.0,1.0,3.0,1.0,1.0,1.0,1.0,1.0,5.0,2.0,1.0
11343,1.0,1.0,1.0,3.0,1.0,1.0,1.0,1.0,1.0,5.0,2.0,1.0
11344,1.0,1.0,1.0,3.0,1.0,1.0,1.0,1.0,1.0,3.0,1.0,1.0
11345,1.0,1.0,1.0,3.0,1.0,1.0,1.0,1.0,1.0,4.0,1.0,1.0
11346,1.0,1.0,1.0,3.0,1.0,1.0,1.0,1.0,1.0,4.0,1.0,1.0
11347,1.0,1.0,1.0,3.0,1.0,1.0,1.0,1.0,1.0,4.0,1.0,1.0
11348,1.0,1.0,1.0,3.0,1.0,1.0,1.0,1.0,1.0,4.0,1.0,1.0
11349,1.0,1.0,1.0,3.0,1.0,1.0,1.0,1.0,1.0,4.0,1.0,1.0
11350,1.0,1.0,1.0,3.0,1.0,1.0,1.0,1.0,1.0,5.0,2.0,1.0
11351,1.0,1.0,1.0,3.0,1.0,1.0,1.0,1.0,1.0,4.0,1.0,1.0
11352,1.0,1.0,1.0,3.0,1.0,1.0,1.0,1.0,1.0,3.0,1.0,1.0
11353,1.0,1.0,1.0,3.0,1.0,1.0,1.0,1.0,1.0,5.0,2.0,1.0
11354,1.0,1.0,1.0,3.0,1.0,1.0,1.0,1.0,1.0,4.0,1.0,1.0
11355,1.0,1.0,1.0,3.0,1.0,1.0,1.0,1.0,1.0,4.0,1.0,1.0
11356,1.0,1.0,1.0,3.0,1.0,1.0,1.0,1.0,1.0,5.0,2.0,1.0
11357,1.0,1.0,1.0,3.0,1.0,1.0,1.0,1.0,1.0,3.0,1.0,1.0
11358,1.0,1.0,1.0,3.0,1.0,1.0,1.0,1.0,1.0,3.0,1.0,1.0
11359,1.0,1.0,1.0,3.0,1.0,1.0,1.0,1.0,1.0,4.0,1.0,1.0
11360,1.0,1.0,1.0,3.0,1.0,1.0,1.0,1.0,1.0,5.0,2.0,1.0
11361,1.0,1.0,1.0,3.0,1.0,1.0,1.0,1.0,1.0,3.0,1.0,1.0
11362,1.0,1.0,1.0,3.0,1.0,1.0,1.0,1.0,1.0,3.0,1.0,1.0
11363,1.0,1.0,1.0,3.0,1.0,1.0,1.0,1.0,1.0,4.0,1.0,1.0
11364,1.0,1.0,1.0,3.0,1.0,1.0,1.0,1.0,1.0,4.0,1.0,1.0
11365,1.0,1.0,1.0,3.0,1.0,1.0,1.0,1.0,1.0,3.0,1.0,1.0
11366,1.0,1.0,1.0,3.0,1.0,1.0,1.0,1.0,1.0,3.0,1.0,1.0
11367,1.0,1.0,1.0,3.0,1.0,1.0,1.0,1.0,1.0,5.0,2.0,1.0
11368,1.0,1.0,1.0,3.0,1.0,1.0,1.0,1.0,1.0,4.0,1.0,1.0
11369,1.0,1.0,1.0,3.0,1.0,1.0,1.0,1.0,1.0,3.0,1.0,1.0
11370,1.0,1.0,1.0,3.0,1.0,1.0,1.0,1.0,1.0,5.0,2.0,1.0
11371,1.0,1.0,1.0,3.0,1.0,1.0,1.0,1.0,1.0,3.0,1.0,1.0
11372,1.0,1.0,1.0,3.0,1.0,1.0,1.0,1.0,1.0,5.0,2.0,1.0
11373,1.0,1.0,1.0,3.0,1.0,1.0,1.0,1.0,1.0,3.0,1.0,1.0
11374,1.0,1.0,1.0,3.0,1.0,1.0,1.0,1.0,1.0,5.0,2.0,1.0
11375,1.0,1.0,1.0,3.0,1.0,1.0,1.0,1.0,1.0,5.0,2.0,1.0
11376,1.0,1.0,1.0,3.0,1.0,1.0,1.0,1.0,1.0,3.0,1.0,1.0
11377,1.0,1.0,1.0,3.0,1.0,1.0,1.0,1.0,1.0,3.0,1.0,1.0
11378,1.0,1.0,1.0,3.0,1.0,1.0,1.0,1.0,1.0,5.0,2.0,1.0
11379,1.0,1.0,1.0,3.0,1.0,1.0,1.0,1.0,1.0,5.0,2.0,1.0
11380,1.0,1.0,1.0,3.0,1.0,1.0,1.0,1.0,1.0,3.0,1.0,1.0
11381,1.0,1.0,1.0,3.0,1.0,1.0,1.0,1.0,1.0,5.0,2.0,1.0
11382,1.0,1.0,1.0,3.0,1.0,1.0,1.0,1.0,1.0,3.0,1.0,1.0
11383,1.0,1.0,1.0,3.0,1.0,1.0,1.0,1.0,1.0,4.0,1.0,1.0
11384,1.0,1.0,1.0,3.0,1.0,1.0,1.0,1.0,1.0,3.0,1.0,1.0
11385,1.0,1.0,1.0,3.0,1.0,1.0,1.0,1.0,1.0,3.0,1.0,1.0
11386,1.0,1.0,1.0,3.0,1.0,1.0,1.0,1.0,1.0,3.0,1.0,1.0
11387,1.0,1.0,1.0,3.0,1.0,1.0,1.0,1.0,1.0,5.0,2.0,1.0
11388,1.0,1.0,1.0,3.0,1.0,1.0,1.0,1.0,1.0,5.0,2.0,1.0
11389,1.0,1.0,1.0,3.0,1.0,1.0,1.0,1.0,1.0,4.0,1.0,1.0
11390,1.0,1.0,1.0,3.0,1.0,1.0,1.0,1.0,1.0,5.0,2.0,1.0
11391,1.0,1.0,1.0,3.0,1.0,1.0,1.0,1.0,1.0,5.0,2.0,1.0
11392,1.0,1.0,1.0,3.0,1.0,1.0,1.0,1.0,1.0,3.0,1.0,1.0
11393,1.0,1.0,1.0,3.0,1.0,1.0,1.0,1.0,1.0,5.0,2.0,1.0
11394,1.0,1.0,1.0,3.0,1.0,1.0,1.0,1.0,1.0,3.0,1.0,1.0
11395,1.0,1.0,1.0,3.0,1.0,1.0,1.0,1.0,1.0,3.0,1.0,1.0
11396,1.0,1.0,1.0,3.0,1.0,1.0,1.0,1.0,1.0,4.0,1.0,1.0
11397,1.0,1.0,1.0,3.0,1.0,1.0,1.0,1.0,1.0,3.0,1.0,1.0
11398,1.0,1.0,1.0,3.0,1.0,1.0,1.0,1.0,1.0,3.0,1.0,1.0
11399,1.0,1.0,1.0,3.0,1.0,1.0,1.0,1.0,1.0,3.0,1.0,1.0
11400,1.0,1.0,1.0,3.0,1.0,1.0,1.0,1.0,1.0,5.0,2.0,1.0
11401,1.0,1.0,1.0,3.0,1.0,1.0,1.0,1.0,1.0,3.0,1.0,1.0
11402,1.0,1.0,1.0,3.0,1.0,1.0,1.0,1.0,1.0,4.0,1.0,1.0
11403,1.0,1.0,1.0,3.0,1.0,1.0,1.0,1.0,1.0,3.0,1.0,1.0
11404,1.0,1.0,1.0,3.0,1.0,1.0,1.0,1.0,1.0,3.0,1.0,1.0
11405,1.0,1.0,1.0,3.0,1.0,1.0,1.0,1.0,1.0,5.0,2.0,1.0
11406,1.0,1.0,1.0,3.0,1.0,1.0,1.0,1.0,1.0,4.0,1.0,1.0
11407,1.0,1.0,1.0,3.0,1.0,1.0,1.0,1.0,1.0,4.0,1.0,1.0
11408,1.0,1.0,1.0,3.0,1.0,1.0,1.0,1.0,1.0,3.0,1.0,1.0
11409,1.0,1.0,1.0,3.0,1.0,1.0,1.0,1.0,1.0,5.0,2.0,1.0
11410,1.0,1.0,1.0,3.0,1.0,1.0,1.0,1.0,1.0,5.0,2.0,1.0
11411,1.0,1.0,1.0,3.0,1.0,1.0,1.0,1.0,1.0,3.0,1.0,1.0
11412,1.0,1.0,1.0,3.0,1.0,1.0,1.0,1.0,1.0,3.0,1.0,1.0
11413,1.0,1.0,1.0,3.0,1.0,1.0,1.0,1.0,1.0,3.0,1.0,1.0
11414,1.0,1.0,1.0,3.0,1.0,1.0,1.0,1.0,1.0,4.0,1.0,1.0
11415,1.0,1.0,1.0,3.0,1.0,1.0,1.0,1.0,1.0,3.0,1.0,1.0
11416,1.0,1.0,1.0,3.0,1.0,1.0,1.0,1.0,1.0,4.0,1.0,1.0
11417,1.0,1.0,1.0,3.0,1.0,1.0,1.0,1.0,1.0,4.0,1.0,1.0
11418,1.0,1.0,1.0,3.0,1.0,1.0,1.0,1.0,1.0,5.0,2.0,1.0
11419,1.0,1.0,1.0,3.0,1.0,1.0,1.0,1.0,1.0,4.0,1.0,1.0
11420,1.0,1.0,1.0,3.0,1.0,1.0,1.0,1.0,1.0,3.0,1.0,1.0
11421,1.0,1.0,1.0,3.0,1.0,1.0,1.0,1.0,1.0,3.0,1.0,1.0
11422,1.0,1.0,1.0,3.0,1.0,1.0,1.0,1.0,1.0,4.0,1.0,1.0
11423,1.0,1.0,1.0,3.0,1.0,1.0,1.0,1.0,1.0,3.0,1.0,1.0
11424,1.0,1.0,1.0,3.0,1.0,1.0,1.0,1.0,1.0,4.0,1.0,1.0
11425,1.0,1.0,1.0,3.0,1.0,1.0,1.0,1.0,1.0,5.0,2.0,1.0
11426,1.0,1.0,1.0,3.0,1.0,1.0,1.0,1.0,1.0,5.0,2.0,1.0
11427,1.0,1.0,1.0,3.0,1.0,1.0,1.0,1.0,1.0,3.0,1.0,1.0
11428,1.0,1.0,1.0,3.0,1.0,1.0,1.0,1.0,1.0,5.0,2.0,1.0
11429,1.0,1.0,1.0,3.0,1.0,1.0,1.0,1.0,1.0,3.0,1.0,1.0
11430,1.0,1.0,1.0,3.0,1.0,1.0,1.0,1.0,1.0,3.0,1.0,1.0
11431,1.0,1.0,1.0,3.0,1.0,1.0,1.0,1.0,1.0,3.0,1.0,1.0
11432,1.0,1.0,1.0,3.0,1.0,1.0,1.0,1.0,1.0,3.0,1.0,1.0
11433,1.0,1.0,1.0,3.0,1.0,1.0,1.0,1.0,1.0,4.0,1.0,1.0
11434,1.0,1.0,1.0,3.0,1.0,1.0,1.0,1.0,1.0,3.0,1.0,1.0
11435,1.0,1.0,1.0,3.0,1.0,1.0,1.0,1.0,1.0,4.0,1.0,1.0
11436,1.0,1.0,1.0,3.0,1.0,1.0,1.0,1.0,1.0,3.0,1.0,1.0
11437,1.0,1.0,1.0,3.0,1.0,1.0,1.0,1.0,1.0,3.0,1.0,1.0
11438,1.0,1.0,1.0,3.0,1.0,1.0,1.0,1.0,1.0,3.0,1.0,1.0
11439,1.0,1.0,1.0,3.0,1.0,1.0,1.0,1.0,1.0,3.0,1.0,1.0
11440,1.0,1.0,1.0,3.0,1.0,1.0,1.0,1.0,1.0,4.0,1.0,1.0
11441,1.0,1.0,1.0,3.0,1.0,1.0,1.0,1.0,1.0,5.0,2.0,1.0
11442,1.0,1.0,1.0,3.0,1.0,1.0,1.0,1.0,1.0,5.0,2.0,1.0
11443,1.0,1.0,1.0,3.0,1.0,1.0,1.0,1.0,1.0,5.0,2.0,1.0
11444,1.0,1.0,1.0,3.0,1.0,1.0,1.0,1.0,1.0,5.0,2.0,1.0
11445,1.0,1.0,1.0,3.0,1.0,1.0,1.0,1.0,1.0,3.0,1.0,1.0
11446,1.0,1.0,1.0,3.0,1.0,1.0,1.0,1.0,1.0,5.0,2.0,1.0
11447,1.0,1.0,1.0,3.0,1.0,1.0,1.0,1.0,1.0,3.0,1.0,1.0
11448,1.0,1.0,1.0,3.0,1.0,1.0,1.0,1.0,1.0,5.0,2.0,1.0
11449,1.0,1.0,1.0,3.0,1.0,1.0,1.0,1.0,1.0,3.0,1.0,1.0
11450,1.0,1.0,1.0,3.0,1.0,1.0,1.0,1.0,1.0,5.0,2.0,1.0
11451,1.0,1.0,1.0,3.0,1.0,1.0,1.0,1.0,1.0,3.0,1.0,1.0
11452,1.0,1.0,1.0,3.0,1.0,1.0,1.0,1.0,1.0,3.0,1.0,1.0
11453,1.0,1.0,1.0,3.0,1.0,1.0,1.0,1.0,1.0,3.0,1.0,1.0
11454,1.0,1.0,1.0,3.0,1.0,1.0,1.0,1.0,1.0,3.0,1.0,1.0
11455,1.0,1.0,1.0,3.0,1.0,1.0,1.0,1.0,1.0,3.0,1.0,1.0
11456,1.0,1.0,1.0,3.0,1.0,1.0,1.0,1.0,1.0,3.0,1.0,1.0
11457,1.0,1.0,1.0,3.0,1.0,1.0,1.0,1.0,1.0,3.0,1.0,1.0
11458,1.0,1.0,1.0,3.0,1.0,1.0,1.0,1.0,1.0,3.0,1.0,1.0
11459,1.0,1.0,1.0,3.0,1.0,1.0,1.0,1.0,1.0,3.0,1.0,1.0
11460,1.0,1.0,1.0,3.0,1.0,1.0,1.0,1.0,1.0,4.0,1.0,1.0
11461,1.0,1.0,1.0,3.0,1.0,1.0,1.0,1.0,1.0,4.0,1.0,1.0
11462,1.0,1.0,1.0,3.0,1.0,1.0,1.0,1.0,1.0,3.0,1.0,1.0
11463,1.0,1.0,1.0,3.0,1.0,1.0,1.0,1.0,1.0,5.0,2.0,1.0
11464,1.0,1.0,1.0,3.0,1.0,1.0,1.0,1.0,1.0,5.0,2.0,1.0
11465,1.0,1.0,1.0,3.0,1.0,1.0,1.0,1.0,1.0,3.0,1.0,1.0
11466,1.0,1.0,1.0,3.0,1.0,1.0,1.0,1.0,1.0,5.0,2.0,1.0
11467,1.0,1.0,1.0,3.0,1.0,1.0,1.0,1.0,1.0,4.0,1.0,1.0
11468,1.0,1.0,1.0,3.0,1.0,1.0,1.0,1.0,1.0,3.0,1.0,1.0
11469,1.0,1.0,1.0,3.0,1.0,1.0,1.0,1.0,1.0,5.0,2.0,1.0
11470,1.0,1.0,1.0,3.0,1.0,1.0,1.0,1.0,1.0,3.0,1.0,1.0
11471,1.0,1.0,1.0,3.0,1.0,1.0,1.0,1.0,1.0,5.0,2.0,1.0
11472,1.0,1.0,1.0,3.0,1.0,1.0,1.0,1.0,1.0,3.0,1.0,1.0
11473,1.0,1.0,1.0,3.0,1.0,1.0,1.0,1.0,1.0,5.0,2.0,1.0
11474,1.0,1.0,1.0,3.0,1.0,1.0,1.0,1.0,1.0,3.0,1.0,1.0
11475,1.0,1.0,1.0,3.0,1.0,1.0,1.0,1.0,1.0,5.0,2.0,1.0
11476,1.0,1.0,1.0,3.0,1.0,1.0,1.0,1.0,1.0,5.0,2.0,1.0
11477,1.0,1.0,1.0,3.0,1.0,1.0,1.0,1.0,1.0,5.0,2.0,1.0
11478,1.0,1.0,1.0,3.0,1.0,1.0,1.0,1.0,1.0,3.0,1.0,1.0
11479,1.0,1.0,1.0,3.0,1.0,1.0,1.0,1.0,1.0,5.0,2.0,1.0
11480,1.0,1.0,1.0,3.0,1.0,1.0,1.0,1.0,1.0,3.0,1.0,1.0
11481,1.0,1.0,1.0,3.0,1.0,1.0,1.0,1.0,1.0,5.0,2.0,1.0
11482,1.0,1.0,1.0,3.0,1.0,1.0,1.0,1.0,1.0,4.0,1.0,1.0
11483,1.0,1.0,1.0,3.0,1.0,1.0,1.0,1.0,1.0,3.0,1.0,1.0
11484,1.0,1.0,1.0,3.0,1.0,1.0,1.0,1.0,1.0,5.0,2.0,1.0
11485,1.0,1.0,1.0,3.0,1.0,1.0,1.0,1.0,1.0,3.0,1.0,1.0
11486,1.0,1.0,1.0,3.0,1.0,1.0,1.0,1.0,1.0,3.0,1.0,1.0
11487,1.0,1.0,1.0,3.0,1.0,1.0,1.0,1.0,1.0,3.0,1.0,1.0
11488,1.0,1.0,1.0,3.0,1.0,1.0,1.0,1.0,1.0,5.0,2.0,1.0
11489,1.0,1.0,1.0,3.0,1.0,1.0,1.0,1.0,1.0,4.0,1.0,1.0
11490,1.0,1.0,1.0,3.0,1.0,1.0,1.0,1.0,1.0,3.0,1.0,1.0
11491,1.0,1.0,1.0,3.0,1.0,1.0,1.0,1.0,1.0,4.0,1.0,1.0
11492,1.0,1.0,1.0,3.0,1.0,1.0,1.0,1.0,1.0,5.0,2.0,1.0
11493,1.0,1.0,1.0,3.0,1.0,1.0,1.0,1.0,1.0,5.0,2.0,1.0
11494,1.0,1.0,1.0,3.0,1.0,1.0,1.0,1.0,1.0,4.0,1.0,1.0
11495,1.0,1.0,1.0,3.0,1.0,1.0,1.0,1.0,1.0,3.0,1.0,1.0
11496,1.0,1.0,1.0,3.0,1.0,1.0,1.0,1.0,1.0,3.0,1.0,1.0
11497,1.0,1.0,1.0,3.0,1.0,1.0,1.0,1.0,1.0,5.0,2.0,1.0
11498,1.0,1.0,1.0,3.0,1.0,1.0,1.0,1.0,1.0,5.0,2.0,1.0
11499,1.0,1.0,1.0,3.0,1.0,1.0,1.0,1.0,1.0,4.0,1.0,1.0
11500,1.0,1.0,1.0,3.0,1.0,1.0,1.0,1.0,1.0,3.0,1.0,1.0
11501,1.0,1.0,1.0,3.0,1.0,1.0,1.0,1.0,1.0,4.0,1.0,1.0
11502,1.0,1.0,1.0,3.0,1.0,1.0,1.0,1.0,1.0,3.0,1.0,1.0
11503,1.0,1.0,1.0,3.0,1.0,1.0,1.0,1.0,1.0,3.0,1.0,1.0
11504,1.0,1.0,1.0,3.0,1.0,1.0,1.0,1.0,1.0,5.0,2.0,1.0
11505,1.0,1.0,1.0,3.0,1.0,1.0,1.0,1.0,1.0,5.0,2.0,1.0
11506,1.0,1.0,1.0,3.0,1.0,1.0,1.0,1.0,1.0,5.0,2.0,1.0
11507,1.0,1.0,1.0,3.0,1.0,1.0,1.0,1.0,1.0,5.0,2.0,1.0
11508,1.0,1.0,1.0,3.0,1.0,1.0,1.0,1.0,1.0,4.0,1.0,1.0
11509,1.0,1.0,1.0,3.0,1.0,1.0,1.0,1.0,1.0,3.0,1.0,1.0
11510,1.0,1.0,1.0,3.0,1.0,1.0,1.0,1.0,1.0,3.0,1.0,1.0
11511,1.0,1.0,1.0,3.0,1.0,1.0,1.0,1.0,1.0,3.0,1.0,1.0
11512,1.0,1.0,1.0,3.0,1.0,1.0,1.0,1.0,1.0,3.0,1.0,1.0
11513,1.0,1.0,1.0,3.0,1.0,1.0,1.0,1.0,1.0,4.0,1.0,1.0
11514,1.0,1.0,1.0,3.0,1.0,1.0,1.0,1.0,1.0,5.0,2.0,1.0
11515,1.0,1.0,1.0,3.0,1.0,1.0,1.0,1.0,1.0,4.0,1.0,1.0
11516,1.0,1.0,1.0,3.0,1.0,1.0,1.0,1.0,1.0,3.0,1.0,1.0
11517,1.0,1.0,1.0,3.0,1.0,1.0,1.0,1.0,1.0,3.0,1.0,1.0
11518,1.0,1.0,1.0,3.0,1.0,1.0,1.0,1.0,1.0,3.0,1.0,1.0
11519,1.0,1.0,1.0,3.0,1.0,1.0,1.0,1.0,1.0,3.0,1.0,1.0
11520,1.0,1.0,1.0,3.0,1.0,1.0,1.0,1.0,1.0,5.0,2.0,1.0
11521,1.0,1.0,1.0,3.0,1.0,1.0,1.0,1.0,1.0,3.0,1.0,1.0
11522,1.0,1.0,1.0,3.0,1.0,1.0,1.0,1.0,1.0,4.0,1.0,1.0
11523,1.0,1.0,1.0,3.0,1.0,1.0,1.0,1.0,1.0,3.0,1.0,1.0
11524,1.0,1.0,1.0,3.0,1.0,1.0,1.0,1.0,1.0,3.0,1.0,1.0
11525,1.0,1.0,1.0,3.0,1.0,1.0,1.0,1.0,1.0,3.0,1.0,1.0
11526,1.0,1.0,1.0,3.0,1.0,1.0,1.0,1.0,1.0,5.0,2.0,1.0
11527,1.0,1.0,1.0,3.0,1.0,1.0,1.0,1.0,1.0,3.0,1.0,1.0
11528,1.0,1.0,1.0,3.0,1.0,1.0,1.0,1.0,1.0,3.0,1.0,1.0
11529,1.0,1.0,1.0,3.0,1.0,1.0,1.0,1.0,1.0,5.0,2.0,1.0
11530,1.0,1.0,1.0,3.0,1.0,1.0,1.0,1.0,1.0,3.0,1.0,1.0
11531,1.0,1.0,1.0,3.0,1.0,1.0,1.0,1.0,1.0,4.0,1.0,1.0
11532,1.0,1.0,1.0,3.0,1.0,1.0,1.0,1.0,1.0,3.0,1.0,1.0
11533,1.0,1.0,1.0,3.0,1.0,1.0,1.0,1.0,1.0,5.0,2.0,1.0
11534,1.0,1.0,1.0,3.0,1.0,1.0,1.0,1.0,1.0,3.0,1.0,1.0
11535,1.0,1.0,1.0,3.0,1.0,1.0,1.0,1.0,1.0,3.0,1.0,1.0
11536,1.0,1.0,1.0,3.0,1.0,1.0,1.0,1.0,1.0,3.0,1.0,1.0
11537,1.0,1.0,1.0,3.0,1.0,1.0,1.0,1.0,1.0,3.0,1.0,1.0
11538,1.0,1.0,1.0,3.0,1.0,1.0,1.0,1.0,1.0,3.0,1.0,1.0
11539,1.0,1.0,1.0,3.0,1.0,1.0,1.0,1.0,1.0,5.0,2.0,1.0
11540,1.0,1.0,1.0,3.0,1.0,1.0,1.0,1.0,1.0,3.0,1.0,1.0
11541,1.0,1.0,1.0,3.0,1.0,1.0,1.0,1.0,1.0,3.0,1.0,1.0
11542,1.0,1.0,1.0,3.0,1.0,1.0,1.0,1.0,1.0,3.0,1.0,1.0
11543,1.0,1.0,1.0,3.0,1.0,1.0,1.0,1.0,1.0,5.0,2.0,1.0
11544,1.0,1.0,1.0,3.0,1.0,1.0,1.0,1.0,1.0,3.0,1.0,1.0
11545,1.0,1.0,1.0,3.0,1.0,1.0,1.0,1.0,1.0,3.0,1.0,1.0
11546,1.0,1.0,1.0,3.0,1.0,1.0,1.0,1.0,1.0,4.0,1.0,1.0
11547,1.0,1.0,1.0,3.0,1.0,1.0,1.0,1.0,1.0,3.0,1.0,1.0
11548,1.0,1.0,1.0,3.0,1.0,1.0,1.0,1.0,1.0,3.0,1.0,1.0
11549,1.0,1.0,1.0,3.0,1.0,1.0,1.0,1.0,1.0,4.0,1.0,1.0
11550,1.0,1.0,1.0,3.0,1.0,1.0,1.0,1.0,1.0,5.0,2.0,1.0
11551,1.0,1.0,1.0,3.0,1.0,1.0,1.0,1.0,1.0,3.0,1.0,1.0
11552,1.0,1.0,1.0,3.0,1.0,1.0,1.0,1.0,1.0,5.0,2.0,1.0
11553,1.0,1.0,1.0,3.0,1.0,1.0,1.0,1.0,1.0,3.0,1.0,1.0
11554,1.0,1.0,1.0,3.0,1.0,1.0,1.0,1.0,1.0,3.0,1.0,1.0
11555,1.0,1.0,1.0,3.0,1.0,1.0,1.0,1.0,1.0,4.0,1.0,1.0
11556,1.0,1.0,1.0,3.0,1.0,1.0,1.0,1.0,1.0,4.0,1.0,1.0
11557,1.0,1.0,1.0,3.0,1.0,1.0,1.0,1.0,1.0,3.0,1.0,1.0
11558,1.0,1.0,1.0,3.0,1.0,1.0,1.0,1.0,1.0,3.0,1.0,1.0
11559,1.0,1.0,1.0,3.0,1.0,1.0,1.0,1.0,1.0,3.0,1.0,1.0
11560,1.0,1.0,1.0,3.0,1.0,1.0,1.0,1.0,1.0,4.0,1.0,1.0
11561,1.0,1.0,1.0,3.0,1.0,1.0,1.0,1.0,1.0,3.0,1.0,1.0
11562,1.0,1.0,1.0,3.0,1.0,1.0,1.0,1.0,1.0,3.0,1.0,1.0
11563,1.0,1.0,1.0,3.0,1.0,1.0,1.0,1.0,1.0,3.0,1.0,1.0
11564,1.0,1.0,1.0,3.0,1.0,1.0,1.0,1.0,1.0,4.0,1.0,1.0
11565,1.0,1.0,1.0,3.0,1.0,1.0,1.0,1.0,1.0,3.0,1.0,1.0
11566,1.0,1.0,1.0,3.0,1.0,1.0,1.0,1.0,1.0,4.0,1.0,1.0
11567,1.0,1.0,1.0,3.0,1.0,1.0,1.0,1.0,1.0,3.0,1.0,1.0
11568,1.0,1.0,1.0,3.0,1.0,1.0,1.0,1.0,1.0,5.0,2.0,1.0
11569,1.0,1.0,1.0,3.0,1.0,1.0,1.0,1.0,1.0,3.0,1.0,1.0
11570,1.0,1.0,1.0,3.0,1.0,1.0,1.0,1.0,1.0,3.0,1.0,1.0
11571,1.0,1.0,1.0,3.0,1.0,1.0,1.0,1.0,1.0,4.0,1.0,1.0
11572,1.0,1.0,1.0,3.0,1.0,1.0,1.0,1.0,1.0,5.0,2.0,1.0
11573,1.0,1.0,1.0,3.0,1.0,1.0,1.0,1.0,1.0,4.0,1.0,1.0
11574,1.0,1.0,1.0,3.0,1.0,1.0,1.0,1.0,1.0,3.0,1.0,1.0
11575,1.0,1.0,1.0,3.0,1.0,1.0,1.0,1.0,1.0,5.0,2.0,1.0
11576,1.0,1.0,1.0,3.0,1.0,1.0,1.0,1.0,1.0,3.0,1.0,1.0
11577,1.0,1.0,1.0,3.0,1.0,1.0,1.0,1.0,1.0,3.0,1.0,1.0
11578,1.0,1.0,1.0,3.0,1.0,1.0,1.0,1.0,1.0,3.0,1.0,1.0
11579,1.0,1.0,1.0,3.0,1.0,1.0,1.0,1.0,1.0,3.0,1.0,1.0
11580,1.0,1.0,1.0,3.0,1.0,1.0,1.0,1.0,1.0,3.0,1.0,1.0
11581,1.0,1.0,1.0,3.0,1.0,1.0,1.0,1.0,1.0,3.0,1.0,1.0
11582,1.0,1.0,1.0,3.0,1.0,1.0,1.0,1.0,1.0,3.0,1.0,1.0
11583,1.0,1.0,1.0,3.0,1.0,1.0,1.0,1.0,1.0,4.0,1.0,1.0
11584,1.0,1.0,1.0,3.0,1.0,1.0,1.0,1.0,1.0,5.0,2.0,1.0
11585,1.0,1.0,1.0,3.0,1.0,1.0,1.0,1.0,1.0,3.0,1.0,1.0
11586,1.0,1.0,1.0,3.0,1.0,1.0,1.0,1.0,1.0,5.0,2.0,1.0
11587,1.0,1.0,1.0,3.0,1.0,1.0,1.0,1.0,1.0,4.0,1.0,1.0
11588,1.0,1.0,1.0,3.0,1.0,1.0,1.0,1.0,1.0,4.0,1.0,1.0
11589,1.0,1.0,1.0,3.0,1.0,1.0,1.0,1.0,1.0,3.0,1.0,1.0
11590,1.0,1.0,1.0,3.0,1.0,1.0,1.0,1.0,1.0,5.0,2.0,1.0
11591,1.0,1.0,1.0,3.0,1.0,1.0,1.0,1.0,1.0,3.0,1.0,1.0
11592,1.0,1.0,1.0,3.0,1.0,1.0,1.0,1.0,1.0,3.0,1.0,1.0
11593,1.0,1.0,1.0,3.0,1.0,1.0,1.0,1.0,1.0,4.0,1.0,1.0
11594,1.0,1.0,1.0,3.0,1.0,1.0,1.0,1.0,1.0,5.0,2.0,1.0
11595,1.0,1.0,1.0,3.0,1.0,1.0,1.0,1.0,1.0,5.0,2.0,1.0
11596,1.0,1.0,1.0,3.0,1.0,1.0,1.0,1.0,1.0,3.0,1.0,1.0
11597,1.0,1.0,1.0,3.0,1.0,1.0,1.0,1.0,1.0,5.0,2.0,1.0
11598,1.0,1.0,1.0,3.0,1.0,1.0,1.0,1.0,1.0,3.0,1.0,1.0
11599,1.0,1.0,1.0,3.0,1.0,1.0,1.0,1.0,1.0,3.0,1.0,1.0
11600,1.0,1.0,1.0,3.0,1.0,1.0,1.0,1.0,1.0,3.0,1.0,1.0
11601,1.0,1.0,1.0,3.0,1.0,1.0,1.0,1.0,1.0,4.0,1.0,1.0
11602,1.0,1.0,1.0,3.0,1.0,1.0,1.0,1.0,1.0,5.0,2.0,1.0
11603,1.0,1.0,1.0,3.0,1.0,1.0,1.0,1.0,1.0,3.0,1.0,1.0
11604,1.0,1.0,1.0,3.0,1.0,1.0,1.0,1.0,1.0,5.0,2.0,1.0
11605,1.0,1.0,1.0,3.0,1.0,1.0,1.0,1.0,1.0,3.0,1.0,1.0
11606,1.0,1.0,1.0,3.0,1.0,1.0,1.0,1.0,1.0,4.0,1.0,1.0
11607,1.0,1.0,1.0,3.0,1.0,1.0,1.0,1.0,1.0,5.0,2.0,1.0
11608,1.0,1.0,1.0,3.0,1.0,1.0,1.0,1.0,1.0,5.0,2.0,1.0
11609,1.0,1.0,1.0,3.0,1.0,1.0,1.0,1.0,1.0,4.0,1.0,1.0
11610,1.0,1.0,1.0,3.0,1.0,1.0,1.0,1.0,1.0,3.0,1.0,1.0
11611,1.0,1.0,1.0,3.0,1.0,1.0,1.0,1.0,1.0,5.0,2.0,1.0
11612,1.0,1.0,1.0,3.0,1.0,1.0,1.0,1.0,1.0,5.0,2.0,1.0
11613,1.0,1.0,1.0,3.0,1.0,1.0,1.0,1.0,1.0,3.0,1.0,1.0
11614,1.0,1.0,1.0,3.0,1.0,1.0,1.0,1.0,1.0,5.0,2.0,1.0
11615,1.0,1.0,1.0,3.0,1.0,1.0,1.0,1.0,1.0,4.0,1.0,1.0
11616,1.0,1.0,1.0,3.0,1.0,1.0,1.0,1.0,1.0,3.0,1.0,1.0
11617,1.0,1.0,1.0,3.0,1.0,1.0,1.0,1.0,1.0,5.0,2.0,1.0
11618,1.0,1.0,1.0,3.0,1.0,1.0,1.0,1.0,1.0,5.0,2.0,1.0
11619,1.0,1.0,1.0,3.0,1.0,1.0,1.0,1.0,1.0,3.0,1.0,1.0
11620,1.0,1.0,1.0,3.0,1.0,1.0,1.0,1.0,1.0,5.0,2.0,1.0
11621,1.0,1.0,1.0,3.0,1.0,1.0,1.0,1.0,1.0,5.0,2.0,1.0
11622,1.0,1.0,1.0,3.0,1.0,1.0,1.0,1.0,1.0,3.0,1.0,1.0
11623,1.0,1.0,1.0,3.0,1.0,1.0,1.0,1.0,1.0,5.0,2.0,1.0
11624,1.0,1.0,1.0,3.0,1.0,1.0,1.0,1.0,1.0,3.0,1.0,1.0
11625,1.0,1.0,1.0,3.0,1.0,1.0,1.0,1.0,1.0,3.0,1.0,1.0
11626,1.0,1.0,1.0,3.0,1.0,1.0,1.0,1.0,1.0,5.0,2.0,1.0
11627,1.0,1.0,1.0,3.0,1.0,1.0,1.0,1.0,1.0,3.0,1.0,1.0
11628,1.0,1.0,1.0,3.0,1.0,1.0,1.0,1.0,1.0,3.0,1.0,1.0
11629,1.0,1.0,1.0,3.0,1.0,1.0,1.0,1.0,1.0,3.0,1.0,1.0
11630,1.0,1.0,1.0,3.0,1.0,1.0,1.0,1.0,1.0,3.0,1.0,1.0
11631,1.0,1.0,1.0,3.0,1.0,1.0,1.0,1.0,1.0,4.0,1.0,1.0
11632,1.0,1.0,1.0,3.0,1.0,1.0,1.0,1.0,1.0,5.0,2.0,1.0
11633,1.0,1.0,1.0,3.0,1.0,1.0,1.0,1.0,1.0,5.0,2.0,1.0
11634,1.0,1.0,1.0,3.0,1.0,1.0,1.0,1.0,1.0,4.0,1.0,1.0
11635,1.0,1.0,1.0,3.0,1.0,1.0,1.0,1.0,1.0,4.0,1.0,1.0
11636,1.0,1.0,1.0,3.0,1.0,1.0,1.0,1.0,1.0,4.0,1.0,1.0
11637,1.0,1.0,1.0,3.0,1.0,1.0,1.0,1.0,1.0,4.0,1.0,1.0
11638,1.0,1.0,1.0,3.0,1.0,1.0,1.0,1.0,1.0,3.0,1.0,1.0
11639,1.0,1.0,1.0,3.0,1.0,1.0,1.0,1.0,1.0,4.0,1.0,1.0
11640,1.0,1.0,1.0,3.0,1.0,1.0,1.0,1.0,1.0,3.0,1.0,1.0
11641,1.0,1.0,1.0,3.0,1.0,1.0,1.0,1.0,1.0,3.0,1.0,1.0
11642,1.0,1.0,1.0,3.0,1.0,1.0,1.0,1.0,1.0,3.0,1.0,1.0
11643,1.0,1.0,1.0,3.0,1.0,1.0,1.0,1.0,1.0,4.0,1.0,1.0
11644,1.0,1.0,1.0,3.0,1.0,1.0,1.0,1.0,1.0,3.0,1.0,1.0
11645,1.0,1.0,1.0,3.0,1.0,1.0,1.0,1.0,1.0,3.0,1.0,1.0
11646,1.0,1.0,1.0,3.0,1.0,1.0,1.0,1.0,1.0,3.0,1.0,1.0
11647,1.0,1.0,1.0,3.0,1.0,1.0,1.0,1.0,1.0,3.0,1.0,1.0
11648,1.0,1.0,1.0,3.0,1.0,1.0,1.0,1.0,1.0,3.0,1.0,1.0
11649,1.0,1.0,1.0,3.0,1.0,1.0,1.0,1.0,1.0,5.0,2.0,1.0
11650,1.0,1.0,1.0,3.0,1.0,1.0,1.0,1.0,1.0,3.0,1.0,1.0
11651,1.0,1.0,1.0,3.0,1.0,1.0,1.0,1.0,1.0,3.0,1.0,1.0
11652,1.0,1.0,1.0,3.0,1.0,1.0,1.0,1.0,1.0,4.0,1.0,1.0
11653,1.0,1.0,1.0,3.0,1.0,1.0,1.0,1.0,1.0,3.0,1.0,1.0
11654,1.0,1.0,1.0,3.0,1.0,1.0,1.0,1.0,1.0,4.0,1.0,1.0
11655,1.0,1.0,1.0,3.0,1.0,1.0,1.0,1.0,1.0,4.0,1.0,1.0
11656,1.0,1.0,1.0,3.0,1.0,1.0,1.0,1.0,1.0,4.0,1.0,1.0
11657,1.0,1.0,1.0,3.0,1.0,1.0,1.0,1.0,1.0,4.0,1.0,1.0
11658,1.0,1.0,1.0,3.0,1.0,1.0,1.0,1.0,1.0,5.0,2.0,1.0
11659,1.0,1.0,1.0,3.0,1.0,1.0,1.0,1.0,1.0,5.0,2.0,1.0
11660,1.0,1.0,1.0,3.0,1.0,1.0,1.0,1.0,1.0,5.0,2.0,1.0
11661,1.0,1.0,1.0,3.0,1.0,1.0,1.0,1.0,1.0,5.0,2.0,1.0
11662,1.0,1.0,1.0,3.0,1.0,1.0,1.0,1.0,1.0,3.0,1.0,1.0
11663,1.0,1.0,1.0,3.0,1.0,1.0,1.0,1.0,1.0,3.0,1.0,1.0
11664,1.0,1.0,1.0,3.0,1.0,1.0,1.0,1.0,1.0,3.0,1.0,1.0
11665,1.0,1.0,1.0,3.0,1.0,1.0,1.0,1.0,1.0,3.0,1.0,1.0
11666,1.0,1.0,1.0,3.0,1.0,1.0,1.0,1.0,1.0,3.0,1.0,1.0
11667,1.0,1.0,1.0,3.0,1.0,1.0,1.0,1.0,1.0,4.0,1.0,1.0
11668,1.0,1.0,1.0,3.0,1.0,1.0,1.0,1.0,1.0,5.0,2.0,1.0
11669,1.0,1.0,1.0,3.0,1.0,1.0,1.0,1.0,1.0,4.0,1.0,1.0
11670,1.0,1.0,1.0,3.0,1.0,1.0,1.0,1.0,1.0,5.0,2.0,1.0
11671,1.0,1.0,1.0,3.0,1.0,1.0,1.0,1.0,1.0,3.0,1.0,1.0
11672,1.0,1.0,1.0,3.0,1.0,1.0,1.0,1.0,1.0,3.0,1.0,1.0
11673,1.0,1.0,1.0,3.0,1.0,1.0,1.0,1.0,1.0,3.0,1.0,1.0
11674,1.0,1.0,1.0,3.0,1.0,1.0,1.0,1.0,1.0,5.0,2.0,1.0
11675,1.0,1.0,1.0,3.0,1.0,1.0,1.0,1.0,1.0,5.0,2.0,1.0
11676,1.0,1.0,1.0,3.0,1.0,1.0,1.0,1.0,1.0,3.0,1.0,1.0
11677,1.0,1.0,1.0,3.0,1.0,1.0,1.0,1.0,1.0,4.0,1.0,1.0
11678,1.0,1.0,1.0,3.0,1.0,1.0,1.0,1.0,1.0,3.0,1.0,1.0
11679,1.0,1.0,1.0,3.0,1.0,1.0,1.0,1.0,1.0,5.0,2.0,1.0
11680,1.0,1.0,1.0,3.0,1.0,1.0,1.0,1.0,1.0,5.0,2.0,1.0
11681,1.0,1.0,1.0,3.0,1.0,1.0,1.0,1.0,1.0,5.0,2.0,1.0
11682,1.0,1.0,1.0,3.0,1.0,1.0,1.0,1.0,1.0,3.0,1.0,1.0
11683,1.0,1.0,1.0,3.0,1.0,1.0,1.0,1.0,1.0,5.0,2.0,1.0
11684,1.0,1.0,1.0,3.0,1.0,1.0,1.0,1.0,1.0,4.0,1.0,1.0
11685,1.0,1.0,1.0,3.0,1.0,1.0,1.0,1.0,1.0,4.0,1.0,1.0
11686,1.0,1.0,1.0,3.0,1.0,1.0,1.0,1.0,1.0,3.0,1.0,1.0
11687,1.0,1.0,1.0,3.0,1.0,1.0,1.0,1.0,1.0,5.0,2.0,1.0
11688,1.0,1.0,1.0,3.0,1.0,1.0,1.0,1.0,1.0,3.0,1.0,1.0
11689,1.0,1.0,1.0,3.0,1.0,1.0,1.0,1.0,1.0,3.0,1.0,1.0
11690,1.0,1.0,1.0,3.0,1.0,1.0,1.0,1.0,1.0,4.0,1.0,1.0
11691,1.0,1.0,1.0,3.0,1.0,1.0,1.0,1.0,1.0,5.0,2.0,1.0
11692,1.0,1.0,1.0,3.0,1.0,1.0,1.0,1.0,1.0,3.0,1.0,1.0
11693,1.0,1.0,1.0,3.0,1.0,1.0,1.0,1.0,1.0,3.0,1.0,1.0
11694,1.0,1.0,1.0,3.0,1.0,1.0,1.0,1.0,1.0,5.0,2.0,1.0
11695,1.0,1.0,1.0,3.0,1.0,1.0,1.0,1.0,1.0,3.0,1.0,1.0
11696,1.0,1.0,1.0,3.0,1.0,1.0,1.0,1.0,1.0,3.0,1.0,1.0
11697,1.0,1.0,1.0,3.0,1.0,1.0,1.0,1.0,1.0,3.0,1.0,1.0
11698,1.0,1.0,1.0,3.0,1.0,1.0,1.0,1.0,1.0,3.0,1.0,1.0
11699,1.0,1.0,1.0,3.0,1.0,1.0,1.0,1.0,1.0,3.0,1.0,1.0
11700,1.0,1.0,1.0,3.0,1.0,1.0,1.0,1.0,1.0,3.0,1.0,1.0
11701,1.0,1.0,1.0,3.0,1.0,1.0,1.0,1.0,1.0,3.0,1.0,1.0
11702,1.0,1.0,1.0,3.0,1.0,1.0,1.0,1.0,1.0,4.0,1.0,1.0
11703,1.0,1.0,1.0,3.0,1.0,1.0,1.0,1.0,1.0,5.0,2.0,1.0
11704,1.0,1.0,1.0,3.0,1.0,1.0,1.0,1.0,1.0,4.0,1.0,1.0
11705,1.0,1.0,1.0,3.0,1.0,1.0,1.0,1.0,1.0,3.0,1.0,1.0
11706,1.0,1.0,1.0,3.0,1.0,1.0,1.0,1.0,1.0,4.0,1.0,1.0
11707,1.0,1.0,1.0,3.0,1.0,1.0,1.0,1.0,1.0,4.0,1.0,1.0
11708,1.0,1.0,1.0,3.0,1.0,1.0,1.0,1.0,1.0,3.0,1.0,1.0
11709,1.0,1.0,1.0,3.0,1.0,1.0,1.0,1.0,1.0,3.0,1.0,1.0
11710,1.0,1.0,1.0,3.0,1.0,1.0,1.0,1.0,1.0,5.0,2.0,1.0
11711,1.0,1.0,1.0,3.0,1.0,1.0,1.0,1.0,1.0,3.0,1.0,1.0
11712,1.0,1.0,1.0,3.0,1.0,1.0,1.0,1.0,1.0,3.0,1.0,1.0
11713,1.0,1.0,1.0,3.0,1.0,1.0,1.0,1.0,1.0,5.0,2.0,1.0
11714,1.0,1.0,1.0,3.0,1.0,1.0,1.0,1.0,1.0,3.0,1.0,1.0
11715,1.0,1.0,1.0,3.0,1.0,1.0,1.0,1.0,1.0,3.0,1.0,1.0
11716,1.0,1.0,1.0,3.0,1.0,1.0,1.0,1.0,1.0,3.0,1.0,1.0
11717,1.0,1.0,1.0,3.0,1.0,1.0,1.0,1.0,1.0,4.0,1.0,1.0
11718,1.0,1.0,1.0,3.0,1.0,1.0,1.0,1.0,1.0,4.0,1.0,1.0
11719,1.0,1.0,1.0,3.0,1.0,1.0,1.0,1.0,1.0,3.0,1.0,1.0
11720,1.0,1.0,1.0,3.0,1.0,1.0,1.0,1.0,1.0,3.0,1.0,1.0
11721,1.0,1.0,1.0,3.0,1.0,1.0,1.0,1.0,1.0,3.0,1.0,1.0
11722,1.0,1.0,1.0,3.0,1.0,1.0,1.0,1.0,1.0,4.0,1.0,1.0
11723,1.0,1.0,1.0,3.0,1.0,1.0,1.0,1.0,1.0,4.0,1.0,1.0
11724,1.0,1.0,1.0,3.0,1.0,1.0,1.0,1.0,1.0,5.0,2.0,1.0
11725,1.0,1.0,1.0,3.0,1.0,1.0,1.0,1.0,1.0,3.0,1.0,1.0
11726,1.0,1.0,1.0,3.0,1.0,1.0,1.0,1.0,1.0,4.0,1.0,1.0
11727,1.0,1.0,1.0,3.0,1.0,1.0,1.0,1.0,1.0,4.0,1.0,1.0
11728,1.0,1.0,1.0,3.0,1.0,1.0,1.0,1.0,1.0,5.0,2.0,1.0
11729,1.0,1.0,1.0,3.0,1.0,1.0,1.0,1.0,1.0,4.0,1.0,1.0
11730,1.0,1.0,1.0,3.0,1.0,1.0,1.0,1.0,1.0,3.0,1.0,1.0
11731,1.0,1.0,1.0,3.0,1.0,1.0,1.0,1.0,1.0,4.0,1.0,1.0
11732,1.0,1.0,1.0,3.0,1.0,1.0,1.0,1.0,1.0,5.0,2.0,1.0
11733,1.0,1.0,1.0,3.0,1.0,1.0,1.0,1.0,1.0,4.0,1.0,1.0
11734,1.0,1.0,1.0,3.0,1.0,1.0,1.0,1.0,1.0,4.0,1.0,1.0
11735,1.0,1.0,1.0,3.0,1.0,1.0,1.0,1.0,1.0,5.0,2.0,1.0
11736,1.0,1.0,1.0,3.0,1.0,1.0,1.0,1.0,1.0,3.0,1.0,1.0
11737,1.0,1.0,1.0,3.0,1.0,1.0,1.0,1.0,1.0,5.0,2.0,1.0
11738,1.0,1.0,1.0,3.0,1.0,1.0,1.0,1.0,1.0,3.0,1.0,1.0
11739,1.0,1.0,1.0,3.0,1.0,1.0,1.0,1.0,1.0,4.0,1.0,1.0
11740,1.0,1.0,1.0,3.0,1.0,1.0,1.0,1.0,1.0,4.0,1.0,1.0
11741,1.0,1.0,1.0,3.0,1.0,1.0,1.0,1.0,1.0,5.0,2.0,1.0
11742,1.0,1.0,1.0,3.0,1.0,1.0,1.0,1.0,1.0,5.0,2.0,1.0
11743,1.0,1.0,1.0,3.0,1.0,1.0,1.0,1.0,1.0,3.0,1.0,1.0
11744,1.0,1.0,1.0,3.0,1.0,1.0,1.0,1.0,1.0,3.0,1.0,1.0
11745,1.0,1.0,1.0,3.0,1.0,1.0,1.0,1.0,1.0,3.0,1.0,1.0
11746,1.0,1.0,1.0,3.0,1.0,1.0,1.0,1.0,1.0,5.0,2.0,1.0
11747,1.0,1.0,1.0,3.0,1.0,1.0,1.0,1.0,1.0,3.0,1.0,1.0
11748,1.0,1.0,1.0,3.0,1.0,1.0,1.0,1.0,1.0,3.0,1.0,1.0
11749,1.0,1.0,1.0,3.0,1.0,1.0,1.0,1.0,1.0,3.0,1.0,1.0
11750,1.0,1.0,1.0,3.0,1.0,1.0,1.0,1.0,1.0,3.0,1.0,1.0
11751,1.0,1.0,1.0,3.0,1.0,1.0,1.0,1.0,1.0,5.0,2.0,1.0
11752,1.0,1.0,1.0,3.0,1.0,1.0,1.0,1.0,1.0,3.0,1.0,1.0
11753,1.0,1.0,1.0,3.0,1.0,1.0,1.0,1.0,1.0,3.0,1.0,1.0
11754,1.0,1.0,1.0,3.0,1.0,1.0,1.0,1.0,1.0,4.0,1.0,1.0
11755,1.0,1.0,1.0,3.0,1.0,1.0,1.0,1.0,1.0,4.0,1.0,1.0
11756,1.0,1.0,1.0,3.0,1.0,1.0,1.0,1.0,1.0,5.0,2.0,1.0
11757,1.0,1.0,1.0,3.0,1.0,1.0,1.0,1.0,1.0,5.0,2.0,1.0
11758,1.0,1.0,1.0,3.0,1.0,1.0,1.0,1.0,1.0,5.0,2.0,1.0
11759,1.0,1.0,1.0,3.0,1.0,1.0,1.0,1.0,1.0,4.0,1.0,1.0
11760,1.0,1.0,1.0,3.0,1.0,1.0,1.0,1.0,1.0,3.0,1.0,1.0
11761,1.0,1.0,1.0,3.0,1.0,1.0,1.0,1.0,1.0,4.0,1.0,1.0
11762,1.0,1.0,1.0,3.0,1.0,1.0,1.0,1.0,1.0,4.0,1.0,1.0
11763,1.0,1.0,1.0,3.0,1.0,1.0,1.0,1.0,1.0,3.0,1.0,1.0
11764,1.0,1.0,1.0,3.0,1.0,1.0,1.0,1.0,1.0,3.0,1.0,1.0
11765,1.0,1.0,1.0,3.0,1.0,1.0,1.0,1.0,1.0,5.0,2.0,1.0
11766,1.0,1.0,1.0,3.0,1.0,1.0,1.0,1.0,1.0,3.0,1.0,1.0
11767,1.0,1.0,1.0,3.0,1.0,1.0,1.0,1.0,1.0,3.0,1.0,1.0
11768,1.0,1.0,1.0,3.0,1.0,1.0,1.0,1.0,1.0,3.0,1.0,1.0
11769,1.0,1.0,1.0,3.0,1.0,1.0,1.0,1.0,1.0,3.0,1.0,1.0
11770,1.0,1.0,1.0,3.0,1.0,1.0,1.0,1.0,1.0,3.0,1.0,1.0
11771,1.0,1.0,1.0,3.0,1.0,1.0,1.0,1.0,1.0,5.0,2.0,1.0
11772,1.0,1.0,1.0,3.0,1.0,1.0,1.0,1.0,1.0,5.0,2.0,1.0
11773,1.0,1.0,1.0,3.0,1.0,1.0,1.0,1.0,1.0,3.0,1.0,1.0
11774,1.0,1.0,1.0,3.0,1.0,1.0,1.0,1.0,1.0,3.0,1.0,1.0
11775,1.0,1.0,1.0,3.0,1.0,1.0,1.0,1.0,1.0,4.0,1.0,1.0
11776,1.0,1.0,1.0,3.0,1.0,1.0,1.0,1.0,1.0,3.0,1.0,1.0
11777,1.0,1.0,1.0,3.0,1.0,1.0,1.0,1.0,1.0,3.0,1.0,1.0
11778,1.0,1.0,1.0,3.0,1.0,1.0,1.0,1.0,1.0,4.0,1.0,1.0
11779,1.0,1.0,1.0,3.0,1.0,1.0,1.0,1.0,1.0,3.0,1.0,1.0
11780,1.0,1.0,1.0,3.0,1.0,1.0,1.0,1.0,1.0,3.0,1.0,1.0
11781,1.0,1.0,1.0,3.0,1.0,1.0,1.0,1.0,1.0,5.0,2.0,1.0
11782,1.0,1.0,1.0,3.0,1.0,1.0,1.0,1.0,1.0,3.0,1.0,1.0
11783,1.0,1.0,1.0,3.0,1.0,1.0,1.0,1.0,1.0,4.0,1.0,1.0
11784,1.0,1.0,1.0,3.0,1.0,1.0,1.0,1.0,1.0,3.0,1.0,1.0
11785,1.0,1.0,1.0,3.0,1.0,1.0,1.0,1.0,1.0,3.0,1.0,1.0
11786,1.0,1.0,1.0,3.0,1.0,1.0,1.0,1.0,1.0,4.0,1.0,1.0
11787,1.0,1.0,1.0,3.0,1.0,1.0,1.0,1.0,1.0,3.0,1.0,1.0
11788,1.0,1.0,1.0,3.0,1.0,1.0,1.0,1.0,1.0,5.0,2.0,1.0
11789,1.0,1.0,1.0,3.0,1.0,1.0,1.0,1.0,1.0,3.0,1.0,1.0
11790,1.0,1.0,1.0,3.0,1.0,1.0,1.0,1.0,1.0,3.0,1.0,1.0
11791,1.0,1.0,1.0,3.0,1.0,1.0,1.0,1.0,1.0,5.0,2.0,1.0
11792,1.0,1.0,1.0,3.0,1.0,1.0,1.0,1.0,1.0,3.0,1.0,1.0
11793,1.0,1.0,1.0,3.0,1.0,1.0,1.0,1.0,1.0,3.0,1.0,1.0
11794,1.0,1.0,1.0,3.0,1.0,1.0,1.0,1.0,1.0,3.0,1.0,1.0
11795,1.0,1.0,1.0,3.0,1.0,1.0,1.0,1.0,1.0,3.0,1.0,1.0
11796,1.0,1.0,1.0,3.0,1.0,1.0,1.0,1.0,1.0,4.0,1.0,1.0
11797,1.0,1.0,1.0,3.0,1.0,1.0,1.0,1.0,1.0,4.0,1.0,1.0
11798,1.0,1.0,1.0,3.0,1.0,1.0,1.0,1.0,1.0,3.0,1.0,1.0
11799,1.0,1.0,1.0,3.0,1.0,1.0,1.0,1.0,1.0,5.0,2.0,1.0
11800,1.0,1.0,1.0,3.0,1.0,1.0,1.0,1.0,1.0,5.0,2.0,1.0
11801,1.0,1.0,1.0,3.0,1.0,1.0,1.0,1.0,1.0,3.0,1.0,1.0
11802,1.0,1.0,1.0,3.0,1.0,1.0,1.0,1.0,1.0,3.0,1.0,1.0
11803,1.0,1.0,1.0,3.0,1.0,1.0,1.0,1.0,1.0,5.0,2.0,1.0
11804,1.0,1.0,1.0,3.0,1.0,1.0,1.0,1.0,1.0,5.0,2.0,1.0
11805,1.0,1.0,1.0,3.0,1.0,1.0,1.0,1.0,1.0,3.0,1.0,1.0
11806,1.0,1.0,1.0,3.0,1.0,1.0,1.0,1.0,1.0,3.0,1.0,1.0
11807,1.0,1.0,1.0,3.0,1.0,1.0,1.0,1.0,1.0,5.0,2.0,1.0
11808,1.0,1.0,1.0,3.0,1.0,1.0,1.0,1.0,1.0,3.0,1.0,1.0
11809,1.0,1.0,1.0,3.0,1.0,1.0,1.0,1.0,1.0,5.0,2.0,1.0
11810,1.0,1.0,1.0,3.0,1.0,1.0,1.0,1.0,1.0,3.0,1.0,1.0
11811,1.0,1.0,1.0,3.0,1.0,1.0,1.0,1.0,1.0,5.0,2.0,1.0
11812,1.0,1.0,1.0,3.0,1.0,1.0,1.0,1.0,1.0,5.0,2.0,1.0
11813,1.0,1.0,1.0,3.0,1.0,1.0,1.0,1.0,1.0,5.0,2.0,1.0
11814,1.0,1.0,1.0,3.0,1.0,1.0,1.0,1.0,1.0,4.0,1.0,1.0
11815,1.0,1.0,1.0,3.0,1.0,1.0,1.0,1.0,1.0,4.0,1.0,1.0
11816,1.0,1.0,1.0,3.0,1.0,1.0,1.0,1.0,1.0,5.0,2.0,1.0
11817,1.0,1.0,1.0,3.0,1.0,1.0,1.0,1.0,1.0,5.0,2.0,1.0
11818,1.0,1.0,1.0,3.0,1.0,1.0,1.0,1.0,1.0,3.0,1.0,1.0
11819,1.0,1.0,1.0,3.0,1.0,1.0,1.0,1.0,1.0,5.0,2.0,1.0
11820,1.0,1.0,1.0,3.0,1.0,1.0,1.0,1.0,1.0,3.0,1.0,1.0
11821,1.0,1.0,1.0,3.0,1.0,1.0,1.0,1.0,1.0,3.0,1.0,1.0
11822,1.0,1.0,1.0,3.0,1.0,1.0,1.0,1.0,1.0,3.0,1.0,1.0
11823,1.0,1.0,1.0,3.0,1.0,1.0,1.0,1.0,1.0,3.0,1.0,1.0
11824,1.0,1.0,1.0,3.0,1.0,1.0,1.0,1.0,1.0,5.0,2.0,1.0
11825,1.0,1.0,1.0,3.0,1.0,1.0,1.0,1.0,1.0,5.0,2.0,1.0
11826,1.0,1.0,1.0,3.0,1.0,1.0,1.0,1.0,1.0,3.0,1.0,1.0
11827,1.0,1.0,1.0,3.0,1.0,1.0,1.0,1.0,1.0,3.0,1.0,1.0
11828,1.0,1.0,1.0,3.0,1.0,1.0,1.0,1.0,1.0,3.0,1.0,1.0
11829,1.0,1.0,1.0,3.0,1.0,1.0,1.0,1.0,1.0,4.0,1.0,1.0
11830,1.0,1.0,1.0,3.0,1.0,1.0,1.0,1.0,1.0,5.0,2.0,1.0
11831,1.0,1.0,1.0,3.0,1.0,1.0,1.0,1.0,1.0,5.0,2.0,1.0
11832,1.0,1.0,1.0,3.0,1.0,1.0,1.0,1.0,1.0,3.0,1.0,1.0
11833,1.0,1.0,1.0,3.0,1.0,1.0,1.0,1.0,1.0,3.0,1.0,1.0
11834,1.0,1.0,1.0,3.0,1.0,1.0,1.0,1.0,1.0,5.0,2.0,1.0
11835,1.0,1.0,1.0,3.0,1.0,1.0,1.0,1.0,1.0,3.0,1.0,1.0
11836,1.0,1.0,1.0,3.0,1.0,1.0,1.0,1.0,1.0,3.0,1.0,1.0
11837,1.0,1.0,1.0,3.0,1.0,1.0,1.0,1.0,1.0,3.0,1.0,1.0
11838,1.0,1.0,1.0,3.0,1.0,1.0,1.0,1.0,1.0,3.0,1.0,1.0
11839,1.0,1.0,1.0,3.0,1.0,1.0,1.0,1.0,1.0,3.0,1.0,1.0
11840,1.0,1.0,1.0,3.0,1.0,1.0,1.0,1.0,1.0,5.0,2.0,1.0
11841,1.0,1.0,1.0,3.0,1.0,1.0,1.0,1.0,1.0,5.0,2.0,1.0
11842,1.0,1.0,1.0,3.0,1.0,1.0,1.0,1.0,1.0,5.0,2.0,1.0
11843,1.0,1.0,1.0,3.0,1.0,1.0,1.0,1.0,1.0,5.0,2.0,1.0
11844,1.0,1.0,1.0,3.0,1.0,1.0,1.0,1.0,1.0,5.0,2.0,1.0
11845,1.0,1.0,1.0,3.0,1.0,1.0,1.0,1.0,1.0,4.0,1.0,1.0
11846,1.0,1.0,1.0,3.0,1.0,1.0,1.0,1.0,1.0,5.0,2.0,1.0
11847,1.0,1.0,1.0,3.0,1.0,1.0,1.0,1.0,1.0,3.0,1.0,1.0
11848,1.0,1.0,1.0,3.0,1.0,1.0,1.0,1.0,1.0,5.0,2.0,1.0
11849,1.0,1.0,1.0,3.0,1.0,1.0,1.0,1.0,1.0,5.0,2.0,1.0
11850,1.0,1.0,1.0,3.0,1.0,1.0,1.0,1.0,1.0,4.0,1.0,1.0
11851,1.0,1.0,1.0,3.0,1.0,1.0,1.0,1.0,1.0,3.0,1.0,1.0
11852,1.0,1.0,1.0,3.0,1.0,1.0,1.0,1.0,1.0,5.0,2.0,1.0
11853,1.0,1.0,1.0,3.0,1.0,1.0,1.0,1.0,1.0,4.0,1.0,1.0
11854,1.0,1.0,1.0,3.0,1.0,1.0,1.0,1.0,1.0,5.0,2.0,1.0
11855,1.0,1.0,1.0,3.0,1.0,1.0,1.0,1.0,1.0,3.0,1.0,1.0
11856,1.0,1.0,1.0,3.0,1.0,1.0,1.0,1.0,1.0,3.0,1.0,1.0
11857,1.0,1.0,1.0,3.0,1.0,1.0,1.0,1.0,1.0,3.0,1.0,1.0
11858,1.0,1.0,1.0,3.0,1.0,1.0,1.0,1.0,1.0,3.0,1.0,1.0
11859,1.0,1.0,1.0,3.0,1.0,1.0,1.0,1.0,1.0,3.0,1.0,1.0
11860,1.0,1.0,1.0,3.0,1.0,1.0,1.0,1.0,1.0,3.0,1.0,1.0
11861,1.0,1.0,1.0,3.0,1.0,1.0,1.0,1.0,1.0,3.0,1.0,1.0
11862,1.0,1.0,1.0,3.0,1.0,1.0,1.0,1.0,1.0,4.0,1.0,1.0
11863,1.0,1.0,1.0,3.0,1.0,1.0,1.0,1.0,1.0,5.0,2.0,1.0
11864,1.0,1.0,1.0,3.0,1.0,1.0,1.0,1.0,1.0,3.0,1.0,1.0
11865,1.0,1.0,1.0,3.0,1.0,1.0,1.0,1.0,1.0,3.0,1.0,1.0
11866,1.0,1.0,1.0,3.0,1.0,1.0,1.0,1.0,1.0,3.0,1.0,1.0
11867,1.0,1.0,1.0,3.0,1.0,1.0,1.0,1.0,1.0,3.0,1.0,1.0
11868,1.0,1.0,1.0,3.0,1.0,1.0,1.0,1.0,1.0,3.0,1.0,1.0
11869,1.0,1.0,1.0,3.0,1.0,1.0,1.0,1.0,1.0,5.0,2.0,1.0
11870,1.0,1.0,1.0,3.0,1.0,1.0,1.0,1.0,1.0,4.0,1.0,1.0
11871,1.0,1.0,1.0,3.0,1.0,1.0,1.0,1.0,1.0,3.0,1.0,1.0
11872,1.0,1.0,1.0,3.0,1.0,1.0,1.0,1.0,1.0,3.0,1.0,1.0
11873,1.0,1.0,1.0,3.0,1.0,1.0,1.0,1.0,1.0,5.0,2.0,1.0
11874,1.0,1.0,1.0,3.0,1.0,1.0,1.0,1.0,1.0,3.0,1.0,1.0
11875,1.0,1.0,1.0,3.0,1.0,1.0,1.0,1.0,1.0,5.0,2.0,1.0
11876,1.0,1.0,1.0,3.0,1.0,1.0,1.0,1.0,1.0,3.0,1.0,1.0
11877,1.0,1.0,1.0,3.0,1.0,1.0,1.0,1.0,1.0,3.0,1.0,1.0
11878,1.0,1.0,1.0,3.0,1.0,1.0,1.0,1.0,1.0,4.0,1.0,1.0
11879,1.0,1.0,1.0,3.0,1.0,1.0,1.0,1.0,1.0,3.0,1.0,1.0
11880,1.0,1.0,1.0,3.0,1.0,1.0,1.0,1.0,1.0,5.0,2.0,1.0
11881,1.0,1.0,1.0,3.0,1.0,1.0,1.0,1.0,1.0,5.0,2.0,1.0
11882,1.0,1.0,1.0,3.0,1.0,1.0,1.0,1.0,1.0,5.0,2.0,1.0
11883,1.0,1.0,1.0,3.0,1.0,1.0,1.0,1.0,1.0,5.0,2.0,1.0
11884,1.0,1.0,1.0,3.0,1.0,1.0,1.0,1.0,1.0,3.0,1.0,1.0
11885,1.0,1.0,1.0,3.0,1.0,1.0,1.0,1.0,1.0,3.0,1.0,1.0
11886,1.0,1.0,1.0,3.0,1.0,1.0,1.0,1.0,1.0,3.0,1.0,1.0
11887,1.0,1.0,1.0,3.0,1.0,1.0,1.0,1.0,1.0,3.0,1.0,1.0
11888,1.0,1.0,1.0,3.0,1.0,1.0,1.0,1.0,1.0,3.0,1.0,1.0
11889,1.0,1.0,1.0,3.0,1.0,1.0,1.0,1.0,1.0,3.0,1.0,1.0
11890,1.0,1.0,1.0,3.0,1.0,1.0,1.0,1.0,1.0,3.0,1.0,1.0
11891,1.0,1.0,1.0,3.0,1.0,1.0,1.0,1.0,1.0,5.0,2.0,1.0
11892,1.0,1.0,1.0,3.0,1.0,1.0,1.0,1.0,1.0,3.0,1.0,1.0
11893,1.0,1.0,1.0,3.0,1.0,1.0,1.0,1.0,1.0,3.0,1.0,1.0
11894,1.0,1.0,1.0,3.0,1.0,1.0,1.0,1.0,1.0,3.0,1.0,1.0
11895,1.0,1.0,1.0,3.0,1.0,1.0,1.0,1.0,1.0,5.0,2.0,1.0
11896,1.0,1.0,1.0,3.0,1.0,1.0,1.0,1.0,1.0,4.0,1.0,1.0
11897,1.0,1.0,1.0,3.0,1.0,1.0,1.0,1.0,1.0,3.0,1.0,1.0
11898,1.0,1.0,1.0,3.0,1.0,1.0,1.0,1.0,1.0,5.0,2.0,1.0
11899,1.0,1.0,1.0,3.0,1.0,1.0,1.0,1.0,1.0,4.0,1.0,1.0
11900,1.0,1.0,1.0,3.0,1.0,1.0,1.0,1.0,1.0,5.0,2.0,1.0
11901,1.0,1.0,1.0,3.0,1.0,1.0,1.0,1.0,1.0,3.0,1.0,1.0
11902,1.0,1.0,1.0,3.0,1.0,1.0,1.0,1.0,1.0,3.0,1.0,1.0
11903,1.0,1.0,1.0,3.0,1.0,1.0,1.0,1.0,1.0,5.0,2.0,1.0
11904,1.0,1.0,1.0,3.0,1.0,1.0,1.0,1.0,1.0,3.0,1.0,1.0
11905,1.0,1.0,1.0,3.0,1.0,1.0,1.0,1.0,1.0,5.0,2.0,1.0
11906,1.0,1.0,1.0,3.0,1.0,1.0,1.0,1.0,1.0,4.0,1.0,1.0
11907,1.0,1.0,1.0,3.0,1.0,1.0,1.0,1.0,1.0,3.0,1.0,1.0
11908,1.0,1.0,1.0,3.0,1.0,1.0,1.0,1.0,1.0,5.0,2.0,1.0
11909,1.0,1.0,1.0,3.0,1.0,1.0,1.0,1.0,1.0,4.0,1.0,1.0
11910,1.0,1.0,1.0,3.0,1.0,1.0,1.0,1.0,1.0,3.0,1.0,1.0
11911,1.0,1.0,1.0,3.0,1.0,1.0,1.0,1.0,1.0,5.0,2.0,1.0
11912,1.0,1.0,1.0,3.0,1.0,1.0,1.0,1.0,1.0,3.0,1.0,1.0
11913,1.0,1.0,1.0,3.0,1.0,1.0,1.0,1.0,1.0,4.0,1.0,1.0
11914,1.0,1.0,1.0,3.0,1.0,1.0,1.0,1.0,1.0,3.0,1.0,1.0
11915,1.0,1.0,1.0,3.0,1.0,1.0,1.0,1.0,1.0,4.0,1.0,1.0
11916,1.0,1.0,1.0,3.0,1.0,1.0,1.0,1.0,1.0,3.0,1.0,1.0
11917,1.0,1.0,1.0,3.0,1.0,1.0,1.0,1.0,1.0,3.0,1.0,1.0
11918,1.0,1.0,1.0,3.0,1.0,1.0,1.0,1.0,1.0,3.0,1.0,1.0
11919,1.0,1.0,1.0,3.0,1.0,1.0,1.0,1.0,1.0,4.0,1.0,1.0
11920,1.0,1.0,1.0,3.0,1.0,1.0,1.0,1.0,1.0,3.0,1.0,1.0
11921,1.0,1.0,1.0,3.0,1.0,1.0,1.0,1.0,1.0,3.0,1.0,1.0
11922,1.0,1.0,1.0,3.0,1.0,1.0,1.0,1.0,1.0,5.0,2.0,1.0
11923,1.0,1.0,1.0,3.0,1.0,1.0,1.0,1.0,1.0,3.0,1.0,1.0
11924,1.0,1.0,1.0,3.0,1.0,1.0,1.0,1.0,1.0,4.0,1.0,1.0
11925,1.0,1.0,1.0,3.0,1.0,1.0,1.0,1.0,1.0,3.0,1.0,1.0
11926,1.0,1.0,1.0,3.0,1.0,1.0,1.0,1.0,1.0,3.0,1.0,1.0
11927,1.0,1.0,1.0,3.0,1.0,1.0,1.0,1.0,1.0,3.0,1.0,1.0
11928,1.0,1.0,1.0,3.0,1.0,1.0,1.0,1.0,1.0,3.0,1.0,1.0
11929,1.0,1.0,1.0,3.0,1.0,1.0,1.0,1.0,1.0,5.0,2.0,1.0
11930,1.0,1.0,1.0,3.0,1.0,1.0,1.0,1.0,1.0,3.0,1.0,1.0
11931,1.0,1.0,1.0,3.0,1.0,1.0,1.0,1.0,1.0,3.0,1.0,1.0
11932,1.0,1.0,1.0,3.0,1.0,1.0,1.0,1.0,1.0,3.0,1.0,1.0
11933,1.0,1.0,1.0,3.0,1.0,1.0,1.0,1.0,1.0,4.0,1.0,1.0
11934,1.0,1.0,1.0,3.0,1.0,1.0,1.0,1.0,1.0,5.0,2.0,1.0
11935,1.0,1.0,1.0,3.0,1.0,1.0,1.0,1.0,1.0,4.0,1.0,1.0
11936,1.0,1.0,1.0,3.0,1.0,1.0,1.0,1.0,1.0,5.0,2.0,1.0
11937,1.0,1.0,1.0,3.0,1.0,1.0,1.0,1.0,1.0,3.0,1.0,1.0
11938,1.0,1.0,1.0,3.0,1.0,1.0,1.0,1.0,1.0,4.0,1.0,1.0
11939,1.0,1.0,1.0,3.0,1.0,1.0,1.0,1.0,1.0,5.0,2.0,1.0
11940,1.0,1.0,1.0,3.0,1.0,1.0,1.0,1.0,1.0,3.0,1.0,1.0
11941,1.0,1.0,1.0,3.0,1.0,1.0,1.0,1.0,1.0,5.0,2.0,1.0
11942,1.0,1.0,1.0,3.0,1.0,1.0,1.0,1.0,1.0,4.0,1.0,1.0
11943,1.0,1.0,1.0,3.0,1.0,1.0,1.0,1.0,1.0,3.0,1.0,1.0
11944,1.0,1.0,1.0,3.0,1.0,1.0,1.0,1.0,1.0,4.0,1.0,1.0
11945,1.0,1.0,1.0,3.0,1.0,1.0,1.0,1.0,1.0,5.0,2.0,1.0
11946,1.0,1.0,1.0,3.0,1.0,1.0,1.0,1.0,1.0,3.0,1.0,1.0
11947,1.0,1.0,1.0,3.0,1.0,1.0,1.0,1.0,1.0,3.0,1.0,1.0
11948,1.0,1.0,1.0,3.0,1.0,1.0,1.0,1.0,1.0,3.0,1.0,1.0
11949,1.0,1.0,1.0,3.0,1.0,1.0,1.0,1.0,1.0,3.0,1.0,1.0
11950,1.0,1.0,1.0,3.0,1.0,1.0,1.0,1.0,1.0,3.0,1.0,1.0
11951,1.0,1.0,1.0,3.0,1.0,1.0,1.0,1.0,1.0,3.0,1.0,1.0
11952,1.0,1.0,1.0,3.0,1.0,1.0,1.0,1.0,1.0,5.0,2.0,1.0
11953,1.0,1.0,1.0,3.0,1.0,1.0,1.0,1.0,1.0,3.0,1.0,1.0
11954,1.0,1.0,1.0,3.0,1.0,1.0,1.0,1.0,1.0,3.0,1.0,1.0
11955,1.0,1.0,1.0,3.0,1.0,1.0,1.0,1.0,1.0,4.0,1.0,1.0
11956,1.0,1.0,1.0,3.0,1.0,1.0,1.0,1.0,1.0,3.0,1.0,1.0
11957,1.0,1.0,1.0,3.0,1.0,1.0,1.0,1.0,1.0,5.0,2.0,1.0
11958,1.0,1.0,1.0,3.0,1.0,1.0,1.0,1.0,1.0,3.0,1.0,1.0
11959,1.0,1.0,1.0,3.0,1.0,1.0,1.0,1.0,1.0,5.0,2.0,1.0
11960,1.0,1.0,1.0,3.0,1.0,1.0,1.0,1.0,1.0,3.0,1.0,1.0
11961,1.0,1.0,1.0,3.0,1.0,1.0,1.0,1.0,1.0,4.0,1.0,1.0
11962,1.0,1.0,1.0,3.0,1.0,1.0,1.0,1.0,1.0,3.0,1.0,1.0
11963,1.0,1.0,1.0,3.0,1.0,1.0,1.0,1.0,1.0,3.0,1.0,1.0
11964,1.0,1.0,1.0,3.0,1.0,1.0,1.0,1.0,1.0,3.0,1.0,1.0
11965,1.0,1.0,1.0,3.0,1.0,1.0,1.0,1.0,1.0,5.0,2.0,1.0
11966,1.0,1.0,1.0,3.0,1.0,1.0,1.0,1.0,1.0,4.0,1.0,1.0
11967,1.0,1.0,1.0,3.0,1.0,1.0,1.0,1.0,1.0,3.0,1.0,1.0
11968,1.0,1.0,1.0,3.0,1.0,1.0,1.0,1.0,1.0,5.0,2.0,1.0
11969,1.0,1.0,1.0,3.0,1.0,1.0,1.0,1.0,1.0,3.0,1.0,1.0
11970,1.0,1.0,1.0,3.0,1.0,1.0,1.0,1.0,1.0,3.0,1.0,1.0
11971,1.0,1.0,1.0,3.0,1.0,1.0,1.0,1.0,1.0,5.0,2.0,1.0
11972,1.0,1.0,1.0,3.0,1.0,1.0,1.0,1.0,1.0,4.0,1.0,1.0
11973,1.0,1.0,1.0,3.0,1.0,1.0,1.0,1.0,1.0,3.0,1.0,1.0
11974,1.0,1.0,1.0,3.0,1.0,1.0,1.0,1.0,1.0,3.0,1.0,1.0
11975,1.0,1.0,1.0,3.0,1.0,1.0,1.0,1.0,1.0,4.0,1.0,1.0
11976,1.0,1.0,1.0,3.0,1.0,1.0,1.0,1.0,1.0,3.0,1.0,1.0
11977,1.0,1.0,1.0,3.0,1.0,1.0,1.0,1.0,1.0,5.0,2.0,1.0
11978,1.0,1.0,1.0,3.0,1.0,1.0,1.0,1.0,1.0,5.0,2.0,1.0
11979,1.0,1.0,1.0,3.0,1.0,1.0,1.0,1.0,1.0,3.0,1.0,1.0
11980,1.0,1.0,1.0,3.0,1.0,1.0,1.0,1.0,1.0,3.0,1.0,1.0
11981,1.0,1.0,1.0,3.0,1.0,1.0,1.0,1.0,1.0,3.0,1.0,1.0
11982,1.0,1.0,1.0,3.0,1.0,1.0,1.0,1.0,1.0,5.0,2.0,1.0
11983,1.0,1.0,1.0,3.0,1.0,1.0,1.0,1.0,1.0,3.0,1.0,1.0
11984,1.0,1.0,1.0,3.0,1.0,1.0,1.0,1.0,1.0,5.0,2.0,1.0
11985,1.0,1.0,1.0,3.0,1.0,1.0,1.0,1.0,1.0,5.0,2.0,1.0
11986,1.0,1.0,1.0,3.0,1.0,1.0,1.0,1.0,1.0,3.0,1.0,1.0
11987,1.0,1.0,1.0,3.0,1.0,1.0,1.0,1.0,1.0,3.0,1.0,1.0
11988,1.0,1.0,1.0,3.0,1.0,1.0,1.0,1.0,1.0,4.0,1.0,1.0
11989,1.0,1.0,1.0,3.0,1.0,1.0,1.0,1.0,1.0,4.0,1.0,1.0
11990,1.0,1.0,1.0,3.0,1.0,1.0,1.0,1.0,1.0,3.0,1.0,1.0
11991,1.0,1.0,1.0,3.0,1.0,1.0,1.0,1.0,1.0,3.0,1.0,1.0
11992,1.0,1.0,1.0,3.0,1.0,1.0,1.0,1.0,1.0,3.0,1.0,1.0
11993,1.0,1.0,1.0,3.0,1.0,1.0,1.0,1.0,1.0,5.0,2.0,1.0
11994,1.0,1.0,1.0,3.0,1.0,1.0,1.0,1.0,1.0,4.0,1.0,1.0
11995,1.0,1.0,1.0,3.0,1.0,1.0,1.0,1.0,1.0,3.0,1.0,1.0
11996,1.0,1.0,1.0,3.0,1.0,1.0,1.0,1.0,1.0,5.0,2.0,1.0
11997,1.0,1.0,1.0,3.0,1.0,1.0,1.0,1.0,1.0,3.0,1.0,1.0
11998,1.0,1.0,1.0,3.0,1.0,1.0,1.0,1.0,1.0,3.0,1.0,1.0
11999,1.0,1.0,1.0,3.0,1.0,1.0,1.0,1.0,1.0,5.0,2.0,1.0
12000,1.0,1.0,1.0,3.0,1.0,1.0,1.0,1.0,1.0,3.0,1.0,1.0
12001,1.0,1.0,1.0,3.0,1.0,1.0,1.0,1.0,1.0,3.0,1.0,1.0
12002,1.0,1.0,1.0,3.0,1.0,1.0,1.0,1.0,1.0,4.0,1.0,1.0
12003,1.0,1.0,1.0,3.0,1.0,1.0,1.0,1.0,1.0,3.0,1.0,1.0
12004,1.0,1.0,1.0,3.0,1.0,1.0,1.0,1.0,1.0,4.0,1.0,1.0
12005,1.0,1.0,1.0,3.0,1.0,1.0,1.0,1.0,1.0,4.0,1.0,1.0
12006,1.0,1.0,1.0,3.0,1.0,1.0,1.0,1.0,1.0,4.0,1.0,1.0
12007,1.0,1.0,1.0,3.0,1.0,1.0,1.0,1.0,1.0,5.0,2.0,1.0
12008,1.0,1.0,1.0,3.0,1.0,1.0,1.0,1.0,1.0,3.0,1.0,1.0
12009,1.0,1.0,1.0,3.0,1.0,1.0,1.0,1.0,1.0,4.0,1.0,1.0
12010,1.0,1.0,1.0,3.0,1.0,1.0,1.0,1.0,1.0,3.0,1.0,1.0
12011,1.0,1.0,1.0,3.0,1.0,1.0,1.0,1.0,1.0,5.0,2.0,1.0
12012,1.0,1.0,1.0,3.0,1.0,1.0,1.0,1.0,1.0,3.0,1.0,1.0
12013,1.0,1.0,1.0,3.0,1.0,1.0,1.0,1.0,1.0,3.0,1.0,1.0
12014,1.0,1.0,1.0,3.0,1.0,1.0,1.0,1.0,1.0,3.0,1.0,1.0
12015,1.0,1.0,1.0,3.0,1.0,1.0,1.0,1.0,1.0,3.0,1.0,1.0
12016,1.0,1.0,1.0,3.0,1.0,1.0,1.0,1.0,1.0,4.0,1.0,1.0
12017,1.0,1.0,1.0,3.0,1.0,1.0,1.0,1.0,1.0,3.0,1.0,1.0
12018,1.0,1.0,1.0,3.0,1.0,1.0,1.0,1.0,1.0,3.0,1.0,1.0
12019,1.0,1.0,1.0,3.0,1.0,1.0,1.0,1.0,1.0,3.0,1.0,1.0
12020,1.0,1.0,1.0,3.0,1.0,1.0,1.0,1.0,1.0,3.0,1.0,1.0
12021,1.0,1.0,1.0,3.0,1.0,1.0,1.0,1.0,1.0,4.0,1.0,1.0
12022,1.0,1.0,1.0,3.0,1.0,1.0,1.0,1.0,1.0,3.0,1.0,1.0
12023,1.0,1.0,1.0,3.0,1.0,1.0,1.0,1.0,1.0,5.0,2.0,1.0
12024,1.0,1.0,1.0,3.0,1.0,1.0,1.0,1.0,1.0,5.0,2.0,1.0
12025,1.0,1.0,1.0,3.0,1.0,1.0,1.0,1.0,1.0,3.0,1.0,1.0
12026,1.0,1.0,1.0,3.0,1.0,1.0,1.0,1.0,1.0,3.0,1.0,1.0
12027,1.0,1.0,1.0,3.0,1.0,1.0,1.0,1.0,1.0,3.0,1.0,1.0
12028,1.0,1.0,1.0,3.0,1.0,1.0,1.0,1.0,1.0,3.0,1.0,1.0
12029,1.0,1.0,1.0,3.0,1.0,1.0,1.0,1.0,1.0,3.0,1.0,1.0
12030,1.0,1.0,1.0,3.0,1.0,1.0,1.0,1.0,1.0,3.0,1.0,1.0
12031,1.0,1.0,1.0,3.0,1.0,1.0,1.0,1.0,1.0,4.0,1.0,1.0
12032,1.0,1.0,1.0,3.0,1.0,1.0,1.0,1.0,1.0,3.0,1.0,1.0
12033,1.0,1.0,1.0,3.0,1.0,1.0,1.0,1.0,1.0,3.0,1.0,1.0
12034,1.0,1.0,1.0,3.0,1.0,1.0,1.0,1.0,1.0,3.0,1.0,1.0
12035,1.0,1.0,1.0,3.0,1.0,1.0,1.0,1.0,1.0,5.0,2.0,1.0
12036,1.0,1.0,1.0,3.0,1.0,1.0,1.0,1.0,1.0,4.0,1.0,1.0
12037,1.0,1.0,1.0,3.0,1.0,1.0,1.0,1.0,1.0,5.0,2.0,1.0
12038,1.0,1.0,1.0,3.0,1.0,1.0,1.0,1.0,1.0,5.0,2.0,1.0
12039,1.0,1.0,1.0,3.0,1.0,1.0,1.0,1.0,1.0,5.0,2.0,1.0
12040,1.0,1.0,1.0,3.0,1.0,1.0,1.0,1.0,1.0,3.0,1.0,1.0
12041,1.0,1.0,1.0,3.0,1.0,1.0,1.0,1.0,1.0,3.0,1.0,1.0
12042,1.0,1.0,1.0,3.0,1.0,1.0,1.0,1.0,1.0,5.0,2.0,1.0
12043,1.0,1.0,1.0,3.0,1.0,1.0,1.0,1.0,1.0,5.0,2.0,1.0
12044,1.0,1.0,1.0,3.0,1.0,1.0,1.0,1.0,1.0,4.0,1.0,1.0
12045,1.0,1.0,1.0,3.0,1.0,1.0,1.0,1.0,1.0,5.0,2.0,1.0
12046,1.0,1.0,1.0,3.0,1.0,1.0,1.0,1.0,1.0,3.0,1.0,1.0
12047,1.0,1.0,1.0,3.0,1.0,1.0,1.0,1.0,1.0,5.0,2.0,1.0
12048,1.0,1.0,1.0,3.0,1.0,1.0,1.0,1.0,1.0,3.0,1.0,1.0
12049,1.0,1.0,1.0,3.0,1.0,1.0,1.0,1.0,1.0,5.0,2.0,1.0
12050,1.0,1.0,1.0,3.0,1.0,1.0,1.0,1.0,1.0,4.0,1.0,1.0
12051,1.0,1.0,1.0,3.0,1.0,1.0,1.0,1.0,1.0,5.0,2.0,1.0
12052,1.0,1.0,1.0,3.0,1.0,1.0,1.0,1.0,1.0,5.0,2.0,1.0
12053,1.0,1.0,1.0,3.0,1.0,1.0,1.0,1.0,1.0,3.0,1.0,1.0
12054,1.0,1.0,1.0,3.0,1.0,1.0,1.0,1.0,1.0,3.0,1.0,1.0
12055,1.0,1.0,1.0,3.0,1.0,1.0,1.0,1.0,1.0,5.0,2.0,1.0
12056,1.0,1.0,1.0,3.0,1.0,1.0,1.0,1.0,1.0,4.0,1.0,1.0
12057,1.0,1.0,1.0,3.0,1.0,1.0,1.0,1.0,1.0,4.0,1.0,1.0
12058,1.0,1.0,1.0,3.0,1.0,1.0,1.0,1.0,1.0,3.0,1.0,1.0
12059,1.0,1.0,1.0,3.0,1.0,1.0,1.0,1.0,1.0,3.0,1.0,1.0
12060,1.0,1.0,1.0,3.0,1.0,1.0,1.0,1.0,1.0,4.0,1.0,1.0
12061,1.0,1.0,1.0,3.0,1.0,1.0,1.0,1.0,1.0,4.0,1.0,1.0
12062,1.0,1.0,1.0,3.0,1.0,1.0,1.0,1.0,1.0,3.0,1.0,1.0
12063,1.0,1.0,1.0,3.0,1.0,1.0,1.0,1.0,1.0,4.0,1.0,1.0
12064,1.0,1.0,1.0,3.0,1.0,1.0,1.0,1.0,1.0,3.0,1.0,1.0
12065,1.0,1.0,1.0,3.0,1.0,1.0,1.0,1.0,1.0,4.0,1.0,1.0
12066,1.0,1.0,1.0,3.0,1.0,1.0,1.0,1.0,1.0,5.0,2.0,1.0
12067,1.0,1.0,1.0,3.0,1.0,1.0,1.0,1.0,1.0,3.0,1.0,1.0
12068,1.0,1.0,1.0,3.0,1.0,1.0,1.0,1.0,1.0,3.0,1.0,1.0
12069,1.0,1.0,1.0,3.0,1.0,1.0,1.0,1.0,1.0,3.0,1.0,1.0
12070,1.0,1.0,1.0,3.0,1.0,1.0,1.0,1.0,1.0,4.0,1.0,1.0
12071,1.0,1.0,1.0,3.0,1.0,1.0,1.0,1.0,1.0,5.0,2.0,1.0
12072,1.0,1.0,1.0,3.0,1.0,1.0,1.0,1.0,1.0,3.0,1.0,1.0
12073,1.0,1.0,1.0,3.0,1.0,1.0,1.0,1.0,1.0,4.0,1.0,1.0
12074,1.0,1.0,1.0,3.0,1.0,1.0,1.0,1.0,1.0,4.0,1.0,1.0
12075,1.0,1.0,1.0,3.0,1.0,1.0,1.0,1.0,1.0,4.0,1.0,1.0
12076,1.0,1.0,1.0,3.0,1.0,1.0,1.0,1.0,1.0,3.0,1.0,1.0
12077,1.0,1.0,1.0,3.0,1.0,1.0,1.0,1.0,1.0,3.0,1.0,1.0
12078,1.0,1.0,1.0,3.0,1.0,1.0,1.0,1.0,1.0,3.0,1.0,1.0
12079,1.0,1.0,1.0,3.0,1.0,1.0,1.0,1.0,1.0,5.0,2.0,1.0
12080,1.0,1.0,1.0,3.0,1.0,1.0,1.0,1.0,1.0,3.0,1.0,1.0
12081,1.0,1.0,1.0,3.0,1.0,1.0,1.0,1.0,1.0,5.0,2.0,1.0
12082,1.0,1.0,1.0,3.0,1.0,1.0,1.0,1.0,1.0,4.0,1.0,1.0
12083,1.0,1.0,1.0,3.0,1.0,1.0,1.0,1.0,1.0,3.0,1.0,1.0
12084,1.0,1.0,1.0,3.0,1.0,1.0,1.0,1.0,1.0,5.0,2.0,1.0
12085,1.0,1.0,1.0,3.0,1.0,1.0,1.0,1.0,1.0,3.0,1.0,1.0
12086,1.0,1.0,1.0,3.0,1.0,1.0,1.0,1.0,1.0,4.0,1.0,1.0
12087,1.0,1.0,1.0,3.0,1.0,1.0,1.0,1.0,1.0,3.0,1.0,1.0
12088,1.0,1.0,1.0,3.0,1.0,1.0,1.0,1.0,1.0,5.0,2.0,1.0
12089,1.0,1.0,1.0,3.0,1.0,1.0,1.0,1.0,1.0,3.0,1.0,1.0
12090,1.0,1.0,1.0,3.0,1.0,1.0,1.0,1.0,1.0,5.0,2.0,1.0
12091,1.0,1.0,1.0,3.0,1.0,1.0,1.0,1.0,1.0,3.0,1.0,1.0
12092,1.0,1.0,1.0,3.0,1.0,1.0,1.0,1.0,1.0,5.0,2.0,1.0
12093,1.0,1.0,1.0,3.0,1.0,1.0,1.0,1.0,1.0,3.0,1.0,1.0
12094,1.0,1.0,1.0,3.0,1.0,1.0,1.0,1.0,1.0,3.0,1.0,1.0
12095,1.0,1.0,1.0,3.0,1.0,1.0,1.0,1.0,1.0,5.0,2.0,1.0
12096,1.0,1.0,1.0,3.0,1.0,1.0,1.0,1.0,1.0,4.0,1.0,1.0
12097,1.0,1.0,1.0,3.0,1.0,1.0,1.0,1.0,1.0,4.0,1.0,1.0
12098,1.0,1.0,1.0,3.0,1.0,1.0,1.0,1.0,1.0,3.0,1.0,1.0
12099,1.0,1.0,1.0,3.0,1.0,1.0,1.0,1.0,1.0,3.0,1.0,1.0
12100,1.0,1.0,1.0,3.0,1.0,1.0,1.0,1.0,1.0,4.0,1.0,1.0
12101,1.0,1.0,1.0,3.0,1.0,1.0,1.0,1.0,1.0,3.0,1.0,1.0
12102,1.0,1.0,1.0,3.0,1.0,1.0,1.0,1.0,1.0,5.0,2.0,1.0
12103,1.0,1.0,1.0,3.0,1.0,1.0,1.0,1.0,1.0,4.0,1.0,1.0
12104,1.0,1.0,1.0,3.0,1.0,1.0,1.0,1.0,1.0,4.0,1.0,1.0
12105,1.0,1.0,1.0,3.0,1.0,1.0,1.0,1.0,1.0,5.0,2.0,1.0
12106,1.0,1.0,1.0,3.0,1.0,1.0,1.0,1.0,1.0,5.0,2.0,1.0
12107,1.0,1.0,1.0,3.0,1.0,1.0,1.0,1.0,1.0,3.0,1.0,1.0
12108,1.0,1.0,1.0,3.0,1.0,1.0,1.0,1.0,1.0,4.0,1.0,1.0
12109,1.0,1.0,1.0,3.0,1.0,1.0,1.0,1.0,1.0,5.0,2.0,1.0
12110,1.0,1.0,1.0,3.0,1.0,1.0,1.0,1.0,1.0,3.0,1.0,1.0
12111,1.0,1.0,1.0,3.0,1.0,1.0,1.0,1.0,1.0,5.0,2.0,1.0
12112,1.0,1.0,1.0,3.0,1.0,1.0,1.0,1.0,1.0,4.0,1.0,1.0
12113,1.0,1.0,1.0,3.0,1.0,1.0,1.0,1.0,1.0,3.0,1.0,1.0
12114,1.0,1.0,1.0,3.0,1.0,1.0,1.0,1.0,1.0,5.0,2.0,1.0
12115,1.0,1.0,1.0,3.0,1.0,1.0,1.0,1.0,1.0,5.0,2.0,1.0
12116,1.0,1.0,1.0,3.0,1.0,1.0,1.0,1.0,1.0,3.0,1.0,1.0
12117,1.0,1.0,1.0,3.0,1.0,1.0,1.0,1.0,1.0,5.0,2.0,1.0
12118,1.0,1.0,1.0,3.0,1.0,1.0,1.0,1.0,1.0,3.0,1.0,1.0
12119,1.0,1.0,1.0,3.0,1.0,1.0,1.0,1.0,1.0,5.0,2.0,1.0
12120,1.0,1.0,1.0,3.0,1.0,1.0,1.0,1.0,1.0,4.0,1.0,1.0
12121,1.0,1.0,1.0,3.0,1.0,1.0,1.0,1.0,1.0,5.0,2.0,1.0
12122,1.0,1.0,1.0,3.0,1.0,1.0,1.0,1.0,1.0,3.0,1.0,1.0
12123,1.0,1.0,1.0,3.0,1.0,1.0,1.0,1.0,1.0,3.0,1.0,1.0
12124,1.0,1.0,1.0,3.0,1.0,1.0,1.0,1.0,1.0,5.0,2.0,1.0
12125,1.0,1.0,1.0,3.0,1.0,1.0,1.0,1.0,1.0,4.0,1.0,1.0
12126,1.0,1.0,1.0,3.0,1.0,1.0,1.0,1.0,1.0,3.0,1.0,1.0
12127,1.0,1.0,1.0,3.0,1.0,1.0,1.0,1.0,1.0,3.0,1.0,1.0
12128,1.0,1.0,1.0,3.0,1.0,1.0,1.0,1.0,1.0,3.0,1.0,1.0
12129,1.0,1.0,1.0,3.0,1.0,1.0,1.0,1.0,1.0,3.0,1.0,1.0
12130,1.0,1.0,1.0,3.0,1.0,1.0,1.0,1.0,1.0,5.0,2.0,1.0
12131,1.0,1.0,1.0,3.0,1.0,1.0,1.0,1.0,1.0,3.0,1.0,1.0
12132,1.0,1.0,1.0,3.0,1.0,1.0,1.0,1.0,1.0,3.0,1.0,1.0
12133,1.0,1.0,1.0,3.0,1.0,1.0,1.0,1.0,1.0,3.0,1.0,1.0
12134,1.0,1.0,1.0,3.0,1.0,1.0,1.0,1.0,1.0,3.0,1.0,1.0
12135,1.0,1.0,1.0,3.0,1.0,1.0,1.0,1.0,1.0,4.0,1.0,1.0
12136,1.0,1.0,1.0,3.0,1.0,1.0,1.0,1.0,1.0,3.0,1.0,1.0
12137,1.0,1.0,1.0,3.0,1.0,1.0,1.0,1.0,1.0,5.0,2.0,1.0
12138,1.0,1.0,1.0,3.0,1.0,1.0,1.0,1.0,1.0,4.0,1.0,1.0
12139,1.0,1.0,1.0,3.0,1.0,1.0,1.0,1.0,1.0,3.0,1.0,1.0
12140,1.0,1.0,1.0,3.0,1.0,1.0,1.0,1.0,1.0,3.0,1.0,1.0
12141,1.0,1.0,1.0,3.0,1.0,1.0,1.0,1.0,1.0,3.0,1.0,1.0
12142,1.0,1.0,1.0,3.0,1.0,1.0,1.0,1.0,1.0,3.0,1.0,1.0
12143,1.0,1.0,1.0,3.0,1.0,1.0,1.0,1.0,1.0,3.0,1.0,1.0
12144,1.0,1.0,1.0,3.0,1.0,1.0,1.0,1.0,1.0,3.0,1.0,1.0
12145,1.0,1.0,1.0,3.0,1.0,1.0,1.0,1.0,1.0,3.0,1.0,1.0
12146,1.0,1.0,1.0,3.0,1.0,1.0,1.0,1.0,1.0,3.0,1.0,1.0
12147,1.0,1.0,1.0,3.0,1.0,1.0,1.0,1.0,1.0,3.0,1.0,1.0
12148,1.0,1.0,1.0,3.0,1.0,1.0,1.0,1.0,1.0,5.0,2.0,1.0
12149,1.0,1.0,1.0,3.0,1.0,1.0,1.0,1.0,1.0,5.0,2.0,1.0
12150,1.0,1.0,1.0,3.0,1.0,1.0,1.0,1.0,1.0,5.0,2.0,1.0
12151,1.0,1.0,1.0,3.0,1.0,1.0,1.0,1.0,1.0,4.0,1.0,1.0
12152,1.0,1.0,1.0,3.0,1.0,1.0,1.0,1.0,1.0,3.0,1.0,1.0
12153,1.0,1.0,1.0,3.0,1.0,1.0,1.0,1.0,1.0,3.0,1.0,1.0
12154,1.0,1.0,1.0,3.0,1.0,1.0,1.0,1.0,1.0,5.0,2.0,1.0
12155,1.0,1.0,1.0,3.0,1.0,1.0,1.0,1.0,1.0,3.0,1.0,1.0
12156,1.0,1.0,1.0,3.0,1.0,1.0,1.0,1.0,1.0,3.0,1.0,1.0
12157,1.0,1.0,1.0,3.0,1.0,1.0,1.0,1.0,1.0,4.0,1.0,1.0
12158,1.0,1.0,1.0,3.0,1.0,1.0,1.0,1.0,1.0,5.0,2.0,1.0
12159,1.0,1.0,1.0,3.0,1.0,1.0,1.0,1.0,1.0,3.0,1.0,1.0
12160,1.0,1.0,1.0,3.0,1.0,1.0,1.0,1.0,1.0,3.0,1.0,1.0
12161,1.0,1.0,1.0,3.0,1.0,1.0,1.0,1.0,1.0,3.0,1.0,1.0
12162,1.0,1.0,1.0,3.0,1.0,1.0,1.0,1.0,1.0,4.0,1.0,1.0
12163,1.0,1.0,1.0,3.0,1.0,1.0,1.0,1.0,1.0,3.0,1.0,1.0
12164,1.0,1.0,1.0,3.0,1.0,1.0,1.0,1.0,1.0,5.0,2.0,1.0
12165,1.0,1.0,1.0,3.0,1.0,1.0,1.0,1.0,1.0,4.0,1.0,1.0
12166,1.0,1.0,1.0,3.0,1.0,1.0,1.0,1.0,1.0,5.0,2.0,1.0
12167,1.0,1.0,1.0,3.0,1.0,1.0,1.0,1.0,1.0,5.0,2.0,1.0
12168,1.0,1.0,1.0,3.0,1.0,1.0,1.0,1.0,1.0,4.0,1.0,1.0
12169,1.0,1.0,1.0,3.0,1.0,1.0,1.0,1.0,1.0,3.0,1.0,1.0
12170,1.0,1.0,1.0,3.0,1.0,1.0,1.0,1.0,1.0,5.0,2.0,1.0
12171,1.0,1.0,1.0,3.0,1.0,1.0,1.0,1.0,1.0,3.0,1.0,1.0
12172,1.0,1.0,1.0,3.0,1.0,1.0,1.0,1.0,1.0,3.0,1.0,1.0
12173,1.0,1.0,1.0,3.0,1.0,1.0,1.0,1.0,1.0,4.0,1.0,1.0
12174,1.0,1.0,1.0,3.0,1.0,1.0,1.0,1.0,1.0,5.0,2.0,1.0
12175,1.0,1.0,1.0,3.0,1.0,1.0,1.0,1.0,1.0,5.0,2.0,1.0
12176,1.0,1.0,1.0,3.0,1.0,1.0,1.0,1.0,1.0,3.0,1.0,1.0
12177,1.0,1.0,1.0,3.0,1.0,1.0,1.0,1.0,1.0,5.0,2.0,1.0
12178,1.0,1.0,1.0,3.0,1.0,1.0,1.0,1.0,1.0,3.0,1.0,1.0
12179,1.0,1.0,1.0,3.0,1.0,1.0,1.0,1.0,1.0,5.0,2.0,1.0
12180,1.0,1.0,1.0,3.0,1.0,1.0,1.0,1.0,1.0,4.0,1.0,1.0
12181,1.0,1.0,1.0,3.0,1.0,1.0,1.0,1.0,1.0,3.0,1.0,1.0
12182,1.0,1.0,1.0,3.0,1.0,1.0,1.0,1.0,1.0,4.0,1.0,1.0
12183,1.0,1.0,1.0,3.0,1.0,1.0,1.0,1.0,1.0,3.0,1.0,1.0
12184,1.0,1.0,1.0,3.0,1.0,1.0,1.0,1.0,1.0,4.0,1.0,1.0
12185,1.0,1.0,1.0,3.0,1.0,1.0,1.0,1.0,1.0,3.0,1.0,1.0
12186,1.0,1.0,1.0,3.0,1.0,1.0,1.0,1.0,1.0,5.0,2.0,1.0
12187,1.0,1.0,1.0,3.0,1.0,1.0,1.0,1.0,1.0,4.0,1.0,1.0
12188,1.0,1.0,1.0,3.0,1.0,1.0,1.0,1.0,1.0,3.0,1.0,1.0
12189,1.0,1.0,1.0,3.0,1.0,1.0,1.0,1.0,1.0,5.0,2.0,1.0
12190,1.0,1.0,1.0,3.0,1.0,1.0,1.0,1.0,1.0,4.0,1.0,1.0
12191,1.0,1.0,1.0,3.0,1.0,1.0,1.0,1.0,1.0,4.0,1.0,1.0
12192,1.0,1.0,1.0,3.0,1.0,1.0,1.0,1.0,1.0,5.0,2.0,1.0
12193,1.0,1.0,1.0,3.0,1.0,1.0,1.0,1.0,1.0,4.0,1.0,1.0
12194,1.0,1.0,1.0,3.0,1.0,1.0,1.0,1.0,1.0,4.0,1.0,1.0
12195,1.0,1.0,1.0,3.0,1.0,1.0,1.0,1.0,1.0,5.0,2.0,1.0
12196,1.0,1.0,1.0,3.0,1.0,1.0,1.0,1.0,1.0,3.0,1.0,1.0
12197,1.0,1.0,1.0,3.0,1.0,1.0,1.0,1.0,1.0,3.0,1.0,1.0
12198,1.0,1.0,1.0,3.0,1.0,1.0,1.0,1.0,1.0,4.0,1.0,1.0
12199,1.0,1.0,1.0,3.0,1.0,1.0,1.0,1.0,1.0,3.0,1.0,1.0
12200,1.0,1.0,1.0,3.0,1.0,1.0,1.0,1.0,1.0,3.0,1.0,1.0
12201,1.0,1.0,1.0,3.0,1.0,1.0,1.0,1.0,1.0,3.0,1.0,1.0
12202,1.0,1.0,1.0,3.0,1.0,1.0,1.0,1.0,1.0,3.0,1.0,1.0
12203,1.0,1.0,1.0,3.0,1.0,1.0,1.0,1.0,1.0,4.0,1.0,1.0
12204,1.0,1.0,1.0,3.0,1.0,1.0,1.0,1.0,1.0,3.0,1.0,1.0
12205,1.0,1.0,1.0,3.0,1.0,1.0,1.0,1.0,1.0,5.0,2.0,1.0
12206,1.0,1.0,1.0,3.0,1.0,1.0,1.0,1.0,1.0,5.0,2.0,1.0
12207,1.0,1.0,1.0,3.0,1.0,1.0,1.0,1.0,1.0,3.0,1.0,1.0
12208,1.0,1.0,1.0,3.0,1.0,1.0,1.0,1.0,1.0,4.0,1.0,1.0
12209,1.0,1.0,1.0,3.0,1.0,1.0,1.0,1.0,1.0,4.0,1.0,1.0
12210,1.0,1.0,1.0,3.0,1.0,1.0,1.0,1.0,1.0,5.0,2.0,1.0
12211,1.0,1.0,1.0,3.0,1.0,1.0,1.0,1.0,1.0,3.0,1.0,1.0
12212,1.0,1.0,1.0,3.0,1.0,1.0,1.0,1.0,1.0,5.0,2.0,1.0
12213,1.0,1.0,1.0,3.0,1.0,1.0,1.0,1.0,1.0,4.0,1.0,1.0
12214,1.0,1.0,1.0,3.0,1.0,1.0,1.0,1.0,1.0,3.0,1.0,1.0
12215,1.0,1.0,1.0,3.0,1.0,1.0,1.0,1.0,1.0,4.0,1.0,1.0
12216,1.0,1.0,1.0,3.0,1.0,1.0,1.0,1.0,1.0,3.0,1.0,1.0
12217,1.0,1.0,1.0,3.0,1.0,1.0,1.0,1.0,1.0,3.0,1.0,1.0
12218,1.0,1.0,1.0,3.0,1.0,1.0,1.0,1.0,1.0,5.0,2.0,1.0
12219,1.0,1.0,1.0,3.0,1.0,1.0,1.0,1.0,1.0,3.0,1.0,1.0
12220,1.0,1.0,1.0,3.0,1.0,1.0,1.0,1.0,1.0,3.0,1.0,1.0
12221,1.0,1.0,1.0,3.0,1.0,1.0,1.0,1.0,1.0,5.0,2.0,1.0
12222,1.0,1.0,1.0,3.0,1.0,1.0,1.0,1.0,1.0,3.0,1.0,1.0
12223,1.0,1.0,1.0,3.0,1.0,1.0,1.0,1.0,1.0,4.0,1.0,1.0
12224,1.0,1.0,1.0,3.0,1.0,1.0,1.0,1.0,1.0,3.0,1.0,1.0
12225,1.0,1.0,1.0,3.0,1.0,1.0,1.0,1.0,1.0,3.0,1.0,1.0
12226,1.0,1.0,1.0,3.0,1.0,1.0,1.0,1.0,1.0,3.0,1.0,1.0
12227,1.0,1.0,1.0,3.0,1.0,1.0,1.0,1.0,1.0,3.0,1.0,1.0
12228,1.0,1.0,1.0,3.0,1.0,1.0,1.0,1.0,1.0,3.0,1.0,1.0
12229,1.0,1.0,1.0,3.0,1.0,1.0,1.0,1.0,1.0,5.0,2.0,1.0
12230,1.0,1.0,1.0,3.0,1.0,1.0,1.0,1.0,1.0,3.0,1.0,1.0
12231,1.0,1.0,1.0,3.0,1.0,1.0,1.0,1.0,1.0,3.0,1.0,1.0
12232,1.0,1.0,1.0,3.0,1.0,1.0,1.0,1.0,1.0,3.0,1.0,1.0
12233,1.0,1.0,1.0,3.0,1.0,1.0,1.0,1.0,1.0,3.0,1.0,1.0
12234,1.0,1.0,1.0,3.0,1.0,1.0,1.0,1.0,1.0,3.0,1.0,1.0
12235,1.0,1.0,1.0,3.0,1.0,1.0,1.0,1.0,1.0,3.0,1.0,1.0
12236,1.0,1.0,1.0,3.0,1.0,1.0,1.0,1.0,1.0,3.0,1.0,1.0
12237,1.0,1.0,1.0,3.0,1.0,1.0,1.0,1.0,1.0,3.0,1.0,1.0
12238,1.0,1.0,1.0,3.0,1.0,1.0,1.0,1.0,1.0,3.0,1.0,1.0
12239,1.0,1.0,1.0,3.0,1.0,1.0,1.0,1.0,1.0,3.0,1.0,1.0
12240,1.0,1.0,1.0,3.0,1.0,1.0,1.0,1.0,1.0,5.0,2.0,1.0
12241,1.0,1.0,1.0,3.0,1.0,1.0,1.0,1.0,1.0,4.0,1.0,1.0
12242,1.0,1.0,1.0,3.0,1.0,1.0,1.0,1.0,1.0,3.0,1.0,1.0
12243,1.0,1.0,1.0,3.0,1.0,1.0,1.0,1.0,1.0,3.0,1.0,1.0
12244,1.0,1.0,1.0,3.0,1.0,1.0,1.0,1.0,1.0,3.0,1.0,1.0
12245,1.0,1.0,1.0,3.0,1.0,1.0,1.0,1.0,1.0,3.0,1.0,1.0
12246,1.0,1.0,1.0,3.0,1.0,1.0,1.0,1.0,1.0,4.0,1.0,1.0
12247,1.0,1.0,1.0,3.0,1.0,1.0,1.0,1.0,1.0,4.0,1.0,1.0
12248,1.0,1.0,1.0,3.0,1.0,1.0,1.0,1.0,1.0,4.0,1.0,1.0
12249,1.0,1.0,1.0,3.0,1.0,1.0,1.0,1.0,1.0,5.0,2.0,1.0
12250,1.0,1.0,1.0,3.0,1.0,1.0,1.0,1.0,1.0,3.0,1.0,1.0
12251,1.0,1.0,1.0,3.0,1.0,1.0,1.0,1.0,1.0,5.0,2.0,1.0
12252,1.0,1.0,1.0,3.0,1.0,1.0,1.0,1.0,1.0,3.0,1.0,1.0
12253,1.0,1.0,1.0,3.0,1.0,1.0,1.0,1.0,1.0,3.0,1.0,1.0
12254,1.0,1.0,1.0,3.0,1.0,1.0,1.0,1.0,1.0,5.0,2.0,1.0
12255,1.0,1.0,1.0,3.0,1.0,1.0,1.0,1.0,1.0,4.0,1.0,1.0
12256,1.0,1.0,1.0,3.0,1.0,1.0,1.0,1.0,1.0,3.0,1.0,1.0
12257,1.0,1.0,1.0,3.0,1.0,1.0,1.0,1.0,1.0,3.0,1.0,1.0
12258,1.0,1.0,1.0,3.0,1.0,1.0,1.0,1.0,1.0,5.0,2.0,1.0
12259,1.0,1.0,1.0,3.0,1.0,1.0,1.0,1.0,1.0,5.0,2.0,1.0
12260,1.0,1.0,1.0,3.0,1.0,1.0,1.0,1.0,1.0,3.0,1.0,1.0
12261,1.0,1.0,1.0,3.0,1.0,1.0,1.0,1.0,1.0,5.0,2.0,1.0
12262,1.0,1.0,1.0,3.0,1.0,1.0,1.0,1.0,1.0,5.0,2.0,1.0
12263,1.0,1.0,1.0,3.0,1.0,1.0,1.0,1.0,1.0,3.0,1.0,1.0
12264,1.0,1.0,1.0,3.0,1.0,1.0,1.0,1.0,1.0,3.0,1.0,1.0
12265,1.0,1.0,1.0,3.0,1.0,1.0,1.0,1.0,1.0,4.0,1.0,1.0
12266,1.0,1.0,1.0,3.0,1.0,1.0,1.0,1.0,1.0,3.0,1.0,1.0
12267,1.0,1.0,1.0,3.0,1.0,1.0,1.0,1.0,1.0,3.0,1.0,1.0
12268,1.0,1.0,1.0,3.0,1.0,1.0,1.0,1.0,1.0,5.0,2.0,1.0
12269,1.0,1.0,1.0,3.0,1.0,1.0,1.0,1.0,1.0,3.0,1.0,1.0
12270,1.0,1.0,1.0,3.0,1.0,1.0,1.0,1.0,1.0,4.0,1.0,1.0
12271,1.0,1.0,1.0,3.0,1.0,1.0,1.0,1.0,1.0,3.0,1.0,1.0
12272,1.0,1.0,1.0,3.0,1.0,1.0,1.0,1.0,1.0,3.0,1.0,1.0
12273,1.0,1.0,1.0,3.0,1.0,1.0,1.0,1.0,1.0,5.0,2.0,1.0
12274,1.0,1.0,1.0,3.0,1.0,1.0,1.0,1.0,1.0,5.0,2.0,1.0
12275,1.0,1.0,1.0,3.0,1.0,1.0,1.0,1.0,1.0,4.0,1.0,1.0
12276,1.0,1.0,1.0,3.0,1.0,1.0,1.0,1.0,1.0,5.0,2.0,1.0
12277,1.0,1.0,1.0,3.0,1.0,1.0,1.0,1.0,1.0,3.0,1.0,1.0
12278,1.0,1.0,1.0,3.0,1.0,1.0,1.0,1.0,1.0,4.0,1.0,1.0
12279,1.0,1.0,1.0,3.0,1.0,1.0,1.0,1.0,1.0,4.0,1.0,1.0
12280,1.0,1.0,1.0,3.0,1.0,1.0,1.0,1.0,1.0,5.0,2.0,1.0
12281,1.0,1.0,1.0,3.0,1.0,1.0,1.0,1.0,1.0,3.0,1.0,1.0
12282,1.0,1.0,1.0,3.0,1.0,1.0,1.0,1.0,1.0,5.0,2.0,1.0
12283,1.0,1.0,1.0,3.0,1.0,1.0,1.0,1.0,1.0,3.0,1.0,1.0
12284,1.0,1.0,1.0,3.0,1.0,1.0,1.0,1.0,1.0,3.0,1.0,1.0
12285,1.0,1.0,1.0,3.0,1.0,1.0,1.0,1.0,1.0,4.0,1.0,1.0
12286,1.0,1.0,1.0,3.0,1.0,1.0,1.0,1.0,1.0,4.0,1.0,1.0
12287,1.0,1.0,1.0,3.0,1.0,1.0,1.0,1.0,1.0,5.0,2.0,1.0
12288,1.0,1.0,1.0,3.0,1.0,1.0,1.0,1.0,1.0,5.0,2.0,1.0
12289,1.0,1.0,1.0,3.0,1.0,1.0,1.0,1.0,1.0,3.0,1.0,1.0
12290,1.0,1.0,1.0,3.0,1.0,1.0,1.0,1.0,1.0,3.0,1.0,1.0
12291,1.0,1.0,1.0,3.0,1.0,1.0,1.0,1.0,1.0,5.0,2.0,1.0
12292,1.0,1.0,1.0,3.0,1.0,1.0,1.0,1.0,1.0,4.0,1.0,1.0
12293,1.0,1.0,1.0,3.0,1.0,1.0,1.0,1.0,1.0,5.0,2.0,1.0
12294,1.0,1.0,1.0,3.0,1.0,1.0,1.0,1.0,1.0,3.0,1.0,1.0
12295,1.0,1.0,1.0,3.0,1.0,1.0,1.0,1.0,1.0,3.0,1.0,1.0
12296,1.0,1.0,1.0,3.0,1.0,1.0,1.0,1.0,1.0,4.0,1.0,1.0
12297,1.0,1.0,1.0,3.0,1.0,1.0,1.0,1.0,1.0,5.0,2.0,1.0
12298,1.0,1.0,1.0,3.0,1.0,1.0,1.0,1.0,1.0,5.0,2.0,1.0
12299,1.0,1.0,1.0,3.0,1.0,1.0,1.0,1.0,1.0,3.0,1.0,1.0
12300,1.0,1.0,1.0,3.0,1.0,1.0,1.0,1.0,1.0,4.0,1.0,1.0
12301,1.0,1.0,1.0,3.0,1.0,1.0,1.0,1.0,1.0,5.0,2.0,1.0
12302,1.0,1.0,1.0,3.0,1.0,1.0,1.0,1.0,1.0,3.0,1.0,1.0
12303,1.0,1.0,1.0,3.0,1.0,1.0,1.0,1.0,1.0,4.0,1.0,1.0
12304,1.0,1.0,1.0,3.0,1.0,1.0,1.0,1.0,1.0,3.0,1.0,1.0
12305,1.0,1.0,1.0,3.0,1.0,1.0,1.0,1.0,1.0,3.0,1.0,1.0
12306,1.0,1.0,1.0,3.0,1.0,1.0,1.0,1.0,1.0,5.0,2.0,1.0
12307,1.0,1.0,1.0,3.0,1.0,1.0,1.0,1.0,1.0,5.0,2.0,1.0
12308,1.0,1.0,1.0,3.0,1.0,1.0,1.0,1.0,1.0,3.0,1.0,1.0
12309,1.0,1.0,1.0,3.0,1.0,1.0,1.0,1.0,1.0,5.0,2.0,1.0
12310,1.0,1.0,1.0,3.0,1.0,1.0,1.0,1.0,1.0,3.0,1.0,1.0
12311,1.0,1.0,1.0,3.0,1.0,1.0,1.0,1.0,1.0,3.0,1.0,1.0
12312,1.0,1.0,1.0,3.0,1.0,1.0,1.0,1.0,1.0,3.0,1.0,1.0
12313,1.0,1.0,1.0,3.0,1.0,1.0,1.0,1.0,1.0,4.0,1.0,1.0
12314,1.0,1.0,1.0,3.0,1.0,1.0,1.0,1.0,1.0,3.0,1.0,1.0
12315,1.0,1.0,1.0,3.0,1.0,1.0,1.0,1.0,1.0,3.0,1.0,1.0
12316,1.0,1.0,1.0,3.0,1.0,1.0,1.0,1.0,1.0,3.0,1.0,1.0
12317,1.0,1.0,1.0,3.0,1.0,1.0,1.0,1.0,1.0,3.0,1.0,1.0
12318,1.0,1.0,1.0,3.0,1.0,1.0,1.0,1.0,1.0,5.0,2.0,1.0
12319,1.0,1.0,1.0,3.0,1.0,1.0,1.0,1.0,1.0,3.0,1.0,1.0
12320,1.0,1.0,1.0,3.0,1.0,1.0,1.0,1.0,1.0,5.0,2.0,1.0
12321,1.0,1.0,1.0,3.0,1.0,1.0,1.0,1.0,1.0,3.0,1.0,1.0
12322,1.0,1.0,1.0,3.0,1.0,1.0,1.0,1.0,1.0,5.0,2.0,1.0
12323,1.0,1.0,1.0,3.0,1.0,1.0,1.0,1.0,1.0,3.0,1.0,1.0
12324,1.0,1.0,1.0,3.0,1.0,1.0,1.0,1.0,1.0,3.0,1.0,1.0
12325,1.0,1.0,1.0,3.0,1.0,1.0,1.0,1.0,1.0,3.0,1.0,1.0
12326,1.0,1.0,1.0,3.0,1.0,1.0,1.0,1.0,1.0,3.0,1.0,1.0
12327,1.0,1.0,1.0,3.0,1.0,1.0,1.0,1.0,1.0,3.0,1.0,1.0
12328,1.0,1.0,1.0,3.0,1.0,1.0,1.0,1.0,1.0,4.0,1.0,1.0
12329,1.0,1.0,1.0,3.0,1.0,1.0,1.0,1.0,1.0,5.0,2.0,1.0
12330,1.0,1.0,1.0,3.0,1.0,1.0,1.0,1.0,1.0,5.0,2.0,1.0
12331,1.0,1.0,1.0,3.0,1.0,1.0,1.0,1.0,1.0,3.0,1.0,1.0
12332,1.0,1.0,1.0,3.0,1.0,1.0,1.0,1.0,1.0,4.0,1.0,1.0
12333,1.0,1.0,1.0,3.0,1.0,1.0,1.0,1.0,1.0,3.0,1.0,1.0
12334,1.0,1.0,1.0,3.0,1.0,1.0,1.0,1.0,1.0,3.0,1.0,1.0
12335,1.0,1.0,1.0,3.0,1.0,1.0,1.0,1.0,1.0,4.0,1.0,1.0
12336,1.0,1.0,1.0,3.0,1.0,1.0,1.0,1.0,1.0,3.0,1.0,1.0
12337,1.0,1.0,1.0,3.0,1.0,1.0,1.0,1.0,1.0,4.0,1.0,1.0
12338,1.0,1.0,1.0,3.0,1.0,1.0,1.0,1.0,1.0,3.0,1.0,1.0
12339,1.0,1.0,1.0,3.0,1.0,1.0,1.0,1.0,1.0,3.0,1.0,1.0
12340,1.0,1.0,1.0,3.0,1.0,1.0,1.0,1.0,1.0,5.0,2.0,1.0
12341,1.0,1.0,1.0,3.0,1.0,1.0,1.0,1.0,1.0,3.0,1.0,1.0
12342,1.0,1.0,1.0,3.0,1.0,1.0,1.0,1.0,1.0,3.0,1.0,1.0
12343,1.0,1.0,1.0,3.0,1.0,1.0,1.0,1.0,1.0,3.0,1.0,1.0
12344,1.0,1.0,1.0,3.0,1.0,1.0,1.0,1.0,1.0,3.0,1.0,1.0
12345,1.0,1.0,1.0,3.0,1.0,1.0,1.0,1.0,1.0,3.0,1.0,1.0
12346,1.0,1.0,1.0,3.0,1.0,1.0,1.0,1.0,1.0,4.0,1.0,1.0
12347,1.0,1.0,1.0,3.0,1.0,1.0,1.0,1.0,1.0,5.0,2.0,1.0
12348,1.0,1.0,1.0,3.0,1.0,1.0,1.0,1.0,1.0,5.0,2.0,1.0
12349,1.0,1.0,1.0,3.0,1.0,1.0,1.0,1.0,1.0,3.0,1.0,1.0
12350,1.0,1.0,1.0,3.0,1.0,1.0,1.0,1.0,1.0,3.0,1.0,1.0
12351,1.0,1.0,1.0,3.0,1.0,1.0,1.0,1.0,1.0,5.0,2.0,1.0
12352,1.0,1.0,1.0,3.0,1.0,1.0,1.0,1.0,1.0,4.0,1.0,1.0
12353,1.0,1.0,1.0,3.0,1.0,1.0,1.0,1.0,1.0,5.0,2.0,1.0
12354,1.0,1.0,1.0,3.0,1.0,1.0,1.0,1.0,1.0,5.0,2.0,1.0
12355,1.0,1.0,1.0,3.0,1.0,1.0,1.0,1.0,1.0,3.0,1.0,1.0
12356,1.0,1.0,1.0,3.0,1.0,1.0,1.0,1.0,1.0,4.0,1.0,1.0
12357,1.0,1.0,1.0,3.0,1.0,1.0,1.0,1.0,1.0,3.0,1.0,1.0
12358,1.0,1.0,1.0,3.0,1.0,1.0,1.0,1.0,1.0,3.0,1.0,1.0
12359,1.0,1.0,1.0,3.0,1.0,1.0,1.0,1.0,1.0,4.0,1.0,1.0
12360,1.0,1.0,1.0,3.0,1.0,1.0,1.0,1.0,1.0,4.0,1.0,1.0
12361,1.0,1.0,1.0,3.0,1.0,1.0,1.0,1.0,1.0,4.0,1.0,1.0
12362,1.0,1.0,1.0,3.0,1.0,1.0,1.0,1.0,1.0,4.0,1.0,1.0
12363,1.0,1.0,1.0,3.0,1.0,1.0,1.0,1.0,1.0,5.0,2.0,1.0
12364,1.0,1.0,1.0,3.0,1.0,1.0,1.0,1.0,1.0,3.0,1.0,1.0
12365,1.0,1.0,1.0,3.0,1.0,1.0,1.0,1.0,1.0,4.0,1.0,1.0
12366,1.0,1.0,1.0,3.0,1.0,1.0,1.0,1.0,1.0,3.0,1.0,1.0
12367,1.0,1.0,1.0,3.0,1.0,1.0,1.0,1.0,1.0,4.0,1.0,1.0
12368,1.0,1.0,1.0,3.0,1.0,1.0,1.0,1.0,1.0,3.0,1.0,1.0
12369,1.0,1.0,1.0,3.0,1.0,1.0,1.0,1.0,1.0,4.0,1.0,1.0
12370,1.0,1.0,1.0,3.0,1.0,1.0,1.0,1.0,1.0,3.0,1.0,1.0
12371,1.0,1.0,1.0,3.0,1.0,1.0,1.0,1.0,1.0,4.0,1.0,1.0
12372,1.0,1.0,1.0,3.0,1.0,1.0,1.0,1.0,1.0,3.0,1.0,1.0
12373,1.0,1.0,1.0,3.0,1.0,1.0,1.0,1.0,1.0,3.0,1.0,1.0
12374,1.0,1.0,1.0,3.0,1.0,1.0,1.0,1.0,1.0,3.0,1.0,1.0
12375,1.0,1.0,1.0,3.0,1.0,1.0,1.0,1.0,1.0,3.0,1.0,1.0
12376,1.0,1.0,1.0,3.0,1.0,1.0,1.0,1.0,1.0,5.0,2.0,1.0
12377,1.0,1.0,1.0,3.0,1.0,1.0,1.0,1.0,1.0,3.0,1.0,1.0
12378,1.0,1.0,1.0,3.0,1.0,1.0,1.0,1.0,1.0,4.0,1.0,1.0
12379,1.0,1.0,1.0,3.0,1.0,1.0,1.0,1.0,1.0,5.0,2.0,1.0
12380,1.0,1.0,1.0,3.0,1.0,1.0,1.0,1.0,1.0,3.0,1.0,1.0
12381,1.0,1.0,1.0,3.0,1.0,1.0,1.0,1.0,1.0,3.0,1.0,1.0
12382,1.0,1.0,1.0,3.0,1.0,1.0,1.0,1.0,1.0,3.0,1.0,1.0
12383,1.0,1.0,1.0,3.0,1.0,1.0,1.0,1.0,1.0,5.0,2.0,1.0
12384,1.0,1.0,1.0,3.0,1.0,1.0,1.0,1.0,1.0,3.0,1.0,1.0
12385,1.0,1.0,1.0,3.0,1.0,1.0,1.0,1.0,1.0,5.0,2.0,1.0
12386,1.0,1.0,1.0,3.0,1.0,1.0,1.0,1.0,1.0,5.0,2.0,1.0
12387,1.0,1.0,1.0,3.0,1.0,1.0,1.0,1.0,1.0,3.0,1.0,1.0
12388,1.0,1.0,1.0,3.0,1.0,1.0,1.0,1.0,1.0,5.0,2.0,1.0
12389,1.0,1.0,1.0,3.0,1.0,1.0,1.0,1.0,1.0,5.0,2.0,1.0
12390,1.0,1.0,1.0,3.0,1.0,1.0,1.0,1.0,1.0,5.0,2.0,1.0
12391,1.0,1.0,1.0,3.0,1.0,1.0,1.0,1.0,1.0,5.0,2.0,1.0
12392,1.0,1.0,1.0,3.0,1.0,1.0,1.0,1.0,1.0,4.0,1.0,1.0
12393,1.0,1.0,1.0,3.0,1.0,1.0,1.0,1.0,1.0,3.0,1.0,1.0
12394,1.0,1.0,1.0,3.0,1.0,1.0,1.0,1.0,1.0,3.0,1.0,1.0
12395,1.0,1.0,1.0,3.0,1.0,1.0,1.0,1.0,1.0,5.0,2.0,1.0
12396,1.0,1.0,1.0,3.0,1.0,1.0,1.0,1.0,1.0,4.0,1.0,1.0
12397,1.0,1.0,1.0,3.0,1.0,1.0,1.0,1.0,1.0,3.0,1.0,1.0
12398,1.0,1.0,1.0,3.0,1.0,1.0,1.0,1.0,1.0,3.0,1.0,1.0
12399,1.0,1.0,1.0,3.0,1.0,1.0,1.0,1.0,1.0,4.0,1.0,1.0
12400,1.0,1.0,1.0,3.0,1.0,1.0,1.0,1.0,1.0,4.0,1.0,1.0
12401,1.0,1.0,1.0,3.0,1.0,1.0,1.0,1.0,1.0,3.0,1.0,1.0
12402,1.0,1.0,1.0,3.0,1.0,1.0,1.0,1.0,1.0,5.0,2.0,1.0
12403,1.0,1.0,1.0,3.0,1.0,1.0,1.0,1.0,1.0,3.0,1.0,1.0
12404,1.0,1.0,1.0,3.0,1.0,1.0,1.0,1.0,1.0,3.0,1.0,1.0
12405,1.0,1.0,1.0,3.0,1.0,1.0,1.0,1.0,1.0,3.0,1.0,1.0
12406,1.0,1.0,1.0,3.0,1.0,1.0,1.0,1.0,1.0,4.0,1.0,1.0
12407,1.0,1.0,1.0,3.0,1.0,1.0,1.0,1.0,1.0,3.0,1.0,1.0
12408,1.0,1.0,1.0,3.0,1.0,1.0,1.0,1.0,1.0,4.0,1.0,1.0
12409,1.0,1.0,1.0,3.0,1.0,1.0,1.0,1.0,1.0,5.0,2.0,1.0
12410,1.0,1.0,1.0,3.0,1.0,1.0,1.0,1.0,1.0,5.0,2.0,1.0
12411,1.0,1.0,1.0,3.0,1.0,1.0,1.0,1.0,1.0,5.0,2.0,1.0
12412,1.0,1.0,1.0,3.0,1.0,1.0,1.0,1.0,1.0,3.0,1.0,1.0
12413,1.0,1.0,1.0,3.0,1.0,1.0,1.0,1.0,1.0,3.0,1.0,1.0
12414,1.0,1.0,1.0,3.0,1.0,1.0,1.0,1.0,1.0,3.0,1.0,1.0
12415,1.0,1.0,1.0,3.0,1.0,1.0,1.0,1.0,1.0,4.0,1.0,1.0
12416,1.0,1.0,1.0,3.0,1.0,1.0,1.0,1.0,1.0,4.0,1.0,1.0
12417,1.0,1.0,1.0,3.0,1.0,1.0,1.0,1.0,1.0,3.0,1.0,1.0
12418,1.0,1.0,1.0,3.0,1.0,1.0,1.0,1.0,1.0,3.0,1.0,1.0
12419,1.0,1.0,1.0,3.0,1.0,1.0,1.0,1.0,1.0,3.0,1.0,1.0
12420,1.0,1.0,1.0,3.0,1.0,1.0,1.0,1.0,1.0,5.0,2.0,1.0
12421,1.0,1.0,1.0,3.0,1.0,1.0,1.0,1.0,1.0,3.0,1.0,1.0
12422,1.0,1.0,1.0,3.0,1.0,1.0,1.0,1.0,1.0,3.0,1.0,1.0
12423,1.0,1.0,1.0,3.0,1.0,1.0,1.0,1.0,1.0,4.0,1.0,1.0
12424,1.0,1.0,1.0,3.0,1.0,1.0,1.0,1.0,1.0,3.0,1.0,1.0
12425,1.0,1.0,1.0,3.0,1.0,1.0,1.0,1.0,1.0,4.0,1.0,1.0
12426,1.0,1.0,1.0,3.0,1.0,1.0,1.0,1.0,1.0,3.0,1.0,1.0
12427,1.0,1.0,1.0,3.0,1.0,1.0,1.0,1.0,1.0,3.0,1.0,1.0
12428,1.0,1.0,1.0,3.0,1.0,1.0,1.0,1.0,1.0,3.0,1.0,1.0
12429,1.0,1.0,1.0,3.0,1.0,1.0,1.0,1.0,1.0,3.0,1.0,1.0
12430,1.0,1.0,1.0,3.0,1.0,1.0,1.0,1.0,1.0,4.0,1.0,1.0
12431,1.0,1.0,1.0,3.0,1.0,1.0,1.0,1.0,1.0,4.0,1.0,1.0
12432,1.0,1.0,1.0,3.0,1.0,1.0,1.0,1.0,1.0,3.0,1.0,1.0
12433,1.0,1.0,1.0,3.0,1.0,1.0,1.0,1.0,1.0,5.0,2.0,1.0
12434,1.0,1.0,1.0,3.0,1.0,1.0,1.0,1.0,1.0,4.0,1.0,1.0
12435,1.0,1.0,1.0,3.0,1.0,1.0,1.0,1.0,1.0,3.0,1.0,1.0
12436,1.0,1.0,1.0,3.0,1.0,1.0,1.0,1.0,1.0,3.0,1.0,1.0
12437,1.0,1.0,1.0,3.0,1.0,1.0,1.0,1.0,1.0,3.0,1.0,1.0
12438,1.0,1.0,1.0,3.0,1.0,1.0,1.0,1.0,1.0,3.0,1.0,1.0
12439,1.0,1.0,1.0,3.0,1.0,1.0,1.0,1.0,1.0,5.0,2.0,1.0
12440,1.0,1.0,1.0,3.0,1.0,1.0,1.0,1.0,1.0,5.0,2.0,1.0
12441,1.0,1.0,1.0,3.0,1.0,1.0,1.0,1.0,1.0,3.0,1.0,1.0
12442,1.0,1.0,1.0,3.0,1.0,1.0,1.0,1.0,1.0,3.0,1.0,1.0
12443,1.0,1.0,1.0,3.0,1.0,1.0,1.0,1.0,1.0,4.0,1.0,1.0
12444,1.0,1.0,1.0,3.0,1.0,1.0,1.0,1.0,1.0,3.0,1.0,1.0
12445,1.0,1.0,1.0,3.0,1.0,1.0,1.0,1.0,1.0,4.0,1.0,1.0
12446,1.0,1.0,1.0,3.0,1.0,1.0,1.0,1.0,1.0,3.0,1.0,1.0
12447,1.0,1.0,1.0,3.0,1.0,1.0,1.0,1.0,1.0,3.0,1.0,1.0
12448,1.0,1.0,1.0,3.0,1.0,1.0,1.0,1.0,1.0,3.0,1.0,1.0
12449,1.0,1.0,1.0,3.0,1.0,1.0,1.0,1.0,1.0,5.0,2.0,1.0
12450,1.0,1.0,1.0,3.0,1.0,1.0,1.0,1.0,1.0,4.0,1.0,1.0
12451,1.0,1.0,1.0,3.0,1.0,1.0,1.0,1.0,1.0,4.0,1.0,1.0
12452,1.0,1.0,1.0,3.0,1.0,1.0,1.0,1.0,1.0,4.0,1.0,1.0
12453,1.0,1.0,1.0,3.0,1.0,1.0,1.0,1.0,1.0,3.0,1.0,1.0
12454,1.0,1.0,1.0,3.0,1.0,1.0,1.0,1.0,1.0,3.0,1.0,1.0
12455,1.0,1.0,1.0,3.0,1.0,1.0,1.0,1.0,1.0,3.0,1.0,1.0
12456,1.0,1.0,1.0,3.0,1.0,1.0,1.0,1.0,1.0,5.0,2.0,1.0
12457,1.0,1.0,1.0,3.0,1.0,1.0,1.0,1.0,1.0,3.0,1.0,1.0
12458,1.0,1.0,1.0,3.0,1.0,1.0,1.0,1.0,1.0,3.0,1.0,1.0
12459,1.0,1.0,1.0,3.0,1.0,1.0,1.0,1.0,1.0,3.0,1.0,1.0
12460,1.0,1.0,1.0,3.0,1.0,1.0,1.0,1.0,1.0,3.0,1.0,1.0
12461,1.0,1.0,1.0,3.0,1.0,1.0,1.0,1.0,1.0,4.0,1.0,1.0
12462,1.0,1.0,1.0,3.0,1.0,1.0,1.0,1.0,1.0,4.0,1.0,1.0
12463,1.0,1.0,1.0,3.0,1.0,1.0,1.0,1.0,1.0,3.0,1.0,1.0
12464,1.0,1.0,1.0,3.0,1.0,1.0,1.0,1.0,1.0,5.0,2.0,1.0
12465,1.0,1.0,1.0,3.0,1.0,1.0,1.0,1.0,1.0,3.0,1.0,1.0
12466,1.0,1.0,1.0,3.0,1.0,1.0,1.0,1.0,1.0,3.0,1.0,1.0
12467,1.0,1.0,1.0,3.0,1.0,1.0,1.0,1.0,1.0,4.0,1.0,1.0
12468,1.0,1.0,1.0,3.0,1.0,1.0,1.0,1.0,1.0,3.0,1.0,1.0
12469,1.0,1.0,1.0,3.0,1.0,1.0,1.0,1.0,1.0,5.0,2.0,1.0
12470,1.0,1.0,1.0,3.0,1.0,1.0,1.0,1.0,1.0,3.0,1.0,1.0
12471,1.0,1.0,1.0,3.0,1.0,1.0,1.0,1.0,1.0,3.0,1.0,1.0
12472,1.0,1.0,1.0,3.0,1.0,1.0,1.0,1.0,1.0,5.0,2.0,1.0
12473,1.0,1.0,1.0,3.0,1.0,1.0,1.0,1.0,1.0,3.0,1.0,1.0
12474,1.0,1.0,1.0,3.0,1.0,1.0,1.0,1.0,1.0,5.0,2.0,1.0
12475,1.0,1.0,1.0,3.0,1.0,1.0,1.0,1.0,1.0,3.0,1.0,1.0
12476,1.0,1.0,1.0,3.0,1.0,1.0,1.0,1.0,1.0,3.0,1.0,1.0
12477,1.0,1.0,1.0,3.0,1.0,1.0,1.0,1.0,1.0,5.0,2.0,1.0
12478,1.0,1.0,1.0,3.0,1.0,1.0,1.0,1.0,1.0,3.0,1.0,1.0
12479,1.0,1.0,1.0,3.0,1.0,1.0,1.0,1.0,1.0,5.0,2.0,1.0
12480,1.0,1.0,1.0,3.0,1.0,1.0,1.0,1.0,1.0,5.0,2.0,1.0
12481,1.0,1.0,1.0,3.0,1.0,1.0,1.0,1.0,1.0,5.0,2.0,1.0
12482,1.0,1.0,1.0,3.0,1.0,1.0,1.0,1.0,1.0,5.0,2.0,1.0
12483,1.0,1.0,1.0,3.0,1.0,1.0,1.0,1.0,1.0,4.0,1.0,1.0
12484,1.0,1.0,1.0,3.0,1.0,1.0,1.0,1.0,1.0,3.0,1.0,1.0
12485,1.0,1.0,1.0,3.0,1.0,1.0,1.0,1.0,1.0,5.0,2.0,1.0
12486,1.0,1.0,1.0,3.0,1.0,1.0,1.0,1.0,1.0,3.0,1.0,1.0
12487,1.0,1.0,1.0,3.0,1.0,1.0,1.0,1.0,1.0,5.0,2.0,1.0
12488,1.0,1.0,1.0,3.0,1.0,1.0,1.0,1.0,1.0,5.0,2.0,1.0
12489,1.0,1.0,1.0,3.0,1.0,1.0,1.0,1.0,1.0,3.0,1.0,1.0
12490,1.0,1.0,1.0,3.0,1.0,1.0,1.0,1.0,1.0,3.0,1.0,1.0
12491,1.0,1.0,1.0,3.0,1.0,1.0,1.0,1.0,1.0,4.0,1.0,1.0
12492,1.0,1.0,1.0,3.0,1.0,1.0,1.0,1.0,1.0,4.0,1.0,1.0
12493,1.0,1.0,1.0,3.0,1.0,1.0,1.0,1.0,1.0,3.0,1.0,1.0
12494,1.0,1.0,1.0,3.0,1.0,1.0,1.0,1.0,1.0,3.0,1.0,1.0
12495,1.0,1.0,1.0,3.0,1.0,1.0,1.0,1.0,1.0,4.0,1.0,1.0
12496,1.0,1.0,1.0,3.0,1.0,1.0,1.0,1.0,1.0,5.0,2.0,1.0
12497,1.0,1.0,1.0,3.0,1.0,1.0,1.0,1.0,1.0,5.0,2.0,1.0
12498,1.0,1.0,1.0,3.0,1.0,1.0,1.0,1.0,1.0,3.0,1.0,1.0
12499,1.0,1.0,1.0,3.0,1.0,1.0,1.0,1.0,1.0,3.0,1.0,1.0
12500,1.0,1.0,1.0,3.0,1.0,1.0,1.0,1.0,1.0,3.0,1.0,1.0
12501,1.0,1.0,1.0,3.0,1.0,1.0,1.0,1.0,1.0,3.0,1.0,1.0
12502,1.0,1.0,1.0,3.0,1.0,1.0,1.0,1.0,1.0,3.0,1.0,1.0
12503,1.0,1.0,1.0,3.0,1.0,1.0,1.0,1.0,1.0,4.0,1.0,1.0
12504,1.0,1.0,1.0,3.0,1.0,1.0,1.0,1.0,1.0,4.0,1.0,1.0
12505,1.0,1.0,1.0,3.0,1.0,1.0,1.0,1.0,1.0,3.0,1.0,1.0
12506,1.0,1.0,1.0,3.0,1.0,1.0,1.0,1.0,1.0,5.0,2.0,1.0
12507,1.0,1.0,1.0,3.0,1.0,1.0,1.0,1.0,1.0,5.0,2.0,1.0
12508,1.0,1.0,1.0,3.0,1.0,1.0,1.0,1.0,1.0,3.0,1.0,1.0
12509,1.0,1.0,1.0,3.0,1.0,1.0,1.0,1.0,1.0,5.0,2.0,1.0
12510,1.0,1.0,1.0,3.0,1.0,1.0,1.0,1.0,1.0,4.0,1.0,1.0
12511,1.0,1.0,1.0,3.0,1.0,1.0,1.0,1.0,1.0,3.0,1.0,1.0
12512,1.0,1.0,1.0,3.0,1.0,1.0,1.0,1.0,1.0,4.0,1.0,1.0
12513,1.0,1.0,1.0,3.0,1.0,1.0,1.0,1.0,1.0,3.0,1.0,1.0
12514,1.0,1.0,1.0,3.0,1.0,1.0,1.0,1.0,1.0,5.0,2.0,1.0
12515,1.0,1.0,1.0,3.0,1.0,1.0,1.0,1.0,1.0,4.0,1.0,1.0
12516,1.0,1.0,1.0,3.0,1.0,1.0,1.0,1.0,1.0,3.0,1.0,1.0
12517,1.0,1.0,1.0,3.0,1.0,1.0,1.0,1.0,1.0,4.0,1.0,1.0
12518,1.0,1.0,1.0,3.0,1.0,1.0,1.0,1.0,1.0,5.0,2.0,1.0
12519,1.0,1.0,1.0,3.0,1.0,1.0,1.0,1.0,1.0,5.0,2.0,1.0
12520,1.0,1.0,1.0,3.0,1.0,1.0,1.0,1.0,1.0,3.0,1.0,1.0
12521,1.0,1.0,1.0,3.0,1.0,1.0,1.0,1.0,1.0,4.0,1.0,1.0
12522,1.0,1.0,1.0,3.0,1.0,1.0,1.0,1.0,1.0,5.0,2.0,1.0
12523,1.0,1.0,1.0,3.0,1.0,1.0,1.0,1.0,1.0,3.0,1.0,1.0
12524,1.0,1.0,1.0,3.0,1.0,1.0,1.0,1.0,1.0,5.0,2.0,1.0
12525,1.0,1.0,1.0,3.0,1.0,1.0,1.0,1.0,1.0,4.0,1.0,1.0
12526,1.0,1.0,1.0,3.0,1.0,1.0,1.0,1.0,1.0,4.0,1.0,1.0
12527,1.0,1.0,1.0,3.0,1.0,1.0,1.0,1.0,1.0,5.0,2.0,1.0
12528,1.0,1.0,1.0,3.0,1.0,1.0,1.0,1.0,1.0,3.0,1.0,1.0
12529,1.0,1.0,1.0,3.0,1.0,1.0,1.0,1.0,1.0,5.0,2.0,1.0
12530,1.0,1.0,1.0,3.0,1.0,1.0,1.0,1.0,1.0,5.0,2.0,1.0
12531,1.0,1.0,1.0,3.0,1.0,1.0,1.0,1.0,1.0,3.0,1.0,1.0
12532,1.0,1.0,1.0,3.0,1.0,1.0,1.0,1.0,1.0,5.0,2.0,1.0
12533,1.0,1.0,1.0,3.0,1.0,1.0,1.0,1.0,1.0,5.0,2.0,1.0
12534,1.0,1.0,1.0,3.0,1.0,1.0,1.0,1.0,1.0,3.0,1.0,1.0
12535,1.0,1.0,1.0,3.0,1.0,1.0,1.0,1.0,1.0,4.0,1.0,1.0
12536,1.0,1.0,1.0,3.0,1.0,1.0,1.0,1.0,1.0,3.0,1.0,1.0
12537,1.0,1.0,1.0,3.0,1.0,1.0,1.0,1.0,1.0,3.0,1.0,1.0
12538,1.0,1.0,1.0,3.0,1.0,1.0,1.0,1.0,1.0,4.0,1.0,1.0
12539,1.0,1.0,1.0,3.0,1.0,1.0,1.0,1.0,1.0,3.0,1.0,1.0
12540,1.0,1.0,1.0,3.0,1.0,1.0,1.0,1.0,1.0,3.0,1.0,1.0
12541,1.0,1.0,1.0,3.0,1.0,1.0,1.0,1.0,1.0,3.0,1.0,1.0
12542,1.0,1.0,1.0,3.0,1.0,1.0,1.0,1.0,1.0,5.0,2.0,1.0
12543,1.0,1.0,1.0,3.0,1.0,1.0,1.0,1.0,1.0,5.0,2.0,1.0
12544,1.0,1.0,1.0,3.0,1.0,1.0,1.0,1.0,1.0,4.0,1.0,1.0
12545,1.0,1.0,1.0,3.0,1.0,1.0,1.0,1.0,1.0,5.0,2.0,1.0
12546,1.0,1.0,1.0,3.0,1.0,1.0,1.0,1.0,1.0,4.0,1.0,1.0
12547,1.0,1.0,1.0,3.0,1.0,1.0,1.0,1.0,1.0,3.0,1.0,1.0
12548,1.0,1.0,1.0,3.0,1.0,1.0,1.0,1.0,1.0,3.0,1.0,1.0
12549,1.0,1.0,1.0,3.0,1.0,1.0,1.0,1.0,1.0,3.0,1.0,1.0
12550,1.0,1.0,1.0,3.0,1.0,1.0,1.0,1.0,1.0,5.0,2.0,1.0
12551,1.0,1.0,1.0,3.0,1.0,1.0,1.0,1.0,1.0,4.0,1.0,1.0
12552,1.0,1.0,1.0,3.0,1.0,1.0,1.0,1.0,1.0,3.0,1.0,1.0
12553,1.0,1.0,1.0,3.0,1.0,1.0,1.0,1.0,1.0,4.0,1.0,1.0
12554,1.0,1.0,1.0,3.0,1.0,1.0,1.0,1.0,1.0,3.0,1.0,1.0
12555,1.0,1.0,1.0,3.0,1.0,1.0,1.0,1.0,1.0,5.0,2.0,1.0
12556,1.0,1.0,1.0,3.0,1.0,1.0,1.0,1.0,1.0,4.0,1.0,1.0
12557,1.0,1.0,1.0,3.0,1.0,1.0,1.0,1.0,1.0,3.0,1.0,1.0
12558,1.0,1.0,1.0,3.0,1.0,1.0,1.0,1.0,1.0,3.0,1.0,1.0
12559,1.0,1.0,1.0,3.0,1.0,1.0,1.0,1.0,1.0,4.0,1.0,1.0
12560,1.0,1.0,1.0,3.0,1.0,1.0,1.0,1.0,1.0,3.0,1.0,1.0
12561,1.0,1.0,1.0,3.0,1.0,1.0,1.0,1.0,1.0,4.0,1.0,1.0
12562,1.0,1.0,1.0,3.0,1.0,1.0,1.0,1.0,1.0,4.0,1.0,1.0
12563,1.0,1.0,1.0,3.0,1.0,1.0,1.0,1.0,1.0,4.0,1.0,1.0
12564,1.0,1.0,1.0,3.0,1.0,1.0,1.0,1.0,1.0,3.0,1.0,1.0
12565,1.0,1.0,1.0,3.0,1.0,1.0,1.0,1.0,1.0,5.0,2.0,1.0
12566,1.0,1.0,1.0,3.0,1.0,1.0,1.0,1.0,1.0,3.0,1.0,1.0
12567,1.0,1.0,1.0,3.0,1.0,1.0,1.0,1.0,1.0,5.0,2.0,1.0
12568,1.0,1.0,1.0,3.0,1.0,1.0,1.0,1.0,1.0,3.0,1.0,1.0
12569,1.0,1.0,1.0,3.0,1.0,1.0,1.0,1.0,1.0,3.0,1.0,1.0
12570,1.0,1.0,1.0,3.0,1.0,1.0,1.0,1.0,1.0,5.0,2.0,1.0
12571,1.0,1.0,1.0,3.0,1.0,1.0,1.0,1.0,1.0,3.0,1.0,1.0
12572,1.0,1.0,1.0,3.0,1.0,1.0,1.0,1.0,1.0,3.0,1.0,1.0
12573,1.0,1.0,1.0,3.0,1.0,1.0,1.0,1.0,1.0,5.0,2.0,1.0
12574,1.0,1.0,1.0,3.0,1.0,1.0,1.0,1.0,1.0,4.0,1.0,1.0
12575,1.0,1.0,1.0,3.0,1.0,1.0,1.0,1.0,1.0,3.0,1.0,1.0
12576,1.0,1.0,1.0,3.0,1.0,1.0,1.0,1.0,1.0,3.0,1.0,1.0
12577,1.0,1.0,1.0,3.0,1.0,1.0,1.0,1.0,1.0,5.0,2.0,1.0
12578,1.0,1.0,1.0,3.0,1.0,1.0,1.0,1.0,1.0,3.0,1.0,1.0
12579,1.0,1.0,1.0,3.0,1.0,1.0,1.0,1.0,1.0,4.0,1.0,1.0
12580,1.0,1.0,1.0,3.0,1.0,1.0,1.0,1.0,1.0,3.0,1.0,1.0
12581,1.0,1.0,1.0,3.0,1.0,1.0,1.0,1.0,1.0,4.0,1.0,1.0
12582,1.0,1.0,1.0,3.0,1.0,1.0,1.0,1.0,1.0,3.0,1.0,1.0
12583,1.0,1.0,1.0,3.0,1.0,1.0,1.0,1.0,1.0,3.0,1.0,1.0
12584,1.0,1.0,1.0,3.0,1.0,1.0,1.0,1.0,1.0,3.0,1.0,1.0
12585,1.0,1.0,1.0,3.0,1.0,1.0,1.0,1.0,1.0,3.0,1.0,1.0
12586,1.0,1.0,1.0,3.0,1.0,1.0,1.0,1.0,1.0,3.0,1.0,1.0
12587,1.0,1.0,1.0,3.0,1.0,1.0,1.0,1.0,1.0,4.0,1.0,1.0
12588,1.0,1.0,1.0,3.0,1.0,1.0,1.0,1.0,1.0,3.0,1.0,1.0
12589,1.0,1.0,1.0,3.0,1.0,1.0,1.0,1.0,1.0,4.0,1.0,1.0
12590,1.0,1.0,1.0,3.0,1.0,1.0,1.0,1.0,1.0,3.0,1.0,1.0
12591,1.0,1.0,1.0,3.0,1.0,1.0,1.0,1.0,1.0,3.0,1.0,1.0
12592,1.0,1.0,1.0,3.0,1.0,1.0,1.0,1.0,1.0,5.0,2.0,1.0
12593,1.0,1.0,1.0,3.0,1.0,1.0,1.0,1.0,1.0,3.0,1.0,1.0
12594,1.0,1.0,1.0,3.0,1.0,1.0,1.0,1.0,1.0,3.0,1.0,1.0
12595,1.0,1.0,1.0,3.0,1.0,1.0,1.0,1.0,1.0,5.0,2.0,1.0
12596,1.0,1.0,1.0,3.0,1.0,1.0,1.0,1.0,1.0,5.0,2.0,1.0
12597,1.0,1.0,1.0,3.0,1.0,1.0,1.0,1.0,1.0,3.0,1.0,1.0
12598,1.0,1.0,1.0,3.0,1.0,1.0,1.0,1.0,1.0,3.0,1.0,1.0
12599,1.0,1.0,1.0,3.0,1.0,1.0,1.0,1.0,1.0,4.0,1.0,1.0
12600,1.0,1.0,1.0,3.0,1.0,1.0,1.0,1.0,1.0,5.0,2.0,1.0
12601,1.0,1.0,1.0,3.0,1.0,1.0,1.0,1.0,1.0,4.0,1.0,1.0
12602,1.0,1.0,1.0,3.0,1.0,1.0,1.0,1.0,1.0,4.0,1.0,1.0
12603,1.0,1.0,1.0,3.0,1.0,1.0,1.0,1.0,1.0,3.0,1.0,1.0
12604,1.0,1.0,1.0,3.0,1.0,1.0,1.0,1.0,1.0,3.0,1.0,1.0
12605,1.0,1.0,1.0,3.0,1.0,1.0,1.0,1.0,1.0,4.0,1.0,1.0
12606,1.0,1.0,1.0,3.0,1.0,1.0,1.0,1.0,1.0,5.0,2.0,1.0
12607,1.0,1.0,1.0,3.0,1.0,1.0,1.0,1.0,1.0,5.0,2.0,1.0
12608,1.0,1.0,1.0,3.0,1.0,1.0,1.0,1.0,1.0,4.0,1.0,1.0
12609,1.0,1.0,1.0,3.0,1.0,1.0,1.0,1.0,1.0,3.0,1.0,1.0
12610,1.0,1.0,1.0,3.0,1.0,1.0,1.0,1.0,1.0,3.0,1.0,1.0
12611,1.0,1.0,1.0,3.0,1.0,1.0,1.0,1.0,1.0,5.0,2.0,1.0
12612,1.0,1.0,1.0,3.0,1.0,1.0,1.0,1.0,1.0,4.0,1.0,1.0
12613,1.0,1.0,1.0,3.0,1.0,1.0,1.0,1.0,1.0,5.0,2.0,1.0
12614,1.0,1.0,1.0,3.0,1.0,1.0,1.0,1.0,1.0,3.0,1.0,1.0
12615,1.0,1.0,1.0,3.0,1.0,1.0,1.0,1.0,1.0,5.0,2.0,1.0
12616,1.0,1.0,1.0,3.0,1.0,1.0,1.0,1.0,1.0,5.0,2.0,1.0
12617,1.0,1.0,1.0,3.0,1.0,1.0,1.0,1.0,1.0,5.0,2.0,1.0
12618,1.0,1.0,1.0,3.0,1.0,1.0,1.0,1.0,1.0,3.0,1.0,1.0
12619,1.0,1.0,1.0,3.0,1.0,1.0,1.0,1.0,1.0,5.0,2.0,1.0
12620,1.0,1.0,1.0,3.0,1.0,1.0,1.0,1.0,1.0,5.0,2.0,1.0
12621,1.0,1.0,1.0,3.0,1.0,1.0,1.0,1.0,1.0,5.0,2.0,1.0
12622,1.0,1.0,1.0,3.0,1.0,1.0,1.0,1.0,1.0,3.0,1.0,1.0
12623,1.0,1.0,1.0,3.0,1.0,1.0,1.0,1.0,1.0,4.0,1.0,1.0
12624,1.0,1.0,1.0,3.0,1.0,1.0,1.0,1.0,1.0,4.0,1.0,1.0
12625,1.0,1.0,1.0,3.0,1.0,1.0,1.0,1.0,1.0,3.0,1.0,1.0
12626,1.0,1.0,1.0,3.0,1.0,1.0,1.0,1.0,1.0,5.0,2.0,1.0
12627,1.0,1.0,1.0,3.0,1.0,1.0,1.0,1.0,1.0,3.0,1.0,1.0
12628,1.0,1.0,1.0,3.0,1.0,1.0,1.0,1.0,1.0,4.0,1.0,1.0
12629,1.0,1.0,1.0,3.0,1.0,1.0,1.0,1.0,1.0,3.0,1.0,1.0
12630,1.0,1.0,1.0,3.0,1.0,1.0,1.0,1.0,1.0,5.0,2.0,1.0
12631,1.0,1.0,1.0,3.0,1.0,1.0,1.0,1.0,1.0,5.0,2.0,1.0
12632,1.0,1.0,1.0,3.0,1.0,1.0,1.0,1.0,1.0,3.0,1.0,1.0
12633,1.0,1.0,1.0,3.0,1.0,1.0,1.0,1.0,1.0,4.0,1.0,1.0
12634,1.0,1.0,1.0,3.0,1.0,1.0,1.0,1.0,1.0,3.0,1.0,1.0
12635,1.0,1.0,1.0,3.0,1.0,1.0,1.0,1.0,1.0,3.0,1.0,1.0
12636,1.0,1.0,1.0,3.0,1.0,1.0,1.0,1.0,1.0,4.0,1.0,1.0
12637,1.0,1.0,1.0,3.0,1.0,1.0,1.0,1.0,1.0,5.0,2.0,1.0
12638,1.0,1.0,1.0,3.0,1.0,1.0,1.0,1.0,1.0,5.0,2.0,1.0
12639,1.0,1.0,1.0,3.0,1.0,1.0,1.0,1.0,1.0,5.0,2.0,1.0
12640,1.0,1.0,1.0,3.0,1.0,1.0,1.0,1.0,1.0,5.0,2.0,1.0
12641,1.0,1.0,1.0,3.0,1.0,1.0,1.0,1.0,1.0,3.0,1.0,1.0
12642,1.0,1.0,1.0,3.0,1.0,1.0,1.0,1.0,1.0,3.0,1.0,1.0
12643,1.0,1.0,1.0,3.0,1.0,1.0,1.0,1.0,1.0,5.0,2.0,1.0
12644,1.0,1.0,1.0,3.0,1.0,1.0,1.0,1.0,1.0,4.0,1.0,1.0
12645,1.0,1.0,1.0,3.0,1.0,1.0,1.0,1.0,1.0,5.0,2.0,1.0
12646,1.0,1.0,1.0,3.0,1.0,1.0,1.0,1.0,1.0,4.0,1.0,1.0
12647,1.0,1.0,1.0,3.0,1.0,1.0,1.0,1.0,1.0,4.0,1.0,1.0
12648,1.0,1.0,1.0,3.0,1.0,1.0,1.0,1.0,1.0,3.0,1.0,1.0
12649,1.0,1.0,1.0,3.0,1.0,1.0,1.0,1.0,1.0,3.0,1.0,1.0
12650,1.0,1.0,1.0,3.0,1.0,1.0,1.0,1.0,1.0,4.0,1.0,1.0
12651,1.0,1.0,1.0,3.0,1.0,1.0,1.0,1.0,1.0,5.0,2.0,1.0
12652,1.0,1.0,1.0,3.0,1.0,1.0,1.0,1.0,1.0,3.0,1.0,1.0
12653,1.0,1.0,1.0,3.0,1.0,1.0,1.0,1.0,1.0,3.0,1.0,1.0
12654,1.0,1.0,1.0,3.0,1.0,1.0,1.0,1.0,1.0,3.0,1.0,1.0
12655,1.0,1.0,1.0,3.0,1.0,1.0,1.0,1.0,1.0,3.0,1.0,1.0
12656,1.0,1.0,1.0,3.0,1.0,1.0,1.0,1.0,1.0,3.0,1.0,1.0
12657,1.0,1.0,1.0,3.0,1.0,1.0,1.0,1.0,1.0,3.0,1.0,1.0
12658,1.0,1.0,1.0,3.0,1.0,1.0,1.0,1.0,1.0,3.0,1.0,1.0
12659,1.0,1.0,1.0,3.0,1.0,1.0,1.0,1.0,1.0,4.0,1.0,1.0
12660,1.0,1.0,1.0,3.0,1.0,1.0,1.0,1.0,1.0,3.0,1.0,1.0
12661,1.0,1.0,1.0,3.0,1.0,1.0,1.0,1.0,1.0,3.0,1.0,1.0
12662,1.0,1.0,1.0,3.0,1.0,1.0,1.0,1.0,1.0,3.0,1.0,1.0
12663,1.0,1.0,1.0,3.0,1.0,1.0,1.0,1.0,1.0,3.0,1.0,1.0
12664,1.0,1.0,1.0,3.0,1.0,1.0,1.0,1.0,1.0,5.0,2.0,1.0
12665,1.0,1.0,1.0,3.0,1.0,1.0,1.0,1.0,1.0,3.0,1.0,1.0
12666,1.0,1.0,1.0,3.0,1.0,1.0,1.0,1.0,1.0,3.0,1.0,1.0
12667,1.0,1.0,1.0,3.0,1.0,1.0,1.0,1.0,1.0,5.0,2.0,1.0
12668,1.0,1.0,1.0,3.0,1.0,1.0,1.0,1.0,1.0,3.0,1.0,1.0
12669,1.0,1.0,1.0,3.0,1.0,1.0,1.0,1.0,1.0,4.0,1.0,1.0
12670,1.0,1.0,1.0,3.0,1.0,1.0,1.0,1.0,1.0,4.0,1.0,1.0
12671,1.0,1.0,1.0,3.0,1.0,1.0,1.0,1.0,1.0,3.0,1.0,1.0
12672,1.0,1.0,1.0,3.0,1.0,1.0,1.0,1.0,1.0,5.0,2.0,1.0
12673,1.0,1.0,1.0,3.0,1.0,1.0,1.0,1.0,1.0,5.0,2.0,1.0
12674,1.0,1.0,1.0,3.0,1.0,1.0,1.0,1.0,1.0,4.0,1.0,1.0
12675,1.0,1.0,1.0,3.0,1.0,1.0,1.0,1.0,1.0,4.0,1.0,1.0
12676,1.0,1.0,1.0,3.0,1.0,1.0,1.0,1.0,1.0,5.0,2.0,1.0
12677,1.0,1.0,1.0,3.0,1.0,1.0,1.0,1.0,1.0,3.0,1.0,1.0
12678,1.0,1.0,1.0,3.0,1.0,1.0,1.0,1.0,1.0,4.0,1.0,1.0
12679,1.0,1.0,1.0,3.0,1.0,1.0,1.0,1.0,1.0,4.0,1.0,1.0
12680,1.0,1.0,1.0,3.0,1.0,1.0,1.0,1.0,1.0,4.0,1.0,1.0
12681,1.0,1.0,1.0,3.0,1.0,1.0,1.0,1.0,1.0,4.0,1.0,1.0
12682,1.0,1.0,1.0,3.0,1.0,1.0,1.0,1.0,1.0,5.0,2.0,1.0
12683,1.0,1.0,1.0,3.0,1.0,1.0,1.0,1.0,1.0,5.0,2.0,1.0
12684,1.0,1.0,1.0,3.0,1.0,1.0,1.0,1.0,1.0,3.0,1.0,1.0
12685,1.0,1.0,1.0,3.0,1.0,1.0,1.0,1.0,1.0,3.0,1.0,1.0
12686,1.0,1.0,1.0,3.0,1.0,1.0,1.0,1.0,1.0,5.0,2.0,1.0
12687,1.0,1.0,1.0,3.0,1.0,1.0,1.0,1.0,1.0,3.0,1.0,1.0
12688,1.0,1.0,1.0,3.0,1.0,1.0,1.0,1.0,1.0,3.0,1.0,1.0
12689,1.0,1.0,1.0,3.0,1.0,1.0,1.0,1.0,1.0,5.0,2.0,1.0
12690,1.0,1.0,1.0,3.0,1.0,1.0,1.0,1.0,1.0,4.0,1.0,1.0
12691,1.0,1.0,1.0,3.0,1.0,1.0,1.0,1.0,1.0,5.0,2.0,1.0
12692,1.0,1.0,1.0,3.0,1.0,1.0,1.0,1.0,1.0,3.0,1.0,1.0
12693,1.0,1.0,1.0,3.0,1.0,1.0,1.0,1.0,1.0,3.0,1.0,1.0
12694,1.0,1.0,1.0,3.0,1.0,1.0,1.0,1.0,1.0,3.0,1.0,1.0
12695,1.0,1.0,1.0,3.0,1.0,1.0,1.0,1.0,1.0,3.0,1.0,1.0
12696,1.0,1.0,1.0,3.0,1.0,1.0,1.0,1.0,1.0,5.0,2.0,1.0
12697,1.0,1.0,1.0,3.0,1.0,1.0,1.0,1.0,1.0,5.0,2.0,1.0
12698,1.0,1.0,1.0,3.0,1.0,1.0,1.0,1.0,1.0,4.0,1.0,1.0
12699,1.0,1.0,1.0,3.0,1.0,1.0,1.0,1.0,1.0,3.0,1.0,1.0
12700,1.0,1.0,1.0,3.0,1.0,1.0,1.0,1.0,1.0,3.0,1.0,1.0
12701,1.0,1.0,1.0,3.0,1.0,1.0,1.0,1.0,1.0,5.0,2.0,1.0
12702,1.0,1.0,1.0,3.0,1.0,1.0,1.0,1.0,1.0,4.0,1.0,1.0
12703,1.0,1.0,1.0,3.0,1.0,1.0,1.0,1.0,1.0,3.0,1.0,1.0
12704,1.0,1.0,1.0,3.0,1.0,1.0,1.0,1.0,1.0,5.0,2.0,1.0
12705,1.0,1.0,1.0,3.0,1.0,1.0,1.0,1.0,1.0,5.0,2.0,1.0
12706,1.0,1.0,1.0,3.0,1.0,1.0,1.0,1.0,1.0,5.0,2.0,1.0
12707,1.0,1.0,1.0,3.0,1.0,1.0,1.0,1.0,1.0,3.0,1.0,1.0
12708,1.0,1.0,1.0,3.0,1.0,1.0,1.0,1.0,1.0,3.0,1.0,1.0
12709,1.0,1.0,1.0,3.0,1.0,1.0,1.0,1.0,1.0,3.0,1.0,1.0
12710,1.0,1.0,1.0,3.0,1.0,1.0,1.0,1.0,1.0,3.0,1.0,1.0
12711,1.0,1.0,1.0,3.0,1.0,1.0,1.0,1.0,1.0,3.0,1.0,1.0
12712,1.0,1.0,1.0,3.0,1.0,1.0,1.0,1.0,1.0,3.0,1.0,1.0
12713,1.0,1.0,1.0,3.0,1.0,1.0,1.0,1.0,1.0,3.0,1.0,1.0
12714,1.0,1.0,1.0,3.0,1.0,1.0,1.0,1.0,1.0,3.0,1.0,1.0
12715,1.0,1.0,1.0,3.0,1.0,1.0,1.0,1.0,1.0,5.0,2.0,1.0
12716,1.0,1.0,1.0,3.0,1.0,1.0,1.0,1.0,1.0,3.0,1.0,1.0
12717,1.0,1.0,1.0,3.0,1.0,1.0,1.0,1.0,1.0,3.0,1.0,1.0
12718,1.0,1.0,1.0,3.0,1.0,1.0,1.0,1.0,1.0,4.0,1.0,1.0
12719,1.0,1.0,1.0,3.0,1.0,1.0,1.0,1.0,1.0,3.0,1.0,1.0
12720,1.0,1.0,1.0,3.0,1.0,1.0,1.0,1.0,1.0,3.0,1.0,1.0
12721,1.0,1.0,1.0,3.0,1.0,1.0,1.0,1.0,1.0,4.0,1.0,1.0
12722,1.0,1.0,1.0,3.0,1.0,1.0,1.0,1.0,1.0,3.0,1.0,1.0
12723,1.0,1.0,1.0,3.0,1.0,1.0,1.0,1.0,1.0,5.0,2.0,1.0
12724,1.0,1.0,1.0,3.0,1.0,1.0,1.0,1.0,1.0,5.0,2.0,1.0
12725,1.0,1.0,1.0,3.0,1.0,1.0,1.0,1.0,1.0,5.0,2.0,1.0
12726,1.0,1.0,1.0,3.0,1.0,1.0,1.0,1.0,1.0,3.0,1.0,1.0
12727,1.0,1.0,1.0,3.0,1.0,1.0,1.0,1.0,1.0,3.0,1.0,1.0
12728,1.0,1.0,1.0,3.0,1.0,1.0,1.0,1.0,1.0,5.0,2.0,1.0
12729,1.0,1.0,1.0,3.0,1.0,1.0,1.0,1.0,1.0,3.0,1.0,1.0
12730,1.0,1.0,1.0,3.0,1.0,1.0,1.0,1.0,1.0,5.0,2.0,1.0
12731,1.0,1.0,1.0,3.0,1.0,1.0,1.0,1.0,1.0,3.0,1.0,1.0
12732,1.0,1.0,1.0,3.0,1.0,1.0,1.0,1.0,1.0,5.0,2.0,1.0
12733,1.0,1.0,1.0,3.0,1.0,1.0,1.0,1.0,1.0,3.0,1.0,1.0
12734,1.0,1.0,1.0,3.0,1.0,1.0,1.0,1.0,1.0,3.0,1.0,1.0
12735,1.0,1.0,1.0,3.0,1.0,1.0,1.0,1.0,1.0,5.0,2.0,1.0
12736,1.0,1.0,1.0,3.0,1.0,1.0,1.0,1.0,1.0,5.0,2.0,1.0
12737,1.0,1.0,1.0,3.0,1.0,1.0,1.0,1.0,1.0,3.0,1.0,1.0
12738,1.0,1.0,1.0,3.0,1.0,1.0,1.0,1.0,1.0,3.0,1.0,1.0
12739,1.0,1.0,1.0,3.0,1.0,1.0,1.0,1.0,1.0,3.0,1.0,1.0
12740,1.0,1.0,1.0,3.0,1.0,1.0,1.0,1.0,1.0,3.0,1.0,1.0
12741,1.0,1.0,1.0,3.0,1.0,1.0,1.0,1.0,1.0,5.0,2.0,1.0
12742,1.0,1.0,1.0,3.0,1.0,1.0,1.0,1.0,1.0,3.0,1.0,1.0
12743,1.0,1.0,1.0,3.0,1.0,1.0,1.0,1.0,1.0,4.0,1.0,1.0
12744,1.0,1.0,1.0,3.0,1.0,1.0,1.0,1.0,1.0,3.0,1.0,1.0
12745,1.0,1.0,1.0,3.0,1.0,1.0,1.0,1.0,1.0,4.0,1.0,1.0
12746,1.0,1.0,1.0,3.0,1.0,1.0,1.0,1.0,1.0,3.0,1.0,1.0
12747,1.0,1.0,1.0,3.0,1.0,1.0,1.0,1.0,1.0,3.0,1.0,1.0
12748,1.0,1.0,1.0,3.0,1.0,1.0,1.0,1.0,1.0,5.0,2.0,1.0
12749,1.0,1.0,1.0,3.0,1.0,1.0,1.0,1.0,1.0,5.0,2.0,1.0
12750,1.0,1.0,1.0,3.0,1.0,1.0,1.0,1.0,1.0,3.0,1.0,1.0
12751,1.0,1.0,1.0,3.0,1.0,1.0,1.0,1.0,1.0,5.0,2.0,1.0
12752,1.0,1.0,1.0,3.0,1.0,1.0,1.0,1.0,1.0,3.0,1.0,1.0
12753,1.0,1.0,1.0,3.0,1.0,1.0,1.0,1.0,1.0,3.0,1.0,1.0
12754,1.0,1.0,1.0,3.0,1.0,1.0,1.0,1.0,1.0,3.0,1.0,1.0
12755,1.0,1.0,1.0,3.0,1.0,1.0,1.0,1.0,1.0,3.0,1.0,1.0
12756,1.0,1.0,1.0,3.0,1.0,1.0,1.0,1.0,1.0,3.0,1.0,1.0
12757,1.0,1.0,1.0,3.0,1.0,1.0,1.0,1.0,1.0,5.0,2.0,1.0
12758,1.0,1.0,1.0,3.0,1.0,1.0,1.0,1.0,1.0,3.0,1.0,1.0
12759,1.0,1.0,1.0,3.0,1.0,1.0,1.0,1.0,1.0,5.0,2.0,1.0
12760,1.0,1.0,1.0,3.0,1.0,1.0,1.0,1.0,1.0,3.0,1.0,1.0
12761,1.0,1.0,1.0,3.0,1.0,1.0,1.0,1.0,1.0,5.0,2.0,1.0
12762,1.0,1.0,1.0,3.0,1.0,1.0,1.0,1.0,1.0,3.0,1.0,1.0
12763,1.0,1.0,1.0,3.0,1.0,1.0,1.0,1.0,1.0,3.0,1.0,1.0
12764,1.0,1.0,1.0,3.0,1.0,1.0,1.0,1.0,1.0,5.0,2.0,1.0
12765,1.0,1.0,1.0,3.0,1.0,1.0,1.0,1.0,1.0,5.0,2.0,1.0
12766,1.0,1.0,1.0,3.0,1.0,1.0,1.0,1.0,1.0,3.0,1.0,1.0
12767,1.0,1.0,1.0,3.0,1.0,1.0,1.0,1.0,1.0,3.0,1.0,1.0
12768,1.0,1.0,1.0,3.0,1.0,1.0,1.0,1.0,1.0,4.0,1.0,1.0
12769,1.0,1.0,1.0,3.0,1.0,1.0,1.0,1.0,1.0,5.0,2.0,1.0
12770,1.0,1.0,1.0,3.0,1.0,1.0,1.0,1.0,1.0,3.0,1.0,1.0
12771,1.0,1.0,1.0,3.0,1.0,1.0,1.0,1.0,1.0,3.0,1.0,1.0
12772,1.0,1.0,1.0,3.0,1.0,1.0,1.0,1.0,1.0,5.0,2.0,1.0
12773,1.0,1.0,1.0,3.0,1.0,1.0,1.0,1.0,1.0,3.0,1.0,1.0
12774,1.0,1.0,1.0,3.0,1.0,1.0,1.0,1.0,1.0,3.0,1.0,1.0
12775,1.0,1.0,1.0,3.0,1.0,1.0,1.0,1.0,1.0,4.0,1.0,1.0
12776,1.0,1.0,1.0,3.0,1.0,1.0,1.0,1.0,1.0,3.0,1.0,1.0
12777,1.0,1.0,1.0,3.0,1.0,1.0,1.0,1.0,1.0,3.0,1.0,1.0
12778,1.0,1.0,1.0,3.0,1.0,1.0,1.0,1.0,1.0,4.0,1.0,1.0
12779,1.0,1.0,1.0,3.0,1.0,1.0,1.0,1.0,1.0,5.0,2.0,1.0
12780,1.0,1.0,1.0,3.0,1.0,1.0,1.0,1.0,1.0,3.0,1.0,1.0
12781,1.0,1.0,1.0,3.0,1.0,1.0,1.0,1.0,1.0,4.0,1.0,1.0
12782,1.0,1.0,1.0,3.0,1.0,1.0,1.0,1.0,1.0,3.0,1.0,1.0
12783,1.0,1.0,1.0,3.0,1.0,1.0,1.0,1.0,1.0,4.0,1.0,1.0
12784,1.0,1.0,1.0,3.0,1.0,1.0,1.0,1.0,1.0,3.0,1.0,1.0
12785,1.0,1.0,1.0,3.0,1.0,1.0,1.0,1.0,1.0,5.0,2.0,1.0
12786,1.0,1.0,1.0,3.0,1.0,1.0,1.0,1.0,1.0,3.0,1.0,1.0
12787,1.0,1.0,1.0,3.0,1.0,1.0,1.0,1.0,1.0,4.0,1.0,1.0
12788,1.0,1.0,1.0,3.0,1.0,1.0,1.0,1.0,1.0,3.0,1.0,1.0
12789,1.0,1.0,1.0,3.0,1.0,1.0,1.0,1.0,1.0,3.0,1.0,1.0
12790,1.0,1.0,1.0,3.0,1.0,1.0,1.0,1.0,1.0,3.0,1.0,1.0
12791,1.0,1.0,1.0,3.0,1.0,1.0,1.0,1.0,1.0,4.0,1.0,1.0
12792,1.0,1.0,1.0,3.0,1.0,1.0,1.0,1.0,1.0,4.0,1.0,1.0
12793,1.0,1.0,1.0,3.0,1.0,1.0,1.0,1.0,1.0,5.0,2.0,1.0
12794,1.0,1.0,1.0,3.0,1.0,1.0,1.0,1.0,1.0,5.0,2.0,1.0
12795,1.0,1.0,1.0,3.0,1.0,1.0,1.0,1.0,1.0,3.0,1.0,1.0
12796,1.0,1.0,1.0,3.0,1.0,1.0,1.0,1.0,1.0,4.0,1.0,1.0
12797,1.0,1.0,1.0,3.0,1.0,1.0,1.0,1.0,1.0,4.0,1.0,1.0
12798,1.0,1.0,1.0,3.0,1.0,1.0,1.0,1.0,1.0,4.0,1.0,1.0
12799,1.0,1.0,1.0,3.0,1.0,1.0,1.0,1.0,1.0,4.0,1.0,1.0
12800,1.0,1.0,1.0,3.0,1.0,1.0,1.0,1.0,1.0,5.0,2.0,1.0
12801,1.0,1.0,1.0,3.0,1.0,1.0,1.0,1.0,1.0,5.0,2.0,1.0
12802,1.0,1.0,1.0,3.0,1.0,1.0,1.0,1.0,1.0,3.0,1.0,1.0
12803,1.0,1.0,1.0,3.0,1.0,1.0,1.0,1.0,1.0,5.0,2.0,1.0
12804,1.0,1.0,1.0,3.0,1.0,1.0,1.0,1.0,1.0,5.0,2.0,1.0
12805,1.0,1.0,1.0,3.0,1.0,1.0,1.0,1.0,1.0,5.0,2.0,1.0
12806,1.0,1.0,1.0,3.0,1.0,1.0,1.0,1.0,1.0,4.0,1.0,1.0
12807,1.0,1.0,1.0,3.0,1.0,1.0,1.0,1.0,1.0,3.0,1.0,1.0
12808,1.0,1.0,1.0,3.0,1.0,1.0,1.0,1.0,1.0,3.0,1.0,1.0
12809,1.0,1.0,1.0,3.0,1.0,1.0,1.0,1.0,1.0,3.0,1.0,1.0
12810,1.0,1.0,1.0,3.0,1.0,1.0,1.0,1.0,1.0,3.0,1.0,1.0
12811,1.0,1.0,1.0,3.0,1.0,1.0,1.0,1.0,1.0,4.0,1.0,1.0
12812,1.0,1.0,1.0,3.0,1.0,1.0,1.0,1.0,1.0,5.0,2.0,1.0
12813,1.0,1.0,1.0,3.0,1.0,1.0,1.0,1.0,1.0,4.0,1.0,1.0
12814,1.0,1.0,1.0,3.0,1.0,1.0,1.0,1.0,1.0,3.0,1.0,1.0
12815,1.0,1.0,1.0,3.0,1.0,1.0,1.0,1.0,1.0,5.0,2.0,1.0
12816,1.0,1.0,1.0,3.0,1.0,1.0,1.0,1.0,1.0,4.0,1.0,1.0
12817,1.0,1.0,1.0,3.0,1.0,1.0,1.0,1.0,1.0,3.0,1.0,1.0
12818,1.0,1.0,1.0,3.0,1.0,1.0,1.0,1.0,1.0,3.0,1.0,1.0
12819,1.0,1.0,1.0,3.0,1.0,1.0,1.0,1.0,1.0,3.0,1.0,1.0
12820,1.0,1.0,1.0,3.0,1.0,1.0,1.0,1.0,1.0,3.0,1.0,1.0
12821,1.0,1.0,1.0,3.0,1.0,1.0,1.0,1.0,1.0,3.0,1.0,1.0
12822,1.0,1.0,1.0,3.0,1.0,1.0,1.0,1.0,1.0,5.0,2.0,1.0
12823,1.0,1.0,1.0,3.0,1.0,1.0,1.0,1.0,1.0,3.0,1.0,1.0
12824,1.0,1.0,1.0,3.0,1.0,1.0,1.0,1.0,1.0,3.0,1.0,1.0
12825,1.0,1.0,1.0,3.0,1.0,1.0,1.0,1.0,1.0,4.0,1.0,1.0
12826,1.0,1.0,1.0,3.0,1.0,1.0,1.0,1.0,1.0,3.0,1.0,1.0
12827,1.0,1.0,1.0,3.0,1.0,1.0,1.0,1.0,1.0,5.0,2.0,1.0
12828,1.0,1.0,1.0,3.0,1.0,1.0,1.0,1.0,1.0,3.0,1.0,1.0
12829,1.0,1.0,1.0,3.0,1.0,1.0,1.0,1.0,1.0,5.0,2.0,1.0
12830,1.0,1.0,1.0,3.0,1.0,1.0,1.0,1.0,1.0,4.0,1.0,1.0
12831,1.0,1.0,1.0,3.0,1.0,1.0,1.0,1.0,1.0,3.0,1.0,1.0
12832,1.0,1.0,1.0,3.0,1.0,1.0,1.0,1.0,1.0,3.0,1.0,1.0
12833,1.0,1.0,1.0,3.0,1.0,1.0,1.0,1.0,1.0,5.0,2.0,1.0
12834,1.0,1.0,1.0,3.0,1.0,1.0,1.0,1.0,1.0,4.0,1.0,1.0
12835,1.0,1.0,1.0,3.0,1.0,1.0,1.0,1.0,1.0,3.0,1.0,1.0
12836,1.0,1.0,1.0,3.0,1.0,1.0,1.0,1.0,1.0,4.0,1.0,1.0
12837,1.0,1.0,1.0,3.0,1.0,1.0,1.0,1.0,1.0,3.0,1.0,1.0
12838,1.0,1.0,1.0,3.0,1.0,1.0,1.0,1.0,1.0,3.0,1.0,1.0
12839,1.0,1.0,1.0,3.0,1.0,1.0,1.0,1.0,1.0,3.0,1.0,1.0
12840,1.0,1.0,1.0,3.0,1.0,1.0,1.0,1.0,1.0,5.0,2.0,1.0
12841,1.0,1.0,1.0,3.0,1.0,1.0,1.0,1.0,1.0,3.0,1.0,1.0
12842,1.0,1.0,1.0,3.0,1.0,1.0,1.0,1.0,1.0,5.0,2.0,1.0
12843,1.0,1.0,1.0,3.0,1.0,1.0,1.0,1.0,1.0,5.0,2.0,1.0
12844,1.0,1.0,1.0,3.0,1.0,1.0,1.0,1.0,1.0,3.0,1.0,1.0
12845,1.0,1.0,1.0,3.0,1.0,1.0,1.0,1.0,1.0,5.0,2.0,1.0
12846,1.0,1.0,1.0,3.0,1.0,1.0,1.0,1.0,1.0,3.0,1.0,1.0
12847,1.0,1.0,1.0,3.0,1.0,1.0,1.0,1.0,1.0,3.0,1.0,1.0
12848,1.0,1.0,1.0,3.0,1.0,1.0,1.0,1.0,1.0,3.0,1.0,1.0
12849,1.0,1.0,1.0,3.0,1.0,1.0,1.0,1.0,1.0,3.0,1.0,1.0
12850,1.0,1.0,1.0,3.0,1.0,1.0,1.0,1.0,1.0,4.0,1.0,1.0
12851,1.0,1.0,1.0,3.0,1.0,1.0,1.0,1.0,1.0,4.0,1.0,1.0
12852,1.0,1.0,1.0,3.0,1.0,1.0,1.0,1.0,1.0,3.0,1.0,1.0
12853,1.0,1.0,1.0,3.0,1.0,1.0,1.0,1.0,1.0,4.0,1.0,1.0
12854,1.0,1.0,1.0,3.0,1.0,1.0,1.0,1.0,1.0,5.0,2.0,1.0
12855,1.0,1.0,1.0,3.0,1.0,1.0,1.0,1.0,1.0,3.0,1.0,1.0
12856,1.0,1.0,1.0,3.0,1.0,1.0,1.0,1.0,1.0,3.0,1.0,1.0
12857,1.0,1.0,1.0,3.0,1.0,1.0,1.0,1.0,1.0,4.0,1.0,1.0
12858,1.0,1.0,1.0,3.0,1.0,1.0,1.0,1.0,1.0,3.0,1.0,1.0
12859,1.0,1.0,1.0,3.0,1.0,1.0,1.0,1.0,1.0,3.0,1.0,1.0
12860,1.0,1.0,1.0,3.0,1.0,1.0,1.0,1.0,1.0,5.0,2.0,1.0
12861,1.0,1.0,1.0,3.0,1.0,1.0,1.0,1.0,1.0,5.0,2.0,1.0
12862,1.0,1.0,1.0,3.0,1.0,1.0,1.0,1.0,1.0,4.0,1.0,1.0
12863,1.0,1.0,1.0,3.0,1.0,1.0,1.0,1.0,1.0,5.0,2.0,1.0
12864,1.0,1.0,1.0,3.0,1.0,1.0,1.0,1.0,1.0,3.0,1.0,1.0
12865,1.0,1.0,1.0,3.0,1.0,1.0,1.0,1.0,1.0,3.0,1.0,1.0
12866,1.0,1.0,1.0,3.0,1.0,1.0,1.0,1.0,1.0,4.0,1.0,1.0
12867,1.0,1.0,1.0,3.0,1.0,1.0,1.0,1.0,1.0,4.0,1.0,1.0
12868,1.0,1.0,1.0,3.0,1.0,1.0,1.0,1.0,1.0,3.0,1.0,1.0
12869,1.0,1.0,1.0,3.0,1.0,1.0,1.0,1.0,1.0,5.0,2.0,1.0
12870,1.0,1.0,1.0,3.0,1.0,1.0,1.0,1.0,1.0,3.0,1.0,1.0
12871,1.0,1.0,1.0,3.0,1.0,1.0,1.0,1.0,1.0,4.0,1.0,1.0
12872,1.0,1.0,1.0,3.0,1.0,1.0,1.0,1.0,1.0,3.0,1.0,1.0
12873,1.0,1.0,1.0,3.0,1.0,1.0,1.0,1.0,1.0,3.0,1.0,1.0
12874,1.0,1.0,1.0,3.0,1.0,1.0,1.0,1.0,1.0,3.0,1.0,1.0
12875,1.0,1.0,1.0,3.0,1.0,1.0,1.0,1.0,1.0,3.0,1.0,1.0
12876,1.0,1.0,1.0,3.0,1.0,1.0,1.0,1.0,1.0,3.0,1.0,1.0
12877,1.0,1.0,1.0,3.0,1.0,1.0,1.0,1.0,1.0,5.0,2.0,1.0
12878,1.0,1.0,1.0,3.0,1.0,1.0,1.0,1.0,1.0,4.0,1.0,1.0
12879,1.0,1.0,1.0,3.0,1.0,1.0,1.0,1.0,1.0,3.0,1.0,1.0
12880,1.0,1.0,1.0,3.0,1.0,1.0,1.0,1.0,1.0,5.0,2.0,1.0
12881,1.0,1.0,1.0,3.0,1.0,1.0,1.0,1.0,1.0,5.0,2.0,1.0
12882,1.0,1.0,1.0,3.0,1.0,1.0,1.0,1.0,1.0,5.0,2.0,1.0
12883,1.0,1.0,1.0,3.0,1.0,1.0,1.0,1.0,1.0,3.0,1.0,1.0
12884,1.0,1.0,1.0,3.0,1.0,1.0,1.0,1.0,1.0,3.0,1.0,1.0
12885,1.0,1.0,1.0,3.0,1.0,1.0,1.0,1.0,1.0,3.0,1.0,1.0
12886,1.0,1.0,1.0,3.0,1.0,1.0,1.0,1.0,1.0,4.0,1.0,1.0
12887,1.0,1.0,1.0,3.0,1.0,1.0,1.0,1.0,1.0,4.0,1.0,1.0
12888,1.0,1.0,1.0,3.0,1.0,1.0,1.0,1.0,1.0,3.0,1.0,1.0
12889,1.0,1.0,1.0,3.0,1.0,1.0,1.0,1.0,1.0,5.0,2.0,1.0
12890,1.0,1.0,1.0,3.0,1.0,1.0,1.0,1.0,1.0,4.0,1.0,1.0
12891,1.0,1.0,1.0,3.0,1.0,1.0,1.0,1.0,1.0,4.0,1.0,1.0
12892,1.0,1.0,1.0,3.0,1.0,1.0,1.0,1.0,1.0,3.0,1.0,1.0
12893,1.0,1.0,1.0,3.0,1.0,1.0,1.0,1.0,1.0,3.0,1.0,1.0
12894,1.0,1.0,1.0,3.0,1.0,1.0,1.0,1.0,1.0,3.0,1.0,1.0
12895,1.0,1.0,1.0,3.0,1.0,1.0,1.0,1.0,1.0,5.0,2.0,1.0
12896,1.0,1.0,1.0,3.0,1.0,1.0,1.0,1.0,1.0,4.0,1.0,1.0
12897,1.0,1.0,1.0,3.0,1.0,1.0,1.0,1.0,1.0,3.0,1.0,1.0
12898,1.0,1.0,1.0,3.0,1.0,1.0,1.0,1.0,1.0,3.0,1.0,1.0
12899,1.0,1.0,1.0,3.0,1.0,1.0,1.0,1.0,1.0,3.0,1.0,1.0
12900,1.0,1.0,1.0,3.0,1.0,1.0,1.0,1.0,1.0,5.0,2.0,1.0
12901,1.0,1.0,1.0,3.0,1.0,1.0,1.0,1.0,1.0,3.0,1.0,1.0
12902,1.0,1.0,1.0,3.0,1.0,1.0,1.0,1.0,1.0,3.0,1.0,1.0
12903,1.0,1.0,1.0,3.0,1.0,1.0,1.0,1.0,1.0,3.0,1.0,1.0
12904,1.0,1.0,1.0,3.0,1.0,1.0,1.0,1.0,1.0,3.0,1.0,1.0
12905,1.0,1.0,1.0,3.0,1.0,1.0,1.0,1.0,1.0,3.0,1.0,1.0
12906,1.0,1.0,1.0,3.0,1.0,1.0,1.0,1.0,1.0,4.0,1.0,1.0
12907,1.0,1.0,1.0,3.0,1.0,1.0,1.0,1.0,1.0,4.0,1.0,1.0
12908,1.0,1.0,1.0,3.0,1.0,1.0,1.0,1.0,1.0,5.0,2.0,1.0
12909,1.0,1.0,1.0,3.0,1.0,1.0,1.0,1.0,1.0,5.0,2.0,1.0
12910,1.0,1.0,1.0,3.0,1.0,1.0,1.0,1.0,1.0,3.0,1.0,1.0
12911,1.0,1.0,1.0,3.0,1.0,1.0,1.0,1.0,1.0,5.0,2.0,1.0
12912,1.0,1.0,1.0,3.0,1.0,1.0,1.0,1.0,1.0,3.0,1.0,1.0
12913,1.0,1.0,1.0,3.0,1.0,1.0,1.0,1.0,1.0,3.0,1.0,1.0
12914,1.0,1.0,1.0,3.0,1.0,1.0,1.0,1.0,1.0,3.0,1.0,1.0
12915,1.0,1.0,1.0,3.0,1.0,1.0,1.0,1.0,1.0,3.0,1.0,1.0
12916,1.0,1.0,1.0,3.0,1.0,1.0,1.0,1.0,1.0,3.0,1.0,1.0
12917,1.0,1.0,1.0,3.0,1.0,1.0,1.0,1.0,1.0,5.0,2.0,1.0
12918,1.0,1.0,1.0,3.0,1.0,1.0,1.0,1.0,1.0,4.0,1.0,1.0
12919,1.0,1.0,1.0,3.0,1.0,1.0,1.0,1.0,1.0,3.0,1.0,1.0
12920,1.0,1.0,1.0,3.0,1.0,1.0,1.0,1.0,1.0,3.0,1.0,1.0
12921,1.0,1.0,1.0,3.0,1.0,1.0,1.0,1.0,1.0,4.0,1.0,1.0
12922,1.0,1.0,1.0,3.0,1.0,1.0,1.0,1.0,1.0,3.0,1.0,1.0
12923,1.0,1.0,1.0,3.0,1.0,1.0,1.0,1.0,1.0,3.0,1.0,1.0
12924,1.0,1.0,1.0,3.0,1.0,1.0,1.0,1.0,1.0,3.0,1.0,1.0
12925,1.0,1.0,1.0,3.0,1.0,1.0,1.0,1.0,1.0,3.0,1.0,1.0
12926,1.0,1.0,1.0,3.0,1.0,1.0,1.0,1.0,1.0,5.0,2.0,1.0
12927,1.0,1.0,1.0,3.0,1.0,1.0,1.0,1.0,1.0,3.0,1.0,1.0
12928,1.0,1.0,1.0,3.0,1.0,1.0,1.0,1.0,1.0,3.0,1.0,1.0
12929,1.0,1.0,1.0,3.0,1.0,1.0,1.0,1.0,1.0,4.0,1.0,1.0
12930,1.0,1.0,1.0,3.0,1.0,1.0,1.0,1.0,1.0,3.0,1.0,1.0
12931,1.0,1.0,1.0,3.0,1.0,1.0,1.0,1.0,1.0,3.0,1.0,1.0
12932,1.0,1.0,1.0,3.0,1.0,1.0,1.0,1.0,1.0,4.0,1.0,1.0
12933,1.0,1.0,1.0,3.0,1.0,1.0,1.0,1.0,1.0,3.0,1.0,1.0
12934,1.0,1.0,1.0,3.0,1.0,1.0,1.0,1.0,1.0,3.0,1.0,1.0
12935,1.0,1.0,1.0,3.0,1.0,1.0,1.0,1.0,1.0,4.0,1.0,1.0
12936,1.0,1.0,1.0,3.0,1.0,1.0,1.0,1.0,1.0,4.0,1.0,1.0
12937,1.0,1.0,1.0,3.0,1.0,1.0,1.0,1.0,1.0,4.0,1.0,1.0
12938,1.0,1.0,1.0,3.0,1.0,1.0,1.0,1.0,1.0,3.0,1.0,1.0
12939,1.0,1.0,1.0,3.0,1.0,1.0,1.0,1.0,1.0,4.0,1.0,1.0
12940,1.0,1.0,1.0,3.0,1.0,1.0,1.0,1.0,1.0,3.0,1.0,1.0
12941,1.0,1.0,1.0,3.0,1.0,1.0,1.0,1.0,1.0,3.0,1.0,1.0
12942,1.0,1.0,1.0,3.0,1.0,1.0,1.0,1.0,1.0,4.0,1.0,1.0
12943,1.0,1.0,1.0,3.0,1.0,1.0,1.0,1.0,1.0,3.0,1.0,1.0
12944,1.0,1.0,1.0,3.0,1.0,1.0,1.0,1.0,1.0,4.0,1.0,1.0
12945,1.0,1.0,1.0,3.0,1.0,1.0,1.0,1.0,1.0,3.0,1.0,1.0
12946,1.0,1.0,1.0,3.0,1.0,1.0,1.0,1.0,1.0,3.0,1.0,1.0
12947,1.0,1.0,1.0,3.0,1.0,1.0,1.0,1.0,1.0,3.0,1.0,1.0
12948,1.0,1.0,1.0,3.0,1.0,1.0,1.0,1.0,1.0,5.0,2.0,1.0
12949,1.0,1.0,1.0,3.0,1.0,1.0,1.0,1.0,1.0,3.0,1.0,1.0
12950,1.0,1.0,1.0,3.0,1.0,1.0,1.0,1.0,1.0,5.0,2.0,1.0
12951,1.0,1.0,1.0,3.0,1.0,1.0,1.0,1.0,1.0,3.0,1.0,1.0
12952,1.0,1.0,1.0,3.0,1.0,1.0,1.0,1.0,1.0,5.0,2.0,1.0
12953,1.0,1.0,1.0,3.0,1.0,1.0,1.0,1.0,1.0,5.0,2.0,1.0
12954,1.0,1.0,1.0,3.0,1.0,1.0,1.0,1.0,1.0,3.0,1.0,1.0
12955,1.0,1.0,1.0,3.0,1.0,1.0,1.0,1.0,1.0,5.0,2.0,1.0
12956,1.0,1.0,1.0,3.0,1.0,1.0,1.0,1.0,1.0,3.0,1.0,1.0
12957,1.0,1.0,1.0,3.0,1.0,1.0,1.0,1.0,1.0,4.0,1.0,1.0
12958,1.0,1.0,1.0,3.0,1.0,1.0,1.0,1.0,1.0,3.0,1.0,1.0
12959,1.0,1.0,1.0,3.0,1.0,1.0,1.0,1.0,1.0,3.0,1.0,1.0
12960,1.0,1.0,1.0,3.0,1.0,1.0,1.0,1.0,1.0,5.0,2.0,1.0
12961,1.0,1.0,1.0,3.0,1.0,1.0,1.0,1.0,1.0,3.0,1.0,1.0
12962,1.0,1.0,1.0,3.0,1.0,1.0,1.0,1.0,1.0,3.0,1.0,1.0
12963,1.0,1.0,1.0,3.0,1.0,1.0,1.0,1.0,1.0,3.0,1.0,1.0
12964,1.0,1.0,1.0,3.0,1.0,1.0,1.0,1.0,1.0,3.0,1.0,1.0
12965,1.0,1.0,1.0,3.0,1.0,1.0,1.0,1.0,1.0,3.0,1.0,1.0
12966,1.0,1.0,1.0,3.0,1.0,1.0,1.0,1.0,1.0,5.0,2.0,1.0
12967,1.0,1.0,1.0,3.0,1.0,1.0,1.0,1.0,1.0,3.0,1.0,1.0
12968,1.0,1.0,1.0,3.0,1.0,1.0,1.0,1.0,1.0,3.0,1.0,1.0
12969,1.0,1.0,1.0,3.0,1.0,1.0,1.0,1.0,1.0,5.0,2.0,1.0
12970,1.0,1.0,1.0,3.0,1.0,1.0,1.0,1.0,1.0,3.0,1.0,1.0
12971,1.0,1.0,1.0,3.0,1.0,1.0,1.0,1.0,1.0,4.0,1.0,1.0
12972,1.0,1.0,1.0,3.0,1.0,1.0,1.0,1.0,1.0,5.0,2.0,1.0
12973,1.0,1.0,1.0,3.0,1.0,1.0,1.0,1.0,1.0,3.0,1.0,1.0
12974,1.0,1.0,1.0,3.0,1.0,1.0,1.0,1.0,1.0,3.0,1.0,1.0
12975,1.0,1.0,1.0,3.0,1.0,1.0,1.0,1.0,1.0,3.0,1.0,1.0
12976,1.0,1.0,1.0,3.0,1.0,1.0,1.0,1.0,1.0,5.0,2.0,1.0
12977,1.0,1.0,1.0,3.0,1.0,1.0,1.0,1.0,1.0,5.0,2.0,1.0
12978,1.0,1.0,1.0,3.0,1.0,1.0,1.0,1.0,1.0,5.0,2.0,1.0
12979,1.0,1.0,1.0,3.0,1.0,1.0,1.0,1.0,1.0,5.0,2.0,1.0
12980,1.0,1.0,1.0,3.0,1.0,1.0,1.0,1.0,1.0,3.0,1.0,1.0
12981,1.0,1.0,1.0,3.0,1.0,1.0,1.0,1.0,1.0,3.0,1.0,1.0
12982,1.0,1.0,1.0,3.0,1.0,1.0,1.0,1.0,1.0,3.0,1.0,1.0
12983,1.0,1.0,1.0,3.0,1.0,1.0,1.0,1.0,1.0,4.0,1.0,1.0
12984,1.0,1.0,1.0,3.0,1.0,1.0,1.0,1.0,1.0,5.0,2.0,1.0
12985,1.0,1.0,1.0,3.0,1.0,1.0,1.0,1.0,1.0,4.0,1.0,1.0
12986,1.0,1.0,1.0,3.0,1.0,1.0,1.0,1.0,1.0,3.0,1.0,1.0
12987,1.0,1.0,1.0,3.0,1.0,1.0,1.0,1.0,1.0,5.0,2.0,1.0
12988,1.0,1.0,1.0,3.0,1.0,1.0,1.0,1.0,1.0,3.0,1.0,1.0
12989,1.0,1.0,1.0,3.0,1.0,1.0,1.0,1.0,1.0,3.0,1.0,1.0
12990,1.0,1.0,1.0,3.0,1.0,1.0,1.0,1.0,1.0,3.0,1.0,1.0
12991,1.0,1.0,1.0,3.0,1.0,1.0,1.0,1.0,1.0,5.0,2.0,1.0
12992,1.0,1.0,1.0,3.0,1.0,1.0,1.0,1.0,1.0,4.0,1.0,1.0
12993,1.0,1.0,1.0,3.0,1.0,1.0,1.0,1.0,1.0,3.0,1.0,1.0
12994,1.0,1.0,1.0,3.0,1.0,1.0,1.0,1.0,1.0,3.0,1.0,1.0
12995,1.0,1.0,1.0,3.0,1.0,1.0,1.0,1.0,1.0,5.0,2.0,1.0
12996,1.0,1.0,1.0,3.0,1.0,1.0,1.0,1.0,1.0,3.0,1.0,1.0
12997,1.0,1.0,1.0,3.0,1.0,1.0,1.0,1.0,1.0,3.0,1.0,1.0
12998,1.0,1.0,1.0,3.0,1.0,1.0,1.0,1.0,1.0,3.0,1.0,1.0
12999,1.0,1.0,1.0,3.0,1.0,1.0,1.0,1.0,1.0,4.0,1.0,1.0
13000,1.0,1.0,1.0,3.0,1.0,1.0,1.0,1.0,1.0,4.0,1.0,1.0
13001,1.0,1.0,1.0,3.0,1.0,1.0,1.0,1.0,1.0,5.0,2.0,1.0
13002,1.0,1.0,1.0,3.0,1.0,1.0,1.0,1.0,1.0,5.0,2.0,1.0
13003,1.0,1.0,1.0,3.0,1.0,1.0,1.0,1.0,1.0,4.0,1.0,1.0
13004,1.0,1.0,1.0,3.0,1.0,1.0,1.0,1.0,1.0,3.0,1.0,1.0
13005,1.0,1.0,1.0,3.0,1.0,1.0,1.0,1.0,1.0,3.0,1.0,1.0
13006,1.0,1.0,1.0,3.0,1.0,1.0,1.0,1.0,1.0,4.0,1.0,1.0
13007,1.0,1.0,1.0,3.0,1.0,1.0,1.0,1.0,1.0,5.0,2.0,1.0
13008,1.0,1.0,1.0,3.0,1.0,1.0,1.0,1.0,1.0,5.0,2.0,1.0
13009,1.0,1.0,1.0,3.0,1.0,1.0,1.0,1.0,1.0,3.0,1.0,1.0
13010,1.0,1.0,1.0,3.0,1.0,1.0,1.0,1.0,1.0,4.0,1.0,1.0
13011,1.0,1.0,1.0,3.0,1.0,1.0,1.0,1.0,1.0,3.0,1.0,1.0
13012,1.0,1.0,1.0,3.0,1.0,1.0,1.0,1.0,1.0,4.0,1.0,1.0
13013,1.0,1.0,1.0,3.0,1.0,1.0,1.0,1.0,1.0,3.0,1.0,1.0
13014,1.0,1.0,1.0,3.0,1.0,1.0,1.0,1.0,1.0,5.0,2.0,1.0
13015,1.0,1.0,1.0,3.0,1.0,1.0,1.0,1.0,1.0,5.0,2.0,1.0
13016,1.0,1.0,1.0,3.0,1.0,1.0,1.0,1.0,1.0,3.0,1.0,1.0
13017,1.0,1.0,1.0,3.0,1.0,1.0,1.0,1.0,1.0,3.0,1.0,1.0
13018,1.0,1.0,1.0,3.0,1.0,1.0,1.0,1.0,1.0,3.0,1.0,1.0
13019,1.0,1.0,1.0,3.0,1.0,1.0,1.0,1.0,1.0,4.0,1.0,1.0
13020,1.0,1.0,1.0,3.0,1.0,1.0,1.0,1.0,1.0,5.0,2.0,1.0
13021,1.0,1.0,1.0,3.0,1.0,1.0,1.0,1.0,1.0,3.0,1.0,1.0
13022,1.0,1.0,1.0,3.0,1.0,1.0,1.0,1.0,1.0,5.0,2.0,1.0
13023,1.0,1.0,1.0,3.0,1.0,1.0,1.0,1.0,1.0,5.0,2.0,1.0
13024,1.0,1.0,1.0,3.0,1.0,1.0,1.0,1.0,1.0,3.0,1.0,1.0
13025,1.0,1.0,1.0,3.0,1.0,1.0,1.0,1.0,1.0,3.0,1.0,1.0
13026,1.0,1.0,1.0,3.0,1.0,1.0,1.0,1.0,1.0,4.0,1.0,1.0
13027,1.0,1.0,1.0,3.0,1.0,1.0,1.0,1.0,1.0,3.0,1.0,1.0
13028,1.0,1.0,1.0,3.0,1.0,1.0,1.0,1.0,1.0,5.0,2.0,1.0
13029,1.0,1.0,1.0,3.0,1.0,1.0,1.0,1.0,1.0,3.0,1.0,1.0
13030,1.0,1.0,1.0,3.0,1.0,1.0,1.0,1.0,1.0,3.0,1.0,1.0
13031,1.0,1.0,1.0,3.0,1.0,1.0,1.0,1.0,1.0,3.0,1.0,1.0
13032,1.0,1.0,1.0,3.0,1.0,1.0,1.0,1.0,1.0,3.0,1.0,1.0
13033,1.0,1.0,1.0,3.0,1.0,1.0,1.0,1.0,1.0,3.0,1.0,1.0
13034,1.0,1.0,1.0,3.0,1.0,1.0,1.0,1.0,1.0,5.0,2.0,1.0
13035,1.0,1.0,1.0,3.0,1.0,1.0,1.0,1.0,1.0,3.0,1.0,1.0
13036,1.0,1.0,1.0,3.0,1.0,1.0,1.0,1.0,1.0,5.0,2.0,1.0
13037,1.0,1.0,1.0,3.0,1.0,1.0,1.0,1.0,1.0,4.0,1.0,1.0
13038,1.0,1.0,1.0,3.0,1.0,1.0,1.0,1.0,1.0,3.0,1.0,1.0
13039,1.0,1.0,1.0,3.0,1.0,1.0,1.0,1.0,1.0,4.0,1.0,1.0
13040,1.0,1.0,1.0,3.0,1.0,1.0,1.0,1.0,1.0,3.0,1.0,1.0
13041,1.0,1.0,1.0,3.0,1.0,1.0,1.0,1.0,1.0,3.0,1.0,1.0
13042,1.0,1.0,1.0,3.0,1.0,1.0,1.0,1.0,1.0,4.0,1.0,1.0
13043,1.0,1.0,1.0,3.0,1.0,1.0,1.0,1.0,1.0,5.0,2.0,1.0
13044,1.0,1.0,1.0,3.0,1.0,1.0,1.0,1.0,1.0,3.0,1.0,1.0
13045,1.0,1.0,1.0,3.0,1.0,1.0,1.0,1.0,1.0,5.0,2.0,1.0
13046,1.0,1.0,1.0,3.0,1.0,1.0,1.0,1.0,1.0,3.0,1.0,1.0
13047,1.0,1.0,1.0,3.0,1.0,1.0,1.0,1.0,1.0,3.0,1.0,1.0
13048,1.0,1.0,1.0,3.0,1.0,1.0,1.0,1.0,1.0,3.0,1.0,1.0
13049,1.0,1.0,1.0,3.0,1.0,1.0,1.0,1.0,1.0,4.0,1.0,1.0
13050,1.0,1.0,1.0,3.0,1.0,1.0,1.0,1.0,1.0,5.0,2.0,1.0
13051,1.0,1.0,1.0,3.0,1.0,1.0,1.0,1.0,1.0,3.0,1.0,1.0
13052,1.0,1.0,1.0,3.0,1.0,1.0,1.0,1.0,1.0,3.0,1.0,1.0
13053,1.0,1.0,1.0,3.0,1.0,1.0,1.0,1.0,1.0,5.0,2.0,1.0
13054,1.0,1.0,1.0,3.0,1.0,1.0,1.0,1.0,1.0,3.0,1.0,1.0
13055,1.0,1.0,1.0,3.0,1.0,1.0,1.0,1.0,1.0,3.0,1.0,1.0
13056,1.0,1.0,1.0,3.0,1.0,1.0,1.0,1.0,1.0,3.0,1.0,1.0
13057,1.0,1.0,1.0,3.0,1.0,1.0,1.0,1.0,1.0,5.0,2.0,1.0
13058,1.0,1.0,1.0,3.0,1.0,1.0,1.0,1.0,1.0,3.0,1.0,1.0
13059,1.0,1.0,1.0,3.0,1.0,1.0,1.0,1.0,1.0,5.0,2.0,1.0
13060,1.0,1.0,1.0,3.0,1.0,1.0,1.0,1.0,1.0,3.0,1.0,1.0
13061,1.0,1.0,1.0,3.0,1.0,1.0,1.0,1.0,1.0,3.0,1.0,1.0
13062,1.0,1.0,1.0,3.0,1.0,1.0,1.0,1.0,1.0,3.0,1.0,1.0
13063,1.0,1.0,1.0,3.0,1.0,1.0,1.0,1.0,1.0,5.0,2.0,1.0
13064,1.0,1.0,1.0,3.0,1.0,1.0,1.0,1.0,1.0,5.0,2.0,1.0
13065,1.0,1.0,1.0,3.0,1.0,1.0,1.0,1.0,1.0,5.0,2.0,1.0
13066,1.0,1.0,1.0,3.0,1.0,1.0,1.0,1.0,1.0,4.0,1.0,1.0
13067,1.0,1.0,1.0,3.0,1.0,1.0,1.0,1.0,1.0,4.0,1.0,1.0
13068,1.0,1.0,1.0,3.0,1.0,1.0,1.0,1.0,1.0,5.0,2.0,1.0
13069,1.0,1.0,1.0,3.0,1.0,1.0,1.0,1.0,1.0,5.0,2.0,1.0
13070,1.0,1.0,1.0,3.0,1.0,1.0,1.0,1.0,1.0,5.0,2.0,1.0
13071,1.0,1.0,1.0,3.0,1.0,1.0,1.0,1.0,1.0,5.0,2.0,1.0
13072,1.0,1.0,1.0,3.0,1.0,1.0,1.0,1.0,1.0,3.0,1.0,1.0
13073,1.0,1.0,1.0,3.0,1.0,1.0,1.0,1.0,1.0,5.0,2.0,1.0
13074,1.0,1.0,1.0,3.0,1.0,1.0,1.0,1.0,1.0,3.0,1.0,1.0
13075,1.0,1.0,1.0,3.0,1.0,1.0,1.0,1.0,1.0,4.0,1.0,1.0
13076,1.0,1.0,1.0,3.0,1.0,1.0,1.0,1.0,1.0,5.0,2.0,1.0
13077,1.0,1.0,1.0,3.0,1.0,1.0,1.0,1.0,1.0,3.0,1.0,1.0
13078,1.0,1.0,1.0,3.0,1.0,1.0,1.0,1.0,1.0,5.0,2.0,1.0
13079,1.0,1.0,1.0,3.0,1.0,1.0,1.0,1.0,1.0,3.0,1.0,1.0
13080,1.0,1.0,1.0,3.0,1.0,1.0,1.0,1.0,1.0,5.0,2.0,1.0
13081,1.0,1.0,1.0,3.0,1.0,1.0,1.0,1.0,1.0,4.0,1.0,1.0
13082,1.0,1.0,1.0,3.0,1.0,1.0,1.0,1.0,1.0,5.0,2.0,1.0
13083,1.0,1.0,1.0,3.0,1.0,1.0,1.0,1.0,1.0,3.0,1.0,1.0
13084,1.0,1.0,1.0,3.0,1.0,1.0,1.0,1.0,1.0,4.0,1.0,1.0
13085,1.0,1.0,1.0,3.0,1.0,1.0,1.0,1.0,1.0,5.0,2.0,1.0
13086,1.0,1.0,1.0,3.0,1.0,1.0,1.0,1.0,1.0,3.0,1.0,1.0
13087,1.0,1.0,1.0,3.0,1.0,1.0,1.0,1.0,1.0,3.0,1.0,1.0
13088,1.0,1.0,1.0,3.0,1.0,1.0,1.0,1.0,1.0,4.0,1.0,1.0
13089,1.0,1.0,1.0,3.0,1.0,1.0,1.0,1.0,1.0,5.0,2.0,1.0
13090,1.0,1.0,1.0,3.0,1.0,1.0,1.0,1.0,1.0,4.0,1.0,1.0
13091,1.0,1.0,1.0,3.0,1.0,1.0,1.0,1.0,1.0,5.0,2.0,1.0
13092,1.0,1.0,1.0,3.0,1.0,1.0,1.0,1.0,1.0,4.0,1.0,1.0
13093,1.0,1.0,1.0,3.0,1.0,1.0,1.0,1.0,1.0,5.0,2.0,1.0
13094,1.0,1.0,1.0,3.0,1.0,1.0,1.0,1.0,1.0,5.0,2.0,1.0
13095,1.0,1.0,1.0,3.0,1.0,1.0,1.0,1.0,1.0,3.0,1.0,1.0
13096,1.0,1.0,1.0,3.0,1.0,1.0,1.0,1.0,1.0,3.0,1.0,1.0
13097,1.0,1.0,1.0,3.0,1.0,1.0,1.0,1.0,1.0,5.0,2.0,1.0
13098,1.0,1.0,1.0,3.0,1.0,1.0,1.0,1.0,1.0,4.0,1.0,1.0
13099,1.0,1.0,1.0,3.0,1.0,1.0,1.0,1.0,1.0,5.0,2.0,1.0
13100,1.0,1.0,1.0,3.0,1.0,1.0,1.0,1.0,1.0,4.0,1.0,1.0
13101,1.0,1.0,1.0,3.0,1.0,1.0,1.0,1.0,1.0,4.0,1.0,1.0
13102,1.0,1.0,1.0,3.0,1.0,1.0,1.0,1.0,1.0,3.0,1.0,1.0
13103,1.0,1.0,1.0,3.0,1.0,1.0,1.0,1.0,1.0,3.0,1.0,1.0
13104,1.0,1.0,1.0,3.0,1.0,1.0,1.0,1.0,1.0,3.0,1.0,1.0
13105,1.0,1.0,1.0,3.0,1.0,1.0,1.0,1.0,1.0,3.0,1.0,1.0
13106,1.0,1.0,1.0,3.0,1.0,1.0,1.0,1.0,1.0,3.0,1.0,1.0
13107,1.0,1.0,1.0,3.0,1.0,1.0,1.0,1.0,1.0,4.0,1.0,1.0
13108,1.0,1.0,1.0,3.0,1.0,1.0,1.0,1.0,1.0,3.0,1.0,1.0
13109,1.0,1.0,1.0,3.0,1.0,1.0,1.0,1.0,1.0,3.0,1.0,1.0
13110,1.0,1.0,1.0,3.0,1.0,1.0,1.0,1.0,1.0,5.0,2.0,1.0
13111,1.0,1.0,1.0,3.0,1.0,1.0,1.0,1.0,1.0,3.0,1.0,1.0
13112,1.0,1.0,1.0,3.0,1.0,1.0,1.0,1.0,1.0,3.0,1.0,1.0
13113,1.0,1.0,1.0,3.0,1.0,1.0,1.0,1.0,1.0,4.0,1.0,1.0
13114,1.0,1.0,1.0,3.0,1.0,1.0,1.0,1.0,1.0,5.0,2.0,1.0
13115,1.0,1.0,1.0,3.0,1.0,1.0,1.0,1.0,1.0,4.0,1.0,1.0
13116,1.0,1.0,1.0,3.0,1.0,1.0,1.0,1.0,1.0,3.0,1.0,1.0
13117,1.0,1.0,1.0,3.0,1.0,1.0,1.0,1.0,1.0,3.0,1.0,1.0
13118,1.0,1.0,1.0,3.0,1.0,1.0,1.0,1.0,1.0,3.0,1.0,1.0
13119,1.0,1.0,1.0,3.0,1.0,1.0,1.0,1.0,1.0,3.0,1.0,1.0
13120,1.0,1.0,1.0,3.0,1.0,1.0,1.0,1.0,1.0,5.0,2.0,1.0
13121,1.0,1.0,1.0,3.0,1.0,1.0,1.0,1.0,1.0,5.0,2.0,1.0
13122,1.0,1.0,1.0,3.0,1.0,1.0,1.0,1.0,1.0,3.0,1.0,1.0
13123,1.0,1.0,1.0,3.0,1.0,1.0,1.0,1.0,1.0,3.0,1.0,1.0
13124,1.0,1.0,1.0,3.0,1.0,1.0,1.0,1.0,1.0,4.0,1.0,1.0
13125,1.0,1.0,1.0,3.0,1.0,1.0,1.0,1.0,1.0,5.0,2.0,1.0
13126,1.0,1.0,1.0,3.0,1.0,1.0,1.0,1.0,1.0,3.0,1.0,1.0
13127,1.0,1.0,1.0,3.0,1.0,1.0,1.0,1.0,1.0,5.0,2.0,1.0
13128,1.0,1.0,1.0,3.0,1.0,1.0,1.0,1.0,1.0,3.0,1.0,1.0
13129,1.0,1.0,1.0,3.0,1.0,1.0,1.0,1.0,1.0,3.0,1.0,1.0
13130,1.0,1.0,1.0,3.0,1.0,1.0,1.0,1.0,1.0,5.0,2.0,1.0
13131,1.0,1.0,1.0,3.0,1.0,1.0,1.0,1.0,1.0,5.0,2.0,1.0
13132,1.0,1.0,1.0,3.0,1.0,1.0,1.0,1.0,1.0,4.0,1.0,1.0
13133,1.0,1.0,1.0,3.0,1.0,1.0,1.0,1.0,1.0,3.0,1.0,1.0
13134,1.0,1.0,1.0,3.0,1.0,1.0,1.0,1.0,1.0,3.0,1.0,1.0
13135,1.0,1.0,1.0,3.0,1.0,1.0,1.0,1.0,1.0,3.0,1.0,1.0
13136,1.0,1.0,1.0,3.0,1.0,1.0,1.0,1.0,1.0,3.0,1.0,1.0
13137,1.0,1.0,1.0,3.0,1.0,1.0,1.0,1.0,1.0,3.0,1.0,1.0
13138,1.0,1.0,1.0,3.0,1.0,1.0,1.0,1.0,1.0,3.0,1.0,1.0
13139,1.0,1.0,1.0,3.0,1.0,1.0,1.0,1.0,1.0,3.0,1.0,1.0
13140,1.0,1.0,1.0,3.0,1.0,1.0,1.0,1.0,1.0,3.0,1.0,1.0
13141,1.0,1.0,1.0,3.0,1.0,1.0,1.0,1.0,1.0,3.0,1.0,1.0
13142,1.0,1.0,1.0,3.0,1.0,1.0,1.0,1.0,1.0,3.0,1.0,1.0
13143,1.0,1.0,1.0,3.0,1.0,1.0,1.0,1.0,1.0,3.0,1.0,1.0
13144,1.0,1.0,1.0,3.0,1.0,1.0,1.0,1.0,1.0,4.0,1.0,1.0
13145,1.0,1.0,1.0,3.0,1.0,1.0,1.0,1.0,1.0,3.0,1.0,1.0
13146,1.0,1.0,1.0,3.0,1.0,1.0,1.0,1.0,1.0,3.0,1.0,1.0
13147,1.0,1.0,1.0,3.0,1.0,1.0,1.0,1.0,1.0,3.0,1.0,1.0
13148,1.0,1.0,1.0,3.0,1.0,1.0,1.0,1.0,1.0,3.0,1.0,1.0
13149,1.0,1.0,1.0,3.0,1.0,1.0,1.0,1.0,1.0,3.0,1.0,1.0
13150,1.0,1.0,1.0,3.0,1.0,1.0,1.0,1.0,1.0,3.0,1.0,1.0
13151,1.0,1.0,1.0,3.0,1.0,1.0,1.0,1.0,1.0,3.0,1.0,1.0
13152,1.0,1.0,1.0,3.0,1.0,1.0,1.0,1.0,1.0,3.0,1.0,1.0
13153,1.0,1.0,1.0,3.0,1.0,1.0,1.0,1.0,1.0,4.0,1.0,1.0
13154,1.0,1.0,1.0,3.0,1.0,1.0,1.0,1.0,1.0,4.0,1.0,1.0
13155,1.0,1.0,1.0,3.0,1.0,1.0,1.0,1.0,1.0,5.0,2.0,1.0
13156,1.0,1.0,1.0,3.0,1.0,1.0,1.0,1.0,1.0,4.0,1.0,1.0
13157,1.0,1.0,1.0,3.0,1.0,1.0,1.0,1.0,1.0,3.0,1.0,1.0
13158,1.0,1.0,1.0,3.0,1.0,1.0,1.0,1.0,1.0,3.0,1.0,1.0
13159,1.0,1.0,1.0,3.0,1.0,1.0,1.0,1.0,1.0,3.0,1.0,1.0
13160,1.0,1.0,1.0,3.0,1.0,1.0,1.0,1.0,1.0,3.0,1.0,1.0
13161,1.0,1.0,1.0,3.0,1.0,1.0,1.0,1.0,1.0,3.0,1.0,1.0
13162,1.0,1.0,1.0,3.0,1.0,1.0,1.0,1.0,1.0,3.0,1.0,1.0
13163,1.0,1.0,1.0,3.0,1.0,1.0,1.0,1.0,1.0,4.0,1.0,1.0
13164,1.0,1.0,1.0,3.0,1.0,1.0,1.0,1.0,1.0,4.0,1.0,1.0
13165,1.0,1.0,1.0,3.0,1.0,1.0,1.0,1.0,1.0,4.0,1.0,1.0
13166,1.0,1.0,1.0,3.0,1.0,1.0,1.0,1.0,1.0,4.0,1.0,1.0
13167,1.0,1.0,1.0,3.0,1.0,1.0,1.0,1.0,1.0,3.0,1.0,1.0
13168,1.0,1.0,1.0,3.0,1.0,1.0,1.0,1.0,1.0,5.0,2.0,1.0
13169,1.0,1.0,1.0,3.0,1.0,1.0,1.0,1.0,1.0,5.0,2.0,1.0
13170,1.0,1.0,1.0,3.0,1.0,1.0,1.0,1.0,1.0,5.0,2.0,1.0
13171,1.0,1.0,1.0,3.0,1.0,1.0,1.0,1.0,1.0,4.0,1.0,1.0
13172,1.0,1.0,1.0,3.0,1.0,1.0,1.0,1.0,1.0,3.0,1.0,1.0
13173,1.0,1.0,1.0,3.0,1.0,1.0,1.0,1.0,1.0,5.0,2.0,1.0
13174,1.0,1.0,1.0,3.0,1.0,1.0,1.0,1.0,1.0,4.0,1.0,1.0
13175,1.0,1.0,1.0,3.0,1.0,1.0,1.0,1.0,1.0,3.0,1.0,1.0
13176,1.0,1.0,1.0,3.0,1.0,1.0,1.0,1.0,1.0,4.0,1.0,1.0
13177,1.0,1.0,1.0,3.0,1.0,1.0,1.0,1.0,1.0,4.0,1.0,1.0
13178,1.0,1.0,1.0,3.0,1.0,1.0,1.0,1.0,1.0,3.0,1.0,1.0
13179,1.0,1.0,1.0,3.0,1.0,1.0,1.0,1.0,1.0,3.0,1.0,1.0
13180,1.0,1.0,1.0,3.0,1.0,1.0,1.0,1.0,1.0,4.0,1.0,1.0
13181,1.0,1.0,1.0,3.0,1.0,1.0,1.0,1.0,1.0,5.0,2.0,1.0
13182,1.0,1.0,1.0,3.0,1.0,1.0,1.0,1.0,1.0,4.0,1.0,1.0
13183,1.0,1.0,1.0,3.0,1.0,1.0,1.0,1.0,1.0,3.0,1.0,1.0
13184,1.0,1.0,1.0,3.0,1.0,1.0,1.0,1.0,1.0,3.0,1.0,1.0
13185,1.0,1.0,1.0,3.0,1.0,1.0,1.0,1.0,1.0,3.0,1.0,1.0
13186,1.0,1.0,1.0,3.0,1.0,1.0,1.0,1.0,1.0,3.0,1.0,1.0
13187,1.0,1.0,1.0,3.0,1.0,1.0,1.0,1.0,1.0,4.0,1.0,1.0
13188,1.0,1.0,1.0,3.0,1.0,1.0,1.0,1.0,1.0,5.0,2.0,1.0
13189,1.0,1.0,1.0,3.0,1.0,1.0,1.0,1.0,1.0,3.0,1.0,1.0
13190,1.0,1.0,1.0,3.0,1.0,1.0,1.0,1.0,1.0,3.0,1.0,1.0
13191,1.0,1.0,1.0,3.0,1.0,1.0,1.0,1.0,1.0,3.0,1.0,1.0
13192,1.0,1.0,1.0,3.0,1.0,1.0,1.0,1.0,1.0,3.0,1.0,1.0
13193,1.0,1.0,1.0,3.0,1.0,1.0,1.0,1.0,1.0,5.0,2.0,1.0
13194,1.0,1.0,1.0,3.0,1.0,1.0,1.0,1.0,1.0,3.0,1.0,1.0
13195,1.0,1.0,1.0,3.0,1.0,1.0,1.0,1.0,1.0,3.0,1.0,1.0
13196,1.0,1.0,1.0,3.0,1.0,1.0,1.0,1.0,1.0,3.0,1.0,1.0
13197,1.0,1.0,1.0,3.0,1.0,1.0,1.0,1.0,1.0,3.0,1.0,1.0
13198,1.0,1.0,1.0,3.0,1.0,1.0,1.0,1.0,1.0,4.0,1.0,1.0
13199,1.0,1.0,1.0,3.0,1.0,1.0,1.0,1.0,1.0,3.0,1.0,1.0
13200,1.0,1.0,1.0,3.0,1.0,1.0,1.0,1.0,1.0,5.0,2.0,1.0
13201,1.0,1.0,1.0,3.0,1.0,1.0,1.0,1.0,1.0,3.0,1.0,1.0
13202,1.0,1.0,1.0,3.0,1.0,1.0,1.0,1.0,1.0,5.0,2.0,1.0
13203,1.0,1.0,1.0,3.0,1.0,1.0,1.0,1.0,1.0,5.0,2.0,1.0
13204,1.0,1.0,1.0,3.0,1.0,1.0,1.0,1.0,1.0,3.0,1.0,1.0
13205,1.0,1.0,1.0,3.0,1.0,1.0,1.0,1.0,1.0,3.0,1.0,1.0
13206,1.0,1.0,1.0,3.0,1.0,1.0,1.0,1.0,1.0,5.0,2.0,1.0
13207,1.0,1.0,1.0,3.0,1.0,1.0,1.0,1.0,1.0,5.0,2.0,1.0
13208,1.0,1.0,1.0,3.0,1.0,1.0,1.0,1.0,1.0,5.0,2.0,1.0
13209,1.0,1.0,1.0,3.0,1.0,1.0,1.0,1.0,1.0,5.0,2.0,1.0
13210,1.0,1.0,1.0,3.0,1.0,1.0,1.0,1.0,1.0,5.0,2.0,1.0
13211,1.0,1.0,1.0,3.0,1.0,1.0,1.0,1.0,1.0,5.0,2.0,1.0
13212,1.0,1.0,1.0,3.0,1.0,1.0,1.0,1.0,1.0,5.0,2.0,1.0
13213,1.0,1.0,1.0,3.0,1.0,1.0,1.0,1.0,1.0,3.0,1.0,1.0
13214,1.0,1.0,1.0,3.0,1.0,1.0,1.0,1.0,1.0,4.0,1.0,1.0
13215,1.0,1.0,1.0,3.0,1.0,1.0,1.0,1.0,1.0,3.0,1.0,1.0
13216,1.0,1.0,1.0,3.0,1.0,1.0,1.0,1.0,1.0,5.0,2.0,1.0
13217,1.0,1.0,1.0,3.0,1.0,1.0,1.0,1.0,1.0,5.0,2.0,1.0
13218,1.0,1.0,1.0,3.0,1.0,1.0,1.0,1.0,1.0,5.0,2.0,1.0
13219,1.0,1.0,1.0,3.0,1.0,1.0,1.0,1.0,1.0,5.0,2.0,1.0
13220,1.0,1.0,1.0,3.0,1.0,1.0,1.0,1.0,1.0,4.0,1.0,1.0
13221,1.0,1.0,1.0,3.0,1.0,1.0,1.0,1.0,1.0,3.0,1.0,1.0
13222,1.0,1.0,1.0,3.0,1.0,1.0,1.0,1.0,1.0,4.0,1.0,1.0
13223,1.0,1.0,1.0,3.0,1.0,1.0,1.0,1.0,1.0,3.0,1.0,1.0
13224,1.0,1.0,1.0,3.0,1.0,1.0,1.0,1.0,1.0,3.0,1.0,1.0
13225,1.0,1.0,1.0,3.0,1.0,1.0,1.0,1.0,1.0,3.0,1.0,1.0
13226,1.0,1.0,1.0,3.0,1.0,1.0,1.0,1.0,1.0,3.0,1.0,1.0
13227,1.0,1.0,1.0,3.0,1.0,1.0,1.0,1.0,1.0,5.0,2.0,1.0
13228,1.0,1.0,1.0,3.0,1.0,1.0,1.0,1.0,1.0,3.0,1.0,1.0
13229,1.0,1.0,1.0,3.0,1.0,1.0,1.0,1.0,1.0,3.0,1.0,1.0
13230,1.0,1.0,1.0,3.0,1.0,1.0,1.0,1.0,1.0,4.0,1.0,1.0
13231,1.0,1.0,1.0,3.0,1.0,1.0,1.0,1.0,1.0,3.0,1.0,1.0
13232,1.0,1.0,1.0,3.0,1.0,1.0,1.0,1.0,1.0,3.0,1.0,1.0
13233,1.0,1.0,1.0,3.0,1.0,1.0,1.0,1.0,1.0,3.0,1.0,1.0
13234,1.0,1.0,1.0,3.0,1.0,1.0,1.0,1.0,1.0,4.0,1.0,1.0
13235,1.0,1.0,1.0,3.0,1.0,1.0,1.0,1.0,1.0,3.0,1.0,1.0
13236,1.0,1.0,1.0,3.0,1.0,1.0,1.0,1.0,1.0,5.0,2.0,1.0
13237,1.0,1.0,1.0,3.0,1.0,1.0,1.0,1.0,1.0,4.0,1.0,1.0
13238,1.0,1.0,1.0,3.0,1.0,1.0,1.0,1.0,1.0,4.0,1.0,1.0
13239,1.0,1.0,1.0,3.0,1.0,1.0,1.0,1.0,1.0,4.0,1.0,1.0
13240,1.0,1.0,1.0,3.0,1.0,1.0,1.0,1.0,1.0,3.0,1.0,1.0
13241,1.0,1.0,1.0,3.0,1.0,1.0,1.0,1.0,1.0,3.0,1.0,1.0
13242,1.0,1.0,1.0,3.0,1.0,1.0,1.0,1.0,1.0,3.0,1.0,1.0
13243,1.0,1.0,1.0,3.0,1.0,1.0,1.0,1.0,1.0,3.0,1.0,1.0
13244,1.0,1.0,1.0,3.0,1.0,1.0,1.0,1.0,1.0,4.0,1.0,1.0
13245,1.0,1.0,1.0,3.0,1.0,1.0,1.0,1.0,1.0,5.0,2.0,1.0
13246,1.0,1.0,1.0,3.0,1.0,1.0,1.0,1.0,1.0,3.0,1.0,1.0
13247,1.0,1.0,1.0,3.0,1.0,1.0,1.0,1.0,1.0,4.0,1.0,1.0
13248,1.0,1.0,1.0,3.0,1.0,1.0,1.0,1.0,1.0,3.0,1.0,1.0
13249,1.0,1.0,1.0,3.0,1.0,1.0,1.0,1.0,1.0,5.0,2.0,1.0
13250,1.0,1.0,1.0,3.0,1.0,1.0,1.0,1.0,1.0,3.0,1.0,1.0
13251,1.0,1.0,1.0,3.0,1.0,1.0,1.0,1.0,1.0,3.0,1.0,1.0
13252,1.0,1.0,1.0,3.0,1.0,1.0,1.0,1.0,1.0,4.0,1.0,1.0
13253,1.0,1.0,1.0,3.0,1.0,1.0,1.0,1.0,1.0,5.0,2.0,1.0
13254,1.0,1.0,1.0,3.0,1.0,1.0,1.0,1.0,1.0,3.0,1.0,1.0
13255,1.0,1.0,1.0,3.0,1.0,1.0,1.0,1.0,1.0,5.0,2.0,1.0
13256,1.0,1.0,1.0,3.0,1.0,1.0,1.0,1.0,1.0,5.0,2.0,1.0
13257,1.0,1.0,1.0,3.0,1.0,1.0,1.0,1.0,1.0,3.0,1.0,1.0
13258,1.0,1.0,1.0,3.0,1.0,1.0,1.0,1.0,1.0,3.0,1.0,1.0
13259,1.0,1.0,1.0,3.0,1.0,1.0,1.0,1.0,1.0,3.0,1.0,1.0
13260,1.0,1.0,1.0,3.0,1.0,1.0,1.0,1.0,1.0,3.0,1.0,1.0
13261,1.0,1.0,1.0,3.0,1.0,1.0,1.0,1.0,1.0,5.0,2.0,1.0
13262,1.0,1.0,1.0,3.0,1.0,1.0,1.0,1.0,1.0,5.0,2.0,1.0
13263,1.0,1.0,1.0,3.0,1.0,1.0,1.0,1.0,1.0,4.0,1.0,1.0
13264,1.0,1.0,1.0,3.0,1.0,1.0,1.0,1.0,1.0,3.0,1.0,1.0
13265,1.0,1.0,1.0,3.0,1.0,1.0,1.0,1.0,1.0,3.0,1.0,1.0
13266,1.0,1.0,1.0,3.0,1.0,1.0,1.0,1.0,1.0,5.0,2.0,1.0
13267,1.0,1.0,1.0,3.0,1.0,1.0,1.0,1.0,1.0,3.0,1.0,1.0
13268,1.0,1.0,1.0,3.0,1.0,1.0,1.0,1.0,1.0,3.0,1.0,1.0
13269,1.0,1.0,1.0,3.0,1.0,1.0,1.0,1.0,1.0,3.0,1.0,1.0
13270,1.0,1.0,1.0,3.0,1.0,1.0,1.0,1.0,1.0,3.0,1.0,1.0
13271,1.0,1.0,1.0,3.0,1.0,1.0,1.0,1.0,1.0,4.0,1.0,1.0
13272,1.0,1.0,1.0,3.0,1.0,1.0,1.0,1.0,1.0,4.0,1.0,1.0
13273,1.0,1.0,1.0,3.0,1.0,1.0,1.0,1.0,1.0,5.0,2.0,1.0
13274,1.0,1.0,1.0,3.0,1.0,1.0,1.0,1.0,1.0,3.0,1.0,1.0
13275,1.0,1.0,1.0,3.0,1.0,1.0,1.0,1.0,1.0,4.0,1.0,1.0
13276,1.0,1.0,1.0,3.0,1.0,1.0,1.0,1.0,1.0,3.0,1.0,1.0
13277,1.0,1.0,1.0,3.0,1.0,1.0,1.0,1.0,1.0,3.0,1.0,1.0
13278,1.0,1.0,1.0,3.0,1.0,1.0,1.0,1.0,1.0,3.0,1.0,1.0
13279,1.0,1.0,1.0,3.0,1.0,1.0,1.0,1.0,1.0,5.0,2.0,1.0
13280,1.0,1.0,1.0,3.0,1.0,1.0,1.0,1.0,1.0,3.0,1.0,1.0
13281,1.0,1.0,1.0,3.0,1.0,1.0,1.0,1.0,1.0,5.0,2.0,1.0
13282,1.0,1.0,1.0,3.0,1.0,1.0,1.0,1.0,1.0,5.0,2.0,1.0
13283,1.0,1.0,1.0,3.0,1.0,1.0,1.0,1.0,1.0,5.0,2.0,1.0
13284,1.0,1.0,1.0,3.0,1.0,1.0,1.0,1.0,1.0,3.0,1.0,1.0
13285,1.0,1.0,1.0,3.0,1.0,1.0,1.0,1.0,1.0,3.0,1.0,1.0
13286,1.0,1.0,1.0,3.0,1.0,1.0,1.0,1.0,1.0,5.0,2.0,1.0
13287,1.0,1.0,1.0,3.0,1.0,1.0,1.0,1.0,1.0,4.0,1.0,1.0
13288,1.0,1.0,1.0,3.0,1.0,1.0,1.0,1.0,1.0,5.0,2.0,1.0
13289,1.0,1.0,1.0,3.0,1.0,1.0,1.0,1.0,1.0,5.0,2.0,1.0
13290,1.0,1.0,1.0,3.0,1.0,1.0,1.0,1.0,1.0,3.0,1.0,1.0
13291,1.0,1.0,1.0,3.0,1.0,1.0,1.0,1.0,1.0,4.0,1.0,1.0
13292,1.0,1.0,1.0,3.0,1.0,1.0,1.0,1.0,1.0,5.0,2.0,1.0
13293,1.0,1.0,1.0,3.0,1.0,1.0,1.0,1.0,1.0,4.0,1.0,1.0
13294,1.0,1.0,1.0,3.0,1.0,1.0,1.0,1.0,1.0,3.0,1.0,1.0
13295,1.0,1.0,1.0,3.0,1.0,1.0,1.0,1.0,1.0,4.0,1.0,1.0
13296,1.0,1.0,1.0,3.0,1.0,1.0,1.0,1.0,1.0,3.0,1.0,1.0
13297,1.0,1.0,1.0,3.0,1.0,1.0,1.0,1.0,1.0,3.0,1.0,1.0
13298,1.0,1.0,1.0,3.0,1.0,1.0,1.0,1.0,1.0,5.0,2.0,1.0
13299,1.0,1.0,1.0,3.0,1.0,1.0,1.0,1.0,1.0,3.0,1.0,1.0
13300,1.0,1.0,1.0,3.0,1.0,1.0,1.0,1.0,1.0,4.0,1.0,1.0
13301,1.0,1.0,1.0,3.0,1.0,1.0,1.0,1.0,1.0,3.0,1.0,1.0
13302,1.0,1.0,1.0,3.0,1.0,1.0,1.0,1.0,1.0,3.0,1.0,1.0
13303,1.0,1.0,1.0,3.0,1.0,1.0,1.0,1.0,1.0,5.0,2.0,1.0
13304,1.0,1.0,1.0,3.0,1.0,1.0,1.0,1.0,1.0,3.0,1.0,1.0
13305,1.0,1.0,1.0,3.0,1.0,1.0,1.0,1.0,1.0,3.0,1.0,1.0
13306,1.0,1.0,1.0,3.0,1.0,1.0,1.0,1.0,1.0,4.0,1.0,1.0
13307,1.0,1.0,1.0,3.0,1.0,1.0,1.0,1.0,1.0,4.0,1.0,1.0
13308,1.0,1.0,1.0,3.0,1.0,1.0,1.0,1.0,1.0,3.0,1.0,1.0
13309,1.0,1.0,1.0,3.0,1.0,1.0,1.0,1.0,1.0,5.0,2.0,1.0
13310,1.0,1.0,1.0,3.0,1.0,1.0,1.0,1.0,1.0,4.0,1.0,1.0
13311,1.0,1.0,1.0,3.0,1.0,1.0,1.0,1.0,1.0,3.0,1.0,1.0
13312,1.0,1.0,1.0,3.0,1.0,1.0,1.0,1.0,1.0,5.0,2.0,1.0
13313,1.0,1.0,1.0,3.0,1.0,1.0,1.0,1.0,1.0,4.0,1.0,1.0
13314,1.0,1.0,1.0,3.0,1.0,1.0,1.0,1.0,1.0,3.0,1.0,1.0
13315,1.0,1.0,1.0,3.0,1.0,1.0,1.0,1.0,1.0,5.0,2.0,1.0
13316,1.0,1.0,1.0,3.0,1.0,1.0,1.0,1.0,1.0,3.0,1.0,1.0
13317,1.0,1.0,1.0,3.0,1.0,1.0,1.0,1.0,1.0,3.0,1.0,1.0
13318,1.0,1.0,1.0,3.0,1.0,1.0,1.0,1.0,1.0,5.0,2.0,1.0
13319,1.0,1.0,1.0,3.0,1.0,1.0,1.0,1.0,1.0,4.0,1.0,1.0
13320,1.0,1.0,1.0,3.0,1.0,1.0,1.0,1.0,1.0,3.0,1.0,1.0
13321,1.0,1.0,1.0,3.0,1.0,1.0,1.0,1.0,1.0,5.0,2.0,1.0
13322,1.0,1.0,1.0,3.0,1.0,1.0,1.0,1.0,1.0,5.0,2.0,1.0
13323,1.0,1.0,1.0,3.0,1.0,1.0,1.0,1.0,1.0,3.0,1.0,1.0
13324,1.0,1.0,1.0,3.0,1.0,1.0,1.0,1.0,1.0,3.0,1.0,1.0
13325,1.0,1.0,1.0,3.0,1.0,1.0,1.0,1.0,1.0,5.0,2.0,1.0
13326,1.0,1.0,1.0,3.0,1.0,1.0,1.0,1.0,1.0,3.0,1.0,1.0
13327,1.0,1.0,1.0,3.0,1.0,1.0,1.0,1.0,1.0,4.0,1.0,1.0
13328,1.0,1.0,1.0,3.0,1.0,1.0,1.0,1.0,1.0,4.0,1.0,1.0
13329,1.0,1.0,1.0,3.0,1.0,1.0,1.0,1.0,1.0,5.0,2.0,1.0
13330,1.0,1.0,1.0,3.0,1.0,1.0,1.0,1.0,1.0,3.0,1.0,1.0
13331,1.0,1.0,1.0,3.0,1.0,1.0,1.0,1.0,1.0,3.0,1.0,1.0
13332,1.0,1.0,1.0,3.0,1.0,1.0,1.0,1.0,1.0,5.0,2.0,1.0
13333,1.0,1.0,1.0,3.0,1.0,1.0,1.0,1.0,1.0,3.0,1.0,1.0
13334,1.0,1.0,1.0,3.0,1.0,1.0,1.0,1.0,1.0,3.0,1.0,1.0
13335,1.0,1.0,1.0,3.0,1.0,1.0,1.0,1.0,1.0,3.0,1.0,1.0
13336,1.0,1.0,1.0,3.0,1.0,1.0,1.0,1.0,1.0,3.0,1.0,1.0
13337,1.0,1.0,1.0,3.0,1.0,1.0,1.0,1.0,1.0,5.0,2.0,1.0
13338,1.0,1.0,1.0,3.0,1.0,1.0,1.0,1.0,1.0,4.0,1.0,1.0
13339,1.0,1.0,1.0,3.0,1.0,1.0,1.0,1.0,1.0,3.0,1.0,1.0
13340,1.0,1.0,1.0,3.0,1.0,1.0,1.0,1.0,1.0,3.0,1.0,1.0
13341,1.0,1.0,1.0,3.0,1.0,1.0,1.0,1.0,1.0,4.0,1.0,1.0
13342,1.0,1.0,1.0,3.0,1.0,1.0,1.0,1.0,1.0,3.0,1.0,1.0
13343,1.0,1.0,1.0,3.0,1.0,1.0,1.0,1.0,1.0,3.0,1.0,1.0
13344,1.0,1.0,1.0,3.0,1.0,1.0,1.0,1.0,1.0,3.0,1.0,1.0
13345,1.0,1.0,1.0,3.0,1.0,1.0,1.0,1.0,1.0,5.0,2.0,1.0
13346,1.0,1.0,1.0,3.0,1.0,1.0,1.0,1.0,1.0,3.0,1.0,1.0
13347,1.0,1.0,1.0,3.0,1.0,1.0,1.0,1.0,1.0,5.0,2.0,1.0
13348,1.0,1.0,1.0,3.0,1.0,1.0,1.0,1.0,1.0,5.0,2.0,1.0
13349,1.0,1.0,1.0,3.0,1.0,1.0,1.0,1.0,1.0,4.0,1.0,1.0
13350,1.0,1.0,1.0,3.0,1.0,1.0,1.0,1.0,1.0,5.0,2.0,1.0
13351,1.0,1.0,1.0,3.0,1.0,1.0,1.0,1.0,1.0,3.0,1.0,1.0
13352,1.0,1.0,1.0,3.0,1.0,1.0,1.0,1.0,1.0,4.0,1.0,1.0
13353,1.0,1.0,1.0,3.0,1.0,1.0,1.0,1.0,1.0,5.0,2.0,1.0
13354,1.0,1.0,1.0,3.0,1.0,1.0,1.0,1.0,1.0,3.0,1.0,1.0
13355,1.0,1.0,1.0,3.0,1.0,1.0,1.0,1.0,1.0,3.0,1.0,1.0
13356,1.0,1.0,1.0,3.0,1.0,1.0,1.0,1.0,1.0,3.0,1.0,1.0
13357,1.0,1.0,1.0,3.0,1.0,1.0,1.0,1.0,1.0,4.0,1.0,1.0
13358,1.0,1.0,1.0,3.0,1.0,1.0,1.0,1.0,1.0,3.0,1.0,1.0
13359,1.0,1.0,1.0,3.0,1.0,1.0,1.0,1.0,1.0,3.0,1.0,1.0
13360,1.0,1.0,1.0,3.0,1.0,1.0,1.0,1.0,1.0,5.0,2.0,1.0
13361,1.0,1.0,1.0,3.0,1.0,1.0,1.0,1.0,1.0,3.0,1.0,1.0
13362,1.0,1.0,1.0,3.0,1.0,1.0,1.0,1.0,1.0,3.0,1.0,1.0
13363,1.0,1.0,1.0,3.0,1.0,1.0,1.0,1.0,1.0,3.0,1.0,1.0
13364,1.0,1.0,1.0,3.0,1.0,1.0,1.0,1.0,1.0,5.0,2.0,1.0
13365,1.0,1.0,1.0,3.0,1.0,1.0,1.0,1.0,1.0,3.0,1.0,1.0
13366,1.0,1.0,1.0,3.0,1.0,1.0,1.0,1.0,1.0,3.0,1.0,1.0
13367,1.0,1.0,1.0,3.0,1.0,1.0,1.0,1.0,1.0,3.0,1.0,1.0
13368,1.0,1.0,1.0,3.0,1.0,1.0,1.0,1.0,1.0,5.0,2.0,1.0
13369,1.0,1.0,1.0,3.0,1.0,1.0,1.0,1.0,1.0,5.0,2.0,1.0
13370,1.0,1.0,1.0,3.0,1.0,1.0,1.0,1.0,1.0,4.0,1.0,1.0
13371,1.0,1.0,1.0,3.0,1.0,1.0,1.0,1.0,1.0,5.0,2.0,1.0
13372,1.0,1.0,1.0,3.0,1.0,1.0,1.0,1.0,1.0,5.0,2.0,1.0
13373,1.0,1.0,1.0,3.0,1.0,1.0,1.0,1.0,1.0,5.0,2.0,1.0
13374,1.0,1.0,1.0,3.0,1.0,1.0,1.0,1.0,1.0,3.0,1.0,1.0
13375,1.0,1.0,1.0,3.0,1.0,1.0,1.0,1.0,1.0,4.0,1.0,1.0
13376,1.0,1.0,1.0,3.0,1.0,1.0,1.0,1.0,1.0,5.0,2.0,1.0
13377,1.0,1.0,1.0,3.0,1.0,1.0,1.0,1.0,1.0,3.0,1.0,1.0
13378,1.0,1.0,1.0,3.0,1.0,1.0,1.0,1.0,1.0,5.0,2.0,1.0
13379,1.0,1.0,1.0,3.0,1.0,1.0,1.0,1.0,1.0,3.0,1.0,1.0
13380,1.0,1.0,1.0,3.0,1.0,1.0,1.0,1.0,1.0,3.0,1.0,1.0
13381,1.0,1.0,1.0,3.0,1.0,1.0,1.0,1.0,1.0,4.0,1.0,1.0
13382,1.0,1.0,1.0,3.0,1.0,1.0,1.0,1.0,1.0,3.0,1.0,1.0
13383,1.0,1.0,1.0,3.0,1.0,1.0,1.0,1.0,1.0,3.0,1.0,1.0
13384,1.0,1.0,1.0,3.0,1.0,1.0,1.0,1.0,1.0,3.0,1.0,1.0
13385,1.0,1.0,1.0,3.0,1.0,1.0,1.0,1.0,1.0,3.0,1.0,1.0
13386,1.0,1.0,1.0,3.0,1.0,1.0,1.0,1.0,1.0,5.0,2.0,1.0
13387,1.0,1.0,1.0,3.0,1.0,1.0,1.0,1.0,1.0,3.0,1.0,1.0
13388,1.0,1.0,1.0,3.0,1.0,1.0,1.0,1.0,1.0,5.0,2.0,1.0
13389,1.0,1.0,1.0,3.0,1.0,1.0,1.0,1.0,1.0,3.0,1.0,1.0
13390,1.0,1.0,1.0,3.0,1.0,1.0,1.0,1.0,1.0,3.0,1.0,1.0
13391,1.0,1.0,1.0,3.0,1.0,1.0,1.0,1.0,1.0,3.0,1.0,1.0
13392,1.0,1.0,1.0,3.0,1.0,1.0,1.0,1.0,1.0,3.0,1.0,1.0
13393,1.0,1.0,1.0,3.0,1.0,1.0,1.0,1.0,1.0,5.0,2.0,1.0
13394,1.0,1.0,1.0,3.0,1.0,1.0,1.0,1.0,1.0,5.0,2.0,1.0
13395,1.0,1.0,1.0,3.0,1.0,1.0,1.0,1.0,1.0,3.0,1.0,1.0
13396,1.0,1.0,1.0,3.0,1.0,1.0,1.0,1.0,1.0,3.0,1.0,1.0
13397,1.0,1.0,1.0,3.0,1.0,1.0,1.0,1.0,1.0,4.0,1.0,1.0
13398,1.0,1.0,1.0,3.0,1.0,1.0,1.0,1.0,1.0,3.0,1.0,1.0
13399,1.0,1.0,1.0,3.0,1.0,1.0,1.0,1.0,1.0,3.0,1.0,1.0
13400,1.0,1.0,1.0,3.0,1.0,1.0,1.0,1.0,1.0,5.0,2.0,1.0
13401,1.0,1.0,1.0,3.0,1.0,1.0,1.0,1.0,1.0,5.0,2.0,1.0
13402,1.0,1.0,1.0,3.0,1.0,1.0,1.0,1.0,1.0,3.0,1.0,1.0
13403,1.0,1.0,1.0,3.0,1.0,1.0,1.0,1.0,1.0,5.0,2.0,1.0
13404,1.0,1.0,1.0,3.0,1.0,1.0,1.0,1.0,1.0,5.0,2.0,1.0
13405,1.0,1.0,1.0,3.0,1.0,1.0,1.0,1.0,1.0,3.0,1.0,1.0
13406,1.0,1.0,1.0,3.0,1.0,1.0,1.0,1.0,1.0,5.0,2.0,1.0
13407,1.0,1.0,1.0,3.0,1.0,1.0,1.0,1.0,1.0,5.0,2.0,1.0
13408,1.0,1.0,1.0,3.0,1.0,1.0,1.0,1.0,1.0,5.0,2.0,1.0
13409,1.0,1.0,1.0,3.0,1.0,1.0,1.0,1.0,1.0,5.0,2.0,1.0
13410,1.0,1.0,1.0,3.0,1.0,1.0,1.0,1.0,1.0,3.0,1.0,1.0
13411,1.0,1.0,1.0,3.0,1.0,1.0,1.0,1.0,1.0,5.0,2.0,1.0
13412,1.0,1.0,1.0,3.0,1.0,1.0,1.0,1.0,1.0,3.0,1.0,1.0
13413,1.0,1.0,1.0,3.0,1.0,1.0,1.0,1.0,1.0,3.0,1.0,1.0
13414,1.0,1.0,1.0,3.0,1.0,1.0,1.0,1.0,1.0,3.0,1.0,1.0
13415,1.0,1.0,1.0,3.0,1.0,1.0,1.0,1.0,1.0,3.0,1.0,1.0
13416,1.0,1.0,1.0,3.0,1.0,1.0,1.0,1.0,1.0,4.0,1.0,1.0
13417,1.0,1.0,1.0,3.0,1.0,1.0,1.0,1.0,1.0,3.0,1.0,1.0
13418,1.0,1.0,1.0,3.0,1.0,1.0,1.0,1.0,1.0,3.0,1.0,1.0
13419,1.0,1.0,1.0,3.0,1.0,1.0,1.0,1.0,1.0,3.0,1.0,1.0
13420,1.0,1.0,1.0,3.0,1.0,1.0,1.0,1.0,1.0,3.0,1.0,1.0
13421,1.0,1.0,1.0,3.0,1.0,1.0,1.0,1.0,1.0,3.0,1.0,1.0
13422,1.0,1.0,1.0,3.0,1.0,1.0,1.0,1.0,1.0,3.0,1.0,1.0
13423,1.0,1.0,1.0,3.0,1.0,1.0,1.0,1.0,1.0,3.0,1.0,1.0
13424,1.0,1.0,1.0,3.0,1.0,1.0,1.0,1.0,1.0,4.0,1.0,1.0
13425,1.0,1.0,1.0,3.0,1.0,1.0,1.0,1.0,1.0,3.0,1.0,1.0
13426,1.0,1.0,1.0,3.0,1.0,1.0,1.0,1.0,1.0,3.0,1.0,1.0
13427,1.0,1.0,1.0,3.0,1.0,1.0,1.0,1.0,1.0,4.0,1.0,1.0
13428,1.0,1.0,1.0,3.0,1.0,1.0,1.0,1.0,1.0,5.0,2.0,1.0
13429,1.0,1.0,1.0,3.0,1.0,1.0,1.0,1.0,1.0,3.0,1.0,1.0
13430,1.0,1.0,1.0,3.0,1.0,1.0,1.0,1.0,1.0,3.0,1.0,1.0
13431,1.0,1.0,1.0,3.0,1.0,1.0,1.0,1.0,1.0,4.0,1.0,1.0
13432,1.0,1.0,1.0,3.0,1.0,1.0,1.0,1.0,1.0,4.0,1.0,1.0
13433,1.0,1.0,1.0,3.0,1.0,1.0,1.0,1.0,1.0,4.0,1.0,1.0
13434,1.0,1.0,1.0,3.0,1.0,1.0,1.0,1.0,1.0,5.0,2.0,1.0
13435,1.0,1.0,1.0,3.0,1.0,1.0,1.0,1.0,1.0,3.0,1.0,1.0
13436,1.0,1.0,1.0,3.0,1.0,1.0,1.0,1.0,1.0,3.0,1.0,1.0
13437,1.0,1.0,1.0,3.0,1.0,1.0,1.0,1.0,1.0,3.0,1.0,1.0
13438,1.0,1.0,1.0,3.0,1.0,1.0,1.0,1.0,1.0,3.0,1.0,1.0
13439,1.0,1.0,1.0,3.0,1.0,1.0,1.0,1.0,1.0,4.0,1.0,1.0
13440,1.0,1.0,1.0,3.0,1.0,1.0,1.0,1.0,1.0,4.0,1.0,1.0
13441,1.0,1.0,1.0,3.0,1.0,1.0,1.0,1.0,1.0,4.0,1.0,1.0
13442,1.0,1.0,1.0,3.0,1.0,1.0,1.0,1.0,1.0,3.0,1.0,1.0
13443,1.0,1.0,1.0,3.0,1.0,1.0,1.0,1.0,1.0,3.0,1.0,1.0
13444,1.0,1.0,1.0,3.0,1.0,1.0,1.0,1.0,1.0,3.0,1.0,1.0
13445,1.0,1.0,1.0,3.0,1.0,1.0,1.0,1.0,1.0,3.0,1.0,1.0
13446,1.0,1.0,1.0,3.0,1.0,1.0,1.0,1.0,1.0,3.0,1.0,1.0
13447,1.0,1.0,1.0,3.0,1.0,1.0,1.0,1.0,1.0,5.0,2.0,1.0
13448,1.0,1.0,1.0,3.0,1.0,1.0,1.0,1.0,1.0,3.0,1.0,1.0
13449,1.0,1.0,1.0,3.0,1.0,1.0,1.0,1.0,1.0,5.0,2.0,1.0
13450,1.0,1.0,1.0,3.0,1.0,1.0,1.0,1.0,1.0,3.0,1.0,1.0
13451,1.0,1.0,1.0,3.0,1.0,1.0,1.0,1.0,1.0,5.0,2.0,1.0
13452,1.0,1.0,1.0,3.0,1.0,1.0,1.0,1.0,1.0,5.0,2.0,1.0
13453,1.0,1.0,1.0,3.0,1.0,1.0,1.0,1.0,1.0,4.0,1.0,1.0
13454,1.0,1.0,1.0,3.0,1.0,1.0,1.0,1.0,1.0,3.0,1.0,1.0
13455,1.0,1.0,1.0,3.0,1.0,1.0,1.0,1.0,1.0,3.0,1.0,1.0
13456,1.0,1.0,1.0,3.0,1.0,1.0,1.0,1.0,1.0,3.0,1.0,1.0
13457,1.0,1.0,1.0,3.0,1.0,1.0,1.0,1.0,1.0,4.0,1.0,1.0
13458,1.0,1.0,1.0,3.0,1.0,1.0,1.0,1.0,1.0,5.0,2.0,1.0
13459,1.0,1.0,1.0,3.0,1.0,1.0,1.0,1.0,1.0,3.0,1.0,1.0
13460,1.0,1.0,1.0,3.0,1.0,1.0,1.0,1.0,1.0,4.0,1.0,1.0
13461,1.0,1.0,1.0,3.0,1.0,1.0,1.0,1.0,1.0,4.0,1.0,1.0
13462,1.0,1.0,1.0,3.0,1.0,1.0,1.0,1.0,1.0,4.0,1.0,1.0
13463,1.0,1.0,1.0,3.0,1.0,1.0,1.0,1.0,1.0,4.0,1.0,1.0
13464,1.0,1.0,1.0,3.0,1.0,1.0,1.0,1.0,1.0,4.0,1.0,1.0
13465,1.0,1.0,1.0,3.0,1.0,1.0,1.0,1.0,1.0,4.0,1.0,1.0
13466,1.0,1.0,1.0,3.0,1.0,1.0,1.0,1.0,1.0,3.0,1.0,1.0
13467,1.0,1.0,1.0,3.0,1.0,1.0,1.0,1.0,1.0,5.0,2.0,1.0
13468,1.0,1.0,1.0,3.0,1.0,1.0,1.0,1.0,1.0,3.0,1.0,1.0
13469,1.0,1.0,1.0,3.0,1.0,1.0,1.0,1.0,1.0,3.0,1.0,1.0
13470,1.0,1.0,1.0,3.0,1.0,1.0,1.0,1.0,1.0,3.0,1.0,1.0
13471,1.0,1.0,1.0,3.0,1.0,1.0,1.0,1.0,1.0,3.0,1.0,1.0
13472,1.0,1.0,1.0,3.0,1.0,1.0,1.0,1.0,1.0,5.0,2.0,1.0
13473,1.0,1.0,1.0,3.0,1.0,1.0,1.0,1.0,1.0,4.0,1.0,1.0
13474,1.0,1.0,1.0,3.0,1.0,1.0,1.0,1.0,1.0,3.0,1.0,1.0
13475,1.0,1.0,1.0,3.0,1.0,1.0,1.0,1.0,1.0,3.0,1.0,1.0
13476,1.0,1.0,1.0,3.0,1.0,1.0,1.0,1.0,1.0,3.0,1.0,1.0
13477,1.0,1.0,1.0,3.0,1.0,1.0,1.0,1.0,1.0,5.0,2.0,1.0
13478,1.0,1.0,1.0,3.0,1.0,1.0,1.0,1.0,1.0,3.0,1.0,1.0
13479,1.0,1.0,1.0,3.0,1.0,1.0,1.0,1.0,1.0,3.0,1.0,1.0
13480,1.0,1.0,1.0,3.0,1.0,1.0,1.0,1.0,1.0,3.0,1.0,1.0
13481,1.0,1.0,1.0,3.0,1.0,1.0,1.0,1.0,1.0,5.0,2.0,1.0
13482,1.0,1.0,1.0,3.0,1.0,1.0,1.0,1.0,1.0,3.0,1.0,1.0
13483,1.0,1.0,1.0,3.0,1.0,1.0,1.0,1.0,1.0,5.0,2.0,1.0
13484,1.0,1.0,1.0,3.0,1.0,1.0,1.0,1.0,1.0,4.0,1.0,1.0
13485,1.0,1.0,1.0,3.0,1.0,1.0,1.0,1.0,1.0,4.0,1.0,1.0
13486,1.0,1.0,1.0,3.0,1.0,1.0,1.0,1.0,1.0,5.0,2.0,1.0
13487,1.0,1.0,1.0,3.0,1.0,1.0,1.0,1.0,1.0,3.0,1.0,1.0
13488,1.0,1.0,1.0,3.0,1.0,1.0,1.0,1.0,1.0,3.0,1.0,1.0
13489,1.0,1.0,1.0,3.0,1.0,1.0,1.0,1.0,1.0,5.0,2.0,1.0
13490,1.0,1.0,1.0,3.0,1.0,1.0,1.0,1.0,1.0,5.0,2.0,1.0
13491,1.0,1.0,1.0,3.0,1.0,1.0,1.0,1.0,1.0,3.0,1.0,1.0
13492,1.0,1.0,1.0,3.0,1.0,1.0,1.0,1.0,1.0,3.0,1.0,1.0
13493,1.0,1.0,1.0,3.0,1.0,1.0,1.0,1.0,1.0,4.0,1.0,1.0
13494,1.0,1.0,1.0,3.0,1.0,1.0,1.0,1.0,1.0,4.0,1.0,1.0
13495,1.0,1.0,1.0,3.0,1.0,1.0,1.0,1.0,1.0,3.0,1.0,1.0
13496,1.0,1.0,1.0,3.0,1.0,1.0,1.0,1.0,1.0,5.0,2.0,1.0
13497,1.0,1.0,1.0,3.0,1.0,1.0,1.0,1.0,1.0,3.0,1.0,1.0
13498,1.0,1.0,1.0,3.0,1.0,1.0,1.0,1.0,1.0,3.0,1.0,1.0
13499,1.0,1.0,1.0,3.0,1.0,1.0,1.0,1.0,1.0,3.0,1.0,1.0
13500,1.0,1.0,1.0,3.0,1.0,1.0,1.0,1.0,1.0,5.0,2.0,1.0
13501,1.0,1.0,1.0,3.0,1.0,1.0,1.0,1.0,1.0,3.0,1.0,1.0
13502,1.0,1.0,1.0,3.0,1.0,1.0,1.0,1.0,1.0,5.0,2.0,1.0
13503,1.0,1.0,1.0,3.0,1.0,1.0,1.0,1.0,1.0,4.0,1.0,1.0
13504,1.0,1.0,1.0,3.0,1.0,1.0,1.0,1.0,1.0,5.0,2.0,1.0
13505,1.0,1.0,1.0,3.0,1.0,1.0,1.0,1.0,1.0,5.0,2.0,1.0
13506,1.0,1.0,1.0,3.0,1.0,1.0,1.0,1.0,1.0,4.0,1.0,1.0
13507,1.0,1.0,1.0,3.0,1.0,1.0,1.0,1.0,1.0,3.0,1.0,1.0
13508,1.0,1.0,1.0,3.0,1.0,1.0,1.0,1.0,1.0,3.0,1.0,1.0
13509,1.0,1.0,1.0,3.0,1.0,1.0,1.0,1.0,1.0,4.0,1.0,1.0
13510,1.0,1.0,1.0,3.0,1.0,1.0,1.0,1.0,1.0,4.0,1.0,1.0
13511,1.0,1.0,1.0,3.0,1.0,1.0,1.0,1.0,1.0,4.0,1.0,1.0
13512,1.0,1.0,1.0,3.0,1.0,1.0,1.0,1.0,1.0,3.0,1.0,1.0
13513,1.0,1.0,1.0,3.0,1.0,1.0,1.0,1.0,1.0,3.0,1.0,1.0
13514,1.0,1.0,1.0,3.0,1.0,1.0,1.0,1.0,1.0,4.0,1.0,1.0
13515,1.0,1.0,1.0,3.0,1.0,1.0,1.0,1.0,1.0,3.0,1.0,1.0
13516,1.0,1.0,1.0,3.0,1.0,1.0,1.0,1.0,1.0,3.0,1.0,1.0
13517,1.0,1.0,1.0,3.0,1.0,1.0,1.0,1.0,1.0,3.0,1.0,1.0
13518,1.0,1.0,1.0,3.0,1.0,1.0,1.0,1.0,1.0,5.0,2.0,1.0
13519,1.0,1.0,1.0,3.0,1.0,1.0,1.0,1.0,1.0,5.0,2.0,1.0
13520,1.0,1.0,1.0,3.0,1.0,1.0,1.0,1.0,1.0,5.0,2.0,1.0
13521,1.0,1.0,1.0,3.0,1.0,1.0,1.0,1.0,1.0,5.0,2.0,1.0
13522,1.0,1.0,1.0,3.0,1.0,1.0,1.0,1.0,1.0,3.0,1.0,1.0
13523,1.0,1.0,1.0,3.0,1.0,1.0,1.0,1.0,1.0,3.0,1.0,1.0
13524,1.0,1.0,1.0,3.0,1.0,1.0,1.0,1.0,1.0,5.0,2.0,1.0
13525,1.0,1.0,1.0,3.0,1.0,1.0,1.0,1.0,1.0,3.0,1.0,1.0
13526,1.0,1.0,1.0,3.0,1.0,1.0,1.0,1.0,1.0,3.0,1.0,1.0
13527,1.0,1.0,1.0,3.0,1.0,1.0,1.0,1.0,1.0,5.0,2.0,1.0
13528,1.0,1.0,1.0,3.0,1.0,1.0,1.0,1.0,1.0,5.0,2.0,1.0
13529,1.0,1.0,1.0,3.0,1.0,1.0,1.0,1.0,1.0,5.0,2.0,1.0
13530,1.0,1.0,1.0,3.0,1.0,1.0,1.0,1.0,1.0,3.0,1.0,1.0
13531,1.0,1.0,1.0,3.0,1.0,1.0,1.0,1.0,1.0,3.0,1.0,1.0
13532,1.0,1.0,1.0,3.0,1.0,1.0,1.0,1.0,1.0,5.0,2.0,1.0
13533,1.0,1.0,1.0,3.0,1.0,1.0,1.0,1.0,1.0,5.0,2.0,1.0
13534,1.0,1.0,1.0,3.0,1.0,1.0,1.0,1.0,1.0,3.0,1.0,1.0
13535,1.0,1.0,1.0,3.0,1.0,1.0,1.0,1.0,1.0,3.0,1.0,1.0
13536,1.0,1.0,1.0,3.0,1.0,1.0,1.0,1.0,1.0,3.0,1.0,1.0
13537,1.0,1.0,1.0,3.0,1.0,1.0,1.0,1.0,1.0,3.0,1.0,1.0
13538,1.0,1.0,1.0,3.0,1.0,1.0,1.0,1.0,1.0,5.0,2.0,1.0
13539,1.0,1.0,1.0,3.0,1.0,1.0,1.0,1.0,1.0,5.0,2.0,1.0
13540,1.0,1.0,1.0,3.0,1.0,1.0,1.0,1.0,1.0,5.0,2.0,1.0
13541,1.0,1.0,1.0,3.0,1.0,1.0,1.0,1.0,1.0,4.0,1.0,1.0
13542,1.0,1.0,1.0,3.0,1.0,1.0,1.0,1.0,1.0,5.0,2.0,1.0
13543,1.0,1.0,1.0,3.0,1.0,1.0,1.0,1.0,1.0,3.0,1.0,1.0
13544,1.0,1.0,1.0,3.0,1.0,1.0,1.0,1.0,1.0,3.0,1.0,1.0
13545,1.0,1.0,1.0,3.0,1.0,1.0,1.0,1.0,1.0,5.0,2.0,1.0
13546,1.0,1.0,1.0,3.0,1.0,1.0,1.0,1.0,1.0,5.0,2.0,1.0
13547,1.0,1.0,1.0,3.0,1.0,1.0,1.0,1.0,1.0,4.0,1.0,1.0
13548,1.0,1.0,1.0,3.0,1.0,1.0,1.0,1.0,1.0,4.0,1.0,1.0
13549,1.0,1.0,1.0,3.0,1.0,1.0,1.0,1.0,1.0,3.0,1.0,1.0
13550,1.0,1.0,1.0,3.0,1.0,1.0,1.0,1.0,1.0,4.0,1.0,1.0
13551,1.0,1.0,1.0,3.0,1.0,1.0,1.0,1.0,1.0,5.0,2.0,1.0
13552,1.0,1.0,1.0,3.0,1.0,1.0,1.0,1.0,1.0,5.0,2.0,1.0
13553,1.0,1.0,1.0,3.0,1.0,1.0,1.0,1.0,1.0,3.0,1.0,1.0
13554,1.0,1.0,1.0,3.0,1.0,1.0,1.0,1.0,1.0,3.0,1.0,1.0
13555,1.0,1.0,1.0,3.0,1.0,1.0,1.0,1.0,1.0,4.0,1.0,1.0
13556,1.0,1.0,1.0,3.0,1.0,1.0,1.0,1.0,1.0,3.0,1.0,1.0
13557,1.0,1.0,1.0,3.0,1.0,1.0,1.0,1.0,1.0,3.0,1.0,1.0
13558,1.0,1.0,1.0,3.0,1.0,1.0,1.0,1.0,1.0,5.0,2.0,1.0
13559,1.0,1.0,1.0,3.0,1.0,1.0,1.0,1.0,1.0,3.0,1.0,1.0
13560,1.0,1.0,1.0,3.0,1.0,1.0,1.0,1.0,1.0,3.0,1.0,1.0
13561,1.0,1.0,1.0,3.0,1.0,1.0,1.0,1.0,1.0,3.0,1.0,1.0
13562,1.0,1.0,1.0,3.0,1.0,1.0,1.0,1.0,1.0,5.0,2.0,1.0
13563,1.0,1.0,1.0,3.0,1.0,1.0,1.0,1.0,1.0,4.0,1.0,1.0
13564,1.0,1.0,1.0,3.0,1.0,1.0,1.0,1.0,1.0,3.0,1.0,1.0
13565,1.0,1.0,1.0,3.0,1.0,1.0,1.0,1.0,1.0,3.0,1.0,1.0
13566,1.0,1.0,1.0,3.0,1.0,1.0,1.0,1.0,1.0,4.0,1.0,1.0
13567,1.0,1.0,1.0,3.0,1.0,1.0,1.0,1.0,1.0,3.0,1.0,1.0
13568,1.0,1.0,1.0,3.0,1.0,1.0,1.0,1.0,1.0,5.0,2.0,1.0
13569,1.0,1.0,1.0,3.0,1.0,1.0,1.0,1.0,1.0,3.0,1.0,1.0
13570,1.0,1.0,1.0,3.0,1.0,1.0,1.0,1.0,1.0,4.0,1.0,1.0
13571,1.0,1.0,1.0,3.0,1.0,1.0,1.0,1.0,1.0,3.0,1.0,1.0
13572,1.0,1.0,1.0,3.0,1.0,1.0,1.0,1.0,1.0,5.0,2.0,1.0
13573,1.0,1.0,1.0,3.0,1.0,1.0,1.0,1.0,1.0,3.0,1.0,1.0
13574,1.0,1.0,1.0,3.0,1.0,1.0,1.0,1.0,1.0,3.0,1.0,1.0
13575,1.0,1.0,1.0,3.0,1.0,1.0,1.0,1.0,1.0,5.0,2.0,1.0
13576,1.0,1.0,1.0,3.0,1.0,1.0,1.0,1.0,1.0,3.0,1.0,1.0
13577,1.0,1.0,1.0,3.0,1.0,1.0,1.0,1.0,1.0,3.0,1.0,1.0
13578,1.0,1.0,1.0,3.0,1.0,1.0,1.0,1.0,1.0,5.0,2.0,1.0
13579,1.0,1.0,1.0,3.0,1.0,1.0,1.0,1.0,1.0,5.0,2.0,1.0
13580,1.0,1.0,1.0,3.0,1.0,1.0,1.0,1.0,1.0,5.0,2.0,1.0
13581,1.0,1.0,1.0,3.0,1.0,1.0,1.0,1.0,1.0,3.0,1.0,1.0
13582,1.0,1.0,1.0,3.0,1.0,1.0,1.0,1.0,1.0,3.0,1.0,1.0
13583,1.0,1.0,1.0,3.0,1.0,1.0,1.0,1.0,1.0,3.0,1.0,1.0
13584,1.0,1.0,1.0,3.0,1.0,1.0,1.0,1.0,1.0,5.0,2.0,1.0
13585,1.0,1.0,1.0,3.0,1.0,1.0,1.0,1.0,1.0,3.0,1.0,1.0
13586,1.0,1.0,1.0,3.0,1.0,1.0,1.0,1.0,1.0,5.0,2.0,1.0
13587,1.0,1.0,1.0,3.0,1.0,1.0,1.0,1.0,1.0,3.0,1.0,1.0
13588,1.0,1.0,1.0,3.0,1.0,1.0,1.0,1.0,1.0,3.0,1.0,1.0
13589,1.0,1.0,1.0,3.0,1.0,1.0,1.0,1.0,1.0,3.0,1.0,1.0
13590,1.0,1.0,1.0,3.0,1.0,1.0,1.0,1.0,1.0,4.0,1.0,1.0
13591,1.0,1.0,1.0,3.0,1.0,1.0,1.0,1.0,1.0,3.0,1.0,1.0
13592,1.0,1.0,1.0,3.0,1.0,1.0,1.0,1.0,1.0,3.0,1.0,1.0
13593,1.0,1.0,1.0,3.0,1.0,1.0,1.0,1.0,1.0,5.0,2.0,1.0
13594,1.0,1.0,1.0,3.0,1.0,1.0,1.0,1.0,1.0,3.0,1.0,1.0
13595,1.0,1.0,1.0,3.0,1.0,1.0,1.0,1.0,1.0,5.0,2.0,1.0
13596,1.0,1.0,1.0,3.0,1.0,1.0,1.0,1.0,1.0,3.0,1.0,1.0
13597,1.0,1.0,1.0,3.0,1.0,1.0,1.0,1.0,1.0,5.0,2.0,1.0
13598,1.0,1.0,1.0,3.0,1.0,1.0,1.0,1.0,1.0,3.0,1.0,1.0
13599,1.0,1.0,1.0,3.0,1.0,1.0,1.0,1.0,1.0,3.0,1.0,1.0
13600,1.0,1.0,1.0,3.0,1.0,1.0,1.0,1.0,1.0,5.0,2.0,1.0
13601,1.0,1.0,1.0,3.0,1.0,1.0,1.0,1.0,1.0,3.0,1.0,1.0
13602,1.0,1.0,1.0,3.0,1.0,1.0,1.0,1.0,1.0,3.0,1.0,1.0
13603,1.0,1.0,1.0,3.0,1.0,1.0,1.0,1.0,1.0,4.0,1.0,1.0
13604,1.0,1.0,1.0,3.0,1.0,1.0,1.0,1.0,1.0,3.0,1.0,1.0
13605,1.0,1.0,1.0,3.0,1.0,1.0,1.0,1.0,1.0,3.0,1.0,1.0
13606,1.0,1.0,1.0,3.0,1.0,1.0,1.0,1.0,1.0,4.0,1.0,1.0
13607,1.0,1.0,1.0,3.0,1.0,1.0,1.0,1.0,1.0,3.0,1.0,1.0
13608,1.0,1.0,1.0,3.0,1.0,1.0,1.0,1.0,1.0,3.0,1.0,1.0
13609,1.0,1.0,1.0,3.0,1.0,1.0,1.0,1.0,1.0,3.0,1.0,1.0
13610,1.0,1.0,1.0,3.0,1.0,1.0,1.0,1.0,1.0,3.0,1.0,1.0
13611,1.0,1.0,1.0,3.0,1.0,1.0,1.0,1.0,1.0,4.0,1.0,1.0
13612,1.0,1.0,1.0,3.0,1.0,1.0,1.0,1.0,1.0,5.0,2.0,1.0
13613,1.0,1.0,1.0,3.0,1.0,1.0,1.0,1.0,1.0,3.0,1.0,1.0
13614,1.0,1.0,1.0,3.0,1.0,1.0,1.0,1.0,1.0,3.0,1.0,1.0
13615,1.0,1.0,1.0,3.0,1.0,1.0,1.0,1.0,1.0,5.0,2.0,1.0
13616,1.0,1.0,1.0,3.0,1.0,1.0,1.0,1.0,1.0,5.0,2.0,1.0
13617,1.0,1.0,1.0,3.0,1.0,1.0,1.0,1.0,1.0,3.0,1.0,1.0
13618,1.0,1.0,1.0,3.0,1.0,1.0,1.0,1.0,1.0,3.0,1.0,1.0
13619,1.0,1.0,1.0,3.0,1.0,1.0,1.0,1.0,1.0,5.0,2.0,1.0
13620,1.0,1.0,1.0,3.0,1.0,1.0,1.0,1.0,1.0,3.0,1.0,1.0
13621,1.0,1.0,1.0,3.0,1.0,1.0,1.0,1.0,1.0,5.0,2.0,1.0
13622,1.0,1.0,1.0,3.0,1.0,1.0,1.0,1.0,1.0,3.0,1.0,1.0
13623,1.0,1.0,1.0,3.0,1.0,1.0,1.0,1.0,1.0,5.0,2.0,1.0
13624,1.0,1.0,1.0,3.0,1.0,1.0,1.0,1.0,1.0,3.0,1.0,1.0
13625,1.0,1.0,1.0,3.0,1.0,1.0,1.0,1.0,1.0,4.0,1.0,1.0
13626,1.0,1.0,1.0,3.0,1.0,1.0,1.0,1.0,1.0,3.0,1.0,1.0
13627,1.0,1.0,1.0,3.0,1.0,1.0,1.0,1.0,1.0,3.0,1.0,1.0
13628,1.0,1.0,1.0,3.0,1.0,1.0,1.0,1.0,1.0,3.0,1.0,1.0
13629,1.0,1.0,1.0,3.0,1.0,1.0,1.0,1.0,1.0,4.0,1.0,1.0
13630,1.0,1.0,1.0,3.0,1.0,1.0,1.0,1.0,1.0,3.0,1.0,1.0
13631,1.0,1.0,1.0,3.0,1.0,1.0,1.0,1.0,1.0,5.0,2.0,1.0
13632,1.0,1.0,1.0,3.0,1.0,1.0,1.0,1.0,1.0,5.0,2.0,1.0
13633,1.0,1.0,1.0,3.0,1.0,1.0,1.0,1.0,1.0,3.0,1.0,1.0
13634,1.0,1.0,1.0,3.0,1.0,1.0,1.0,1.0,1.0,3.0,1.0,1.0
13635,1.0,1.0,1.0,3.0,1.0,1.0,1.0,1.0,1.0,4.0,1.0,1.0
13636,1.0,1.0,1.0,3.0,1.0,1.0,1.0,1.0,1.0,3.0,1.0,1.0
13637,1.0,1.0,1.0,3.0,1.0,1.0,1.0,1.0,1.0,5.0,2.0,1.0
13638,1.0,1.0,1.0,3.0,1.0,1.0,1.0,1.0,1.0,4.0,1.0,1.0
13639,1.0,1.0,1.0,3.0,1.0,1.0,1.0,1.0,1.0,3.0,1.0,1.0
13640,1.0,1.0,1.0,3.0,1.0,1.0,1.0,1.0,1.0,3.0,1.0,1.0
13641,1.0,1.0,1.0,3.0,1.0,1.0,1.0,1.0,1.0,3.0,1.0,1.0
13642,1.0,1.0,1.0,3.0,1.0,1.0,1.0,1.0,1.0,5.0,2.0,1.0
13643,1.0,1.0,1.0,3.0,1.0,1.0,1.0,1.0,1.0,4.0,1.0,1.0
13644,1.0,1.0,1.0,3.0,1.0,1.0,1.0,1.0,1.0,3.0,1.0,1.0
13645,1.0,1.0,1.0,3.0,1.0,1.0,1.0,1.0,1.0,3.0,1.0,1.0
13646,1.0,1.0,1.0,3.0,1.0,1.0,1.0,1.0,1.0,3.0,1.0,1.0
13647,1.0,1.0,1.0,3.0,1.0,1.0,1.0,1.0,1.0,3.0,1.0,1.0
13648,1.0,1.0,1.0,3.0,1.0,1.0,1.0,1.0,1.0,3.0,1.0,1.0
13649,1.0,1.0,1.0,3.0,1.0,1.0,1.0,1.0,1.0,5.0,2.0,1.0
13650,1.0,1.0,1.0,3.0,1.0,1.0,1.0,1.0,1.0,3.0,1.0,1.0
13651,1.0,1.0,1.0,3.0,1.0,1.0,1.0,1.0,1.0,4.0,1.0,1.0
13652,1.0,1.0,1.0,3.0,1.0,1.0,1.0,1.0,1.0,5.0,2.0,1.0
13653,1.0,1.0,1.0,3.0,1.0,1.0,1.0,1.0,1.0,4.0,1.0,1.0
13654,1.0,1.0,1.0,3.0,1.0,1.0,1.0,1.0,1.0,4.0,1.0,1.0
13655,1.0,1.0,1.0,3.0,1.0,1.0,1.0,1.0,1.0,5.0,2.0,1.0
13656,1.0,1.0,1.0,3.0,1.0,1.0,1.0,1.0,1.0,3.0,1.0,1.0
13657,1.0,1.0,1.0,3.0,1.0,1.0,1.0,1.0,1.0,3.0,1.0,1.0
13658,1.0,1.0,1.0,3.0,1.0,1.0,1.0,1.0,1.0,3.0,1.0,1.0
13659,1.0,1.0,1.0,3.0,1.0,1.0,1.0,1.0,1.0,3.0,1.0,1.0
13660,1.0,1.0,1.0,3.0,1.0,1.0,1.0,1.0,1.0,5.0,2.0,1.0
13661,1.0,1.0,1.0,3.0,1.0,1.0,1.0,1.0,1.0,3.0,1.0,1.0
13662,1.0,1.0,1.0,3.0,1.0,1.0,1.0,1.0,1.0,5.0,2.0,1.0
13663,1.0,1.0,1.0,3.0,1.0,1.0,1.0,1.0,1.0,5.0,2.0,1.0
13664,1.0,1.0,1.0,3.0,1.0,1.0,1.0,1.0,1.0,4.0,1.0,1.0
13665,1.0,1.0,1.0,3.0,1.0,1.0,1.0,1.0,1.0,3.0,1.0,1.0
13666,1.0,1.0,1.0,3.0,1.0,1.0,1.0,1.0,1.0,3.0,1.0,1.0
13667,1.0,1.0,1.0,3.0,1.0,1.0,1.0,1.0,1.0,4.0,1.0,1.0
13668,1.0,1.0,1.0,3.0,1.0,1.0,1.0,1.0,1.0,4.0,1.0,1.0
13669,1.0,1.0,1.0,3.0,1.0,1.0,1.0,1.0,1.0,5.0,2.0,1.0
13670,1.0,1.0,1.0,3.0,1.0,1.0,1.0,1.0,1.0,5.0,2.0,1.0
13671,1.0,1.0,1.0,3.0,1.0,1.0,1.0,1.0,1.0,3.0,1.0,1.0
13672,1.0,1.0,1.0,3.0,1.0,1.0,1.0,1.0,1.0,4.0,1.0,1.0
13673,1.0,1.0,1.0,3.0,1.0,1.0,1.0,1.0,1.0,4.0,1.0,1.0
13674,1.0,1.0,1.0,3.0,1.0,1.0,1.0,1.0,1.0,5.0,2.0,1.0
13675,1.0,1.0,1.0,3.0,1.0,1.0,1.0,1.0,1.0,3.0,1.0,1.0
13676,1.0,1.0,1.0,3.0,1.0,1.0,1.0,1.0,1.0,4.0,1.0,1.0
13677,1.0,1.0,1.0,3.0,1.0,1.0,1.0,1.0,1.0,5.0,2.0,1.0
13678,1.0,1.0,1.0,3.0,1.0,1.0,1.0,1.0,1.0,3.0,1.0,1.0
13679,1.0,1.0,1.0,3.0,1.0,1.0,1.0,1.0,1.0,3.0,1.0,1.0
13680,1.0,1.0,1.0,3.0,1.0,1.0,1.0,1.0,1.0,3.0,1.0,1.0
13681,1.0,1.0,1.0,3.0,1.0,1.0,1.0,1.0,1.0,3.0,1.0,1.0
13682,1.0,1.0,1.0,3.0,1.0,1.0,1.0,1.0,1.0,5.0,2.0,1.0
13683,1.0,1.0,1.0,3.0,1.0,1.0,1.0,1.0,1.0,5.0,2.0,1.0
13684,1.0,1.0,1.0,3.0,1.0,1.0,1.0,1.0,1.0,5.0,2.0,1.0
13685,1.0,1.0,1.0,3.0,1.0,1.0,1.0,1.0,1.0,3.0,1.0,1.0
13686,1.0,1.0,1.0,3.0,1.0,1.0,1.0,1.0,1.0,3.0,1.0,1.0
13687,1.0,1.0,1.0,3.0,1.0,1.0,1.0,1.0,1.0,5.0,2.0,1.0
13688,1.0,1.0,1.0,3.0,1.0,1.0,1.0,1.0,1.0,4.0,1.0,1.0
13689,1.0,1.0,1.0,3.0,1.0,1.0,1.0,1.0,1.0,4.0,1.0,1.0
13690,1.0,1.0,1.0,3.0,1.0,1.0,1.0,1.0,1.0,5.0,2.0,1.0
13691,1.0,1.0,1.0,3.0,1.0,1.0,1.0,1.0,1.0,3.0,1.0,1.0
13692,1.0,1.0,1.0,3.0,1.0,1.0,1.0,1.0,1.0,3.0,1.0,1.0
13693,1.0,1.0,1.0,3.0,1.0,1.0,1.0,1.0,1.0,4.0,1.0,1.0
13694,1.0,1.0,1.0,3.0,1.0,1.0,1.0,1.0,1.0,3.0,1.0,1.0
13695,1.0,1.0,1.0,3.0,1.0,1.0,1.0,1.0,1.0,3.0,1.0,1.0
13696,1.0,1.0,1.0,3.0,1.0,1.0,1.0,1.0,1.0,3.0,1.0,1.0
13697,1.0,1.0,1.0,3.0,1.0,1.0,1.0,1.0,1.0,5.0,2.0,1.0
13698,1.0,1.0,1.0,3.0,1.0,1.0,1.0,1.0,1.0,5.0,2.0,1.0
13699,1.0,1.0,1.0,3.0,1.0,1.0,1.0,1.0,1.0,3.0,1.0,1.0
13700,1.0,1.0,1.0,3.0,1.0,1.0,1.0,1.0,1.0,4.0,1.0,1.0
13701,1.0,1.0,1.0,3.0,1.0,1.0,1.0,1.0,1.0,4.0,1.0,1.0
13702,1.0,1.0,1.0,3.0,1.0,1.0,1.0,1.0,1.0,5.0,2.0,1.0
13703,1.0,1.0,1.0,3.0,1.0,1.0,1.0,1.0,1.0,4.0,1.0,1.0
13704,1.0,1.0,1.0,3.0,1.0,1.0,1.0,1.0,1.0,3.0,1.0,1.0
13705,1.0,1.0,1.0,3.0,1.0,1.0,1.0,1.0,1.0,5.0,2.0,1.0
13706,1.0,1.0,1.0,3.0,1.0,1.0,1.0,1.0,1.0,5.0,2.0,1.0
13707,1.0,1.0,1.0,3.0,1.0,1.0,1.0,1.0,1.0,4.0,1.0,1.0
13708,1.0,1.0,1.0,3.0,1.0,1.0,1.0,1.0,1.0,4.0,1.0,1.0
13709,1.0,1.0,1.0,3.0,1.0,1.0,1.0,1.0,1.0,5.0,2.0,1.0
13710,1.0,1.0,1.0,3.0,1.0,1.0,1.0,1.0,1.0,5.0,2.0,1.0
13711,1.0,1.0,1.0,3.0,1.0,1.0,1.0,1.0,1.0,3.0,1.0,1.0
13712,1.0,1.0,1.0,3.0,1.0,1.0,1.0,1.0,1.0,4.0,1.0,1.0
13713,1.0,1.0,1.0,3.0,1.0,1.0,1.0,1.0,1.0,3.0,1.0,1.0
13714,1.0,1.0,1.0,3.0,1.0,1.0,1.0,1.0,1.0,3.0,1.0,1.0
13715,1.0,1.0,1.0,3.0,1.0,1.0,1.0,1.0,1.0,5.0,2.0,1.0
13716,1.0,1.0,1.0,3.0,1.0,1.0,1.0,1.0,1.0,4.0,1.0,1.0
13717,1.0,1.0,1.0,3.0,1.0,1.0,1.0,1.0,1.0,3.0,1.0,1.0
13718,1.0,1.0,1.0,3.0,1.0,1.0,1.0,1.0,1.0,3.0,1.0,1.0
13719,1.0,1.0,1.0,3.0,1.0,1.0,1.0,1.0,1.0,5.0,2.0,1.0
13720,1.0,1.0,1.0,3.0,1.0,1.0,1.0,1.0,1.0,3.0,1.0,1.0
13721,1.0,1.0,1.0,3.0,1.0,1.0,1.0,1.0,1.0,3.0,1.0,1.0
13722,1.0,1.0,1.0,3.0,1.0,1.0,1.0,1.0,1.0,3.0,1.0,1.0
13723,1.0,1.0,1.0,3.0,1.0,1.0,1.0,1.0,1.0,3.0,1.0,1.0
13724,1.0,1.0,1.0,3.0,1.0,1.0,1.0,1.0,1.0,5.0,2.0,1.0
13725,1.0,1.0,1.0,3.0,1.0,1.0,1.0,1.0,1.0,3.0,1.0,1.0
13726,1.0,1.0,1.0,3.0,1.0,1.0,1.0,1.0,1.0,5.0,2.0,1.0
13727,1.0,1.0,1.0,3.0,1.0,1.0,1.0,1.0,1.0,3.0,1.0,1.0
13728,1.0,1.0,1.0,3.0,1.0,1.0,1.0,1.0,1.0,4.0,1.0,1.0
13729,1.0,1.0,1.0,3.0,1.0,1.0,1.0,1.0,1.0,3.0,1.0,1.0
13730,1.0,1.0,1.0,3.0,1.0,1.0,1.0,1.0,1.0,3.0,1.0,1.0
13731,1.0,1.0,1.0,3.0,1.0,1.0,1.0,1.0,1.0,5.0,2.0,1.0
13732,1.0,1.0,1.0,3.0,1.0,1.0,1.0,1.0,1.0,4.0,1.0,1.0
13733,1.0,1.0,1.0,3.0,1.0,1.0,1.0,1.0,1.0,4.0,1.0,1.0
13734,1.0,1.0,1.0,3.0,1.0,1.0,1.0,1.0,1.0,3.0,1.0,1.0
13735,1.0,1.0,1.0,3.0,1.0,1.0,1.0,1.0,1.0,3.0,1.0,1.0
13736,1.0,1.0,1.0,3.0,1.0,1.0,1.0,1.0,1.0,3.0,1.0,1.0
13737,1.0,1.0,1.0,3.0,1.0,1.0,1.0,1.0,1.0,5.0,2.0,1.0
13738,1.0,1.0,1.0,3.0,1.0,1.0,1.0,1.0,1.0,4.0,1.0,1.0
13739,1.0,1.0,1.0,3.0,1.0,1.0,1.0,1.0,1.0,3.0,1.0,1.0
13740,1.0,1.0,1.0,3.0,1.0,1.0,1.0,1.0,1.0,5.0,2.0,1.0
13741,1.0,1.0,1.0,3.0,1.0,1.0,1.0,1.0,1.0,3.0,1.0,1.0
13742,1.0,1.0,1.0,3.0,1.0,1.0,1.0,1.0,1.0,3.0,1.0,1.0
13743,1.0,1.0,1.0,3.0,1.0,1.0,1.0,1.0,1.0,5.0,2.0,1.0
13744,1.0,1.0,1.0,3.0,1.0,1.0,1.0,1.0,1.0,5.0,2.0,1.0
13745,1.0,1.0,1.0,3.0,1.0,1.0,1.0,1.0,1.0,5.0,2.0,1.0
13746,1.0,1.0,1.0,3.0,1.0,1.0,1.0,1.0,1.0,3.0,1.0,1.0
13747,1.0,1.0,1.0,3.0,1.0,1.0,1.0,1.0,1.0,3.0,1.0,1.0
13748,1.0,1.0,1.0,3.0,1.0,1.0,1.0,1.0,1.0,3.0,1.0,1.0
13749,1.0,1.0,1.0,3.0,1.0,1.0,1.0,1.0,1.0,3.0,1.0,1.0
13750,1.0,1.0,1.0,3.0,1.0,1.0,1.0,1.0,1.0,4.0,1.0,1.0
13751,1.0,1.0,1.0,3.0,1.0,1.0,1.0,1.0,1.0,3.0,1.0,1.0
13752,1.0,1.0,1.0,3.0,1.0,1.0,1.0,1.0,1.0,4.0,1.0,1.0
13753,1.0,1.0,1.0,3.0,1.0,1.0,1.0,1.0,1.0,3.0,1.0,1.0
13754,1.0,1.0,1.0,3.0,1.0,1.0,1.0,1.0,1.0,3.0,1.0,1.0
13755,1.0,1.0,1.0,3.0,1.0,1.0,1.0,1.0,1.0,3.0,1.0,1.0
13756,1.0,1.0,1.0,3.0,1.0,1.0,1.0,1.0,1.0,3.0,1.0,1.0
13757,1.0,1.0,1.0,3.0,1.0,1.0,1.0,1.0,1.0,5.0,2.0,1.0
13758,1.0,1.0,1.0,3.0,1.0,1.0,1.0,1.0,1.0,5.0,2.0,1.0
13759,1.0,1.0,1.0,3.0,1.0,1.0,1.0,1.0,1.0,4.0,1.0,1.0
13760,1.0,1.0,1.0,3.0,1.0,1.0,1.0,1.0,1.0,3.0,1.0,1.0
13761,1.0,1.0,1.0,3.0,1.0,1.0,1.0,1.0,1.0,3.0,1.0,1.0
13762,1.0,1.0,1.0,3.0,1.0,1.0,1.0,1.0,1.0,5.0,2.0,1.0
13763,1.0,1.0,1.0,3.0,1.0,1.0,1.0,1.0,1.0,3.0,1.0,1.0
13764,1.0,1.0,1.0,3.0,1.0,1.0,1.0,1.0,1.0,5.0,2.0,1.0
13765,1.0,1.0,1.0,3.0,1.0,1.0,1.0,1.0,1.0,5.0,2.0,1.0
13766,1.0,1.0,1.0,3.0,1.0,1.0,1.0,1.0,1.0,5.0,2.0,1.0
13767,1.0,1.0,1.0,3.0,1.0,1.0,1.0,1.0,1.0,4.0,1.0,1.0
13768,1.0,1.0,1.0,3.0,1.0,1.0,1.0,1.0,1.0,3.0,1.0,1.0
13769,1.0,1.0,1.0,3.0,1.0,1.0,1.0,1.0,1.0,3.0,1.0,1.0
13770,1.0,1.0,1.0,3.0,1.0,1.0,1.0,1.0,1.0,3.0,1.0,1.0
13771,1.0,1.0,1.0,3.0,1.0,1.0,1.0,1.0,1.0,3.0,1.0,1.0
13772,1.0,1.0,1.0,3.0,1.0,1.0,1.0,1.0,1.0,5.0,2.0,1.0
13773,1.0,1.0,1.0,3.0,1.0,1.0,1.0,1.0,1.0,5.0,2.0,1.0
13774,1.0,1.0,1.0,3.0,1.0,1.0,1.0,1.0,1.0,5.0,2.0,1.0
13775,1.0,1.0,1.0,3.0,1.0,1.0,1.0,1.0,1.0,3.0,1.0,1.0
13776,1.0,1.0,1.0,3.0,1.0,1.0,1.0,1.0,1.0,3.0,1.0,1.0
13777,1.0,1.0,1.0,3.0,1.0,1.0,1.0,1.0,1.0,5.0,2.0,1.0
13778,1.0,1.0,1.0,3.0,1.0,1.0,1.0,1.0,1.0,3.0,1.0,1.0
13779,1.0,1.0,1.0,3.0,1.0,1.0,1.0,1.0,1.0,3.0,1.0,1.0
13780,1.0,1.0,1.0,3.0,1.0,1.0,1.0,1.0,1.0,3.0,1.0,1.0
13781,1.0,1.0,1.0,3.0,1.0,1.0,1.0,1.0,1.0,3.0,1.0,1.0
13782,1.0,1.0,1.0,3.0,1.0,1.0,1.0,1.0,1.0,5.0,2.0,1.0
13783,1.0,1.0,1.0,3.0,1.0,1.0,1.0,1.0,1.0,5.0,2.0,1.0
13784,1.0,1.0,1.0,3.0,1.0,1.0,1.0,1.0,1.0,4.0,1.0,1.0
13785,1.0,1.0,1.0,3.0,1.0,1.0,1.0,1.0,1.0,3.0,1.0,1.0
13786,1.0,1.0,1.0,3.0,1.0,1.0,1.0,1.0,1.0,4.0,1.0,1.0
13787,1.0,1.0,1.0,3.0,1.0,1.0,1.0,1.0,1.0,3.0,1.0,1.0
13788,1.0,1.0,1.0,3.0,1.0,1.0,1.0,1.0,1.0,5.0,2.0,1.0
13789,1.0,1.0,1.0,3.0,1.0,1.0,1.0,1.0,1.0,3.0,1.0,1.0
13790,1.0,1.0,1.0,3.0,1.0,1.0,1.0,1.0,1.0,3.0,1.0,1.0
13791,1.0,1.0,1.0,3.0,1.0,1.0,1.0,1.0,1.0,3.0,1.0,1.0
13792,1.0,1.0,1.0,3.0,1.0,1.0,1.0,1.0,1.0,3.0,1.0,1.0
13793,1.0,1.0,1.0,3.0,1.0,1.0,1.0,1.0,1.0,3.0,1.0,1.0
13794,1.0,1.0,1.0,3.0,1.0,1.0,1.0,1.0,1.0,3.0,1.0,1.0
13795,1.0,1.0,1.0,3.0,1.0,1.0,1.0,1.0,1.0,3.0,1.0,1.0
13796,1.0,1.0,1.0,3.0,1.0,1.0,1.0,1.0,1.0,5.0,2.0,1.0
13797,1.0,1.0,1.0,3.0,1.0,1.0,1.0,1.0,1.0,4.0,1.0,1.0
13798,1.0,1.0,1.0,3.0,1.0,1.0,1.0,1.0,1.0,3.0,1.0,1.0
13799,1.0,1.0,1.0,3.0,1.0,1.0,1.0,1.0,1.0,3.0,1.0,1.0
13800,1.0,1.0,1.0,3.0,1.0,1.0,1.0,1.0,1.0,3.0,1.0,1.0
13801,1.0,1.0,1.0,3.0,1.0,1.0,1.0,1.0,1.0,5.0,2.0,1.0
13802,1.0,1.0,1.0,3.0,1.0,1.0,1.0,1.0,1.0,3.0,1.0,1.0
13803,1.0,1.0,1.0,3.0,1.0,1.0,1.0,1.0,1.0,3.0,1.0,1.0
13804,1.0,1.0,1.0,3.0,1.0,1.0,1.0,1.0,1.0,5.0,2.0,1.0
13805,1.0,1.0,1.0,3.0,1.0,1.0,1.0,1.0,1.0,3.0,1.0,1.0
13806,1.0,1.0,1.0,3.0,1.0,1.0,1.0,1.0,1.0,4.0,1.0,1.0
13807,1.0,1.0,1.0,3.0,1.0,1.0,1.0,1.0,1.0,3.0,1.0,1.0
13808,1.0,1.0,1.0,3.0,1.0,1.0,1.0,1.0,1.0,3.0,1.0,1.0
13809,1.0,1.0,1.0,3.0,1.0,1.0,1.0,1.0,1.0,3.0,1.0,1.0
13810,1.0,1.0,1.0,3.0,1.0,1.0,1.0,1.0,1.0,5.0,2.0,1.0
13811,1.0,1.0,1.0,3.0,1.0,1.0,1.0,1.0,1.0,3.0,1.0,1.0
13812,1.0,1.0,1.0,3.0,1.0,1.0,1.0,1.0,1.0,3.0,1.0,1.0
13813,1.0,1.0,1.0,3.0,1.0,1.0,1.0,1.0,1.0,3.0,1.0,1.0
13814,1.0,1.0,1.0,3.0,1.0,1.0,1.0,1.0,1.0,4.0,1.0,1.0
13815,1.0,1.0,1.0,3.0,1.0,1.0,1.0,1.0,1.0,3.0,1.0,1.0
13816,1.0,1.0,1.0,3.0,1.0,1.0,1.0,1.0,1.0,3.0,1.0,1.0
13817,1.0,1.0,1.0,3.0,1.0,1.0,1.0,1.0,1.0,5.0,2.0,1.0
13818,1.0,1.0,1.0,3.0,1.0,1.0,1.0,1.0,1.0,5.0,2.0,1.0
13819,1.0,1.0,1.0,3.0,1.0,1.0,1.0,1.0,1.0,3.0,1.0,1.0
13820,1.0,1.0,1.0,3.0,1.0,1.0,1.0,1.0,1.0,5.0,2.0,1.0
13821,1.0,1.0,1.0,3.0,1.0,1.0,1.0,1.0,1.0,5.0,2.0,1.0
13822,1.0,1.0,1.0,3.0,1.0,1.0,1.0,1.0,1.0,5.0,2.0,1.0
13823,1.0,1.0,1.0,3.0,1.0,1.0,1.0,1.0,1.0,3.0,1.0,1.0
13824,1.0,1.0,1.0,3.0,1.0,1.0,1.0,1.0,1.0,5.0,2.0,1.0
13825,1.0,1.0,1.0,3.0,1.0,1.0,1.0,1.0,1.0,5.0,2.0,1.0
13826,1.0,1.0,1.0,3.0,1.0,1.0,1.0,1.0,1.0,4.0,1.0,1.0
13827,1.0,1.0,1.0,3.0,1.0,1.0,1.0,1.0,1.0,5.0,2.0,1.0
13828,1.0,1.0,1.0,3.0,1.0,1.0,1.0,1.0,1.0,5.0,2.0,1.0
13829,1.0,1.0,1.0,3.0,1.0,1.0,1.0,1.0,1.0,5.0,2.0,1.0
13830,1.0,1.0,1.0,3.0,1.0,1.0,1.0,1.0,1.0,3.0,1.0,1.0
13831,1.0,1.0,1.0,3.0,1.0,1.0,1.0,1.0,1.0,3.0,1.0,1.0
13832,1.0,1.0,1.0,3.0,1.0,1.0,1.0,1.0,1.0,5.0,2.0,1.0
13833,1.0,1.0,1.0,3.0,1.0,1.0,1.0,1.0,1.0,3.0,1.0,1.0
13834,1.0,1.0,1.0,3.0,1.0,1.0,1.0,1.0,1.0,4.0,1.0,1.0
13835,1.0,1.0,1.0,3.0,1.0,1.0,1.0,1.0,1.0,4.0,1.0,1.0
13836,1.0,1.0,1.0,3.0,1.0,1.0,1.0,1.0,1.0,3.0,1.0,1.0
13837,1.0,1.0,1.0,3.0,1.0,1.0,1.0,1.0,1.0,3.0,1.0,1.0
13838,1.0,1.0,1.0,3.0,1.0,1.0,1.0,1.0,1.0,3.0,1.0,1.0
13839,1.0,1.0,1.0,3.0,1.0,1.0,1.0,1.0,1.0,3.0,1.0,1.0
13840,1.0,1.0,1.0,3.0,1.0,1.0,1.0,1.0,1.0,3.0,1.0,1.0
13841,1.0,1.0,1.0,3.0,1.0,1.0,1.0,1.0,1.0,3.0,1.0,1.0
13842,1.0,1.0,1.0,3.0,1.0,1.0,1.0,1.0,1.0,4.0,1.0,1.0
13843,1.0,1.0,1.0,3.0,1.0,1.0,1.0,1.0,1.0,3.0,1.0,1.0
13844,1.0,1.0,1.0,3.0,1.0,1.0,1.0,1.0,1.0,3.0,1.0,1.0
13845,1.0,1.0,1.0,3.0,1.0,1.0,1.0,1.0,1.0,4.0,1.0,1.0
13846,1.0,1.0,1.0,3.0,1.0,1.0,1.0,1.0,1.0,5.0,2.0,1.0
13847,1.0,1.0,1.0,3.0,1.0,1.0,1.0,1.0,1.0,3.0,1.0,1.0
13848,1.0,1.0,1.0,3.0,1.0,1.0,1.0,1.0,1.0,3.0,1.0,1.0
13849,1.0,1.0,1.0,3.0,1.0,1.0,1.0,1.0,1.0,3.0,1.0,1.0
13850,1.0,1.0,1.0,3.0,1.0,1.0,1.0,1.0,1.0,3.0,1.0,1.0
13851,1.0,1.0,1.0,3.0,1.0,1.0,1.0,1.0,1.0,4.0,1.0,1.0
13852,1.0,1.0,1.0,3.0,1.0,1.0,1.0,1.0,1.0,3.0,1.0,1.0
13853,1.0,1.0,1.0,3.0,1.0,1.0,1.0,1.0,1.0,5.0,2.0,1.0
13854,1.0,1.0,1.0,3.0,1.0,1.0,1.0,1.0,1.0,3.0,1.0,1.0
13855,1.0,1.0,1.0,3.0,1.0,1.0,1.0,1.0,1.0,3.0,1.0,1.0
13856,1.0,1.0,1.0,3.0,1.0,1.0,1.0,1.0,1.0,5.0,2.0,1.0
13857,1.0,1.0,1.0,3.0,1.0,1.0,1.0,1.0,1.0,5.0,2.0,1.0
13858,1.0,1.0,1.0,3.0,1.0,1.0,1.0,1.0,1.0,3.0,1.0,1.0
13859,1.0,1.0,1.0,3.0,1.0,1.0,1.0,1.0,1.0,5.0,2.0,1.0
13860,1.0,1.0,1.0,3.0,1.0,1.0,1.0,1.0,1.0,5.0,2.0,1.0
13861,1.0,1.0,1.0,3.0,1.0,1.0,1.0,1.0,1.0,4.0,1.0,1.0
13862,1.0,1.0,1.0,3.0,1.0,1.0,1.0,1.0,1.0,4.0,1.0,1.0
13863,1.0,1.0,1.0,3.0,1.0,1.0,1.0,1.0,1.0,5.0,2.0,1.0
13864,1.0,1.0,1.0,3.0,1.0,1.0,1.0,1.0,1.0,3.0,1.0,1.0
13865,1.0,1.0,1.0,3.0,1.0,1.0,1.0,1.0,1.0,3.0,1.0,1.0
13866,1.0,1.0,1.0,3.0,1.0,1.0,1.0,1.0,1.0,5.0,2.0,1.0
13867,1.0,1.0,1.0,3.0,1.0,1.0,1.0,1.0,1.0,4.0,1.0,1.0
13868,1.0,1.0,1.0,3.0,1.0,1.0,1.0,1.0,1.0,4.0,1.0,1.0
13869,1.0,1.0,1.0,3.0,1.0,1.0,1.0,1.0,1.0,4.0,1.0,1.0
13870,1.0,1.0,1.0,3.0,1.0,1.0,1.0,1.0,1.0,3.0,1.0,1.0
13871,1.0,1.0,1.0,3.0,1.0,1.0,1.0,1.0,1.0,5.0,2.0,1.0
13872,1.0,1.0,1.0,3.0,1.0,1.0,1.0,1.0,1.0,3.0,1.0,1.0
13873,1.0,1.0,1.0,3.0,1.0,1.0,1.0,1.0,1.0,3.0,1.0,1.0
13874,1.0,1.0,1.0,3.0,1.0,1.0,1.0,1.0,1.0,4.0,1.0,1.0
13875,1.0,1.0,1.0,3.0,1.0,1.0,1.0,1.0,1.0,3.0,1.0,1.0
13876,1.0,1.0,1.0,3.0,1.0,1.0,1.0,1.0,1.0,4.0,1.0,1.0
13877,1.0,1.0,1.0,3.0,1.0,1.0,1.0,1.0,1.0,3.0,1.0,1.0
13878,1.0,1.0,1.0,3.0,1.0,1.0,1.0,1.0,1.0,5.0,2.0,1.0
13879,1.0,1.0,1.0,3.0,1.0,1.0,1.0,1.0,1.0,4.0,1.0,1.0
13880,1.0,1.0,1.0,3.0,1.0,1.0,1.0,1.0,1.0,5.0,2.0,1.0
13881,1.0,1.0,1.0,3.0,1.0,1.0,1.0,1.0,1.0,3.0,1.0,1.0
13882,1.0,1.0,1.0,3.0,1.0,1.0,1.0,1.0,1.0,3.0,1.0,1.0
13883,1.0,1.0,1.0,3.0,1.0,1.0,1.0,1.0,1.0,4.0,1.0,1.0
13884,1.0,1.0,1.0,3.0,1.0,1.0,1.0,1.0,1.0,3.0,1.0,1.0
13885,1.0,1.0,1.0,3.0,1.0,1.0,1.0,1.0,1.0,3.0,1.0,1.0
13886,1.0,1.0,1.0,3.0,1.0,1.0,1.0,1.0,1.0,3.0,1.0,1.0
13887,1.0,1.0,1.0,3.0,1.0,1.0,1.0,1.0,1.0,3.0,1.0,1.0
13888,1.0,1.0,1.0,3.0,1.0,1.0,1.0,1.0,1.0,3.0,1.0,1.0
13889,1.0,1.0,1.0,3.0,1.0,1.0,1.0,1.0,1.0,3.0,1.0,1.0
13890,1.0,1.0,1.0,3.0,1.0,1.0,1.0,1.0,1.0,5.0,2.0,1.0
13891,1.0,1.0,1.0,3.0,1.0,1.0,1.0,1.0,1.0,5.0,2.0,1.0
13892,1.0,1.0,1.0,3.0,1.0,1.0,1.0,1.0,1.0,3.0,1.0,1.0
13893,1.0,1.0,1.0,3.0,1.0,1.0,1.0,1.0,1.0,4.0,1.0,1.0
13894,1.0,1.0,1.0,3.0,1.0,1.0,1.0,1.0,1.0,5.0,2.0,1.0
13895,1.0,1.0,1.0,3.0,1.0,1.0,1.0,1.0,1.0,3.0,1.0,1.0
13896,1.0,1.0,1.0,3.0,1.0,1.0,1.0,1.0,1.0,3.0,1.0,1.0
13897,1.0,1.0,1.0,3.0,1.0,1.0,1.0,1.0,1.0,4.0,1.0,1.0
13898,1.0,1.0,1.0,3.0,1.0,1.0,1.0,1.0,1.0,4.0,1.0,1.0
13899,1.0,1.0,1.0,3.0,1.0,1.0,1.0,1.0,1.0,4.0,1.0,1.0
13900,1.0,1.0,1.0,3.0,1.0,1.0,1.0,1.0,1.0,5.0,2.0,1.0
13901,1.0,1.0,1.0,3.0,1.0,1.0,1.0,1.0,1.0,3.0,1.0,1.0
13902,1.0,1.0,1.0,3.0,1.0,1.0,1.0,1.0,1.0,3.0,1.0,1.0
13903,1.0,1.0,1.0,3.0,1.0,1.0,1.0,1.0,1.0,5.0,2.0,1.0
13904,1.0,1.0,1.0,3.0,1.0,1.0,1.0,1.0,1.0,5.0,2.0,1.0
13905,1.0,1.0,1.0,3.0,1.0,1.0,1.0,1.0,1.0,5.0,2.0,1.0
13906,1.0,1.0,1.0,3.0,1.0,1.0,1.0,1.0,1.0,3.0,1.0,1.0
13907,1.0,1.0,1.0,3.0,1.0,1.0,1.0,1.0,1.0,3.0,1.0,1.0
13908,1.0,1.0,1.0,3.0,1.0,1.0,1.0,1.0,1.0,3.0,1.0,1.0
13909,1.0,1.0,1.0,3.0,1.0,1.0,1.0,1.0,1.0,3.0,1.0,1.0
13910,1.0,1.0,1.0,3.0,1.0,1.0,1.0,1.0,1.0,3.0,1.0,1.0
13911,1.0,1.0,1.0,3.0,1.0,1.0,1.0,1.0,1.0,5.0,2.0,1.0
13912,1.0,1.0,1.0,3.0,1.0,1.0,1.0,1.0,1.0,5.0,2.0,1.0
13913,1.0,1.0,1.0,3.0,1.0,1.0,1.0,1.0,1.0,5.0,2.0,1.0
13914,1.0,1.0,1.0,3.0,1.0,1.0,1.0,1.0,1.0,4.0,1.0,1.0
13915,1.0,1.0,1.0,3.0,1.0,1.0,1.0,1.0,1.0,5.0,2.0,1.0
13916,1.0,1.0,1.0,3.0,1.0,1.0,1.0,1.0,1.0,3.0,1.0,1.0
13917,1.0,1.0,1.0,3.0,1.0,1.0,1.0,1.0,1.0,4.0,1.0,1.0
13918,1.0,1.0,1.0,3.0,1.0,1.0,1.0,1.0,1.0,3.0,1.0,1.0
13919,1.0,1.0,1.0,3.0,1.0,1.0,1.0,1.0,1.0,3.0,1.0,1.0
13920,1.0,1.0,1.0,3.0,1.0,1.0,1.0,1.0,1.0,4.0,1.0,1.0
13921,1.0,1.0,1.0,3.0,1.0,1.0,1.0,1.0,1.0,3.0,1.0,1.0
13922,1.0,1.0,1.0,3.0,1.0,1.0,1.0,1.0,1.0,3.0,1.0,1.0
13923,1.0,1.0,1.0,3.0,1.0,1.0,1.0,1.0,1.0,5.0,2.0,1.0
13924,1.0,1.0,1.0,3.0,1.0,1.0,1.0,1.0,1.0,3.0,1.0,1.0
13925,1.0,1.0,1.0,3.0,1.0,1.0,1.0,1.0,1.0,3.0,1.0,1.0
13926,1.0,1.0,1.0,3.0,1.0,1.0,1.0,1.0,1.0,5.0,2.0,1.0
13927,1.0,1.0,1.0,3.0,1.0,1.0,1.0,1.0,1.0,5.0,2.0,1.0
13928,1.0,1.0,1.0,3.0,1.0,1.0,1.0,1.0,1.0,3.0,1.0,1.0
13929,1.0,1.0,1.0,3.0,1.0,1.0,1.0,1.0,1.0,5.0,2.0,1.0
13930,1.0,1.0,1.0,3.0,1.0,1.0,1.0,1.0,1.0,3.0,1.0,1.0
13931,1.0,1.0,1.0,3.0,1.0,1.0,1.0,1.0,1.0,5.0,2.0,1.0
13932,1.0,1.0,1.0,3.0,1.0,1.0,1.0,1.0,1.0,5.0,2.0,1.0
13933,1.0,1.0,1.0,3.0,1.0,1.0,1.0,1.0,1.0,3.0,1.0,1.0
13934,1.0,1.0,1.0,3.0,1.0,1.0,1.0,1.0,1.0,3.0,1.0,1.0
13935,1.0,1.0,1.0,3.0,1.0,1.0,1.0,1.0,1.0,5.0,2.0,1.0
13936,1.0,1.0,1.0,3.0,1.0,1.0,1.0,1.0,1.0,3.0,1.0,1.0
13937,1.0,1.0,1.0,3.0,1.0,1.0,1.0,1.0,1.0,5.0,2.0,1.0
13938,1.0,1.0,1.0,3.0,1.0,1.0,1.0,1.0,1.0,3.0,1.0,1.0
13939,1.0,1.0,1.0,3.0,1.0,1.0,1.0,1.0,1.0,3.0,1.0,1.0
13940,1.0,1.0,1.0,3.0,1.0,1.0,1.0,1.0,1.0,4.0,1.0,1.0
13941,1.0,1.0,1.0,3.0,1.0,1.0,1.0,1.0,1.0,3.0,1.0,1.0
13942,1.0,1.0,1.0,3.0,1.0,1.0,1.0,1.0,1.0,3.0,1.0,1.0
13943,1.0,1.0,1.0,3.0,1.0,1.0,1.0,1.0,1.0,3.0,1.0,1.0
13944,1.0,1.0,1.0,3.0,1.0,1.0,1.0,1.0,1.0,3.0,1.0,1.0
13945,1.0,1.0,1.0,3.0,1.0,1.0,1.0,1.0,1.0,3.0,1.0,1.0
13946,1.0,1.0,1.0,3.0,1.0,1.0,1.0,1.0,1.0,5.0,2.0,1.0
13947,1.0,1.0,1.0,3.0,1.0,1.0,1.0,1.0,1.0,3.0,1.0,1.0
13948,1.0,1.0,1.0,3.0,1.0,1.0,1.0,1.0,1.0,3.0,1.0,1.0
13949,1.0,1.0,1.0,3.0,1.0,1.0,1.0,1.0,1.0,3.0,1.0,1.0
13950,1.0,1.0,1.0,3.0,1.0,1.0,1.0,1.0,1.0,4.0,1.0,1.0
13951,1.0,1.0,1.0,3.0,1.0,1.0,1.0,1.0,1.0,3.0,1.0,1.0
13952,1.0,1.0,1.0,3.0,1.0,1.0,1.0,1.0,1.0,3.0,1.0,1.0
13953,1.0,1.0,1.0,3.0,1.0,1.0,1.0,1.0,1.0,3.0,1.0,1.0
13954,1.0,1.0,1.0,3.0,1.0,1.0,1.0,1.0,1.0,4.0,1.0,1.0
13955,1.0,1.0,1.0,3.0,1.0,1.0,1.0,1.0,1.0,3.0,1.0,1.0
13956,1.0,1.0,1.0,3.0,1.0,1.0,1.0,1.0,1.0,4.0,1.0,1.0
13957,1.0,1.0,1.0,3.0,1.0,1.0,1.0,1.0,1.0,3.0,1.0,1.0
13958,1.0,1.0,1.0,3.0,1.0,1.0,1.0,1.0,1.0,3.0,1.0,1.0
13959,1.0,1.0,1.0,3.0,1.0,1.0,1.0,1.0,1.0,3.0,1.0,1.0
13960,1.0,1.0,1.0,3.0,1.0,1.0,1.0,1.0,1.0,5.0,2.0,1.0
13961,1.0,1.0,1.0,3.0,1.0,1.0,1.0,1.0,1.0,5.0,2.0,1.0
13962,1.0,1.0,1.0,3.0,1.0,1.0,1.0,1.0,1.0,3.0,1.0,1.0
13963,1.0,1.0,1.0,3.0,1.0,1.0,1.0,1.0,1.0,3.0,1.0,1.0
13964,1.0,1.0,1.0,3.0,1.0,1.0,1.0,1.0,1.0,3.0,1.0,1.0
13965,1.0,1.0,1.0,3.0,1.0,1.0,1.0,1.0,1.0,3.0,1.0,1.0
13966,1.0,1.0,1.0,3.0,1.0,1.0,1.0,1.0,1.0,3.0,1.0,1.0
13967,1.0,1.0,1.0,3.0,1.0,1.0,1.0,1.0,1.0,4.0,1.0,1.0
13968,1.0,1.0,1.0,3.0,1.0,1.0,1.0,1.0,1.0,4.0,1.0,1.0
13969,1.0,1.0,1.0,3.0,1.0,1.0,1.0,1.0,1.0,4.0,1.0,1.0
13970,1.0,1.0,1.0,3.0,1.0,1.0,1.0,1.0,1.0,4.0,1.0,1.0
13971,1.0,1.0,1.0,3.0,1.0,1.0,1.0,1.0,1.0,4.0,1.0,1.0
13972,1.0,1.0,1.0,3.0,1.0,1.0,1.0,1.0,1.0,3.0,1.0,1.0
13973,1.0,1.0,1.0,3.0,1.0,1.0,1.0,1.0,1.0,3.0,1.0,1.0
13974,1.0,1.0,1.0,3.0,1.0,1.0,1.0,1.0,1.0,3.0,1.0,1.0
13975,1.0,1.0,1.0,3.0,1.0,1.0,1.0,1.0,1.0,3.0,1.0,1.0
13976,1.0,1.0,1.0,3.0,1.0,1.0,1.0,1.0,1.0,3.0,1.0,1.0
13977,1.0,1.0,1.0,3.0,1.0,1.0,1.0,1.0,1.0,3.0,1.0,1.0
13978,1.0,1.0,1.0,3.0,1.0,1.0,1.0,1.0,1.0,5.0,2.0,1.0
13979,1.0,1.0,1.0,3.0,1.0,1.0,1.0,1.0,1.0,3.0,1.0,1.0
13980,1.0,1.0,1.0,3.0,1.0,1.0,1.0,1.0,1.0,5.0,2.0,1.0
13981,1.0,1.0,1.0,3.0,1.0,1.0,1.0,1.0,1.0,3.0,1.0,1.0
13982,1.0,1.0,1.0,3.0,1.0,1.0,1.0,1.0,1.0,5.0,2.0,1.0
13983,1.0,1.0,1.0,3.0,1.0,1.0,1.0,1.0,1.0,4.0,1.0,1.0
13984,1.0,1.0,1.0,3.0,1.0,1.0,1.0,1.0,1.0,5.0,2.0,1.0
13985,1.0,1.0,1.0,3.0,1.0,1.0,1.0,1.0,1.0,3.0,1.0,1.0
13986,1.0,1.0,1.0,3.0,1.0,1.0,1.0,1.0,1.0,3.0,1.0,1.0
13987,1.0,1.0,1.0,3.0,1.0,1.0,1.0,1.0,1.0,3.0,1.0,1.0
13988,1.0,1.0,1.0,3.0,1.0,1.0,1.0,1.0,1.0,3.0,1.0,1.0
13989,1.0,1.0,1.0,3.0,1.0,1.0,1.0,1.0,1.0,3.0,1.0,1.0
13990,1.0,1.0,1.0,3.0,1.0,1.0,1.0,1.0,1.0,5.0,2.0,1.0
13991,1.0,1.0,1.0,3.0,1.0,1.0,1.0,1.0,1.0,3.0,1.0,1.0
13992,1.0,1.0,1.0,3.0,1.0,1.0,1.0,1.0,1.0,3.0,1.0,1.0
13993,1.0,1.0,1.0,3.0,1.0,1.0,1.0,1.0,1.0,3.0,1.0,1.0
13994,1.0,1.0,1.0,3.0,1.0,1.0,1.0,1.0,1.0,5.0,2.0,1.0
13995,1.0,1.0,1.0,3.0,1.0,1.0,1.0,1.0,1.0,5.0,2.0,1.0
13996,1.0,1.0,1.0,3.0,1.0,1.0,1.0,1.0,1.0,5.0,2.0,1.0
13997,1.0,1.0,1.0,3.0,1.0,1.0,1.0,1.0,1.0,5.0,2.0,1.0
13998,1.0,1.0,1.0,3.0,1.0,1.0,1.0,1.0,1.0,3.0,1.0,1.0
13999,1.0,1.0,1.0,3.0,1.0,1.0,1.0,1.0,1.0,3.0,1.0,1.0
14000,1.0,1.0,1.0,3.0,1.0,1.0,1.0,1.0,1.0,3.0,1.0,1.0
14001,1.0,1.0,1.0,3.0,1.0,1.0,1.0,1.0,1.0,5.0,2.0,1.0
14002,1.0,1.0,1.0,3.0,1.0,1.0,1.0,1.0,1.0,3.0,1.0,1.0
14003,1.0,1.0,1.0,3.0,1.0,1.0,1.0,1.0,1.0,3.0,1.0,1.0
14004,1.0,1.0,1.0,3.0,1.0,1.0,1.0,1.0,1.0,3.0,1.0,1.0
14005,1.0,1.0,1.0,3.0,1.0,1.0,1.0,1.0,1.0,3.0,1.0,1.0
14006,1.0,1.0,1.0,3.0,1.0,1.0,1.0,1.0,1.0,3.0,1.0,1.0
14007,1.0,1.0,1.0,3.0,1.0,1.0,1.0,1.0,1.0,3.0,1.0,1.0
14008,1.0,1.0,1.0,3.0,1.0,1.0,1.0,1.0,1.0,3.0,1.0,1.0
14009,1.0,1.0,1.0,3.0,1.0,1.0,1.0,1.0,1.0,3.0,1.0,1.0
14010,1.0,1.0,1.0,3.0,1.0,1.0,1.0,1.0,1.0,3.0,1.0,1.0
14011,1.0,1.0,1.0,3.0,1.0,1.0,1.0,1.0,1.0,5.0,2.0,1.0
14012,1.0,1.0,1.0,3.0,1.0,1.0,1.0,1.0,1.0,5.0,2.0,1.0
14013,1.0,1.0,1.0,3.0,1.0,1.0,1.0,1.0,1.0,3.0,1.0,1.0
14014,1.0,1.0,1.0,3.0,1.0,1.0,1.0,1.0,1.0,4.0,1.0,1.0
14015,1.0,1.0,1.0,3.0,1.0,1.0,1.0,1.0,1.0,5.0,2.0,1.0
14016,1.0,1.0,1.0,3.0,1.0,1.0,1.0,1.0,1.0,3.0,1.0,1.0
14017,1.0,1.0,1.0,3.0,1.0,1.0,1.0,1.0,1.0,5.0,2.0,1.0
14018,1.0,1.0,1.0,3.0,1.0,1.0,1.0,1.0,1.0,4.0,1.0,1.0
14019,1.0,1.0,1.0,3.0,1.0,1.0,1.0,1.0,1.0,3.0,1.0,1.0
14020,1.0,1.0,1.0,3.0,1.0,1.0,1.0,1.0,1.0,5.0,2.0,1.0
14021,1.0,1.0,1.0,3.0,1.0,1.0,1.0,1.0,1.0,5.0,2.0,1.0
14022,1.0,1.0,1.0,3.0,1.0,1.0,1.0,1.0,1.0,5.0,2.0,1.0
14023,1.0,1.0,1.0,3.0,1.0,1.0,1.0,1.0,1.0,3.0,1.0,1.0
14024,1.0,1.0,1.0,3.0,1.0,1.0,1.0,1.0,1.0,3.0,1.0,1.0
14025,1.0,1.0,1.0,3.0,1.0,1.0,1.0,1.0,1.0,3.0,1.0,1.0
14026,1.0,1.0,1.0,3.0,1.0,1.0,1.0,1.0,1.0,4.0,1.0,1.0
14027,1.0,1.0,1.0,3.0,1.0,1.0,1.0,1.0,1.0,3.0,1.0,1.0
14028,1.0,1.0,1.0,3.0,1.0,1.0,1.0,1.0,1.0,4.0,1.0,1.0
14029,1.0,1.0,1.0,3.0,1.0,1.0,1.0,1.0,1.0,5.0,2.0,1.0
14030,1.0,1.0,1.0,3.0,1.0,1.0,1.0,1.0,1.0,3.0,1.0,1.0
14031,1.0,1.0,1.0,3.0,1.0,1.0,1.0,1.0,1.0,3.0,1.0,1.0
14032,1.0,1.0,1.0,3.0,1.0,1.0,1.0,1.0,1.0,4.0,1.0,1.0
14033,1.0,1.0,1.0,3.0,1.0,1.0,1.0,1.0,1.0,3.0,1.0,1.0
14034,1.0,1.0,1.0,3.0,1.0,1.0,1.0,1.0,1.0,3.0,1.0,1.0
14035,1.0,1.0,1.0,3.0,1.0,1.0,1.0,1.0,1.0,3.0,1.0,1.0
14036,1.0,1.0,1.0,3.0,1.0,1.0,1.0,1.0,1.0,4.0,1.0,1.0
14037,1.0,1.0,1.0,3.0,1.0,1.0,1.0,1.0,1.0,5.0,2.0,1.0
14038,1.0,1.0,1.0,3.0,1.0,1.0,1.0,1.0,1.0,3.0,1.0,1.0
14039,1.0,1.0,1.0,3.0,1.0,1.0,1.0,1.0,1.0,3.0,1.0,1.0
14040,1.0,1.0,1.0,3.0,1.0,1.0,1.0,1.0,1.0,3.0,1.0,1.0
14041,1.0,1.0,1.0,3.0,1.0,1.0,1.0,1.0,1.0,3.0,1.0,1.0
14042,1.0,1.0,1.0,3.0,1.0,1.0,1.0,1.0,1.0,3.0,1.0,1.0
14043,1.0,1.0,1.0,3.0,1.0,1.0,1.0,1.0,1.0,4.0,1.0,1.0
14044,1.0,1.0,1.0,3.0,1.0,1.0,1.0,1.0,1.0,4.0,1.0,1.0
14045,1.0,1.0,1.0,3.0,1.0,1.0,1.0,1.0,1.0,3.0,1.0,1.0
14046,1.0,1.0,1.0,3.0,1.0,1.0,1.0,1.0,1.0,4.0,1.0,1.0
14047,1.0,1.0,1.0,3.0,1.0,1.0,1.0,1.0,1.0,4.0,1.0,1.0
14048,1.0,1.0,1.0,3.0,1.0,1.0,1.0,1.0,1.0,4.0,1.0,1.0
14049,1.0,1.0,1.0,3.0,1.0,1.0,1.0,1.0,1.0,3.0,1.0,1.0
14050,1.0,1.0,1.0,3.0,1.0,1.0,1.0,1.0,1.0,3.0,1.0,1.0
14051,1.0,1.0,1.0,3.0,1.0,1.0,1.0,1.0,1.0,3.0,1.0,1.0
14052,1.0,1.0,1.0,3.0,1.0,1.0,1.0,1.0,1.0,4.0,1.0,1.0
14053,1.0,1.0,1.0,3.0,1.0,1.0,1.0,1.0,1.0,5.0,2.0,1.0
14054,1.0,1.0,1.0,3.0,1.0,1.0,1.0,1.0,1.0,3.0,1.0,1.0
14055,1.0,1.0,1.0,3.0,1.0,1.0,1.0,1.0,1.0,3.0,1.0,1.0
14056,1.0,1.0,1.0,3.0,1.0,1.0,1.0,1.0,1.0,4.0,1.0,1.0
14057,1.0,1.0,1.0,3.0,1.0,1.0,1.0,1.0,1.0,4.0,1.0,1.0
14058,1.0,1.0,1.0,3.0,1.0,1.0,1.0,1.0,1.0,3.0,1.0,1.0
14059,1.0,1.0,1.0,3.0,1.0,1.0,1.0,1.0,1.0,5.0,2.0,1.0
14060,1.0,1.0,1.0,3.0,1.0,1.0,1.0,1.0,1.0,5.0,2.0,1.0
14061,1.0,1.0,1.0,3.0,1.0,1.0,1.0,1.0,1.0,3.0,1.0,1.0
14062,1.0,1.0,1.0,3.0,1.0,1.0,1.0,1.0,1.0,4.0,1.0,1.0
14063,1.0,1.0,1.0,3.0,1.0,1.0,1.0,1.0,1.0,3.0,1.0,1.0
14064,1.0,1.0,1.0,3.0,1.0,1.0,1.0,1.0,1.0,4.0,1.0,1.0
14065,1.0,1.0,1.0,3.0,1.0,1.0,1.0,1.0,1.0,5.0,2.0,1.0
14066,1.0,1.0,1.0,3.0,1.0,1.0,1.0,1.0,1.0,4.0,1.0,1.0
14067,1.0,1.0,1.0,3.0,1.0,1.0,1.0,1.0,1.0,5.0,2.0,1.0
14068,1.0,1.0,1.0,3.0,1.0,1.0,1.0,1.0,1.0,3.0,1.0,1.0
14069,1.0,1.0,1.0,3.0,1.0,1.0,1.0,1.0,1.0,5.0,2.0,1.0
14070,1.0,1.0,1.0,3.0,1.0,1.0,1.0,1.0,1.0,3.0,1.0,1.0
14071,1.0,1.0,1.0,3.0,1.0,1.0,1.0,1.0,1.0,4.0,1.0,1.0
14072,1.0,1.0,1.0,3.0,1.0,1.0,1.0,1.0,1.0,5.0,2.0,1.0
14073,1.0,1.0,1.0,3.0,1.0,1.0,1.0,1.0,1.0,3.0,1.0,1.0
14074,1.0,1.0,1.0,3.0,1.0,1.0,1.0,1.0,1.0,5.0,2.0,1.0
14075,1.0,1.0,1.0,3.0,1.0,1.0,1.0,1.0,1.0,4.0,1.0,1.0
14076,1.0,1.0,1.0,3.0,1.0,1.0,1.0,1.0,1.0,4.0,1.0,1.0
14077,1.0,1.0,1.0,3.0,1.0,1.0,1.0,1.0,1.0,3.0,1.0,1.0
14078,1.0,1.0,1.0,3.0,1.0,1.0,1.0,1.0,1.0,3.0,1.0,1.0
14079,1.0,1.0,1.0,3.0,1.0,1.0,1.0,1.0,1.0,4.0,1.0,1.0
14080,1.0,1.0,1.0,3.0,1.0,1.0,1.0,1.0,1.0,3.0,1.0,1.0
14081,1.0,1.0,1.0,3.0,1.0,1.0,1.0,1.0,1.0,3.0,1.0,1.0
14082,1.0,1.0,1.0,3.0,1.0,1.0,1.0,1.0,1.0,4.0,1.0,1.0
14083,1.0,1.0,1.0,3.0,1.0,1.0,1.0,1.0,1.0,4.0,1.0,1.0
14084,1.0,1.0,1.0,3.0,1.0,1.0,1.0,1.0,1.0,5.0,2.0,1.0
14085,1.0,1.0,1.0,3.0,1.0,1.0,1.0,1.0,1.0,3.0,1.0,1.0
14086,1.0,1.0,1.0,3.0,1.0,1.0,1.0,1.0,1.0,3.0,1.0,1.0
14087,1.0,1.0,1.0,3.0,1.0,1.0,1.0,1.0,1.0,3.0,1.0,1.0
14088,1.0,1.0,1.0,3.0,1.0,1.0,1.0,1.0,1.0,3.0,1.0,1.0
14089,1.0,1.0,1.0,3.0,1.0,1.0,1.0,1.0,1.0,3.0,1.0,1.0
14090,1.0,1.0,1.0,3.0,1.0,1.0,1.0,1.0,1.0,4.0,1.0,1.0
14091,1.0,1.0,1.0,3.0,1.0,1.0,1.0,1.0,1.0,3.0,1.0,1.0
14092,1.0,1.0,1.0,3.0,1.0,1.0,1.0,1.0,1.0,3.0,1.0,1.0
14093,1.0,1.0,1.0,3.0,1.0,1.0,1.0,1.0,1.0,5.0,2.0,1.0
14094,1.0,1.0,1.0,3.0,1.0,1.0,1.0,1.0,1.0,3.0,1.0,1.0
14095,1.0,1.0,1.0,3.0,1.0,1.0,1.0,1.0,1.0,3.0,1.0,1.0
14096,1.0,1.0,1.0,3.0,1.0,1.0,1.0,1.0,1.0,4.0,1.0,1.0
14097,1.0,1.0,1.0,3.0,1.0,1.0,1.0,1.0,1.0,3.0,1.0,1.0
14098,1.0,1.0,1.0,3.0,1.0,1.0,1.0,1.0,1.0,3.0,1.0,1.0
14099,1.0,1.0,1.0,3.0,1.0,1.0,1.0,1.0,1.0,3.0,1.0,1.0
14100,1.0,1.0,1.0,3.0,1.0,1.0,1.0,1.0,1.0,3.0,1.0,1.0
14101,1.0,1.0,1.0,3.0,1.0,1.0,1.0,1.0,1.0,4.0,1.0,1.0
14102,1.0,1.0,1.0,3.0,1.0,1.0,1.0,1.0,1.0,5.0,2.0,1.0
14103,1.0,1.0,1.0,3.0,1.0,1.0,1.0,1.0,1.0,4.0,1.0,1.0
14104,1.0,1.0,1.0,3.0,1.0,1.0,1.0,1.0,1.0,3.0,1.0,1.0
14105,1.0,1.0,1.0,3.0,1.0,1.0,1.0,1.0,1.0,3.0,1.0,1.0
14106,1.0,1.0,1.0,3.0,1.0,1.0,1.0,1.0,1.0,3.0,1.0,1.0
14107,1.0,1.0,1.0,3.0,1.0,1.0,1.0,1.0,1.0,3.0,1.0,1.0
14108,1.0,1.0,1.0,3.0,1.0,1.0,1.0,1.0,1.0,3.0,1.0,1.0
14109,1.0,1.0,1.0,3.0,1.0,1.0,1.0,1.0,1.0,5.0,2.0,1.0
14110,1.0,1.0,1.0,3.0,1.0,1.0,1.0,1.0,1.0,3.0,1.0,1.0
14111,1.0,1.0,1.0,3.0,1.0,1.0,1.0,1.0,1.0,3.0,1.0,1.0
14112,1.0,1.0,1.0,3.0,1.0,1.0,1.0,1.0,1.0,5.0,2.0,1.0
14113,1.0,1.0,1.0,3.0,1.0,1.0,1.0,1.0,1.0,4.0,1.0,1.0
14114,1.0,1.0,1.0,3.0,1.0,1.0,1.0,1.0,1.0,3.0,1.0,1.0
14115,1.0,1.0,1.0,3.0,1.0,1.0,1.0,1.0,1.0,3.0,1.0,1.0
14116,1.0,1.0,1.0,3.0,1.0,1.0,1.0,1.0,1.0,3.0,1.0,1.0
14117,1.0,1.0,1.0,3.0,1.0,1.0,1.0,1.0,1.0,4.0,1.0,1.0
14118,1.0,1.0,1.0,3.0,1.0,1.0,1.0,1.0,1.0,3.0,1.0,1.0
14119,1.0,1.0,1.0,3.0,1.0,1.0,1.0,1.0,1.0,3.0,1.0,1.0
14120,1.0,1.0,1.0,3.0,1.0,1.0,1.0,1.0,1.0,3.0,1.0,1.0
14121,1.0,1.0,1.0,3.0,1.0,1.0,1.0,1.0,1.0,4.0,1.0,1.0
14122,1.0,1.0,1.0,3.0,1.0,1.0,1.0,1.0,1.0,4.0,1.0,1.0
14123,1.0,1.0,1.0,3.0,1.0,1.0,1.0,1.0,1.0,3.0,1.0,1.0
14124,1.0,1.0,1.0,3.0,1.0,1.0,1.0,1.0,1.0,3.0,1.0,1.0
14125,1.0,1.0,1.0,3.0,1.0,1.0,1.0,1.0,1.0,3.0,1.0,1.0
14126,1.0,1.0,1.0,3.0,1.0,1.0,1.0,1.0,1.0,4.0,1.0,1.0
14127,1.0,1.0,1.0,3.0,1.0,1.0,1.0,1.0,1.0,5.0,2.0,1.0
14128,1.0,1.0,1.0,3.0,1.0,1.0,1.0,1.0,1.0,3.0,1.0,1.0
14129,1.0,1.0,1.0,3.0,1.0,1.0,1.0,1.0,1.0,3.0,1.0,1.0
14130,1.0,1.0,1.0,3.0,1.0,1.0,1.0,1.0,1.0,3.0,1.0,1.0
14131,1.0,1.0,1.0,3.0,1.0,1.0,1.0,1.0,1.0,5.0,2.0,1.0
14132,1.0,1.0,1.0,3.0,1.0,1.0,1.0,1.0,1.0,3.0,1.0,1.0
14133,1.0,1.0,1.0,3.0,1.0,1.0,1.0,1.0,1.0,4.0,1.0,1.0
14134,1.0,1.0,1.0,3.0,1.0,1.0,1.0,1.0,1.0,3.0,1.0,1.0
14135,1.0,1.0,1.0,3.0,1.0,1.0,1.0,1.0,1.0,3.0,1.0,1.0
14136,1.0,1.0,1.0,3.0,1.0,1.0,1.0,1.0,1.0,4.0,1.0,1.0
14137,1.0,1.0,1.0,3.0,1.0,1.0,1.0,1.0,1.0,4.0,1.0,1.0
14138,1.0,1.0,1.0,3.0,1.0,1.0,1.0,1.0,1.0,4.0,1.0,1.0
14139,1.0,1.0,1.0,3.0,1.0,1.0,1.0,1.0,1.0,5.0,2.0,1.0
14140,1.0,1.0,1.0,3.0,1.0,1.0,1.0,1.0,1.0,5.0,2.0,1.0
14141,1.0,1.0,1.0,3.0,1.0,1.0,1.0,1.0,1.0,3.0,1.0,1.0
14142,1.0,1.0,1.0,3.0,1.0,1.0,1.0,1.0,1.0,4.0,1.0,1.0
14143,1.0,1.0,1.0,3.0,1.0,1.0,1.0,1.0,1.0,3.0,1.0,1.0
14144,1.0,1.0,1.0,3.0,1.0,1.0,1.0,1.0,1.0,3.0,1.0,1.0
14145,1.0,1.0,1.0,3.0,1.0,1.0,1.0,1.0,1.0,3.0,1.0,1.0
14146,1.0,1.0,1.0,3.0,1.0,1.0,1.0,1.0,1.0,5.0,2.0,1.0
14147,1.0,1.0,1.0,3.0,1.0,1.0,1.0,1.0,1.0,4.0,1.0,1.0
14148,1.0,1.0,1.0,3.0,1.0,1.0,1.0,1.0,1.0,5.0,2.0,1.0
14149,1.0,1.0,1.0,3.0,1.0,1.0,1.0,1.0,1.0,3.0,1.0,1.0
14150,1.0,1.0,1.0,3.0,1.0,1.0,1.0,1.0,1.0,4.0,1.0,1.0
14151,1.0,1.0,1.0,3.0,1.0,1.0,1.0,1.0,1.0,3.0,1.0,1.0
14152,1.0,1.0,1.0,3.0,1.0,1.0,1.0,1.0,1.0,5.0,2.0,1.0
14153,1.0,1.0,1.0,3.0,1.0,1.0,1.0,1.0,1.0,3.0,1.0,1.0
14154,1.0,1.0,1.0,3.0,1.0,1.0,1.0,1.0,1.0,3.0,1.0,1.0
14155,1.0,1.0,1.0,3.0,1.0,1.0,1.0,1.0,1.0,5.0,2.0,1.0
14156,1.0,1.0,1.0,3.0,1.0,1.0,1.0,1.0,1.0,4.0,1.0,1.0
14157,1.0,1.0,1.0,3.0,1.0,1.0,1.0,1.0,1.0,3.0,1.0,1.0
14158,1.0,1.0,1.0,3.0,1.0,1.0,1.0,1.0,1.0,3.0,1.0,1.0
14159,1.0,1.0,1.0,3.0,1.0,1.0,1.0,1.0,1.0,3.0,1.0,1.0
14160,1.0,1.0,1.0,3.0,1.0,1.0,1.0,1.0,1.0,4.0,1.0,1.0
14161,1.0,1.0,1.0,3.0,1.0,1.0,1.0,1.0,1.0,5.0,2.0,1.0
14162,1.0,1.0,1.0,3.0,1.0,1.0,1.0,1.0,1.0,3.0,1.0,1.0
14163,1.0,1.0,1.0,3.0,1.0,1.0,1.0,1.0,1.0,4.0,1.0,1.0
14164,1.0,1.0,1.0,3.0,1.0,1.0,1.0,1.0,1.0,5.0,2.0,1.0
14165,1.0,1.0,1.0,3.0,1.0,1.0,1.0,1.0,1.0,3.0,1.0,1.0
14166,1.0,1.0,1.0,3.0,1.0,1.0,1.0,1.0,1.0,3.0,1.0,1.0
14167,1.0,1.0,1.0,3.0,1.0,1.0,1.0,1.0,1.0,5.0,2.0,1.0
14168,1.0,1.0,1.0,3.0,1.0,1.0,1.0,1.0,1.0,3.0,1.0,1.0
14169,1.0,1.0,1.0,3.0,1.0,1.0,1.0,1.0,1.0,3.0,1.0,1.0
14170,1.0,1.0,1.0,3.0,1.0,1.0,1.0,1.0,1.0,4.0,1.0,1.0
14171,1.0,1.0,1.0,3.0,1.0,1.0,1.0,1.0,1.0,4.0,1.0,1.0
14172,1.0,1.0,1.0,3.0,1.0,1.0,1.0,1.0,1.0,4.0,1.0,1.0
14173,1.0,1.0,1.0,3.0,1.0,1.0,1.0,1.0,1.0,3.0,1.0,1.0
14174,1.0,1.0,1.0,3.0,1.0,1.0,1.0,1.0,1.0,3.0,1.0,1.0
14175,1.0,1.0,1.0,3.0,1.0,1.0,1.0,1.0,1.0,4.0,1.0,1.0
14176,1.0,1.0,1.0,3.0,1.0,1.0,1.0,1.0,1.0,3.0,1.0,1.0
14177,1.0,1.0,1.0,3.0,1.0,1.0,1.0,1.0,1.0,5.0,2.0,1.0
14178,1.0,1.0,1.0,3.0,1.0,1.0,1.0,1.0,1.0,3.0,1.0,1.0
14179,1.0,1.0,1.0,3.0,1.0,1.0,1.0,1.0,1.0,3.0,1.0,1.0
14180,1.0,1.0,1.0,3.0,1.0,1.0,1.0,1.0,1.0,3.0,1.0,1.0
14181,1.0,1.0,1.0,3.0,1.0,1.0,1.0,1.0,1.0,3.0,1.0,1.0
14182,1.0,1.0,1.0,3.0,1.0,1.0,1.0,1.0,1.0,3.0,1.0,1.0
14183,1.0,1.0,1.0,3.0,1.0,1.0,1.0,1.0,1.0,3.0,1.0,1.0
14184,1.0,1.0,1.0,3.0,1.0,1.0,1.0,1.0,1.0,5.0,2.0,1.0
14185,1.0,1.0,1.0,3.0,1.0,1.0,1.0,1.0,1.0,5.0,2.0,1.0
14186,1.0,1.0,1.0,3.0,1.0,1.0,1.0,1.0,1.0,5.0,2.0,1.0
14187,1.0,1.0,1.0,3.0,1.0,1.0,1.0,1.0,1.0,5.0,2.0,1.0
14188,1.0,1.0,1.0,3.0,1.0,1.0,1.0,1.0,1.0,3.0,1.0,1.0
14189,1.0,1.0,1.0,3.0,1.0,1.0,1.0,1.0,1.0,5.0,2.0,1.0
14190,1.0,1.0,1.0,3.0,1.0,1.0,1.0,1.0,1.0,4.0,1.0,1.0
14191,1.0,1.0,1.0,3.0,1.0,1.0,1.0,1.0,1.0,3.0,1.0,1.0
14192,1.0,1.0,1.0,3.0,1.0,1.0,1.0,1.0,1.0,3.0,1.0,1.0
14193,1.0,1.0,1.0,3.0,1.0,1.0,1.0,1.0,1.0,4.0,1.0,1.0
14194,1.0,1.0,1.0,3.0,1.0,1.0,1.0,1.0,1.0,5.0,2.0,1.0
14195,1.0,1.0,1.0,3.0,1.0,1.0,1.0,1.0,1.0,4.0,1.0,1.0
14196,1.0,1.0,1.0,3.0,1.0,1.0,1.0,1.0,1.0,5.0,2.0,1.0
14197,1.0,1.0,1.0,3.0,1.0,1.0,1.0,1.0,1.0,3.0,1.0,1.0
14198,1.0,1.0,1.0,3.0,1.0,1.0,1.0,1.0,1.0,3.0,1.0,1.0
14199,1.0,1.0,1.0,3.0,1.0,1.0,1.0,1.0,1.0,4.0,1.0,1.0
14200,1.0,1.0,1.0,3.0,1.0,1.0,1.0,1.0,1.0,3.0,1.0,1.0
14201,1.0,1.0,1.0,3.0,1.0,1.0,1.0,1.0,1.0,3.0,1.0,1.0
14202,1.0,1.0,1.0,3.0,1.0,1.0,1.0,1.0,1.0,3.0,1.0,1.0
14203,1.0,1.0,1.0,3.0,1.0,1.0,1.0,1.0,1.0,4.0,1.0,1.0
14204,1.0,1.0,1.0,3.0,1.0,1.0,1.0,1.0,1.0,3.0,1.0,1.0
14205,1.0,1.0,1.0,3.0,1.0,1.0,1.0,1.0,1.0,5.0,2.0,1.0
14206,1.0,1.0,1.0,3.0,1.0,1.0,1.0,1.0,1.0,5.0,2.0,1.0
14207,1.0,1.0,1.0,3.0,1.0,1.0,1.0,1.0,1.0,3.0,1.0,1.0
14208,1.0,1.0,1.0,3.0,1.0,1.0,1.0,1.0,1.0,5.0,2.0,1.0
14209,1.0,1.0,1.0,3.0,1.0,1.0,1.0,1.0,1.0,4.0,1.0,1.0
14210,1.0,1.0,1.0,3.0,1.0,1.0,1.0,1.0,1.0,4.0,1.0,1.0
14211,1.0,1.0,1.0,3.0,1.0,1.0,1.0,1.0,1.0,3.0,1.0,1.0
14212,1.0,1.0,1.0,3.0,1.0,1.0,1.0,1.0,1.0,3.0,1.0,1.0
14213,1.0,1.0,1.0,3.0,1.0,1.0,1.0,1.0,1.0,5.0,2.0,1.0
14214,1.0,1.0,1.0,3.0,1.0,1.0,1.0,1.0,1.0,3.0,1.0,1.0
14215,1.0,1.0,1.0,3.0,1.0,1.0,1.0,1.0,1.0,4.0,1.0,1.0
14216,1.0,1.0,1.0,3.0,1.0,1.0,1.0,1.0,1.0,3.0,1.0,1.0
14217,1.0,1.0,1.0,3.0,1.0,1.0,1.0,1.0,1.0,3.0,1.0,1.0
14218,1.0,1.0,1.0,3.0,1.0,1.0,1.0,1.0,1.0,3.0,1.0,1.0
14219,1.0,1.0,1.0,3.0,1.0,1.0,1.0,1.0,1.0,3.0,1.0,1.0
14220,1.0,1.0,1.0,3.0,1.0,1.0,1.0,1.0,1.0,4.0,1.0,1.0
14221,1.0,1.0,1.0,3.0,1.0,1.0,1.0,1.0,1.0,3.0,1.0,1.0
14222,1.0,1.0,1.0,3.0,1.0,1.0,1.0,1.0,1.0,4.0,1.0,1.0
14223,1.0,1.0,1.0,3.0,1.0,1.0,1.0,1.0,1.0,3.0,1.0,1.0
14224,1.0,1.0,1.0,3.0,1.0,1.0,1.0,1.0,1.0,5.0,2.0,1.0
14225,1.0,1.0,1.0,3.0,1.0,1.0,1.0,1.0,1.0,5.0,2.0,1.0
14226,1.0,1.0,1.0,3.0,1.0,1.0,1.0,1.0,1.0,5.0,2.0,1.0
14227,1.0,1.0,1.0,3.0,1.0,1.0,1.0,1.0,1.0,3.0,1.0,1.0
14228,1.0,1.0,1.0,3.0,1.0,1.0,1.0,1.0,1.0,4.0,1.0,1.0
14229,1.0,1.0,1.0,3.0,1.0,1.0,1.0,1.0,1.0,3.0,1.0,1.0
14230,1.0,1.0,1.0,3.0,1.0,1.0,1.0,1.0,1.0,3.0,1.0,1.0
14231,1.0,1.0,1.0,3.0,1.0,1.0,1.0,1.0,1.0,3.0,1.0,1.0
14232,1.0,1.0,1.0,3.0,1.0,1.0,1.0,1.0,1.0,5.0,2.0,1.0
14233,1.0,1.0,1.0,3.0,1.0,1.0,1.0,1.0,1.0,3.0,1.0,1.0
14234,1.0,1.0,1.0,3.0,1.0,1.0,1.0,1.0,1.0,3.0,1.0,1.0
14235,1.0,1.0,1.0,3.0,1.0,1.0,1.0,1.0,1.0,5.0,2.0,1.0
14236,1.0,1.0,1.0,3.0,1.0,1.0,1.0,1.0,1.0,3.0,1.0,1.0
14237,1.0,1.0,1.0,3.0,1.0,1.0,1.0,1.0,1.0,3.0,1.0,1.0
14238,1.0,1.0,1.0,3.0,1.0,1.0,1.0,1.0,1.0,4.0,1.0,1.0
14239,1.0,1.0,1.0,3.0,1.0,1.0,1.0,1.0,1.0,3.0,1.0,1.0
14240,1.0,1.0,1.0,3.0,1.0,1.0,1.0,1.0,1.0,4.0,1.0,1.0
14241,1.0,1.0,1.0,3.0,1.0,1.0,1.0,1.0,1.0,3.0,1.0,1.0
14242,1.0,1.0,1.0,3.0,1.0,1.0,1.0,1.0,1.0,5.0,2.0,1.0
14243,1.0,1.0,1.0,3.0,1.0,1.0,1.0,1.0,1.0,4.0,1.0,1.0
14244,1.0,1.0,1.0,3.0,1.0,1.0,1.0,1.0,1.0,3.0,1.0,1.0
14245,1.0,1.0,1.0,3.0,1.0,1.0,1.0,1.0,1.0,3.0,1.0,1.0
14246,1.0,1.0,1.0,3.0,1.0,1.0,1.0,1.0,1.0,3.0,1.0,1.0
14247,1.0,1.0,1.0,3.0,1.0,1.0,1.0,1.0,1.0,3.0,1.0,1.0
14248,1.0,1.0,1.0,3.0,1.0,1.0,1.0,1.0,1.0,3.0,1.0,1.0
14249,1.0,1.0,1.0,3.0,1.0,1.0,1.0,1.0,1.0,3.0,1.0,1.0
14250,1.0,1.0,1.0,3.0,1.0,1.0,1.0,1.0,1.0,4.0,1.0,1.0
14251,1.0,1.0,1.0,3.0,1.0,1.0,1.0,1.0,1.0,3.0,1.0,1.0
14252,1.0,1.0,1.0,3.0,1.0,1.0,1.0,1.0,1.0,5.0,2.0,1.0
14253,1.0,1.0,1.0,3.0,1.0,1.0,1.0,1.0,1.0,3.0,1.0,1.0
14254,1.0,1.0,1.0,3.0,1.0,1.0,1.0,1.0,1.0,5.0,2.0,1.0
14255,1.0,1.0,1.0,3.0,1.0,1.0,1.0,1.0,1.0,3.0,1.0,1.0
14256,1.0,1.0,1.0,3.0,1.0,1.0,1.0,1.0,1.0,3.0,1.0,1.0
14257,1.0,1.0,1.0,3.0,1.0,1.0,1.0,1.0,1.0,4.0,1.0,1.0
14258,1.0,1.0,1.0,3.0,1.0,1.0,1.0,1.0,1.0,3.0,1.0,1.0
14259,1.0,1.0,1.0,3.0,1.0,1.0,1.0,1.0,1.0,4.0,1.0,1.0
14260,1.0,1.0,1.0,3.0,1.0,1.0,1.0,1.0,1.0,3.0,1.0,1.0
14261,1.0,1.0,1.0,3.0,1.0,1.0,1.0,1.0,1.0,3.0,1.0,1.0
14262,1.0,1.0,1.0,3.0,1.0,1.0,1.0,1.0,1.0,3.0,1.0,1.0
14263,1.0,1.0,1.0,3.0,1.0,1.0,1.0,1.0,1.0,3.0,1.0,1.0
14264,1.0,1.0,1.0,3.0,1.0,1.0,1.0,1.0,1.0,5.0,2.0,1.0
14265,1.0,1.0,1.0,3.0,1.0,1.0,1.0,1.0,1.0,3.0,1.0,1.0
14266,1.0,1.0,1.0,3.0,1.0,1.0,1.0,1.0,1.0,5.0,2.0,1.0
14267,1.0,1.0,1.0,3.0,1.0,1.0,1.0,1.0,1.0,4.0,1.0,1.0
14268,1.0,1.0,1.0,3.0,1.0,1.0,1.0,1.0,1.0,3.0,1.0,1.0
14269,1.0,1.0,1.0,3.0,1.0,1.0,1.0,1.0,1.0,3.0,1.0,1.0
14270,1.0,1.0,1.0,3.0,1.0,1.0,1.0,1.0,1.0,3.0,1.0,1.0
14271,1.0,1.0,1.0,3.0,1.0,1.0,1.0,1.0,1.0,5.0,2.0,1.0
14272,1.0,1.0,1.0,3.0,1.0,1.0,1.0,1.0,1.0,5.0,2.0,1.0
14273,1.0,1.0,1.0,3.0,1.0,1.0,1.0,1.0,1.0,5.0,2.0,1.0
14274,1.0,1.0,1.0,3.0,1.0,1.0,1.0,1.0,1.0,3.0,1.0,1.0
14275,1.0,1.0,1.0,3.0,1.0,1.0,1.0,1.0,1.0,3.0,1.0,1.0
14276,1.0,1.0,1.0,3.0,1.0,1.0,1.0,1.0,1.0,3.0,1.0,1.0
14277,1.0,1.0,1.0,3.0,1.0,1.0,1.0,1.0,1.0,3.0,1.0,1.0
14278,1.0,1.0,1.0,3.0,1.0,1.0,1.0,1.0,1.0,3.0,1.0,1.0
14279,1.0,1.0,1.0,3.0,1.0,1.0,1.0,1.0,1.0,5.0,2.0,1.0
14280,1.0,1.0,1.0,3.0,1.0,1.0,1.0,1.0,1.0,3.0,1.0,1.0
14281,1.0,1.0,1.0,3.0,1.0,1.0,1.0,1.0,1.0,4.0,1.0,1.0
14282,1.0,1.0,1.0,3.0,1.0,1.0,1.0,1.0,1.0,3.0,1.0,1.0
14283,1.0,1.0,1.0,3.0,1.0,1.0,1.0,1.0,1.0,3.0,1.0,1.0
14284,1.0,1.0,1.0,3.0,1.0,1.0,1.0,1.0,1.0,5.0,2.0,1.0
14285,1.0,1.0,1.0,3.0,1.0,1.0,1.0,1.0,1.0,3.0,1.0,1.0
14286,1.0,1.0,1.0,3.0,1.0,1.0,1.0,1.0,1.0,3.0,1.0,1.0
14287,1.0,1.0,1.0,3.0,1.0,1.0,1.0,1.0,1.0,3.0,1.0,1.0
14288,1.0,1.0,1.0,3.0,1.0,1.0,1.0,1.0,1.0,5.0,2.0,1.0
14289,1.0,1.0,1.0,3.0,1.0,1.0,1.0,1.0,1.0,3.0,1.0,1.0
14290,1.0,1.0,1.0,3.0,1.0,1.0,1.0,1.0,1.0,4.0,1.0,1.0
14291,1.0,1.0,1.0,3.0,1.0,1.0,1.0,1.0,1.0,5.0,2.0,1.0
14292,1.0,1.0,1.0,3.0,1.0,1.0,1.0,1.0,1.0,3.0,1.0,1.0
14293,1.0,1.0,1.0,3.0,1.0,1.0,1.0,1.0,1.0,3.0,1.0,1.0
14294,1.0,1.0,1.0,3.0,1.0,1.0,1.0,1.0,1.0,3.0,1.0,1.0
14295,1.0,1.0,1.0,3.0,1.0,1.0,1.0,1.0,1.0,5.0,2.0,1.0
14296,1.0,1.0,1.0,3.0,1.0,1.0,1.0,1.0,1.0,3.0,1.0,1.0
14297,1.0,1.0,1.0,3.0,1.0,1.0,1.0,1.0,1.0,4.0,1.0,1.0
14298,1.0,1.0,1.0,3.0,1.0,1.0,1.0,1.0,1.0,4.0,1.0,1.0
14299,1.0,1.0,1.0,3.0,1.0,1.0,1.0,1.0,1.0,3.0,1.0,1.0
14300,1.0,1.0,1.0,3.0,1.0,1.0,1.0,1.0,1.0,5.0,2.0,1.0
14301,1.0,1.0,1.0,3.0,1.0,1.0,1.0,1.0,1.0,3.0,1.0,1.0
14302,1.0,1.0,1.0,3.0,1.0,1.0,1.0,1.0,1.0,3.0,1.0,1.0
14303,1.0,1.0,1.0,3.0,1.0,1.0,1.0,1.0,1.0,3.0,1.0,1.0
14304,1.0,1.0,1.0,3.0,1.0,1.0,1.0,1.0,1.0,5.0,2.0,1.0
14305,1.0,1.0,1.0,3.0,1.0,1.0,1.0,1.0,1.0,3.0,1.0,1.0
14306,1.0,1.0,1.0,3.0,1.0,1.0,1.0,1.0,1.0,3.0,1.0,1.0
14307,1.0,1.0,1.0,3.0,1.0,1.0,1.0,1.0,1.0,3.0,1.0,1.0
14308,1.0,1.0,1.0,3.0,1.0,1.0,1.0,1.0,1.0,3.0,1.0,1.0
14309,1.0,1.0,1.0,3.0,1.0,1.0,1.0,1.0,1.0,5.0,2.0,1.0
14310,1.0,1.0,1.0,3.0,1.0,1.0,1.0,1.0,1.0,3.0,1.0,1.0
14311,1.0,1.0,1.0,3.0,1.0,1.0,1.0,1.0,1.0,3.0,1.0,1.0
14312,1.0,1.0,1.0,3.0,1.0,1.0,1.0,1.0,1.0,5.0,2.0,1.0
14313,1.0,1.0,1.0,3.0,1.0,1.0,1.0,1.0,1.0,4.0,1.0,1.0
14314,1.0,1.0,1.0,3.0,1.0,1.0,1.0,1.0,1.0,3.0,1.0,1.0
14315,1.0,1.0,1.0,3.0,1.0,1.0,1.0,1.0,1.0,3.0,1.0,1.0
14316,1.0,1.0,1.0,3.0,1.0,1.0,1.0,1.0,1.0,5.0,2.0,1.0
14317,1.0,1.0,1.0,3.0,1.0,1.0,1.0,1.0,1.0,3.0,1.0,1.0
14318,1.0,1.0,1.0,3.0,1.0,1.0,1.0,1.0,1.0,3.0,1.0,1.0
14319,1.0,1.0,1.0,3.0,1.0,1.0,1.0,1.0,1.0,3.0,1.0,1.0
14320,1.0,1.0,1.0,3.0,1.0,1.0,1.0,1.0,1.0,4.0,1.0,1.0
14321,1.0,1.0,1.0,3.0,1.0,1.0,1.0,1.0,1.0,5.0,2.0,1.0
14322,1.0,1.0,1.0,3.0,1.0,1.0,1.0,1.0,1.0,3.0,1.0,1.0
14323,1.0,1.0,1.0,3.0,1.0,1.0,1.0,1.0,1.0,4.0,1.0,1.0
14324,1.0,1.0,1.0,3.0,1.0,1.0,1.0,1.0,1.0,5.0,2.0,1.0
14325,1.0,1.0,1.0,3.0,1.0,1.0,1.0,1.0,1.0,3.0,1.0,1.0
14326,1.0,1.0,1.0,3.0,1.0,1.0,1.0,1.0,1.0,3.0,1.0,1.0
14327,1.0,1.0,1.0,3.0,1.0,1.0,1.0,1.0,1.0,3.0,1.0,1.0
14328,1.0,1.0,1.0,3.0,1.0,1.0,1.0,1.0,1.0,3.0,1.0,1.0
14329,1.0,1.0,1.0,3.0,1.0,1.0,1.0,1.0,1.0,3.0,1.0,1.0
14330,1.0,1.0,1.0,3.0,1.0,1.0,1.0,1.0,1.0,3.0,1.0,1.0
14331,1.0,1.0,1.0,3.0,1.0,1.0,1.0,1.0,1.0,3.0,1.0,1.0
14332,1.0,1.0,1.0,3.0,1.0,1.0,1.0,1.0,1.0,5.0,2.0,1.0
14333,1.0,1.0,1.0,3.0,1.0,1.0,1.0,1.0,1.0,3.0,1.0,1.0
14334,1.0,1.0,1.0,3.0,1.0,1.0,1.0,1.0,1.0,3.0,1.0,1.0
14335,1.0,1.0,1.0,3.0,1.0,1.0,1.0,1.0,1.0,3.0,1.0,1.0
14336,1.0,1.0,1.0,3.0,1.0,1.0,1.0,1.0,1.0,5.0,2.0,1.0
14337,1.0,1.0,1.0,3.0,1.0,1.0,1.0,1.0,1.0,4.0,1.0,1.0
14338,1.0,1.0,1.0,3.0,1.0,1.0,1.0,1.0,1.0,3.0,1.0,1.0
14339,1.0,1.0,1.0,3.0,1.0,1.0,1.0,1.0,1.0,5.0,2.0,1.0
14340,1.0,1.0,1.0,3.0,1.0,1.0,1.0,1.0,1.0,3.0,1.0,1.0
14341,1.0,1.0,1.0,3.0,1.0,1.0,1.0,1.0,1.0,5.0,2.0,1.0
14342,1.0,1.0,1.0,3.0,1.0,1.0,1.0,1.0,1.0,5.0,2.0,1.0
14343,1.0,1.0,1.0,3.0,1.0,1.0,1.0,1.0,1.0,3.0,1.0,1.0
14344,1.0,1.0,1.0,3.0,1.0,1.0,1.0,1.0,1.0,3.0,1.0,1.0
14345,1.0,1.0,1.0,3.0,1.0,1.0,1.0,1.0,1.0,5.0,2.0,1.0
14346,1.0,1.0,1.0,3.0,1.0,1.0,1.0,1.0,1.0,3.0,1.0,1.0
14347,1.0,1.0,1.0,3.0,1.0,1.0,1.0,1.0,1.0,3.0,1.0,1.0
14348,1.0,1.0,1.0,3.0,1.0,1.0,1.0,1.0,1.0,3.0,1.0,1.0
14349,1.0,1.0,1.0,3.0,1.0,1.0,1.0,1.0,1.0,3.0,1.0,1.0
14350,1.0,1.0,1.0,3.0,1.0,1.0,1.0,1.0,1.0,4.0,1.0,1.0
14351,1.0,1.0,1.0,3.0,1.0,1.0,1.0,1.0,1.0,3.0,1.0,1.0
14352,1.0,1.0,1.0,3.0,1.0,1.0,1.0,1.0,1.0,5.0,2.0,1.0
14353,1.0,1.0,1.0,3.0,1.0,1.0,1.0,1.0,1.0,3.0,1.0,1.0
14354,1.0,1.0,1.0,3.0,1.0,1.0,1.0,1.0,1.0,3.0,1.0,1.0
14355,1.0,1.0,1.0,3.0,1.0,1.0,1.0,1.0,1.0,3.0,1.0,1.0
14356,1.0,1.0,1.0,3.0,1.0,1.0,1.0,1.0,1.0,4.0,1.0,1.0
14357,1.0,1.0,1.0,3.0,1.0,1.0,1.0,1.0,1.0,3.0,1.0,1.0
14358,1.0,1.0,1.0,3.0,1.0,1.0,1.0,1.0,1.0,4.0,1.0,1.0
14359,1.0,1.0,1.0,3.0,1.0,1.0,1.0,1.0,1.0,3.0,1.0,1.0
14360,1.0,1.0,1.0,3.0,1.0,1.0,1.0,1.0,1.0,4.0,1.0,1.0
14361,1.0,1.0,1.0,3.0,1.0,1.0,1.0,1.0,1.0,3.0,1.0,1.0
14362,1.0,1.0,1.0,3.0,1.0,1.0,1.0,1.0,1.0,3.0,1.0,1.0
14363,1.0,1.0,1.0,3.0,1.0,1.0,1.0,1.0,1.0,4.0,1.0,1.0
14364,1.0,1.0,1.0,3.0,1.0,1.0,1.0,1.0,1.0,3.0,1.0,1.0
14365,1.0,1.0,1.0,3.0,1.0,1.0,1.0,1.0,1.0,5.0,2.0,1.0
14366,1.0,1.0,1.0,3.0,1.0,1.0,1.0,1.0,1.0,5.0,2.0,1.0
14367,1.0,1.0,1.0,3.0,1.0,1.0,1.0,1.0,1.0,3.0,1.0,1.0
14368,1.0,1.0,1.0,3.0,1.0,1.0,1.0,1.0,1.0,5.0,2.0,1.0
14369,1.0,1.0,1.0,3.0,1.0,1.0,1.0,1.0,1.0,3.0,1.0,1.0
14370,1.0,1.0,1.0,3.0,1.0,1.0,1.0,1.0,1.0,5.0,2.0,1.0
14371,1.0,1.0,1.0,3.0,1.0,1.0,1.0,1.0,1.0,5.0,2.0,1.0
14372,1.0,1.0,1.0,3.0,1.0,1.0,1.0,1.0,1.0,3.0,1.0,1.0
14373,1.0,1.0,1.0,3.0,1.0,1.0,1.0,1.0,1.0,5.0,2.0,1.0
14374,1.0,1.0,1.0,3.0,1.0,1.0,1.0,1.0,1.0,4.0,1.0,1.0
14375,1.0,1.0,1.0,3.0,1.0,1.0,1.0,1.0,1.0,3.0,1.0,1.0
14376,1.0,1.0,1.0,3.0,1.0,1.0,1.0,1.0,1.0,3.0,1.0,1.0
14377,1.0,1.0,1.0,3.0,1.0,1.0,1.0,1.0,1.0,5.0,2.0,1.0
14378,1.0,1.0,1.0,3.0,1.0,1.0,1.0,1.0,1.0,3.0,1.0,1.0
14379,1.0,1.0,1.0,3.0,1.0,1.0,1.0,1.0,1.0,3.0,1.0,1.0
14380,1.0,1.0,1.0,3.0,1.0,1.0,1.0,1.0,1.0,5.0,2.0,1.0
14381,1.0,1.0,1.0,3.0,1.0,1.0,1.0,1.0,1.0,3.0,1.0,1.0
14382,1.0,1.0,1.0,3.0,1.0,1.0,1.0,1.0,1.0,4.0,1.0,1.0
14383,1.0,1.0,1.0,3.0,1.0,1.0,1.0,1.0,1.0,3.0,1.0,1.0
14384,1.0,1.0,1.0,3.0,1.0,1.0,1.0,1.0,1.0,3.0,1.0,1.0
14385,1.0,1.0,1.0,3.0,1.0,1.0,1.0,1.0,1.0,4.0,1.0,1.0
14386,1.0,1.0,1.0,3.0,1.0,1.0,1.0,1.0,1.0,3.0,1.0,1.0
14387,1.0,1.0,1.0,3.0,1.0,1.0,1.0,1.0,1.0,4.0,1.0,1.0
14388,1.0,1.0,1.0,3.0,1.0,1.0,1.0,1.0,1.0,5.0,2.0,1.0
14389,1.0,1.0,1.0,3.0,1.0,1.0,1.0,1.0,1.0,3.0,1.0,1.0
14390,1.0,1.0,1.0,3.0,1.0,1.0,1.0,1.0,1.0,3.0,1.0,1.0
14391,1.0,1.0,1.0,3.0,1.0,1.0,1.0,1.0,1.0,3.0,1.0,1.0
14392,1.0,1.0,1.0,3.0,1.0,1.0,1.0,1.0,1.0,3.0,1.0,1.0
14393,1.0,1.0,1.0,3.0,1.0,1.0,1.0,1.0,1.0,3.0,1.0,1.0
14394,1.0,1.0,1.0,3.0,1.0,1.0,1.0,1.0,1.0,4.0,1.0,1.0
14395,1.0,1.0,1.0,3.0,1.0,1.0,1.0,1.0,1.0,4.0,1.0,1.0
14396,1.0,1.0,1.0,3.0,1.0,1.0,1.0,1.0,1.0,3.0,1.0,1.0
14397,1.0,1.0,1.0,3.0,1.0,1.0,1.0,1.0,1.0,5.0,2.0,1.0
14398,1.0,1.0,1.0,3.0,1.0,1.0,1.0,1.0,1.0,4.0,1.0,1.0
14399,1.0,1.0,1.0,3.0,1.0,1.0,1.0,1.0,1.0,3.0,1.0,1.0
14400,1.0,1.0,1.0,3.0,1.0,1.0,1.0,1.0,1.0,3.0,1.0,1.0
14401,1.0,1.0,1.0,3.0,1.0,1.0,1.0,1.0,1.0,4.0,1.0,1.0
14402,1.0,1.0,1.0,3.0,1.0,1.0,1.0,1.0,1.0,4.0,1.0,1.0
14403,1.0,1.0,1.0,3.0,1.0,1.0,1.0,1.0,1.0,5.0,2.0,1.0
14404,1.0,1.0,1.0,3.0,1.0,1.0,1.0,1.0,1.0,5.0,2.0,1.0
14405,1.0,1.0,1.0,3.0,1.0,1.0,1.0,1.0,1.0,3.0,1.0,1.0
14406,1.0,1.0,1.0,3.0,1.0,1.0,1.0,1.0,1.0,3.0,1.0,1.0
14407,1.0,1.0,1.0,3.0,1.0,1.0,1.0,1.0,1.0,3.0,1.0,1.0
14408,1.0,1.0,1.0,3.0,1.0,1.0,1.0,1.0,1.0,3.0,1.0,1.0
14409,1.0,1.0,1.0,3.0,1.0,1.0,1.0,1.0,1.0,3.0,1.0,1.0
14410,1.0,1.0,1.0,3.0,1.0,1.0,1.0,1.0,1.0,5.0,2.0,1.0
14411,1.0,1.0,1.0,3.0,1.0,1.0,1.0,1.0,1.0,3.0,1.0,1.0
14412,1.0,1.0,1.0,3.0,1.0,1.0,1.0,1.0,1.0,4.0,1.0,1.0
14413,1.0,1.0,1.0,3.0,1.0,1.0,1.0,1.0,1.0,3.0,1.0,1.0
14414,1.0,1.0,1.0,3.0,1.0,1.0,1.0,1.0,1.0,4.0,1.0,1.0
14415,1.0,1.0,1.0,3.0,1.0,1.0,1.0,1.0,1.0,3.0,1.0,1.0
14416,1.0,1.0,1.0,3.0,1.0,1.0,1.0,1.0,1.0,3.0,1.0,1.0
14417,1.0,1.0,1.0,3.0,1.0,1.0,1.0,1.0,1.0,3.0,1.0,1.0
14418,1.0,1.0,1.0,3.0,1.0,1.0,1.0,1.0,1.0,5.0,2.0,1.0
14419,1.0,1.0,1.0,3.0,1.0,1.0,1.0,1.0,1.0,3.0,1.0,1.0
14420,1.0,1.0,1.0,3.0,1.0,1.0,1.0,1.0,1.0,5.0,2.0,1.0
14421,1.0,1.0,1.0,3.0,1.0,1.0,1.0,1.0,1.0,4.0,1.0,1.0
14422,1.0,1.0,1.0,3.0,1.0,1.0,1.0,1.0,1.0,5.0,2.0,1.0
14423,1.0,1.0,1.0,3.0,1.0,1.0,1.0,1.0,1.0,3.0,1.0,1.0
14424,1.0,1.0,1.0,3.0,1.0,1.0,1.0,1.0,1.0,4.0,1.0,1.0
14425,1.0,1.0,1.0,3.0,1.0,1.0,1.0,1.0,1.0,3.0,1.0,1.0
14426,1.0,1.0,1.0,3.0,1.0,1.0,1.0,1.0,1.0,3.0,1.0,1.0
14427,1.0,1.0,1.0,3.0,1.0,1.0,1.0,1.0,1.0,4.0,1.0,1.0
14428,1.0,1.0,1.0,3.0,1.0,1.0,1.0,1.0,1.0,4.0,1.0,1.0
14429,1.0,1.0,1.0,3.0,1.0,1.0,1.0,1.0,1.0,5.0,2.0,1.0
14430,1.0,1.0,1.0,3.0,1.0,1.0,1.0,1.0,1.0,3.0,1.0,1.0
14431,1.0,1.0,1.0,3.0,1.0,1.0,1.0,1.0,1.0,3.0,1.0,1.0
14432,1.0,1.0,1.0,3.0,1.0,1.0,1.0,1.0,1.0,3.0,1.0,1.0
14433,1.0,1.0,1.0,3.0,1.0,1.0,1.0,1.0,1.0,3.0,1.0,1.0
14434,1.0,1.0,1.0,3.0,1.0,1.0,1.0,1.0,1.0,3.0,1.0,1.0
14435,1.0,1.0,1.0,3.0,1.0,1.0,1.0,1.0,1.0,5.0,2.0,1.0
14436,1.0,1.0,1.0,3.0,1.0,1.0,1.0,1.0,1.0,5.0,2.0,1.0
14437,1.0,1.0,1.0,3.0,1.0,1.0,1.0,1.0,1.0,3.0,1.0,1.0
14438,1.0,1.0,1.0,3.0,1.0,1.0,1.0,1.0,1.0,3.0,1.0,1.0
14439,1.0,1.0,1.0,3.0,1.0,1.0,1.0,1.0,1.0,3.0,1.0,1.0
14440,1.0,1.0,1.0,3.0,1.0,1.0,1.0,1.0,1.0,3.0,1.0,1.0
14441,1.0,1.0,1.0,3.0,1.0,1.0,1.0,1.0,1.0,3.0,1.0,1.0
14442,1.0,1.0,1.0,3.0,1.0,1.0,1.0,1.0,1.0,3.0,1.0,1.0
14443,1.0,1.0,1.0,3.0,1.0,1.0,1.0,1.0,1.0,4.0,1.0,1.0
14444,1.0,1.0,1.0,3.0,1.0,1.0,1.0,1.0,1.0,4.0,1.0,1.0
14445,1.0,1.0,1.0,3.0,1.0,1.0,1.0,1.0,1.0,4.0,1.0,1.0
14446,1.0,1.0,1.0,3.0,1.0,1.0,1.0,1.0,1.0,4.0,1.0,1.0
14447,1.0,1.0,1.0,3.0,1.0,1.0,1.0,1.0,1.0,3.0,1.0,1.0
14448,1.0,1.0,1.0,3.0,1.0,1.0,1.0,1.0,1.0,3.0,1.0,1.0
14449,1.0,1.0,1.0,3.0,1.0,1.0,1.0,1.0,1.0,3.0,1.0,1.0
14450,1.0,1.0,1.0,3.0,1.0,1.0,1.0,1.0,1.0,3.0,1.0,1.0
14451,1.0,1.0,1.0,3.0,1.0,1.0,1.0,1.0,1.0,3.0,1.0,1.0
14452,1.0,1.0,1.0,3.0,1.0,1.0,1.0,1.0,1.0,3.0,1.0,1.0
14453,1.0,1.0,1.0,3.0,1.0,1.0,1.0,1.0,1.0,3.0,1.0,1.0
14454,1.0,1.0,1.0,3.0,1.0,1.0,1.0,1.0,1.0,4.0,1.0,1.0
14455,1.0,1.0,1.0,3.0,1.0,1.0,1.0,1.0,1.0,4.0,1.0,1.0
14456,1.0,1.0,1.0,3.0,1.0,1.0,1.0,1.0,1.0,5.0,2.0,1.0
14457,1.0,1.0,1.0,3.0,1.0,1.0,1.0,1.0,1.0,3.0,1.0,1.0
14458,1.0,1.0,1.0,3.0,1.0,1.0,1.0,1.0,1.0,3.0,1.0,1.0
14459,1.0,1.0,1.0,3.0,1.0,1.0,1.0,1.0,1.0,3.0,1.0,1.0
14460,1.0,1.0,1.0,3.0,1.0,1.0,1.0,1.0,1.0,3.0,1.0,1.0
14461,1.0,1.0,1.0,3.0,1.0,1.0,1.0,1.0,1.0,5.0,2.0,1.0
14462,1.0,1.0,1.0,3.0,1.0,1.0,1.0,1.0,1.0,3.0,1.0,1.0
14463,1.0,1.0,1.0,3.0,1.0,1.0,1.0,1.0,1.0,3.0,1.0,1.0
14464,1.0,1.0,1.0,3.0,1.0,1.0,1.0,1.0,1.0,5.0,2.0,1.0
14465,1.0,1.0,1.0,3.0,1.0,1.0,1.0,1.0,1.0,3.0,1.0,1.0
14466,1.0,1.0,1.0,3.0,1.0,1.0,1.0,1.0,1.0,5.0,2.0,1.0
14467,1.0,1.0,1.0,3.0,1.0,1.0,1.0,1.0,1.0,5.0,2.0,1.0
14468,1.0,1.0,1.0,3.0,1.0,1.0,1.0,1.0,1.0,4.0,1.0,1.0
14469,1.0,1.0,1.0,3.0,1.0,1.0,1.0,1.0,1.0,3.0,1.0,1.0
14470,1.0,1.0,1.0,3.0,1.0,1.0,1.0,1.0,1.0,3.0,1.0,1.0
14471,1.0,1.0,1.0,3.0,1.0,1.0,1.0,1.0,1.0,4.0,1.0,1.0
14472,1.0,1.0,1.0,3.0,1.0,1.0,1.0,1.0,1.0,3.0,1.0,1.0
14473,1.0,1.0,1.0,3.0,1.0,1.0,1.0,1.0,1.0,4.0,1.0,1.0
14474,1.0,1.0,1.0,3.0,1.0,1.0,1.0,1.0,1.0,5.0,2.0,1.0
14475,1.0,1.0,1.0,3.0,1.0,1.0,1.0,1.0,1.0,4.0,1.0,1.0
14476,1.0,1.0,1.0,3.0,1.0,1.0,1.0,1.0,1.0,5.0,2.0,1.0
14477,1.0,1.0,1.0,3.0,1.0,1.0,1.0,1.0,1.0,5.0,2.0,1.0
14478,1.0,1.0,1.0,3.0,1.0,1.0,1.0,1.0,1.0,3.0,1.0,1.0
14479,1.0,1.0,1.0,3.0,1.0,1.0,1.0,1.0,1.0,5.0,2.0,1.0
14480,1.0,1.0,1.0,3.0,1.0,1.0,1.0,1.0,1.0,5.0,2.0,1.0
14481,1.0,1.0,1.0,3.0,1.0,1.0,1.0,1.0,1.0,3.0,1.0,1.0
14482,1.0,1.0,1.0,3.0,1.0,1.0,1.0,1.0,1.0,5.0,2.0,1.0
14483,1.0,1.0,1.0,3.0,1.0,1.0,1.0,1.0,1.0,5.0,2.0,1.0
14484,1.0,1.0,1.0,3.0,1.0,1.0,1.0,1.0,1.0,4.0,1.0,1.0
14485,1.0,1.0,1.0,3.0,1.0,1.0,1.0,1.0,1.0,4.0,1.0,1.0
14486,1.0,1.0,1.0,3.0,1.0,1.0,1.0,1.0,1.0,4.0,1.0,1.0
14487,1.0,1.0,1.0,3.0,1.0,1.0,1.0,1.0,1.0,4.0,1.0,1.0
14488,1.0,1.0,1.0,3.0,1.0,1.0,1.0,1.0,1.0,4.0,1.0,1.0
14489,1.0,1.0,1.0,3.0,1.0,1.0,1.0,1.0,1.0,3.0,1.0,1.0
14490,1.0,1.0,1.0,3.0,1.0,1.0,1.0,1.0,1.0,3.0,1.0,1.0
14491,1.0,1.0,1.0,3.0,1.0,1.0,1.0,1.0,1.0,3.0,1.0,1.0
14492,1.0,1.0,1.0,3.0,1.0,1.0,1.0,1.0,1.0,5.0,2.0,1.0
14493,1.0,1.0,1.0,3.0,1.0,1.0,1.0,1.0,1.0,4.0,1.0,1.0
14494,1.0,1.0,1.0,3.0,1.0,1.0,1.0,1.0,1.0,3.0,1.0,1.0
14495,1.0,1.0,1.0,3.0,1.0,1.0,1.0,1.0,1.0,3.0,1.0,1.0
14496,1.0,1.0,1.0,3.0,1.0,1.0,1.0,1.0,1.0,3.0,1.0,1.0
14497,1.0,1.0,1.0,3.0,1.0,1.0,1.0,1.0,1.0,4.0,1.0,1.0
14498,1.0,1.0,1.0,3.0,1.0,1.0,1.0,1.0,1.0,3.0,1.0,1.0
14499,1.0,1.0,1.0,3.0,1.0,1.0,1.0,1.0,1.0,3.0,1.0,1.0
14500,1.0,1.0,1.0,3.0,1.0,1.0,1.0,1.0,1.0,5.0,2.0,1.0
14501,1.0,1.0,1.0,3.0,1.0,1.0,1.0,1.0,1.0,3.0,1.0,1.0
14502,1.0,1.0,1.0,3.0,1.0,1.0,1.0,1.0,1.0,3.0,1.0,1.0
14503,1.0,1.0,1.0,3.0,1.0,1.0,1.0,1.0,1.0,5.0,2.0,1.0
14504,1.0,1.0,1.0,3.0,1.0,1.0,1.0,1.0,1.0,4.0,1.0,1.0
14505,1.0,1.0,1.0,3.0,1.0,1.0,1.0,1.0,1.0,3.0,1.0,1.0
14506,1.0,1.0,1.0,3.0,1.0,1.0,1.0,1.0,1.0,3.0,1.0,1.0
14507,1.0,1.0,1.0,3.0,1.0,1.0,1.0,1.0,1.0,5.0,2.0,1.0
14508,1.0,1.0,1.0,3.0,1.0,1.0,1.0,1.0,1.0,5.0,2.0,1.0
14509,1.0,1.0,1.0,3.0,1.0,1.0,1.0,1.0,1.0,5.0,2.0,1.0
14510,1.0,1.0,1.0,3.0,1.0,1.0,1.0,1.0,1.0,3.0,1.0,1.0
14511,1.0,1.0,1.0,3.0,1.0,1.0,1.0,1.0,1.0,3.0,1.0,1.0
14512,1.0,1.0,1.0,3.0,1.0,1.0,1.0,1.0,1.0,3.0,1.0,1.0
14513,1.0,1.0,1.0,3.0,1.0,1.0,1.0,1.0,1.0,5.0,2.0,1.0
14514,1.0,1.0,1.0,3.0,1.0,1.0,1.0,1.0,1.0,5.0,2.0,1.0
14515,1.0,1.0,1.0,3.0,1.0,1.0,1.0,1.0,1.0,3.0,1.0,1.0
14516,1.0,1.0,1.0,3.0,1.0,1.0,1.0,1.0,1.0,3.0,1.0,1.0
14517,1.0,1.0,1.0,3.0,1.0,1.0,1.0,1.0,1.0,4.0,1.0,1.0
14518,1.0,1.0,1.0,3.0,1.0,1.0,1.0,1.0,1.0,4.0,1.0,1.0
14519,1.0,1.0,1.0,3.0,1.0,1.0,1.0,1.0,1.0,5.0,2.0,1.0
14520,1.0,1.0,1.0,3.0,1.0,1.0,1.0,1.0,1.0,5.0,2.0,1.0
14521,1.0,1.0,1.0,3.0,1.0,1.0,1.0,1.0,1.0,3.0,1.0,1.0
14522,1.0,1.0,1.0,3.0,1.0,1.0,1.0,1.0,1.0,3.0,1.0,1.0
14523,1.0,1.0,1.0,3.0,1.0,1.0,1.0,1.0,1.0,3.0,1.0,1.0
14524,1.0,1.0,1.0,3.0,1.0,1.0,1.0,1.0,1.0,4.0,1.0,1.0
14525,1.0,1.0,1.0,3.0,1.0,1.0,1.0,1.0,1.0,3.0,1.0,1.0
14526,1.0,1.0,1.0,3.0,1.0,1.0,1.0,1.0,1.0,3.0,1.0,1.0
14527,1.0,1.0,1.0,3.0,1.0,1.0,1.0,1.0,1.0,4.0,1.0,1.0
14528,1.0,1.0,1.0,3.0,1.0,1.0,1.0,1.0,1.0,3.0,1.0,1.0
14529,1.0,1.0,1.0,3.0,1.0,1.0,1.0,1.0,1.0,3.0,1.0,1.0
14530,1.0,1.0,1.0,3.0,1.0,1.0,1.0,1.0,1.0,3.0,1.0,1.0
14531,1.0,1.0,1.0,3.0,1.0,1.0,1.0,1.0,1.0,3.0,1.0,1.0
14532,1.0,1.0,1.0,3.0,1.0,1.0,1.0,1.0,1.0,5.0,2.0,1.0
14533,1.0,1.0,1.0,3.0,1.0,1.0,1.0,1.0,1.0,4.0,1.0,1.0
14534,1.0,1.0,1.0,3.0,1.0,1.0,1.0,1.0,1.0,3.0,1.0,1.0
14535,1.0,1.0,1.0,3.0,1.0,1.0,1.0,1.0,1.0,4.0,1.0,1.0
14536,1.0,1.0,1.0,3.0,1.0,1.0,1.0,1.0,1.0,5.0,2.0,1.0
14537,1.0,1.0,1.0,3.0,1.0,1.0,1.0,1.0,1.0,3.0,1.0,1.0
14538,1.0,1.0,1.0,3.0,1.0,1.0,1.0,1.0,1.0,3.0,1.0,1.0
14539,1.0,1.0,1.0,3.0,1.0,1.0,1.0,1.0,1.0,5.0,2.0,1.0
14540,1.0,1.0,1.0,3.0,1.0,1.0,1.0,1.0,1.0,3.0,1.0,1.0
14541,1.0,1.0,1.0,3.0,1.0,1.0,1.0,1.0,1.0,3.0,1.0,1.0
14542,1.0,1.0,1.0,3.0,1.0,1.0,1.0,1.0,1.0,5.0,2.0,1.0
14543,1.0,1.0,1.0,3.0,1.0,1.0,1.0,1.0,1.0,4.0,1.0,1.0
14544,1.0,1.0,1.0,3.0,1.0,1.0,1.0,1.0,1.0,4.0,1.0,1.0
14545,1.0,1.0,1.0,3.0,1.0,1.0,1.0,1.0,1.0,4.0,1.0,1.0
14546,1.0,1.0,1.0,3.0,1.0,1.0,1.0,1.0,1.0,3.0,1.0,1.0
14547,1.0,1.0,1.0,3.0,1.0,1.0,1.0,1.0,1.0,3.0,1.0,1.0
14548,1.0,1.0,1.0,3.0,1.0,1.0,1.0,1.0,1.0,3.0,1.0,1.0
14549,1.0,1.0,1.0,3.0,1.0,1.0,1.0,1.0,1.0,3.0,1.0,1.0
14550,1.0,1.0,1.0,3.0,1.0,1.0,1.0,1.0,1.0,3.0,1.0,1.0
14551,1.0,1.0,1.0,3.0,1.0,1.0,1.0,1.0,1.0,5.0,2.0,1.0
14552,1.0,1.0,1.0,3.0,1.0,1.0,1.0,1.0,1.0,4.0,1.0,1.0
14553,1.0,1.0,1.0,3.0,1.0,1.0,1.0,1.0,1.0,3.0,1.0,1.0
14554,1.0,1.0,1.0,3.0,1.0,1.0,1.0,1.0,1.0,4.0,1.0,1.0
14555,1.0,1.0,1.0,3.0,1.0,1.0,1.0,1.0,1.0,4.0,1.0,1.0
14556,1.0,1.0,1.0,3.0,1.0,1.0,1.0,1.0,1.0,5.0,2.0,1.0
14557,1.0,1.0,1.0,3.0,1.0,1.0,1.0,1.0,1.0,3.0,1.0,1.0
14558,1.0,1.0,1.0,3.0,1.0,1.0,1.0,1.0,1.0,5.0,2.0,1.0
14559,1.0,1.0,1.0,3.0,1.0,1.0,1.0,1.0,1.0,5.0,2.0,1.0
14560,1.0,1.0,1.0,3.0,1.0,1.0,1.0,1.0,1.0,4.0,1.0,1.0
14561,1.0,1.0,1.0,3.0,1.0,1.0,1.0,1.0,1.0,3.0,1.0,1.0
14562,1.0,1.0,1.0,3.0,1.0,1.0,1.0,1.0,1.0,3.0,1.0,1.0
14563,1.0,1.0,1.0,3.0,1.0,1.0,1.0,1.0,1.0,4.0,1.0,1.0
14564,1.0,1.0,1.0,3.0,1.0,1.0,1.0,1.0,1.0,3.0,1.0,1.0
14565,1.0,1.0,1.0,3.0,1.0,1.0,1.0,1.0,1.0,4.0,1.0,1.0
14566,1.0,1.0,1.0,3.0,1.0,1.0,1.0,1.0,1.0,3.0,1.0,1.0
14567,1.0,1.0,1.0,3.0,1.0,1.0,1.0,1.0,1.0,3.0,1.0,1.0
14568,1.0,1.0,1.0,3.0,1.0,1.0,1.0,1.0,1.0,3.0,1.0,1.0
14569,1.0,1.0,1.0,3.0,1.0,1.0,1.0,1.0,1.0,3.0,1.0,1.0
14570,1.0,1.0,1.0,3.0,1.0,1.0,1.0,1.0,1.0,4.0,1.0,1.0
14571,1.0,1.0,1.0,3.0,1.0,1.0,1.0,1.0,1.0,5.0,2.0,1.0
14572,1.0,1.0,1.0,3.0,1.0,1.0,1.0,1.0,1.0,3.0,1.0,1.0
14573,1.0,1.0,1.0,3.0,1.0,1.0,1.0,1.0,1.0,5.0,2.0,1.0
14574,1.0,1.0,1.0,3.0,1.0,1.0,1.0,1.0,1.0,3.0,1.0,1.0
14575,1.0,1.0,1.0,3.0,1.0,1.0,1.0,1.0,1.0,4.0,1.0,1.0
14576,1.0,1.0,1.0,3.0,1.0,1.0,1.0,1.0,1.0,5.0,2.0,1.0
14577,1.0,1.0,1.0,3.0,1.0,1.0,1.0,1.0,1.0,4.0,1.0,1.0
14578,1.0,1.0,1.0,3.0,1.0,1.0,1.0,1.0,1.0,4.0,1.0,1.0
14579,1.0,1.0,1.0,3.0,1.0,1.0,1.0,1.0,1.0,4.0,1.0,1.0
14580,1.0,1.0,1.0,3.0,1.0,1.0,1.0,1.0,1.0,4.0,1.0,1.0
14581,1.0,1.0,1.0,3.0,1.0,1.0,1.0,1.0,1.0,3.0,1.0,1.0
14582,1.0,1.0,1.0,3.0,1.0,1.0,1.0,1.0,1.0,4.0,1.0,1.0
14583,1.0,1.0,1.0,3.0,1.0,1.0,1.0,1.0,1.0,4.0,1.0,1.0
14584,1.0,1.0,1.0,3.0,1.0,1.0,1.0,1.0,1.0,4.0,1.0,1.0
14585,1.0,1.0,1.0,3.0,1.0,1.0,1.0,1.0,1.0,5.0,2.0,1.0
14586,1.0,1.0,1.0,3.0,1.0,1.0,1.0,1.0,1.0,3.0,1.0,1.0
14587,1.0,1.0,1.0,3.0,1.0,1.0,1.0,1.0,1.0,5.0,2.0,1.0
14588,1.0,1.0,1.0,3.0,1.0,1.0,1.0,1.0,1.0,3.0,1.0,1.0
14589,1.0,1.0,1.0,3.0,1.0,1.0,1.0,1.0,1.0,5.0,2.0,1.0
14590,1.0,1.0,1.0,3.0,1.0,1.0,1.0,1.0,1.0,3.0,1.0,1.0
14591,1.0,1.0,1.0,3.0,1.0,1.0,1.0,1.0,1.0,3.0,1.0,1.0
14592,1.0,1.0,1.0,3.0,1.0,1.0,1.0,1.0,1.0,3.0,1.0,1.0
14593,1.0,1.0,1.0,3.0,1.0,1.0,1.0,1.0,1.0,3.0,1.0,1.0
14594,1.0,1.0,1.0,3.0,1.0,1.0,1.0,1.0,1.0,5.0,2.0,1.0
14595,1.0,1.0,1.0,3.0,1.0,1.0,1.0,1.0,1.0,3.0,1.0,1.0
14596,1.0,1.0,1.0,3.0,1.0,1.0,1.0,1.0,1.0,3.0,1.0,1.0
14597,1.0,1.0,1.0,3.0,1.0,1.0,1.0,1.0,1.0,4.0,1.0,1.0
14598,1.0,1.0,1.0,3.0,1.0,1.0,1.0,1.0,1.0,3.0,1.0,1.0
14599,1.0,1.0,1.0,3.0,1.0,1.0,1.0,1.0,1.0,5.0,2.0,1.0
14600,1.0,1.0,1.0,3.0,1.0,1.0,1.0,1.0,1.0,4.0,1.0,1.0
14601,1.0,1.0,1.0,3.0,1.0,1.0,1.0,1.0,1.0,5.0,2.0,1.0
14602,1.0,1.0,1.0,3.0,1.0,1.0,1.0,1.0,1.0,5.0,2.0,1.0
14603,1.0,1.0,1.0,3.0,1.0,1.0,1.0,1.0,1.0,4.0,1.0,1.0
14604,1.0,1.0,1.0,3.0,1.0,1.0,1.0,1.0,1.0,5.0,2.0,1.0
14605,1.0,1.0,1.0,3.0,1.0,1.0,1.0,1.0,1.0,3.0,1.0,1.0
14606,1.0,1.0,1.0,3.0,1.0,1.0,1.0,1.0,1.0,5.0,2.0,1.0
14607,1.0,1.0,1.0,3.0,1.0,1.0,1.0,1.0,1.0,3.0,1.0,1.0
14608,1.0,1.0,1.0,3.0,1.0,1.0,1.0,1.0,1.0,3.0,1.0,1.0
14609,1.0,1.0,1.0,3.0,1.0,1.0,1.0,1.0,1.0,4.0,1.0,1.0
14610,1.0,1.0,1.0,3.0,1.0,1.0,1.0,1.0,1.0,3.0,1.0,1.0
14611,1.0,1.0,1.0,3.0,1.0,1.0,1.0,1.0,1.0,3.0,1.0,1.0
14612,1.0,1.0,1.0,3.0,1.0,1.0,1.0,1.0,1.0,4.0,1.0,1.0
14613,1.0,1.0,1.0,3.0,1.0,1.0,1.0,1.0,1.0,5.0,2.0,1.0
14614,1.0,1.0,1.0,3.0,1.0,1.0,1.0,1.0,1.0,3.0,1.0,1.0
14615,1.0,1.0,1.0,3.0,1.0,1.0,1.0,1.0,1.0,5.0,2.0,1.0
14616,1.0,1.0,1.0,3.0,1.0,1.0,1.0,1.0,1.0,5.0,2.0,1.0
14617,1.0,1.0,1.0,3.0,1.0,1.0,1.0,1.0,1.0,4.0,1.0,1.0
14618,1.0,1.0,1.0,3.0,1.0,1.0,1.0,1.0,1.0,5.0,2.0,1.0
14619,1.0,1.0,1.0,3.0,1.0,1.0,1.0,1.0,1.0,5.0,2.0,1.0
14620,1.0,1.0,1.0,3.0,1.0,1.0,1.0,1.0,1.0,3.0,1.0,1.0
14621,1.0,1.0,1.0,3.0,1.0,1.0,1.0,1.0,1.0,3.0,1.0,1.0
14622,1.0,1.0,1.0,3.0,1.0,1.0,1.0,1.0,1.0,3.0,1.0,1.0
14623,1.0,1.0,1.0,3.0,1.0,1.0,1.0,1.0,1.0,5.0,2.0,1.0
14624,1.0,1.0,1.0,3.0,1.0,1.0,1.0,1.0,1.0,3.0,1.0,1.0
14625,1.0,1.0,1.0,3.0,1.0,1.0,1.0,1.0,1.0,3.0,1.0,1.0
14626,1.0,1.0,1.0,3.0,1.0,1.0,1.0,1.0,1.0,3.0,1.0,1.0
14627,1.0,1.0,1.0,3.0,1.0,1.0,1.0,1.0,1.0,5.0,2.0,1.0
14628,1.0,1.0,1.0,3.0,1.0,1.0,1.0,1.0,1.0,5.0,2.0,1.0
14629,1.0,1.0,1.0,3.0,1.0,1.0,1.0,1.0,1.0,5.0,2.0,1.0
14630,1.0,1.0,1.0,3.0,1.0,1.0,1.0,1.0,1.0,4.0,1.0,1.0
14631,1.0,1.0,1.0,3.0,1.0,1.0,1.0,1.0,1.0,4.0,1.0,1.0
14632,1.0,1.0,1.0,3.0,1.0,1.0,1.0,1.0,1.0,5.0,2.0,1.0
14633,1.0,1.0,1.0,3.0,1.0,1.0,1.0,1.0,1.0,3.0,1.0,1.0
14634,1.0,1.0,1.0,3.0,1.0,1.0,1.0,1.0,1.0,5.0,2.0,1.0
14635,1.0,1.0,1.0,3.0,1.0,1.0,1.0,1.0,1.0,3.0,1.0,1.0
14636,1.0,1.0,1.0,3.0,1.0,1.0,1.0,1.0,1.0,5.0,2.0,1.0
14637,1.0,1.0,1.0,3.0,1.0,1.0,1.0,1.0,1.0,5.0,2.0,1.0
14638,1.0,1.0,1.0,3.0,1.0,1.0,1.0,1.0,1.0,5.0,2.0,1.0
14639,1.0,1.0,1.0,3.0,1.0,1.0,1.0,1.0,1.0,4.0,1.0,1.0
14640,1.0,1.0,1.0,3.0,1.0,1.0,1.0,1.0,1.0,3.0,1.0,1.0
14641,1.0,1.0,1.0,3.0,1.0,1.0,1.0,1.0,1.0,3.0,1.0,1.0
14642,1.0,1.0,1.0,3.0,1.0,1.0,1.0,1.0,1.0,3.0,1.0,1.0
14643,1.0,1.0,1.0,3.0,1.0,1.0,1.0,1.0,1.0,3.0,1.0,1.0
14644,1.0,1.0,1.0,3.0,1.0,1.0,1.0,1.0,1.0,4.0,1.0,1.0
14645,1.0,1.0,1.0,3.0,1.0,1.0,1.0,1.0,1.0,4.0,1.0,1.0
14646,1.0,1.0,1.0,3.0,1.0,1.0,1.0,1.0,1.0,3.0,1.0,1.0
14647,1.0,1.0,1.0,3.0,1.0,1.0,1.0,1.0,1.0,3.0,1.0,1.0
14648,1.0,1.0,1.0,3.0,1.0,1.0,1.0,1.0,1.0,5.0,2.0,1.0
14649,1.0,1.0,1.0,3.0,1.0,1.0,1.0,1.0,1.0,3.0,1.0,1.0
14650,1.0,1.0,1.0,3.0,1.0,1.0,1.0,1.0,1.0,5.0,2.0,1.0
14651,1.0,1.0,1.0,3.0,1.0,1.0,1.0,1.0,1.0,5.0,2.0,1.0
14652,1.0,1.0,1.0,3.0,1.0,1.0,1.0,1.0,1.0,3.0,1.0,1.0
14653,1.0,1.0,1.0,3.0,1.0,1.0,1.0,1.0,1.0,3.0,1.0,1.0
14654,1.0,1.0,1.0,3.0,1.0,1.0,1.0,1.0,1.0,4.0,1.0,1.0
14655,1.0,1.0,1.0,3.0,1.0,1.0,1.0,1.0,1.0,3.0,1.0,1.0
14656,1.0,1.0,1.0,3.0,1.0,1.0,1.0,1.0,1.0,3.0,1.0,1.0
14657,1.0,1.0,1.0,3.0,1.0,1.0,1.0,1.0,1.0,3.0,1.0,1.0
14658,1.0,1.0,1.0,3.0,1.0,1.0,1.0,1.0,1.0,5.0,2.0,1.0
14659,1.0,1.0,1.0,3.0,1.0,1.0,1.0,1.0,1.0,3.0,1.0,1.0
14660,1.0,1.0,1.0,3.0,1.0,1.0,1.0,1.0,1.0,3.0,1.0,1.0
14661,1.0,1.0,1.0,3.0,1.0,1.0,1.0,1.0,1.0,5.0,2.0,1.0
14662,1.0,1.0,1.0,3.0,1.0,1.0,1.0,1.0,1.0,5.0,2.0,1.0
14663,1.0,1.0,1.0,3.0,1.0,1.0,1.0,1.0,1.0,3.0,1.0,1.0
14664,1.0,1.0,1.0,3.0,1.0,1.0,1.0,1.0,1.0,3.0,1.0,1.0
14665,1.0,1.0,1.0,3.0,1.0,1.0,1.0,1.0,1.0,3.0,1.0,1.0
14666,1.0,1.0,1.0,3.0,1.0,1.0,1.0,1.0,1.0,3.0,1.0,1.0
14667,1.0,1.0,1.0,3.0,1.0,1.0,1.0,1.0,1.0,3.0,1.0,1.0
14668,1.0,1.0,1.0,3.0,1.0,1.0,1.0,1.0,1.0,4.0,1.0,1.0
14669,1.0,1.0,1.0,3.0,1.0,1.0,1.0,1.0,1.0,3.0,1.0,1.0
14670,1.0,1.0,1.0,3.0,1.0,1.0,1.0,1.0,1.0,3.0,1.0,1.0
14671,1.0,1.0,1.0,3.0,1.0,1.0,1.0,1.0,1.0,5.0,2.0,1.0
14672,1.0,1.0,1.0,3.0,1.0,1.0,1.0,1.0,1.0,4.0,1.0,1.0
14673,1.0,1.0,1.0,3.0,1.0,1.0,1.0,1.0,1.0,3.0,1.0,1.0
14674,1.0,1.0,1.0,3.0,1.0,1.0,1.0,1.0,1.0,5.0,2.0,1.0
14675,1.0,1.0,1.0,3.0,1.0,1.0,1.0,1.0,1.0,3.0,1.0,1.0
14676,1.0,1.0,1.0,3.0,1.0,1.0,1.0,1.0,1.0,4.0,1.0,1.0
14677,1.0,1.0,1.0,3.0,1.0,1.0,1.0,1.0,1.0,5.0,2.0,1.0
14678,1.0,1.0,1.0,3.0,1.0,1.0,1.0,1.0,1.0,3.0,1.0,1.0
14679,1.0,1.0,1.0,3.0,1.0,1.0,1.0,1.0,1.0,3.0,1.0,1.0
14680,1.0,1.0,1.0,3.0,1.0,1.0,1.0,1.0,1.0,3.0,1.0,1.0
14681,1.0,1.0,1.0,3.0,1.0,1.0,1.0,1.0,1.0,5.0,2.0,1.0
14682,1.0,1.0,1.0,3.0,1.0,1.0,1.0,1.0,1.0,3.0,1.0,1.0
14683,1.0,1.0,1.0,3.0,1.0,1.0,1.0,1.0,1.0,4.0,1.0,1.0
14684,1.0,1.0,1.0,3.0,1.0,1.0,1.0,1.0,1.0,3.0,1.0,1.0
14685,1.0,1.0,1.0,3.0,1.0,1.0,1.0,1.0,1.0,3.0,1.0,1.0
14686,1.0,1.0,1.0,3.0,1.0,1.0,1.0,1.0,1.0,4.0,1.0,1.0
14687,1.0,1.0,1.0,3.0,1.0,1.0,1.0,1.0,1.0,5.0,2.0,1.0
14688,1.0,1.0,1.0,3.0,1.0,1.0,1.0,1.0,1.0,3.0,1.0,1.0
14689,1.0,1.0,1.0,3.0,1.0,1.0,1.0,1.0,1.0,5.0,2.0,1.0
14690,1.0,1.0,1.0,3.0,1.0,1.0,1.0,1.0,1.0,3.0,1.0,1.0
14691,1.0,1.0,1.0,3.0,1.0,1.0,1.0,1.0,1.0,5.0,2.0,1.0
14692,1.0,1.0,1.0,3.0,1.0,1.0,1.0,1.0,1.0,3.0,1.0,1.0
14693,1.0,1.0,1.0,3.0,1.0,1.0,1.0,1.0,1.0,3.0,1.0,1.0
14694,1.0,1.0,1.0,3.0,1.0,1.0,1.0,1.0,1.0,3.0,1.0,1.0
14695,1.0,1.0,1.0,3.0,1.0,1.0,1.0,1.0,1.0,5.0,2.0,1.0
14696,1.0,1.0,1.0,3.0,1.0,1.0,1.0,1.0,1.0,3.0,1.0,1.0
14697,1.0,1.0,1.0,3.0,1.0,1.0,1.0,1.0,1.0,4.0,1.0,1.0
14698,1.0,1.0,1.0,3.0,1.0,1.0,1.0,1.0,1.0,3.0,1.0,1.0
14699,1.0,1.0,1.0,3.0,1.0,1.0,1.0,1.0,1.0,5.0,2.0,1.0
14700,1.0,1.0,1.0,3.0,1.0,1.0,1.0,1.0,1.0,3.0,1.0,1.0
14701,1.0,1.0,1.0,3.0,1.0,1.0,1.0,1.0,1.0,3.0,1.0,1.0
14702,1.0,1.0,1.0,3.0,1.0,1.0,1.0,1.0,1.0,3.0,1.0,1.0
14703,1.0,1.0,1.0,3.0,1.0,1.0,1.0,1.0,1.0,4.0,1.0,1.0
14704,1.0,1.0,1.0,3.0,1.0,1.0,1.0,1.0,1.0,4.0,1.0,1.0
14705,1.0,1.0,1.0,3.0,1.0,1.0,1.0,1.0,1.0,5.0,2.0,1.0
14706,1.0,1.0,1.0,3.0,1.0,1.0,1.0,1.0,1.0,5.0,2.0,1.0
14707,1.0,1.0,1.0,3.0,1.0,1.0,1.0,1.0,1.0,4.0,1.0,1.0
14708,1.0,1.0,1.0,3.0,1.0,1.0,1.0,1.0,1.0,3.0,1.0,1.0
14709,1.0,1.0,1.0,3.0,1.0,1.0,1.0,1.0,1.0,5.0,2.0,1.0
14710,1.0,1.0,1.0,3.0,1.0,1.0,1.0,1.0,1.0,3.0,1.0,1.0
14711,1.0,1.0,1.0,3.0,1.0,1.0,1.0,1.0,1.0,4.0,1.0,1.0
14712,1.0,1.0,1.0,3.0,1.0,1.0,1.0,1.0,1.0,3.0,1.0,1.0
14713,1.0,1.0,1.0,3.0,1.0,1.0,1.0,1.0,1.0,5.0,2.0,1.0
14714,1.0,1.0,1.0,3.0,1.0,1.0,1.0,1.0,1.0,3.0,1.0,1.0
14715,1.0,1.0,1.0,3.0,1.0,1.0,1.0,1.0,1.0,4.0,1.0,1.0
14716,1.0,1.0,1.0,3.0,1.0,1.0,1.0,1.0,1.0,5.0,2.0,1.0
14717,1.0,1.0,1.0,3.0,1.0,1.0,1.0,1.0,1.0,5.0,2.0,1.0
14718,1.0,1.0,1.0,3.0,1.0,1.0,1.0,1.0,1.0,4.0,1.0,1.0
14719,1.0,1.0,1.0,3.0,1.0,1.0,1.0,1.0,1.0,4.0,1.0,1.0
14720,1.0,1.0,1.0,3.0,1.0,1.0,1.0,1.0,1.0,5.0,2.0,1.0
14721,1.0,1.0,1.0,3.0,1.0,1.0,1.0,1.0,1.0,3.0,1.0,1.0
14722,1.0,1.0,1.0,3.0,1.0,1.0,1.0,1.0,1.0,3.0,1.0,1.0
14723,1.0,1.0,1.0,3.0,1.0,1.0,1.0,1.0,1.0,4.0,1.0,1.0
14724,1.0,1.0,1.0,3.0,1.0,1.0,1.0,1.0,1.0,5.0,2.0,1.0
14725,1.0,1.0,1.0,3.0,1.0,1.0,1.0,1.0,1.0,4.0,1.0,1.0
14726,1.0,1.0,1.0,3.0,1.0,1.0,1.0,1.0,1.0,3.0,1.0,1.0
14727,1.0,1.0,1.0,3.0,1.0,1.0,1.0,1.0,1.0,3.0,1.0,1.0
14728,1.0,1.0,1.0,3.0,1.0,1.0,1.0,1.0,1.0,4.0,1.0,1.0
14729,1.0,1.0,1.0,3.0,1.0,1.0,1.0,1.0,1.0,3.0,1.0,1.0
14730,1.0,1.0,1.0,3.0,1.0,1.0,1.0,1.0,1.0,3.0,1.0,1.0
14731,1.0,1.0,1.0,3.0,1.0,1.0,1.0,1.0,1.0,3.0,1.0,1.0
14732,1.0,1.0,1.0,3.0,1.0,1.0,1.0,1.0,1.0,5.0,2.0,1.0
14733,1.0,1.0,1.0,3.0,1.0,1.0,1.0,1.0,1.0,5.0,2.0,1.0
14734,1.0,1.0,1.0,3.0,1.0,1.0,1.0,1.0,1.0,3.0,1.0,1.0
14735,1.0,1.0,1.0,3.0,1.0,1.0,1.0,1.0,1.0,3.0,1.0,1.0
14736,1.0,1.0,1.0,3.0,1.0,1.0,1.0,1.0,1.0,5.0,2.0,1.0
14737,1.0,1.0,1.0,3.0,1.0,1.0,1.0,1.0,1.0,3.0,1.0,1.0
14738,1.0,1.0,1.0,3.0,1.0,1.0,1.0,1.0,1.0,5.0,2.0,1.0
14739,1.0,1.0,1.0,3.0,1.0,1.0,1.0,1.0,1.0,5.0,2.0,1.0
14740,1.0,1.0,1.0,3.0,1.0,1.0,1.0,1.0,1.0,5.0,2.0,1.0
14741,1.0,1.0,1.0,3.0,1.0,1.0,1.0,1.0,1.0,4.0,1.0,1.0
14742,1.0,1.0,1.0,3.0,1.0,1.0,1.0,1.0,1.0,4.0,1.0,1.0
14743,1.0,1.0,1.0,3.0,1.0,1.0,1.0,1.0,1.0,3.0,1.0,1.0
14744,1.0,1.0,1.0,3.0,1.0,1.0,1.0,1.0,1.0,4.0,1.0,1.0
14745,1.0,1.0,1.0,3.0,1.0,1.0,1.0,1.0,1.0,3.0,1.0,1.0
14746,1.0,1.0,1.0,3.0,1.0,1.0,1.0,1.0,1.0,5.0,2.0,1.0
14747,1.0,1.0,1.0,3.0,1.0,1.0,1.0,1.0,1.0,4.0,1.0,1.0
14748,1.0,1.0,1.0,3.0,1.0,1.0,1.0,1.0,1.0,4.0,1.0,1.0
14749,1.0,1.0,1.0,3.0,1.0,1.0,1.0,1.0,1.0,4.0,1.0,1.0
14750,1.0,1.0,1.0,3.0,1.0,1.0,1.0,1.0,1.0,3.0,1.0,1.0
14751,1.0,1.0,1.0,3.0,1.0,1.0,1.0,1.0,1.0,4.0,1.0,1.0
14752,1.0,1.0,1.0,3.0,1.0,1.0,1.0,1.0,1.0,3.0,1.0,1.0
14753,1.0,1.0,1.0,3.0,1.0,1.0,1.0,1.0,1.0,4.0,1.0,1.0
14754,1.0,1.0,1.0,3.0,1.0,1.0,1.0,1.0,1.0,3.0,1.0,1.0
14755,1.0,1.0,1.0,3.0,1.0,1.0,1.0,1.0,1.0,3.0,1.0,1.0
14756,1.0,1.0,1.0,3.0,1.0,1.0,1.0,1.0,1.0,4.0,1.0,1.0
14757,1.0,1.0,1.0,3.0,1.0,1.0,1.0,1.0,1.0,4.0,1.0,1.0
14758,1.0,1.0,1.0,3.0,1.0,1.0,1.0,1.0,1.0,3.0,1.0,1.0
14759,1.0,1.0,1.0,3.0,1.0,1.0,1.0,1.0,1.0,4.0,1.0,1.0
14760,1.0,1.0,1.0,3.0,1.0,1.0,1.0,1.0,1.0,5.0,2.0,1.0
14761,1.0,1.0,1.0,3.0,1.0,1.0,1.0,1.0,1.0,4.0,1.0,1.0
14762,1.0,1.0,1.0,3.0,1.0,1.0,1.0,1.0,1.0,5.0,2.0,1.0
14763,1.0,1.0,1.0,3.0,1.0,1.0,1.0,1.0,1.0,4.0,1.0,1.0
14764,1.0,1.0,1.0,3.0,1.0,1.0,1.0,1.0,1.0,3.0,1.0,1.0
14765,1.0,1.0,1.0,3.0,1.0,1.0,1.0,1.0,1.0,5.0,2.0,1.0
14766,1.0,1.0,1.0,3.0,1.0,1.0,1.0,1.0,1.0,4.0,1.0,1.0
14767,1.0,1.0,1.0,3.0,1.0,1.0,1.0,1.0,1.0,3.0,1.0,1.0
14768,1.0,1.0,1.0,3.0,1.0,1.0,1.0,1.0,1.0,5.0,2.0,1.0
14769,1.0,1.0,1.0,3.0,1.0,1.0,1.0,1.0,1.0,5.0,2.0,1.0
14770,1.0,1.0,1.0,3.0,1.0,1.0,1.0,1.0,1.0,4.0,1.0,1.0
14771,1.0,1.0,1.0,3.0,1.0,1.0,1.0,1.0,1.0,3.0,1.0,1.0
14772,1.0,1.0,1.0,3.0,1.0,1.0,1.0,1.0,1.0,4.0,1.0,1.0
14773,1.0,1.0,1.0,3.0,1.0,1.0,1.0,1.0,1.0,3.0,1.0,1.0
14774,1.0,1.0,1.0,3.0,1.0,1.0,1.0,1.0,1.0,3.0,1.0,1.0
14775,1.0,1.0,1.0,3.0,1.0,1.0,1.0,1.0,1.0,5.0,2.0,1.0
14776,1.0,1.0,1.0,3.0,1.0,1.0,1.0,1.0,1.0,3.0,1.0,1.0
14777,1.0,1.0,1.0,3.0,1.0,1.0,1.0,1.0,1.0,3.0,1.0,1.0
14778,1.0,1.0,1.0,3.0,1.0,1.0,1.0,1.0,1.0,5.0,2.0,1.0
14779,1.0,1.0,1.0,3.0,1.0,1.0,1.0,1.0,1.0,3.0,1.0,1.0
14780,1.0,1.0,1.0,3.0,1.0,1.0,1.0,1.0,1.0,4.0,1.0,1.0
14781,1.0,1.0,1.0,3.0,1.0,1.0,1.0,1.0,1.0,5.0,2.0,1.0
14782,1.0,1.0,1.0,3.0,1.0,1.0,1.0,1.0,1.0,5.0,2.0,1.0
14783,1.0,1.0,1.0,3.0,1.0,1.0,1.0,1.0,1.0,3.0,1.0,1.0
14784,1.0,1.0,1.0,3.0,1.0,1.0,1.0,1.0,1.0,3.0,1.0,1.0
14785,1.0,1.0,1.0,3.0,1.0,1.0,1.0,1.0,1.0,5.0,2.0,1.0
14786,1.0,1.0,1.0,3.0,1.0,1.0,1.0,1.0,1.0,3.0,1.0,1.0
14787,1.0,1.0,1.0,3.0,1.0,1.0,1.0,1.0,1.0,5.0,2.0,1.0
14788,1.0,1.0,1.0,3.0,1.0,1.0,1.0,1.0,1.0,3.0,1.0,1.0
14789,1.0,1.0,1.0,3.0,1.0,1.0,1.0,1.0,1.0,3.0,1.0,1.0
14790,1.0,1.0,1.0,3.0,1.0,1.0,1.0,1.0,1.0,4.0,1.0,1.0
14791,1.0,1.0,1.0,3.0,1.0,1.0,1.0,1.0,1.0,3.0,1.0,1.0
14792,1.0,1.0,1.0,3.0,1.0,1.0,1.0,1.0,1.0,3.0,1.0,1.0
14793,1.0,1.0,1.0,3.0,1.0,1.0,1.0,1.0,1.0,4.0,1.0,1.0
14794,1.0,1.0,1.0,3.0,1.0,1.0,1.0,1.0,1.0,3.0,1.0,1.0
14795,1.0,1.0,1.0,3.0,1.0,1.0,1.0,1.0,1.0,3.0,1.0,1.0
14796,1.0,1.0,1.0,3.0,1.0,1.0,1.0,1.0,1.0,3.0,1.0,1.0
14797,1.0,1.0,1.0,3.0,1.0,1.0,1.0,1.0,1.0,5.0,2.0,1.0
14798,1.0,1.0,1.0,3.0,1.0,1.0,1.0,1.0,1.0,3.0,1.0,1.0
14799,1.0,1.0,1.0,3.0,1.0,1.0,1.0,1.0,1.0,3.0,1.0,1.0
14800,1.0,1.0,1.0,3.0,1.0,1.0,1.0,1.0,1.0,3.0,1.0,1.0
14801,1.0,1.0,1.0,3.0,1.0,1.0,1.0,1.0,1.0,3.0,1.0,1.0
14802,1.0,1.0,1.0,3.0,1.0,1.0,1.0,1.0,1.0,3.0,1.0,1.0
14803,1.0,1.0,1.0,3.0,1.0,1.0,1.0,1.0,1.0,5.0,2.0,1.0
14804,1.0,1.0,1.0,3.0,1.0,1.0,1.0,1.0,1.0,3.0,1.0,1.0
14805,1.0,1.0,1.0,3.0,1.0,1.0,1.0,1.0,1.0,3.0,1.0,1.0
14806,1.0,1.0,1.0,3.0,1.0,1.0,1.0,1.0,1.0,5.0,2.0,1.0
14807,1.0,1.0,1.0,3.0,1.0,1.0,1.0,1.0,1.0,5.0,2.0,1.0
14808,1.0,1.0,1.0,3.0,1.0,1.0,1.0,1.0,1.0,4.0,1.0,1.0
14809,1.0,1.0,1.0,3.0,1.0,1.0,1.0,1.0,1.0,3.0,1.0,1.0
14810,1.0,1.0,1.0,3.0,1.0,1.0,1.0,1.0,1.0,3.0,1.0,1.0
14811,1.0,1.0,1.0,3.0,1.0,1.0,1.0,1.0,1.0,3.0,1.0,1.0
14812,1.0,1.0,1.0,3.0,1.0,1.0,1.0,1.0,1.0,4.0,1.0,1.0
14813,1.0,1.0,1.0,3.0,1.0,1.0,1.0,1.0,1.0,3.0,1.0,1.0
14814,1.0,1.0,1.0,3.0,1.0,1.0,1.0,1.0,1.0,5.0,2.0,1.0
14815,1.0,1.0,1.0,3.0,1.0,1.0,1.0,1.0,1.0,5.0,2.0,1.0
14816,1.0,1.0,1.0,3.0,1.0,1.0,1.0,1.0,1.0,3.0,1.0,1.0
14817,1.0,1.0,1.0,3.0,1.0,1.0,1.0,1.0,1.0,5.0,2.0,1.0
14818,1.0,1.0,1.0,3.0,1.0,1.0,1.0,1.0,1.0,3.0,1.0,1.0
14819,1.0,1.0,1.0,3.0,1.0,1.0,1.0,1.0,1.0,3.0,1.0,1.0
14820,1.0,1.0,1.0,3.0,1.0,1.0,1.0,1.0,1.0,3.0,1.0,1.0
14821,1.0,1.0,1.0,3.0,1.0,1.0,1.0,1.0,1.0,3.0,1.0,1.0
14822,1.0,1.0,1.0,3.0,1.0,1.0,1.0,1.0,1.0,3.0,1.0,1.0
14823,1.0,1.0,1.0,3.0,1.0,1.0,1.0,1.0,1.0,3.0,1.0,1.0
14824,1.0,1.0,1.0,3.0,1.0,1.0,1.0,1.0,1.0,3.0,1.0,1.0
14825,1.0,1.0,1.0,3.0,1.0,1.0,1.0,1.0,1.0,3.0,1.0,1.0
14826,1.0,1.0,1.0,3.0,1.0,1.0,1.0,1.0,1.0,5.0,2.0,1.0
14827,1.0,1.0,1.0,3.0,1.0,1.0,1.0,1.0,1.0,3.0,1.0,1.0
14828,1.0,1.0,1.0,3.0,1.0,1.0,1.0,1.0,1.0,3.0,1.0,1.0
14829,1.0,1.0,1.0,3.0,1.0,1.0,1.0,1.0,1.0,3.0,1.0,1.0
14830,1.0,1.0,1.0,3.0,1.0,1.0,1.0,1.0,1.0,3.0,1.0,1.0
14831,1.0,1.0,1.0,3.0,1.0,1.0,1.0,1.0,1.0,4.0,1.0,1.0
14832,1.0,1.0,1.0,3.0,1.0,1.0,1.0,1.0,1.0,5.0,2.0,1.0
14833,1.0,1.0,1.0,3.0,1.0,1.0,1.0,1.0,1.0,3.0,1.0,1.0
14834,1.0,1.0,1.0,3.0,1.0,1.0,1.0,1.0,1.0,3.0,1.0,1.0
14835,1.0,1.0,1.0,3.0,1.0,1.0,1.0,1.0,1.0,5.0,2.0,1.0
14836,1.0,1.0,1.0,3.0,1.0,1.0,1.0,1.0,1.0,5.0,2.0,1.0
14837,1.0,1.0,1.0,3.0,1.0,1.0,1.0,1.0,1.0,3.0,1.0,1.0
14838,1.0,1.0,1.0,3.0,1.0,1.0,1.0,1.0,1.0,5.0,2.0,1.0
14839,1.0,1.0,1.0,3.0,1.0,1.0,1.0,1.0,1.0,5.0,2.0,1.0
14840,1.0,1.0,1.0,3.0,1.0,1.0,1.0,1.0,1.0,4.0,1.0,1.0
14841,1.0,1.0,1.0,3.0,1.0,1.0,1.0,1.0,1.0,3.0,1.0,1.0
14842,1.0,1.0,1.0,3.0,1.0,1.0,1.0,1.0,1.0,3.0,1.0,1.0
14843,1.0,1.0,1.0,3.0,1.0,1.0,1.0,1.0,1.0,3.0,1.0,1.0
14844,1.0,1.0,1.0,3.0,1.0,1.0,1.0,1.0,1.0,3.0,1.0,1.0
14845,1.0,1.0,1.0,3.0,1.0,1.0,1.0,1.0,1.0,4.0,1.0,1.0
14846,1.0,1.0,1.0,3.0,1.0,1.0,1.0,1.0,1.0,3.0,1.0,1.0
14847,1.0,1.0,1.0,3.0,1.0,1.0,1.0,1.0,1.0,3.0,1.0,1.0
14848,1.0,1.0,1.0,3.0,1.0,1.0,1.0,1.0,1.0,5.0,2.0,1.0
14849,1.0,1.0,1.0,3.0,1.0,1.0,1.0,1.0,1.0,3.0,1.0,1.0
14850,1.0,1.0,1.0,3.0,1.0,1.0,1.0,1.0,1.0,3.0,1.0,1.0
14851,1.0,1.0,1.0,3.0,1.0,1.0,1.0,1.0,1.0,3.0,1.0,1.0
14852,1.0,1.0,1.0,3.0,1.0,1.0,1.0,1.0,1.0,4.0,1.0,1.0
14853,1.0,1.0,1.0,3.0,1.0,1.0,1.0,1.0,1.0,3.0,1.0,1.0
14854,1.0,1.0,1.0,3.0,1.0,1.0,1.0,1.0,1.0,4.0,1.0,1.0
14855,1.0,1.0,1.0,3.0,1.0,1.0,1.0,1.0,1.0,4.0,1.0,1.0
14856,1.0,1.0,1.0,3.0,1.0,1.0,1.0,1.0,1.0,3.0,1.0,1.0
14857,1.0,1.0,1.0,3.0,1.0,1.0,1.0,1.0,1.0,3.0,1.0,1.0
14858,1.0,1.0,1.0,3.0,1.0,1.0,1.0,1.0,1.0,3.0,1.0,1.0
14859,1.0,1.0,1.0,3.0,1.0,1.0,1.0,1.0,1.0,3.0,1.0,1.0
14860,1.0,1.0,1.0,3.0,1.0,1.0,1.0,1.0,1.0,3.0,1.0,1.0
14861,1.0,1.0,1.0,3.0,1.0,1.0,1.0,1.0,1.0,4.0,1.0,1.0
14862,1.0,1.0,1.0,3.0,1.0,1.0,1.0,1.0,1.0,4.0,1.0,1.0
14863,1.0,1.0,1.0,3.0,1.0,1.0,1.0,1.0,1.0,3.0,1.0,1.0
14864,1.0,1.0,1.0,3.0,1.0,1.0,1.0,1.0,1.0,3.0,1.0,1.0
14865,1.0,1.0,1.0,3.0,1.0,1.0,1.0,1.0,1.0,4.0,1.0,1.0
14866,1.0,1.0,1.0,3.0,1.0,1.0,1.0,1.0,1.0,3.0,1.0,1.0
14867,1.0,1.0,1.0,3.0,1.0,1.0,1.0,1.0,1.0,5.0,2.0,1.0
14868,1.0,1.0,1.0,3.0,1.0,1.0,1.0,1.0,1.0,4.0,1.0,1.0
14869,1.0,1.0,1.0,3.0,1.0,1.0,1.0,1.0,1.0,4.0,1.0,1.0
14870,1.0,1.0,1.0,3.0,1.0,1.0,1.0,1.0,1.0,3.0,1.0,1.0
14871,1.0,1.0,1.0,3.0,1.0,1.0,1.0,1.0,1.0,3.0,1.0,1.0
14872,1.0,1.0,1.0,3.0,1.0,1.0,1.0,1.0,1.0,4.0,1.0,1.0
14873,1.0,1.0,1.0,3.0,1.0,1.0,1.0,1.0,1.0,3.0,1.0,1.0
14874,1.0,1.0,1.0,3.0,1.0,1.0,1.0,1.0,1.0,4.0,1.0,1.0
14875,1.0,1.0,1.0,3.0,1.0,1.0,1.0,1.0,1.0,3.0,1.0,1.0
14876,1.0,1.0,1.0,3.0,1.0,1.0,1.0,1.0,1.0,3.0,1.0,1.0
14877,1.0,1.0,1.0,3.0,1.0,1.0,1.0,1.0,1.0,3.0,1.0,1.0
14878,1.0,1.0,1.0,3.0,1.0,1.0,1.0,1.0,1.0,3.0,1.0,1.0
14879,1.0,1.0,1.0,3.0,1.0,1.0,1.0,1.0,1.0,4.0,1.0,1.0
14880,1.0,1.0,1.0,3.0,1.0,1.0,1.0,1.0,1.0,3.0,1.0,1.0
14881,1.0,1.0,1.0,3.0,1.0,1.0,1.0,1.0,1.0,3.0,1.0,1.0
14882,1.0,1.0,1.0,3.0,1.0,1.0,1.0,1.0,1.0,4.0,1.0,1.0
14883,1.0,1.0,1.0,3.0,1.0,1.0,1.0,1.0,1.0,5.0,2.0,1.0
14884,1.0,1.0,1.0,3.0,1.0,1.0,1.0,1.0,1.0,3.0,1.0,1.0
14885,1.0,1.0,1.0,3.0,1.0,1.0,1.0,1.0,1.0,5.0,2.0,1.0
14886,1.0,1.0,1.0,3.0,1.0,1.0,1.0,1.0,1.0,3.0,1.0,1.0
14887,1.0,1.0,1.0,3.0,1.0,1.0,1.0,1.0,1.0,4.0,1.0,1.0
14888,1.0,1.0,1.0,3.0,1.0,1.0,1.0,1.0,1.0,3.0,1.0,1.0
14889,1.0,1.0,1.0,3.0,1.0,1.0,1.0,1.0,1.0,5.0,2.0,1.0
14890,1.0,1.0,1.0,3.0,1.0,1.0,1.0,1.0,1.0,3.0,1.0,1.0
14891,1.0,1.0,1.0,3.0,1.0,1.0,1.0,1.0,1.0,3.0,1.0,1.0
14892,1.0,1.0,1.0,3.0,1.0,1.0,1.0,1.0,1.0,4.0,1.0,1.0
14893,1.0,1.0,1.0,3.0,1.0,1.0,1.0,1.0,1.0,5.0,2.0,1.0
14894,1.0,1.0,1.0,3.0,1.0,1.0,1.0,1.0,1.0,3.0,1.0,1.0
14895,1.0,1.0,1.0,3.0,1.0,1.0,1.0,1.0,1.0,5.0,2.0,1.0
14896,1.0,1.0,1.0,3.0,1.0,1.0,1.0,1.0,1.0,4.0,1.0,1.0
14897,1.0,1.0,1.0,3.0,1.0,1.0,1.0,1.0,1.0,3.0,1.0,1.0
14898,1.0,1.0,1.0,3.0,1.0,1.0,1.0,1.0,1.0,3.0,1.0,1.0
14899,1.0,1.0,1.0,3.0,1.0,1.0,1.0,1.0,1.0,3.0,1.0,1.0
14900,1.0,1.0,1.0,3.0,1.0,1.0,1.0,1.0,1.0,5.0,2.0,1.0
14901,1.0,1.0,1.0,3.0,1.0,1.0,1.0,1.0,1.0,3.0,1.0,1.0
14902,1.0,1.0,1.0,3.0,1.0,1.0,1.0,1.0,1.0,3.0,1.0,1.0
14903,1.0,1.0,1.0,3.0,1.0,1.0,1.0,1.0,1.0,3.0,1.0,1.0
14904,1.0,1.0,1.0,3.0,1.0,1.0,1.0,1.0,1.0,4.0,1.0,1.0
14905,1.0,1.0,1.0,3.0,1.0,1.0,1.0,1.0,1.0,5.0,2.0,1.0
14906,1.0,1.0,1.0,3.0,1.0,1.0,1.0,1.0,1.0,4.0,1.0,1.0
14907,1.0,1.0,1.0,3.0,1.0,1.0,1.0,1.0,1.0,3.0,1.0,1.0
14908,1.0,1.0,1.0,3.0,1.0,1.0,1.0,1.0,1.0,3.0,1.0,1.0
14909,1.0,1.0,1.0,3.0,1.0,1.0,1.0,1.0,1.0,5.0,2.0,1.0
14910,1.0,1.0,1.0,3.0,1.0,1.0,1.0,1.0,1.0,3.0,1.0,1.0
14911,1.0,1.0,1.0,3.0,1.0,1.0,1.0,1.0,1.0,3.0,1.0,1.0
14912,1.0,1.0,1.0,3.0,1.0,1.0,1.0,1.0,1.0,3.0,1.0,1.0
14913,1.0,1.0,1.0,3.0,1.0,1.0,1.0,1.0,1.0,3.0,1.0,1.0
14914,1.0,1.0,1.0,3.0,1.0,1.0,1.0,1.0,1.0,3.0,1.0,1.0
14915,1.0,1.0,1.0,3.0,1.0,1.0,1.0,1.0,1.0,5.0,2.0,1.0
14916,1.0,1.0,1.0,3.0,1.0,1.0,1.0,1.0,1.0,5.0,2.0,1.0
14917,1.0,1.0,1.0,3.0,1.0,1.0,1.0,1.0,1.0,3.0,1.0,1.0
14918,1.0,1.0,1.0,3.0,1.0,1.0,1.0,1.0,1.0,4.0,1.0,1.0
14919,1.0,1.0,1.0,3.0,1.0,1.0,1.0,1.0,1.0,3.0,1.0,1.0
14920,1.0,1.0,1.0,3.0,1.0,1.0,1.0,1.0,1.0,5.0,2.0,1.0
14921,1.0,1.0,1.0,3.0,1.0,1.0,1.0,1.0,1.0,3.0,1.0,1.0
14922,1.0,1.0,1.0,3.0,1.0,1.0,1.0,1.0,1.0,5.0,2.0,1.0
14923,1.0,1.0,1.0,3.0,1.0,1.0,1.0,1.0,1.0,3.0,1.0,1.0
14924,1.0,1.0,1.0,3.0,1.0,1.0,1.0,1.0,1.0,5.0,2.0,1.0
14925,1.0,1.0,1.0,3.0,1.0,1.0,1.0,1.0,1.0,3.0,1.0,1.0
14926,1.0,1.0,1.0,3.0,1.0,1.0,1.0,1.0,1.0,5.0,2.0,1.0
14927,1.0,1.0,1.0,3.0,1.0,1.0,1.0,1.0,1.0,3.0,1.0,1.0
14928,1.0,1.0,1.0,3.0,1.0,1.0,1.0,1.0,1.0,3.0,1.0,1.0
14929,1.0,1.0,1.0,3.0,1.0,1.0,1.0,1.0,1.0,5.0,2.0,1.0
14930,1.0,1.0,1.0,3.0,1.0,1.0,1.0,1.0,1.0,3.0,1.0,1.0
14931,1.0,1.0,1.0,3.0,1.0,1.0,1.0,1.0,1.0,3.0,1.0,1.0
14932,1.0,1.0,1.0,3.0,1.0,1.0,1.0,1.0,1.0,5.0,2.0,1.0
14933,1.0,1.0,1.0,3.0,1.0,1.0,1.0,1.0,1.0,3.0,1.0,1.0
14934,1.0,1.0,1.0,3.0,1.0,1.0,1.0,1.0,1.0,5.0,2.0,1.0
14935,1.0,1.0,1.0,3.0,1.0,1.0,1.0,1.0,1.0,3.0,1.0,1.0
14936,1.0,1.0,1.0,3.0,1.0,1.0,1.0,1.0,1.0,4.0,1.0,1.0
14937,1.0,1.0,1.0,3.0,1.0,1.0,1.0,1.0,1.0,3.0,1.0,1.0
14938,1.0,1.0,1.0,3.0,1.0,1.0,1.0,1.0,1.0,3.0,1.0,1.0
14939,1.0,1.0,1.0,3.0,1.0,1.0,1.0,1.0,1.0,3.0,1.0,1.0
14940,1.0,1.0,1.0,3.0,1.0,1.0,1.0,1.0,1.0,3.0,1.0,1.0
14941,1.0,1.0,1.0,3.0,1.0,1.0,1.0,1.0,1.0,3.0,1.0,1.0
14942,1.0,1.0,1.0,3.0,1.0,1.0,1.0,1.0,1.0,3.0,1.0,1.0
14943,1.0,1.0,1.0,3.0,1.0,1.0,1.0,1.0,1.0,3.0,1.0,1.0
14944,1.0,1.0,1.0,3.0,1.0,1.0,1.0,1.0,1.0,5.0,2.0,1.0
14945,1.0,1.0,1.0,3.0,1.0,1.0,1.0,1.0,1.0,3.0,1.0,1.0
14946,1.0,1.0,1.0,3.0,1.0,1.0,1.0,1.0,1.0,5.0,2.0,1.0
14947,1.0,1.0,1.0,3.0,1.0,1.0,1.0,1.0,1.0,3.0,1.0,1.0
14948,1.0,1.0,1.0,3.0,1.0,1.0,1.0,1.0,1.0,3.0,1.0,1.0
14949,1.0,1.0,1.0,3.0,1.0,1.0,1.0,1.0,1.0,4.0,1.0,1.0
14950,1.0,1.0,1.0,3.0,1.0,1.0,1.0,1.0,1.0,5.0,2.0,1.0
14951,1.0,1.0,1.0,3.0,1.0,1.0,1.0,1.0,1.0,4.0,1.0,1.0
14952,1.0,1.0,1.0,3.0,1.0,1.0,1.0,1.0,1.0,5.0,2.0,1.0
14953,1.0,1.0,1.0,3.0,1.0,1.0,1.0,1.0,1.0,5.0,2.0,1.0
14954,1.0,1.0,1.0,3.0,1.0,1.0,1.0,1.0,1.0,5.0,2.0,1.0
14955,1.0,1.0,1.0,3.0,1.0,1.0,1.0,1.0,1.0,4.0,1.0,1.0
14956,1.0,1.0,1.0,3.0,1.0,1.0,1.0,1.0,1.0,3.0,1.0,1.0
14957,1.0,1.0,1.0,3.0,1.0,1.0,1.0,1.0,1.0,5.0,2.0,1.0
14958,1.0,1.0,1.0,3.0,1.0,1.0,1.0,1.0,1.0,3.0,1.0,1.0
14959,1.0,1.0,1.0,3.0,1.0,1.0,1.0,1.0,1.0,5.0,2.0,1.0
14960,1.0,1.0,1.0,3.0,1.0,1.0,1.0,1.0,1.0,5.0,2.0,1.0
14961,1.0,1.0,1.0,3.0,1.0,1.0,1.0,1.0,1.0,3.0,1.0,1.0
14962,1.0,1.0,1.0,3.0,1.0,1.0,1.0,1.0,1.0,3.0,1.0,1.0
14963,1.0,1.0,1.0,3.0,1.0,1.0,1.0,1.0,1.0,5.0,2.0,1.0
14964,1.0,1.0,1.0,3.0,1.0,1.0,1.0,1.0,1.0,3.0,1.0,1.0
14965,1.0,1.0,1.0,3.0,1.0,1.0,1.0,1.0,1.0,5.0,2.0,1.0
14966,1.0,1.0,1.0,3.0,1.0,1.0,1.0,1.0,1.0,3.0,1.0,1.0
14967,1.0,1.0,1.0,3.0,1.0,1.0,1.0,1.0,1.0,3.0,1.0,1.0
14968,1.0,1.0,1.0,3.0,1.0,1.0,1.0,1.0,1.0,4.0,1.0,1.0
14969,1.0,1.0,1.0,3.0,1.0,1.0,1.0,1.0,1.0,3.0,1.0,1.0
14970,1.0,1.0,1.0,3.0,1.0,1.0,1.0,1.0,1.0,4.0,1.0,1.0
14971,1.0,1.0,1.0,3.0,1.0,1.0,1.0,1.0,1.0,4.0,1.0,1.0
14972,1.0,1.0,1.0,3.0,1.0,1.0,1.0,1.0,1.0,3.0,1.0,1.0
14973,1.0,1.0,1.0,3.0,1.0,1.0,1.0,1.0,1.0,3.0,1.0,1.0
14974,1.0,1.0,1.0,3.0,1.0,1.0,1.0,1.0,1.0,5.0,2.0,1.0
14975,1.0,1.0,1.0,3.0,1.0,1.0,1.0,1.0,1.0,5.0,2.0,1.0
14976,1.0,1.0,1.0,3.0,1.0,1.0,1.0,1.0,1.0,3.0,1.0,1.0
14977,1.0,1.0,1.0,3.0,1.0,1.0,1.0,1.0,1.0,3.0,1.0,1.0
14978,1.0,1.0,1.0,3.0,1.0,1.0,1.0,1.0,1.0,4.0,1.0,1.0
14979,1.0,1.0,1.0,3.0,1.0,1.0,1.0,1.0,1.0,3.0,1.0,1.0
14980,1.0,1.0,1.0,3.0,1.0,1.0,1.0,1.0,1.0,3.0,1.0,1.0
14981,1.0,1.0,1.0,3.0,1.0,1.0,1.0,1.0,1.0,4.0,1.0,1.0
14982,1.0,1.0,1.0,3.0,1.0,1.0,1.0,1.0,1.0,5.0,2.0,1.0
14983,1.0,1.0,1.0,3.0,1.0,1.0,1.0,1.0,1.0,4.0,1.0,1.0
14984,1.0,1.0,1.0,3.0,1.0,1.0,1.0,1.0,1.0,3.0,1.0,1.0
14985,1.0,1.0,1.0,3.0,1.0,1.0,1.0,1.0,1.0,5.0,2.0,1.0
14986,1.0,1.0,1.0,3.0,1.0,1.0,1.0,1.0,1.0,3.0,1.0,1.0
14987,1.0,1.0,1.0,3.0,1.0,1.0,1.0,1.0,1.0,3.0,1.0,1.0
14988,1.0,1.0,1.0,3.0,1.0,1.0,1.0,1.0,1.0,5.0,2.0,1.0
14989,1.0,1.0,1.0,3.0,1.0,1.0,1.0,1.0,1.0,3.0,1.0,1.0
14990,1.0,1.0,1.0,3.0,1.0,1.0,1.0,1.0,1.0,3.0,1.0,1.0
14991,1.0,1.0,1.0,3.0,1.0,1.0,1.0,1.0,1.0,5.0,2.0,1.0
14992,1.0,1.0,1.0,3.0,1.0,1.0,1.0,1.0,1.0,5.0,2.0,1.0
14993,1.0,1.0,1.0,3.0,1.0,1.0,1.0,1.0,1.0,3.0,1.0,1.0
14994,1.0,1.0,1.0,3.0,1.0,1.0,1.0,1.0,1.0,5.0,2.0,1.0
14995,1.0,1.0,1.0,3.0,1.0,1.0,1.0,1.0,1.0,3.0,1.0,1.0
14996,1.0,1.0,1.0,3.0,1.0,1.0,1.0,1.0,1.0,3.0,1.0,1.0
14997,1.0,1.0,1.0,3.0,1.0,1.0,1.0,1.0,1.0,3.0,1.0,1.0
14998,1.0,1.0,1.0,3.0,1.0,1.0,1.0,1.0,1.0,3.0,1.0,1.0
14999,1.0,1.0,1.0,3.0,1.0,1.0,1.0,1.0,1.0,4.0,1.0,1.0
15000,1.0,1.0,1.0,3.0,1.0,1.0,1.0,1.0,1.0,4.0,1.0,1.0
15001,1.0,1.0,1.0,3.0,1.0,1.0,1.0,1.0,1.0,4.0,1.0,1.0
15002,1.0,1.0,1.0,3.0,1.0,1.0,1.0,1.0,1.0,5.0,2.0,1.0
15003,1.0,1.0,1.0,3.0,1.0,1.0,1.0,1.0,1.0,3.0,1.0,1.0
15004,1.0,1.0,1.0,3.0,1.0,1.0,1.0,1.0,1.0,3.0,1.0,1.0
15005,1.0,1.0,1.0,3.0,1.0,1.0,1.0,1.0,1.0,5.0,2.0,1.0
15006,1.0,1.0,1.0,3.0,1.0,1.0,1.0,1.0,1.0,5.0,2.0,1.0
15007,1.0,1.0,1.0,3.0,1.0,1.0,1.0,1.0,1.0,3.0,1.0,1.0
15008,1.0,1.0,1.0,3.0,1.0,1.0,1.0,1.0,1.0,3.0,1.0,1.0
15009,1.0,1.0,1.0,3.0,1.0,1.0,1.0,1.0,1.0,3.0,1.0,1.0
15010,1.0,1.0,1.0,3.0,1.0,1.0,1.0,1.0,1.0,5.0,2.0,1.0
15011,1.0,1.0,1.0,3.0,1.0,1.0,1.0,1.0,1.0,3.0,1.0,1.0
15012,1.0,1.0,1.0,3.0,1.0,1.0,1.0,1.0,1.0,5.0,2.0,1.0
15013,1.0,1.0,1.0,3.0,1.0,1.0,1.0,1.0,1.0,3.0,1.0,1.0
15014,1.0,1.0,1.0,3.0,1.0,1.0,1.0,1.0,1.0,3.0,1.0,1.0
15015,1.0,1.0,1.0,3.0,1.0,1.0,1.0,1.0,1.0,4.0,1.0,1.0
15016,1.0,1.0,1.0,3.0,1.0,1.0,1.0,1.0,1.0,4.0,1.0,1.0
15017,1.0,1.0,1.0,3.0,1.0,1.0,1.0,1.0,1.0,3.0,1.0,1.0
15018,1.0,1.0,1.0,3.0,1.0,1.0,1.0,1.0,1.0,4.0,1.0,1.0
15019,1.0,1.0,1.0,3.0,1.0,1.0,1.0,1.0,1.0,3.0,1.0,1.0
15020,1.0,1.0,1.0,3.0,1.0,1.0,1.0,1.0,1.0,4.0,1.0,1.0
15021,1.0,1.0,1.0,3.0,1.0,1.0,1.0,1.0,1.0,3.0,1.0,1.0
15022,1.0,1.0,1.0,3.0,1.0,1.0,1.0,1.0,1.0,3.0,1.0,1.0
15023,1.0,1.0,1.0,3.0,1.0,1.0,1.0,1.0,1.0,4.0,1.0,1.0
15024,1.0,1.0,1.0,3.0,1.0,1.0,1.0,1.0,1.0,3.0,1.0,1.0
15025,1.0,1.0,1.0,3.0,1.0,1.0,1.0,1.0,1.0,3.0,1.0,1.0
15026,1.0,1.0,1.0,3.0,1.0,1.0,1.0,1.0,1.0,3.0,1.0,1.0
15027,1.0,1.0,1.0,3.0,1.0,1.0,1.0,1.0,1.0,5.0,2.0,1.0
15028,1.0,1.0,1.0,3.0,1.0,1.0,1.0,1.0,1.0,3.0,1.0,1.0
15029,1.0,1.0,1.0,3.0,1.0,1.0,1.0,1.0,1.0,3.0,1.0,1.0
15030,1.0,1.0,1.0,3.0,1.0,1.0,1.0,1.0,1.0,3.0,1.0,1.0
15031,1.0,1.0,1.0,3.0,1.0,1.0,1.0,1.0,1.0,3.0,1.0,1.0
15032,1.0,1.0,1.0,3.0,1.0,1.0,1.0,1.0,1.0,5.0,2.0,1.0
15033,1.0,1.0,1.0,3.0,1.0,1.0,1.0,1.0,1.0,5.0,2.0,1.0
15034,1.0,1.0,1.0,3.0,1.0,1.0,1.0,1.0,1.0,5.0,2.0,1.0
15035,1.0,1.0,1.0,3.0,1.0,1.0,1.0,1.0,1.0,4.0,1.0,1.0
15036,1.0,1.0,1.0,3.0,1.0,1.0,1.0,1.0,1.0,3.0,1.0,1.0
15037,1.0,1.0,1.0,3.0,1.0,1.0,1.0,1.0,1.0,3.0,1.0,1.0
15038,1.0,1.0,1.0,3.0,1.0,1.0,1.0,1.0,1.0,3.0,1.0,1.0
15039,1.0,1.0,1.0,3.0,1.0,1.0,1.0,1.0,1.0,3.0,1.0,1.0
15040,1.0,1.0,1.0,3.0,1.0,1.0,1.0,1.0,1.0,3.0,1.0,1.0
15041,1.0,1.0,1.0,3.0,1.0,1.0,1.0,1.0,1.0,3.0,1.0,1.0
15042,1.0,1.0,1.0,3.0,1.0,1.0,1.0,1.0,1.0,3.0,1.0,1.0
15043,1.0,1.0,1.0,3.0,1.0,1.0,1.0,1.0,1.0,4.0,1.0,1.0
15044,1.0,1.0,1.0,3.0,1.0,1.0,1.0,1.0,1.0,3.0,1.0,1.0
15045,1.0,1.0,1.0,3.0,1.0,1.0,1.0,1.0,1.0,3.0,1.0,1.0
15046,1.0,1.0,1.0,3.0,1.0,1.0,1.0,1.0,1.0,4.0,1.0,1.0
15047,1.0,1.0,1.0,3.0,1.0,1.0,1.0,1.0,1.0,3.0,1.0,1.0
15048,1.0,1.0,1.0,3.0,1.0,1.0,1.0,1.0,1.0,3.0,1.0,1.0
15049,1.0,1.0,1.0,3.0,1.0,1.0,1.0,1.0,1.0,4.0,1.0,1.0
15050,1.0,1.0,1.0,3.0,1.0,1.0,1.0,1.0,1.0,4.0,1.0,1.0
15051,1.0,1.0,1.0,3.0,1.0,1.0,1.0,1.0,1.0,4.0,1.0,1.0
15052,1.0,1.0,1.0,3.0,1.0,1.0,1.0,1.0,1.0,5.0,2.0,1.0
15053,1.0,1.0,1.0,3.0,1.0,1.0,1.0,1.0,1.0,3.0,1.0,1.0
15054,1.0,1.0,1.0,3.0,1.0,1.0,1.0,1.0,1.0,5.0,2.0,1.0
15055,1.0,1.0,1.0,3.0,1.0,1.0,1.0,1.0,1.0,3.0,1.0,1.0
15056,1.0,1.0,1.0,3.0,1.0,1.0,1.0,1.0,1.0,4.0,1.0,1.0
15057,1.0,1.0,1.0,3.0,1.0,1.0,1.0,1.0,1.0,3.0,1.0,1.0
15058,1.0,1.0,1.0,3.0,1.0,1.0,1.0,1.0,1.0,4.0,1.0,1.0
15059,1.0,1.0,1.0,3.0,1.0,1.0,1.0,1.0,1.0,3.0,1.0,1.0
15060,1.0,1.0,1.0,3.0,1.0,1.0,1.0,1.0,1.0,4.0,1.0,1.0
15061,1.0,1.0,1.0,3.0,1.0,1.0,1.0,1.0,1.0,3.0,1.0,1.0
15062,1.0,1.0,1.0,3.0,1.0,1.0,1.0,1.0,1.0,4.0,1.0,1.0
15063,1.0,1.0,1.0,3.0,1.0,1.0,1.0,1.0,1.0,5.0,2.0,1.0
15064,1.0,1.0,1.0,3.0,1.0,1.0,1.0,1.0,1.0,3.0,1.0,1.0
15065,1.0,1.0,1.0,3.0,1.0,1.0,1.0,1.0,1.0,3.0,1.0,1.0
15066,1.0,1.0,1.0,3.0,1.0,1.0,1.0,1.0,1.0,4.0,1.0,1.0
15067,1.0,1.0,1.0,3.0,1.0,1.0,1.0,1.0,1.0,3.0,1.0,1.0
15068,1.0,1.0,1.0,3.0,1.0,1.0,1.0,1.0,1.0,3.0,1.0,1.0
15069,1.0,1.0,1.0,3.0,1.0,1.0,1.0,1.0,1.0,5.0,2.0,1.0
15070,1.0,1.0,1.0,3.0,1.0,1.0,1.0,1.0,1.0,3.0,1.0,1.0
15071,1.0,1.0,1.0,3.0,1.0,1.0,1.0,1.0,1.0,3.0,1.0,1.0
15072,1.0,1.0,1.0,3.0,1.0,1.0,1.0,1.0,1.0,5.0,2.0,1.0
15073,1.0,1.0,1.0,3.0,1.0,1.0,1.0,1.0,1.0,5.0,2.0,1.0
15074,1.0,1.0,1.0,3.0,1.0,1.0,1.0,1.0,1.0,5.0,2.0,1.0
15075,1.0,1.0,1.0,3.0,1.0,1.0,1.0,1.0,1.0,5.0,2.0,1.0
15076,1.0,1.0,1.0,3.0,1.0,1.0,1.0,1.0,1.0,5.0,2.0,1.0
15077,1.0,1.0,1.0,3.0,1.0,1.0,1.0,1.0,1.0,3.0,1.0,1.0
15078,1.0,1.0,1.0,3.0,1.0,1.0,1.0,1.0,1.0,4.0,1.0,1.0
15079,1.0,1.0,1.0,3.0,1.0,1.0,1.0,1.0,1.0,3.0,1.0,1.0
15080,1.0,1.0,1.0,3.0,1.0,1.0,1.0,1.0,1.0,5.0,2.0,1.0
15081,1.0,1.0,1.0,3.0,1.0,1.0,1.0,1.0,1.0,3.0,1.0,1.0
15082,1.0,1.0,1.0,3.0,1.0,1.0,1.0,1.0,1.0,3.0,1.0,1.0
15083,1.0,1.0,1.0,3.0,1.0,1.0,1.0,1.0,1.0,3.0,1.0,1.0
15084,1.0,1.0,1.0,3.0,1.0,1.0,1.0,1.0,1.0,4.0,1.0,1.0
15085,1.0,1.0,1.0,3.0,1.0,1.0,1.0,1.0,1.0,5.0,2.0,1.0
15086,1.0,1.0,1.0,3.0,1.0,1.0,1.0,1.0,1.0,5.0,2.0,1.0
15087,1.0,1.0,1.0,3.0,1.0,1.0,1.0,1.0,1.0,5.0,2.0,1.0
15088,1.0,1.0,1.0,3.0,1.0,1.0,1.0,1.0,1.0,3.0,1.0,1.0
15089,1.0,1.0,1.0,3.0,1.0,1.0,1.0,1.0,1.0,4.0,1.0,1.0
15090,1.0,1.0,1.0,3.0,1.0,1.0,1.0,1.0,1.0,5.0,2.0,1.0
15091,1.0,1.0,1.0,3.0,1.0,1.0,1.0,1.0,1.0,4.0,1.0,1.0
15092,1.0,1.0,1.0,3.0,1.0,1.0,1.0,1.0,1.0,3.0,1.0,1.0
15093,1.0,1.0,1.0,3.0,1.0,1.0,1.0,1.0,1.0,4.0,1.0,1.0
15094,1.0,1.0,1.0,3.0,1.0,1.0,1.0,1.0,1.0,3.0,1.0,1.0
15095,1.0,1.0,1.0,3.0,1.0,1.0,1.0,1.0,1.0,3.0,1.0,1.0
15096,1.0,1.0,1.0,3.0,1.0,1.0,1.0,1.0,1.0,3.0,1.0,1.0
15097,1.0,1.0,1.0,3.0,1.0,1.0,1.0,1.0,1.0,3.0,1.0,1.0
15098,1.0,1.0,1.0,3.0,1.0,1.0,1.0,1.0,1.0,5.0,2.0,1.0
15099,1.0,1.0,1.0,3.0,1.0,1.0,1.0,1.0,1.0,5.0,2.0,1.0
15100,1.0,1.0,1.0,3.0,1.0,1.0,1.0,1.0,1.0,3.0,1.0,1.0
15101,1.0,1.0,1.0,3.0,1.0,1.0,1.0,1.0,1.0,3.0,1.0,1.0
15102,1.0,1.0,1.0,3.0,1.0,1.0,1.0,1.0,1.0,4.0,1.0,1.0
15103,1.0,1.0,1.0,3.0,1.0,1.0,1.0,1.0,1.0,5.0,2.0,1.0
15104,1.0,1.0,1.0,3.0,1.0,1.0,1.0,1.0,1.0,3.0,1.0,1.0
15105,1.0,1.0,1.0,3.0,1.0,1.0,1.0,1.0,1.0,4.0,1.0,1.0
15106,1.0,1.0,1.0,3.0,1.0,1.0,1.0,1.0,1.0,3.0,1.0,1.0
15107,1.0,1.0,1.0,3.0,1.0,1.0,1.0,1.0,1.0,5.0,2.0,1.0
15108,1.0,1.0,1.0,3.0,1.0,1.0,1.0,1.0,1.0,3.0,1.0,1.0
15109,1.0,1.0,1.0,3.0,1.0,1.0,1.0,1.0,1.0,4.0,1.0,1.0
15110,1.0,1.0,1.0,3.0,1.0,1.0,1.0,1.0,1.0,3.0,1.0,1.0
15111,1.0,1.0,1.0,3.0,1.0,1.0,1.0,1.0,1.0,4.0,1.0,1.0
15112,1.0,1.0,1.0,3.0,1.0,1.0,1.0,1.0,1.0,5.0,2.0,1.0
15113,1.0,1.0,1.0,3.0,1.0,1.0,1.0,1.0,1.0,5.0,2.0,1.0
15114,1.0,1.0,1.0,3.0,1.0,1.0,1.0,1.0,1.0,5.0,2.0,1.0
15115,1.0,1.0,1.0,3.0,1.0,1.0,1.0,1.0,1.0,3.0,1.0,1.0
15116,1.0,1.0,1.0,3.0,1.0,1.0,1.0,1.0,1.0,4.0,1.0,1.0
15117,1.0,1.0,1.0,3.0,1.0,1.0,1.0,1.0,1.0,3.0,1.0,1.0
15118,1.0,1.0,1.0,3.0,1.0,1.0,1.0,1.0,1.0,4.0,1.0,1.0
15119,1.0,1.0,1.0,3.0,1.0,1.0,1.0,1.0,1.0,5.0,2.0,1.0
15120,1.0,1.0,1.0,3.0,1.0,1.0,1.0,1.0,1.0,3.0,1.0,1.0
15121,1.0,1.0,1.0,3.0,1.0,1.0,1.0,1.0,1.0,5.0,2.0,1.0
15122,1.0,1.0,1.0,3.0,1.0,1.0,1.0,1.0,1.0,5.0,2.0,1.0
15123,1.0,1.0,1.0,3.0,1.0,1.0,1.0,1.0,1.0,3.0,1.0,1.0
15124,1.0,1.0,1.0,3.0,1.0,1.0,1.0,1.0,1.0,3.0,1.0,1.0
15125,1.0,1.0,1.0,3.0,1.0,1.0,1.0,1.0,1.0,5.0,2.0,1.0
15126,1.0,1.0,1.0,3.0,1.0,1.0,1.0,1.0,1.0,3.0,1.0,1.0
15127,1.0,1.0,1.0,3.0,1.0,1.0,1.0,1.0,1.0,3.0,1.0,1.0
15128,1.0,1.0,1.0,3.0,1.0,1.0,1.0,1.0,1.0,4.0,1.0,1.0
15129,1.0,1.0,1.0,3.0,1.0,1.0,1.0,1.0,1.0,5.0,2.0,1.0
15130,1.0,1.0,1.0,3.0,1.0,1.0,1.0,1.0,1.0,3.0,1.0,1.0
15131,1.0,1.0,1.0,3.0,1.0,1.0,1.0,1.0,1.0,5.0,2.0,1.0
15132,1.0,1.0,1.0,3.0,1.0,1.0,1.0,1.0,1.0,4.0,1.0,1.0
15133,1.0,1.0,1.0,3.0,1.0,1.0,1.0,1.0,1.0,4.0,1.0,1.0
15134,1.0,1.0,1.0,3.0,1.0,1.0,1.0,1.0,1.0,5.0,2.0,1.0
15135,1.0,1.0,1.0,3.0,1.0,1.0,1.0,1.0,1.0,4.0,1.0,1.0
15136,1.0,1.0,1.0,3.0,1.0,1.0,1.0,1.0,1.0,4.0,1.0,1.0
15137,1.0,1.0,1.0,3.0,1.0,1.0,1.0,1.0,1.0,4.0,1.0,1.0
15138,1.0,1.0,1.0,3.0,1.0,1.0,1.0,1.0,1.0,3.0,1.0,1.0
15139,1.0,1.0,1.0,3.0,1.0,1.0,1.0,1.0,1.0,3.0,1.0,1.0
15140,1.0,1.0,1.0,3.0,1.0,1.0,1.0,1.0,1.0,3.0,1.0,1.0
15141,1.0,1.0,1.0,3.0,1.0,1.0,1.0,1.0,1.0,3.0,1.0,1.0
15142,1.0,1.0,1.0,3.0,1.0,1.0,1.0,1.0,1.0,3.0,1.0,1.0
15143,1.0,1.0,1.0,3.0,1.0,1.0,1.0,1.0,1.0,5.0,2.0,1.0
15144,1.0,1.0,1.0,3.0,1.0,1.0,1.0,1.0,1.0,5.0,2.0,1.0
15145,1.0,1.0,1.0,3.0,1.0,1.0,1.0,1.0,1.0,5.0,2.0,1.0
15146,1.0,1.0,1.0,3.0,1.0,1.0,1.0,1.0,1.0,3.0,1.0,1.0
15147,1.0,1.0,1.0,3.0,1.0,1.0,1.0,1.0,1.0,4.0,1.0,1.0
15148,1.0,1.0,1.0,3.0,1.0,1.0,1.0,1.0,1.0,3.0,1.0,1.0
15149,1.0,1.0,1.0,3.0,1.0,1.0,1.0,1.0,1.0,5.0,2.0,1.0
15150,1.0,1.0,1.0,3.0,1.0,1.0,1.0,1.0,1.0,4.0,1.0,1.0
15151,1.0,1.0,1.0,3.0,1.0,1.0,1.0,1.0,1.0,3.0,1.0,1.0
15152,1.0,1.0,1.0,3.0,1.0,1.0,1.0,1.0,1.0,3.0,1.0,1.0
15153,1.0,1.0,1.0,3.0,1.0,1.0,1.0,1.0,1.0,4.0,1.0,1.0
15154,1.0,1.0,1.0,3.0,1.0,1.0,1.0,1.0,1.0,3.0,1.0,1.0
15155,1.0,1.0,1.0,3.0,1.0,1.0,1.0,1.0,1.0,4.0,1.0,1.0
15156,1.0,1.0,1.0,3.0,1.0,1.0,1.0,1.0,1.0,4.0,1.0,1.0
15157,1.0,1.0,1.0,3.0,1.0,1.0,1.0,1.0,1.0,5.0,2.0,1.0
15158,1.0,1.0,1.0,3.0,1.0,1.0,1.0,1.0,1.0,3.0,1.0,1.0
15159,1.0,1.0,1.0,3.0,1.0,1.0,1.0,1.0,1.0,3.0,1.0,1.0
15160,1.0,1.0,1.0,3.0,1.0,1.0,1.0,1.0,1.0,3.0,1.0,1.0
15161,1.0,1.0,1.0,3.0,1.0,1.0,1.0,1.0,1.0,3.0,1.0,1.0
15162,1.0,1.0,1.0,3.0,1.0,1.0,1.0,1.0,1.0,3.0,1.0,1.0
15163,1.0,1.0,1.0,3.0,1.0,1.0,1.0,1.0,1.0,5.0,2.0,1.0
15164,1.0,1.0,1.0,3.0,1.0,1.0,1.0,1.0,1.0,3.0,1.0,1.0
15165,1.0,1.0,1.0,3.0,1.0,1.0,1.0,1.0,1.0,4.0,1.0,1.0
15166,1.0,1.0,1.0,3.0,1.0,1.0,1.0,1.0,1.0,4.0,1.0,1.0
15167,1.0,1.0,1.0,3.0,1.0,1.0,1.0,1.0,1.0,3.0,1.0,1.0
15168,1.0,1.0,1.0,3.0,1.0,1.0,1.0,1.0,1.0,5.0,2.0,1.0
15169,1.0,1.0,1.0,3.0,1.0,1.0,1.0,1.0,1.0,5.0,2.0,1.0
15170,1.0,1.0,1.0,3.0,1.0,1.0,1.0,1.0,1.0,3.0,1.0,1.0
15171,1.0,1.0,1.0,3.0,1.0,1.0,1.0,1.0,1.0,3.0,1.0,1.0
15172,1.0,1.0,1.0,3.0,1.0,1.0,1.0,1.0,1.0,5.0,2.0,1.0
15173,1.0,1.0,1.0,3.0,1.0,1.0,1.0,1.0,1.0,5.0,2.0,1.0
15174,1.0,1.0,1.0,3.0,1.0,1.0,1.0,1.0,1.0,3.0,1.0,1.0
15175,1.0,1.0,1.0,3.0,1.0,1.0,1.0,1.0,1.0,4.0,1.0,1.0
15176,1.0,1.0,1.0,3.0,1.0,1.0,1.0,1.0,1.0,5.0,2.0,1.0
15177,1.0,1.0,1.0,3.0,1.0,1.0,1.0,1.0,1.0,3.0,1.0,1.0
15178,1.0,1.0,1.0,3.0,1.0,1.0,1.0,1.0,1.0,4.0,1.0,1.0
15179,1.0,1.0,1.0,3.0,1.0,1.0,1.0,1.0,1.0,3.0,1.0,1.0
15180,1.0,1.0,1.0,3.0,1.0,1.0,1.0,1.0,1.0,5.0,2.0,1.0
15181,1.0,1.0,1.0,3.0,1.0,1.0,1.0,1.0,1.0,5.0,2.0,1.0
15182,1.0,1.0,1.0,3.0,1.0,1.0,1.0,1.0,1.0,5.0,2.0,1.0
15183,1.0,1.0,1.0,3.0,1.0,1.0,1.0,1.0,1.0,3.0,1.0,1.0
15184,1.0,1.0,1.0,3.0,1.0,1.0,1.0,1.0,1.0,5.0,2.0,1.0
15185,1.0,1.0,1.0,3.0,1.0,1.0,1.0,1.0,1.0,3.0,1.0,1.0
15186,1.0,1.0,1.0,3.0,1.0,1.0,1.0,1.0,1.0,3.0,1.0,1.0
15187,1.0,1.0,1.0,3.0,1.0,1.0,1.0,1.0,1.0,4.0,1.0,1.0
15188,1.0,1.0,1.0,3.0,1.0,1.0,1.0,1.0,1.0,4.0,1.0,1.0
15189,1.0,1.0,1.0,3.0,1.0,1.0,1.0,1.0,1.0,4.0,1.0,1.0
15190,1.0,1.0,1.0,3.0,1.0,1.0,1.0,1.0,1.0,3.0,1.0,1.0
15191,1.0,1.0,1.0,3.0,1.0,1.0,1.0,1.0,1.0,3.0,1.0,1.0
15192,1.0,1.0,1.0,3.0,1.0,1.0,1.0,1.0,1.0,3.0,1.0,1.0
15193,1.0,1.0,1.0,3.0,1.0,1.0,1.0,1.0,1.0,3.0,1.0,1.0
15194,1.0,1.0,1.0,3.0,1.0,1.0,1.0,1.0,1.0,3.0,1.0,1.0
15195,1.0,1.0,1.0,3.0,1.0,1.0,1.0,1.0,1.0,3.0,1.0,1.0
15196,1.0,1.0,1.0,3.0,1.0,1.0,1.0,1.0,1.0,3.0,1.0,1.0
15197,1.0,1.0,1.0,3.0,1.0,1.0,1.0,1.0,1.0,4.0,1.0,1.0
15198,1.0,1.0,1.0,3.0,1.0,1.0,1.0,1.0,1.0,5.0,2.0,1.0
15199,1.0,1.0,1.0,3.0,1.0,1.0,1.0,1.0,1.0,3.0,1.0,1.0
15200,1.0,1.0,1.0,3.0,1.0,1.0,1.0,1.0,1.0,3.0,1.0,1.0
15201,1.0,1.0,1.0,3.0,1.0,1.0,1.0,1.0,1.0,3.0,1.0,1.0
15202,1.0,1.0,1.0,3.0,1.0,1.0,1.0,1.0,1.0,4.0,1.0,1.0
15203,1.0,1.0,1.0,3.0,1.0,1.0,1.0,1.0,1.0,3.0,1.0,1.0
15204,1.0,1.0,1.0,3.0,1.0,1.0,1.0,1.0,1.0,3.0,1.0,1.0
15205,1.0,1.0,1.0,3.0,1.0,1.0,1.0,1.0,1.0,5.0,2.0,1.0
15206,1.0,1.0,1.0,3.0,1.0,1.0,1.0,1.0,1.0,4.0,1.0,1.0
15207,1.0,1.0,1.0,3.0,1.0,1.0,1.0,1.0,1.0,3.0,1.0,1.0
15208,1.0,1.0,1.0,3.0,1.0,1.0,1.0,1.0,1.0,3.0,1.0,1.0
15209,1.0,1.0,1.0,3.0,1.0,1.0,1.0,1.0,1.0,3.0,1.0,1.0
15210,1.0,1.0,1.0,3.0,1.0,1.0,1.0,1.0,1.0,5.0,2.0,1.0
15211,1.0,1.0,1.0,3.0,1.0,1.0,1.0,1.0,1.0,3.0,1.0,1.0
15212,1.0,1.0,1.0,3.0,1.0,1.0,1.0,1.0,1.0,3.0,1.0,1.0
15213,1.0,1.0,1.0,3.0,1.0,1.0,1.0,1.0,1.0,5.0,2.0,1.0
15214,1.0,1.0,1.0,3.0,1.0,1.0,1.0,1.0,1.0,3.0,1.0,1.0
15215,1.0,1.0,1.0,3.0,1.0,1.0,1.0,1.0,1.0,3.0,1.0,1.0
15216,1.0,1.0,1.0,3.0,1.0,1.0,1.0,1.0,1.0,4.0,1.0,1.0
15217,1.0,1.0,1.0,3.0,1.0,1.0,1.0,1.0,1.0,3.0,1.0,1.0
15218,1.0,1.0,1.0,3.0,1.0,1.0,1.0,1.0,1.0,5.0,2.0,1.0
15219,1.0,1.0,1.0,3.0,1.0,1.0,1.0,1.0,1.0,3.0,1.0,1.0
15220,1.0,1.0,1.0,3.0,1.0,1.0,1.0,1.0,1.0,5.0,2.0,1.0
15221,1.0,1.0,1.0,3.0,1.0,1.0,1.0,1.0,1.0,5.0,2.0,1.0
15222,1.0,1.0,1.0,3.0,1.0,1.0,1.0,1.0,1.0,3.0,1.0,1.0
15223,1.0,1.0,1.0,3.0,1.0,1.0,1.0,1.0,1.0,5.0,2.0,1.0
15224,1.0,1.0,1.0,3.0,1.0,1.0,1.0,1.0,1.0,4.0,1.0,1.0
15225,1.0,1.0,1.0,3.0,1.0,1.0,1.0,1.0,1.0,5.0,2.0,1.0
15226,1.0,1.0,1.0,3.0,1.0,1.0,1.0,1.0,1.0,5.0,2.0,1.0
15227,1.0,1.0,1.0,3.0,1.0,1.0,1.0,1.0,1.0,3.0,1.0,1.0
15228,1.0,1.0,1.0,3.0,1.0,1.0,1.0,1.0,1.0,3.0,1.0,1.0
15229,1.0,1.0,1.0,3.0,1.0,1.0,1.0,1.0,1.0,5.0,2.0,1.0
15230,1.0,1.0,1.0,3.0,1.0,1.0,1.0,1.0,1.0,3.0,1.0,1.0
15231,1.0,1.0,1.0,3.0,1.0,1.0,1.0,1.0,1.0,3.0,1.0,1.0
15232,1.0,1.0,1.0,3.0,1.0,1.0,1.0,1.0,1.0,3.0,1.0,1.0
15233,1.0,1.0,1.0,3.0,1.0,1.0,1.0,1.0,1.0,3.0,1.0,1.0
15234,1.0,1.0,1.0,3.0,1.0,1.0,1.0,1.0,1.0,3.0,1.0,1.0
15235,1.0,1.0,1.0,3.0,1.0,1.0,1.0,1.0,1.0,3.0,1.0,1.0
15236,1.0,1.0,1.0,3.0,1.0,1.0,1.0,1.0,1.0,3.0,1.0,1.0
15237,1.0,1.0,1.0,3.0,1.0,1.0,1.0,1.0,1.0,4.0,1.0,1.0
15238,1.0,1.0,1.0,3.0,1.0,1.0,1.0,1.0,1.0,3.0,1.0,1.0
15239,1.0,1.0,1.0,3.0,1.0,1.0,1.0,1.0,1.0,5.0,2.0,1.0
15240,1.0,1.0,1.0,3.0,1.0,1.0,1.0,1.0,1.0,4.0,1.0,1.0
15241,1.0,1.0,1.0,3.0,1.0,1.0,1.0,1.0,1.0,3.0,1.0,1.0
15242,1.0,1.0,1.0,3.0,1.0,1.0,1.0,1.0,1.0,3.0,1.0,1.0
15243,1.0,1.0,1.0,3.0,1.0,1.0,1.0,1.0,1.0,3.0,1.0,1.0
15244,1.0,1.0,1.0,3.0,1.0,1.0,1.0,1.0,1.0,3.0,1.0,1.0
15245,1.0,1.0,1.0,3.0,1.0,1.0,1.0,1.0,1.0,3.0,1.0,1.0
15246,1.0,1.0,1.0,3.0,1.0,1.0,1.0,1.0,1.0,3.0,1.0,1.0
15247,1.0,1.0,1.0,3.0,1.0,1.0,1.0,1.0,1.0,4.0,1.0,1.0
15248,1.0,1.0,1.0,3.0,1.0,1.0,1.0,1.0,1.0,4.0,1.0,1.0
15249,1.0,1.0,1.0,3.0,1.0,1.0,1.0,1.0,1.0,3.0,1.0,1.0
15250,1.0,1.0,1.0,3.0,1.0,1.0,1.0,1.0,1.0,5.0,2.0,1.0
15251,1.0,1.0,1.0,3.0,1.0,1.0,1.0,1.0,1.0,5.0,2.0,1.0
15252,1.0,1.0,1.0,3.0,1.0,1.0,1.0,1.0,1.0,5.0,2.0,1.0
15253,1.0,1.0,1.0,3.0,1.0,1.0,1.0,1.0,1.0,5.0,2.0,1.0
15254,1.0,1.0,1.0,3.0,1.0,1.0,1.0,1.0,1.0,5.0,2.0,1.0
15255,1.0,1.0,1.0,3.0,1.0,1.0,1.0,1.0,1.0,3.0,1.0,1.0
15256,1.0,1.0,1.0,3.0,1.0,1.0,1.0,1.0,1.0,5.0,2.0,1.0
15257,1.0,1.0,1.0,3.0,1.0,1.0,1.0,1.0,1.0,3.0,1.0,1.0
15258,1.0,1.0,1.0,3.0,1.0,1.0,1.0,1.0,1.0,3.0,1.0,1.0
15259,1.0,1.0,1.0,3.0,1.0,1.0,1.0,1.0,1.0,5.0,2.0,1.0
15260,1.0,1.0,1.0,3.0,1.0,1.0,1.0,1.0,1.0,4.0,1.0,1.0
15261,1.0,1.0,1.0,3.0,1.0,1.0,1.0,1.0,1.0,4.0,1.0,1.0
15262,1.0,1.0,1.0,3.0,1.0,1.0,1.0,1.0,1.0,3.0,1.0,1.0
15263,1.0,1.0,1.0,3.0,1.0,1.0,1.0,1.0,1.0,5.0,2.0,1.0
15264,1.0,1.0,1.0,3.0,1.0,1.0,1.0,1.0,1.0,3.0,1.0,1.0
15265,1.0,1.0,1.0,3.0,1.0,1.0,1.0,1.0,1.0,4.0,1.0,1.0
15266,1.0,1.0,1.0,3.0,1.0,1.0,1.0,1.0,1.0,3.0,1.0,1.0
15267,1.0,1.0,1.0,3.0,1.0,1.0,1.0,1.0,1.0,3.0,1.0,1.0
15268,1.0,1.0,1.0,3.0,1.0,1.0,1.0,1.0,1.0,3.0,1.0,1.0
15269,1.0,1.0,1.0,3.0,1.0,1.0,1.0,1.0,1.0,3.0,1.0,1.0
15270,1.0,1.0,1.0,3.0,1.0,1.0,1.0,1.0,1.0,3.0,1.0,1.0
15271,1.0,1.0,1.0,3.0,1.0,1.0,1.0,1.0,1.0,3.0,1.0,1.0
15272,1.0,1.0,1.0,3.0,1.0,1.0,1.0,1.0,1.0,3.0,1.0,1.0
15273,1.0,1.0,1.0,3.0,1.0,1.0,1.0,1.0,1.0,3.0,1.0,1.0
15274,1.0,1.0,1.0,3.0,1.0,1.0,1.0,1.0,1.0,3.0,1.0,1.0
15275,1.0,1.0,1.0,3.0,1.0,1.0,1.0,1.0,1.0,3.0,1.0,1.0
15276,1.0,1.0,1.0,3.0,1.0,1.0,1.0,1.0,1.0,5.0,2.0,1.0
15277,1.0,1.0,1.0,3.0,1.0,1.0,1.0,1.0,1.0,3.0,1.0,1.0
15278,1.0,1.0,1.0,3.0,1.0,1.0,1.0,1.0,1.0,4.0,1.0,1.0
15279,1.0,1.0,1.0,3.0,1.0,1.0,1.0,1.0,1.0,5.0,2.0,1.0
15280,1.0,1.0,1.0,3.0,1.0,1.0,1.0,1.0,1.0,3.0,1.0,1.0
15281,1.0,1.0,1.0,3.0,1.0,1.0,1.0,1.0,1.0,3.0,1.0,1.0
15282,1.0,1.0,1.0,3.0,1.0,1.0,1.0,1.0,1.0,5.0,2.0,1.0
15283,1.0,1.0,1.0,3.0,1.0,1.0,1.0,1.0,1.0,3.0,1.0,1.0
15284,1.0,1.0,1.0,3.0,1.0,1.0,1.0,1.0,1.0,4.0,1.0,1.0
15285,1.0,1.0,1.0,3.0,1.0,1.0,1.0,1.0,1.0,4.0,1.0,1.0
15286,1.0,1.0,1.0,3.0,1.0,1.0,1.0,1.0,1.0,3.0,1.0,1.0
15287,1.0,1.0,1.0,3.0,1.0,1.0,1.0,1.0,1.0,3.0,1.0,1.0
15288,1.0,1.0,1.0,3.0,1.0,1.0,1.0,1.0,1.0,3.0,1.0,1.0
15289,1.0,1.0,1.0,3.0,1.0,1.0,1.0,1.0,1.0,5.0,2.0,1.0
15290,1.0,1.0,1.0,3.0,1.0,1.0,1.0,1.0,1.0,3.0,1.0,1.0
15291,1.0,1.0,1.0,3.0,1.0,1.0,1.0,1.0,1.0,5.0,2.0,1.0
15292,1.0,1.0,1.0,3.0,1.0,1.0,1.0,1.0,1.0,3.0,1.0,1.0
15293,1.0,1.0,1.0,3.0,1.0,1.0,1.0,1.0,1.0,3.0,1.0,1.0
15294,1.0,1.0,1.0,3.0,1.0,1.0,1.0,1.0,1.0,4.0,1.0,1.0
15295,1.0,1.0,1.0,3.0,1.0,1.0,1.0,1.0,1.0,5.0,2.0,1.0
15296,1.0,1.0,1.0,3.0,1.0,1.0,1.0,1.0,1.0,5.0,2.0,1.0
15297,1.0,1.0,1.0,3.0,1.0,1.0,1.0,1.0,1.0,5.0,2.0,1.0
15298,1.0,1.0,1.0,3.0,1.0,1.0,1.0,1.0,1.0,4.0,1.0,1.0
15299,1.0,1.0,1.0,3.0,1.0,1.0,1.0,1.0,1.0,4.0,1.0,1.0
15300,1.0,1.0,1.0,3.0,1.0,1.0,1.0,1.0,1.0,3.0,1.0,1.0
15301,1.0,1.0,1.0,3.0,1.0,1.0,1.0,1.0,1.0,5.0,2.0,1.0
15302,1.0,1.0,1.0,3.0,1.0,1.0,1.0,1.0,1.0,5.0,2.0,1.0
15303,1.0,1.0,1.0,3.0,1.0,1.0,1.0,1.0,1.0,5.0,2.0,1.0
15304,1.0,1.0,1.0,3.0,1.0,1.0,1.0,1.0,1.0,3.0,1.0,1.0
15305,1.0,1.0,1.0,3.0,1.0,1.0,1.0,1.0,1.0,3.0,1.0,1.0
15306,1.0,1.0,1.0,3.0,1.0,1.0,1.0,1.0,1.0,3.0,1.0,1.0
15307,1.0,1.0,1.0,3.0,1.0,1.0,1.0,1.0,1.0,3.0,1.0,1.0
15308,1.0,1.0,1.0,3.0,1.0,1.0,1.0,1.0,1.0,4.0,1.0,1.0
15309,1.0,1.0,1.0,3.0,1.0,1.0,1.0,1.0,1.0,5.0,2.0,1.0
15310,1.0,1.0,1.0,3.0,1.0,1.0,1.0,1.0,1.0,5.0,2.0,1.0
15311,1.0,1.0,1.0,3.0,1.0,1.0,1.0,1.0,1.0,3.0,1.0,1.0
15312,1.0,1.0,1.0,3.0,1.0,1.0,1.0,1.0,1.0,3.0,1.0,1.0
15313,1.0,1.0,1.0,3.0,1.0,1.0,1.0,1.0,1.0,3.0,1.0,1.0
15314,1.0,1.0,1.0,3.0,1.0,1.0,1.0,1.0,1.0,4.0,1.0,1.0
15315,1.0,1.0,1.0,3.0,1.0,1.0,1.0,1.0,1.0,3.0,1.0,1.0
15316,1.0,1.0,1.0,3.0,1.0,1.0,1.0,1.0,1.0,3.0,1.0,1.0
15317,1.0,1.0,1.0,3.0,1.0,1.0,1.0,1.0,1.0,3.0,1.0,1.0
15318,1.0,1.0,1.0,3.0,1.0,1.0,1.0,1.0,1.0,5.0,2.0,1.0
15319,1.0,1.0,1.0,3.0,1.0,1.0,1.0,1.0,1.0,3.0,1.0,1.0
15320,1.0,1.0,1.0,3.0,1.0,1.0,1.0,1.0,1.0,4.0,1.0,1.0
15321,1.0,1.0,1.0,3.0,1.0,1.0,1.0,1.0,1.0,3.0,1.0,1.0
15322,1.0,1.0,1.0,3.0,1.0,1.0,1.0,1.0,1.0,5.0,2.0,1.0
15323,1.0,1.0,1.0,3.0,1.0,1.0,1.0,1.0,1.0,5.0,2.0,1.0
15324,1.0,1.0,1.0,3.0,1.0,1.0,1.0,1.0,1.0,3.0,1.0,1.0
15325,1.0,1.0,1.0,3.0,1.0,1.0,1.0,1.0,1.0,5.0,2.0,1.0
15326,1.0,1.0,1.0,3.0,1.0,1.0,1.0,1.0,1.0,5.0,2.0,1.0
15327,1.0,1.0,1.0,3.0,1.0,1.0,1.0,1.0,1.0,4.0,1.0,1.0
15328,1.0,1.0,1.0,3.0,1.0,1.0,1.0,1.0,1.0,3.0,1.0,1.0
15329,1.0,1.0,1.0,3.0,1.0,1.0,1.0,1.0,1.0,4.0,1.0,1.0
15330,1.0,1.0,1.0,3.0,1.0,1.0,1.0,1.0,1.0,3.0,1.0,1.0
15331,1.0,1.0,1.0,3.0,1.0,1.0,1.0,1.0,1.0,4.0,1.0,1.0
15332,1.0,1.0,1.0,3.0,1.0,1.0,1.0,1.0,1.0,4.0,1.0,1.0
15333,1.0,1.0,1.0,3.0,1.0,1.0,1.0,1.0,1.0,4.0,1.0,1.0
15334,1.0,1.0,1.0,3.0,1.0,1.0,1.0,1.0,1.0,5.0,2.0,1.0
15335,1.0,1.0,1.0,3.0,1.0,1.0,1.0,1.0,1.0,4.0,1.0,1.0
15336,1.0,1.0,1.0,3.0,1.0,1.0,1.0,1.0,1.0,3.0,1.0,1.0
15337,1.0,1.0,1.0,3.0,1.0,1.0,1.0,1.0,1.0,3.0,1.0,1.0
15338,1.0,1.0,1.0,3.0,1.0,1.0,1.0,1.0,1.0,5.0,2.0,1.0
15339,1.0,1.0,1.0,3.0,1.0,1.0,1.0,1.0,1.0,3.0,1.0,1.0
15340,1.0,1.0,1.0,3.0,1.0,1.0,1.0,1.0,1.0,4.0,1.0,1.0
15341,1.0,1.0,1.0,3.0,1.0,1.0,1.0,1.0,1.0,3.0,1.0,1.0
15342,1.0,1.0,1.0,3.0,1.0,1.0,1.0,1.0,1.0,3.0,1.0,1.0
15343,1.0,1.0,1.0,3.0,1.0,1.0,1.0,1.0,1.0,5.0,2.0,1.0
15344,1.0,1.0,1.0,3.0,1.0,1.0,1.0,1.0,1.0,3.0,1.0,1.0
15345,1.0,1.0,1.0,3.0,1.0,1.0,1.0,1.0,1.0,5.0,2.0,1.0
15346,1.0,1.0,1.0,3.0,1.0,1.0,1.0,1.0,1.0,3.0,1.0,1.0
15347,1.0,1.0,1.0,3.0,1.0,1.0,1.0,1.0,1.0,3.0,1.0,1.0
15348,1.0,1.0,1.0,3.0,1.0,1.0,1.0,1.0,1.0,4.0,1.0,1.0
15349,1.0,1.0,1.0,3.0,1.0,1.0,1.0,1.0,1.0,5.0,2.0,1.0
15350,1.0,1.0,1.0,3.0,1.0,1.0,1.0,1.0,1.0,3.0,1.0,1.0
15351,1.0,1.0,1.0,3.0,1.0,1.0,1.0,1.0,1.0,4.0,1.0,1.0
15352,1.0,1.0,1.0,3.0,1.0,1.0,1.0,1.0,1.0,5.0,2.0,1.0
15353,1.0,1.0,1.0,3.0,1.0,1.0,1.0,1.0,1.0,3.0,1.0,1.0
15354,1.0,1.0,1.0,3.0,1.0,1.0,1.0,1.0,1.0,4.0,1.0,1.0
15355,1.0,1.0,1.0,3.0,1.0,1.0,1.0,1.0,1.0,3.0,1.0,1.0
15356,1.0,1.0,1.0,3.0,1.0,1.0,1.0,1.0,1.0,3.0,1.0,1.0
15357,1.0,1.0,1.0,3.0,1.0,1.0,1.0,1.0,1.0,3.0,1.0,1.0
15358,1.0,1.0,1.0,3.0,1.0,1.0,1.0,1.0,1.0,5.0,2.0,1.0
15359,1.0,1.0,1.0,3.0,1.0,1.0,1.0,1.0,1.0,3.0,1.0,1.0
15360,1.0,1.0,1.0,3.0,1.0,1.0,1.0,1.0,1.0,3.0,1.0,1.0
15361,1.0,1.0,1.0,3.0,1.0,1.0,1.0,1.0,1.0,4.0,1.0,1.0
15362,1.0,1.0,1.0,3.0,1.0,1.0,1.0,1.0,1.0,5.0,2.0,1.0
15363,1.0,1.0,1.0,3.0,1.0,1.0,1.0,1.0,1.0,4.0,1.0,1.0
15364,1.0,1.0,1.0,3.0,1.0,1.0,1.0,1.0,1.0,3.0,1.0,1.0
15365,1.0,1.0,1.0,3.0,1.0,1.0,1.0,1.0,1.0,3.0,1.0,1.0
15366,1.0,1.0,1.0,3.0,1.0,1.0,1.0,1.0,1.0,3.0,1.0,1.0
15367,1.0,1.0,1.0,3.0,1.0,1.0,1.0,1.0,1.0,4.0,1.0,1.0
15368,1.0,1.0,1.0,3.0,1.0,1.0,1.0,1.0,1.0,5.0,2.0,1.0
15369,1.0,1.0,1.0,3.0,1.0,1.0,1.0,1.0,1.0,3.0,1.0,1.0
15370,1.0,1.0,1.0,3.0,1.0,1.0,1.0,1.0,1.0,3.0,1.0,1.0
15371,1.0,1.0,1.0,3.0,1.0,1.0,1.0,1.0,1.0,3.0,1.0,1.0
15372,1.0,1.0,1.0,3.0,1.0,1.0,1.0,1.0,1.0,5.0,2.0,1.0
15373,1.0,1.0,1.0,3.0,1.0,1.0,1.0,1.0,1.0,4.0,1.0,1.0
15374,1.0,1.0,1.0,3.0,1.0,1.0,1.0,1.0,1.0,4.0,1.0,1.0
15375,1.0,1.0,1.0,3.0,1.0,1.0,1.0,1.0,1.0,4.0,1.0,1.0
15376,1.0,1.0,1.0,3.0,1.0,1.0,1.0,1.0,1.0,5.0,2.0,1.0
15377,1.0,1.0,1.0,3.0,1.0,1.0,1.0,1.0,1.0,4.0,1.0,1.0
15378,1.0,1.0,1.0,3.0,1.0,1.0,1.0,1.0,1.0,3.0,1.0,1.0
15379,1.0,1.0,1.0,3.0,1.0,1.0,1.0,1.0,1.0,4.0,1.0,1.0
15380,1.0,1.0,1.0,3.0,1.0,1.0,1.0,1.0,1.0,3.0,1.0,1.0
15381,1.0,1.0,1.0,3.0,1.0,1.0,1.0,1.0,1.0,3.0,1.0,1.0
15382,1.0,1.0,1.0,3.0,1.0,1.0,1.0,1.0,1.0,3.0,1.0,1.0
15383,1.0,1.0,1.0,3.0,1.0,1.0,1.0,1.0,1.0,3.0,1.0,1.0
15384,1.0,1.0,1.0,3.0,1.0,1.0,1.0,1.0,1.0,3.0,1.0,1.0
15385,1.0,1.0,1.0,3.0,1.0,1.0,1.0,1.0,1.0,3.0,1.0,1.0
15386,1.0,1.0,1.0,3.0,1.0,1.0,1.0,1.0,1.0,3.0,1.0,1.0
15387,1.0,1.0,1.0,3.0,1.0,1.0,1.0,1.0,1.0,4.0,1.0,1.0
15388,1.0,1.0,1.0,3.0,1.0,1.0,1.0,1.0,1.0,3.0,1.0,1.0
15389,1.0,1.0,1.0,3.0,1.0,1.0,1.0,1.0,1.0,5.0,2.0,1.0
15390,1.0,1.0,1.0,3.0,1.0,1.0,1.0,1.0,1.0,4.0,1.0,1.0
15391,1.0,1.0,1.0,3.0,1.0,1.0,1.0,1.0,1.0,5.0,2.0,1.0
15392,1.0,1.0,1.0,3.0,1.0,1.0,1.0,1.0,1.0,3.0,1.0,1.0
15393,1.0,1.0,1.0,3.0,1.0,1.0,1.0,1.0,1.0,3.0,1.0,1.0
15394,1.0,1.0,1.0,3.0,1.0,1.0,1.0,1.0,1.0,3.0,1.0,1.0
15395,1.0,1.0,1.0,3.0,1.0,1.0,1.0,1.0,1.0,5.0,2.0,1.0
15396,1.0,1.0,1.0,3.0,1.0,1.0,1.0,1.0,1.0,3.0,1.0,1.0
15397,1.0,1.0,1.0,3.0,1.0,1.0,1.0,1.0,1.0,3.0,1.0,1.0
15398,1.0,1.0,1.0,3.0,1.0,1.0,1.0,1.0,1.0,4.0,1.0,1.0
15399,1.0,1.0,1.0,3.0,1.0,1.0,1.0,1.0,1.0,3.0,1.0,1.0
15400,1.0,1.0,1.0,3.0,1.0,1.0,1.0,1.0,1.0,4.0,1.0,1.0
15401,1.0,1.0,1.0,3.0,1.0,1.0,1.0,1.0,1.0,5.0,2.0,1.0
15402,1.0,1.0,1.0,3.0,1.0,1.0,1.0,1.0,1.0,5.0,2.0,1.0
15403,1.0,1.0,1.0,3.0,1.0,1.0,1.0,1.0,1.0,3.0,1.0,1.0
15404,1.0,1.0,1.0,3.0,1.0,1.0,1.0,1.0,1.0,4.0,1.0,1.0
15405,1.0,1.0,1.0,3.0,1.0,1.0,1.0,1.0,1.0,5.0,2.0,1.0
15406,1.0,1.0,1.0,3.0,1.0,1.0,1.0,1.0,1.0,4.0,1.0,1.0
15407,1.0,1.0,1.0,3.0,1.0,1.0,1.0,1.0,1.0,4.0,1.0,1.0
15408,1.0,1.0,1.0,3.0,1.0,1.0,1.0,1.0,1.0,3.0,1.0,1.0
15409,1.0,1.0,1.0,3.0,1.0,1.0,1.0,1.0,1.0,5.0,2.0,1.0
15410,1.0,1.0,1.0,3.0,1.0,1.0,1.0,1.0,1.0,5.0,2.0,1.0
15411,1.0,1.0,1.0,3.0,1.0,1.0,1.0,1.0,1.0,3.0,1.0,1.0
15412,1.0,1.0,1.0,3.0,1.0,1.0,1.0,1.0,1.0,5.0,2.0,1.0
15413,1.0,1.0,1.0,3.0,1.0,1.0,1.0,1.0,1.0,4.0,1.0,1.0
15414,1.0,1.0,1.0,3.0,1.0,1.0,1.0,1.0,1.0,4.0,1.0,1.0
15415,1.0,1.0,1.0,3.0,1.0,1.0,1.0,1.0,1.0,3.0,1.0,1.0
15416,1.0,1.0,1.0,3.0,1.0,1.0,1.0,1.0,1.0,5.0,2.0,1.0
15417,1.0,1.0,1.0,3.0,1.0,1.0,1.0,1.0,1.0,3.0,1.0,1.0
15418,1.0,1.0,1.0,3.0,1.0,1.0,1.0,1.0,1.0,3.0,1.0,1.0
15419,1.0,1.0,1.0,3.0,1.0,1.0,1.0,1.0,1.0,5.0,2.0,1.0
15420,1.0,1.0,1.0,3.0,1.0,1.0,1.0,1.0,1.0,4.0,1.0,1.0
15421,1.0,1.0,1.0,3.0,1.0,1.0,1.0,1.0,1.0,3.0,1.0,1.0
15422,1.0,1.0,1.0,3.0,1.0,1.0,1.0,1.0,1.0,3.0,1.0,1.0
15423,1.0,1.0,1.0,3.0,1.0,1.0,1.0,1.0,1.0,4.0,1.0,1.0
15424,1.0,1.0,1.0,3.0,1.0,1.0,1.0,1.0,1.0,3.0,1.0,1.0
15425,1.0,1.0,1.0,3.0,1.0,1.0,1.0,1.0,1.0,4.0,1.0,1.0
15426,1.0,1.0,1.0,3.0,1.0,1.0,1.0,1.0,1.0,5.0,2.0,1.0
15427,1.0,1.0,1.0,3.0,1.0,1.0,1.0,1.0,1.0,5.0,2.0,1.0
15428,1.0,1.0,1.0,3.0,1.0,1.0,1.0,1.0,1.0,3.0,1.0,1.0
15429,1.0,1.0,1.0,3.0,1.0,1.0,1.0,1.0,1.0,3.0,1.0,1.0
15430,1.0,1.0,1.0,3.0,1.0,1.0,1.0,1.0,1.0,3.0,1.0,1.0
15431,1.0,1.0,1.0,3.0,1.0,1.0,1.0,1.0,1.0,3.0,1.0,1.0
15432,1.0,1.0,1.0,3.0,1.0,1.0,1.0,1.0,1.0,3.0,1.0,1.0
15433,1.0,1.0,1.0,3.0,1.0,1.0,1.0,1.0,1.0,5.0,2.0,1.0
15434,1.0,1.0,1.0,3.0,1.0,1.0,1.0,1.0,1.0,3.0,1.0,1.0
15435,1.0,1.0,1.0,3.0,1.0,1.0,1.0,1.0,1.0,5.0,2.0,1.0
15436,1.0,1.0,1.0,3.0,1.0,1.0,1.0,1.0,1.0,3.0,1.0,1.0
15437,1.0,1.0,1.0,3.0,1.0,1.0,1.0,1.0,1.0,3.0,1.0,1.0
15438,1.0,1.0,1.0,3.0,1.0,1.0,1.0,1.0,1.0,4.0,1.0,1.0
15439,1.0,1.0,1.0,3.0,1.0,1.0,1.0,1.0,1.0,3.0,1.0,1.0
15440,1.0,1.0,1.0,3.0,1.0,1.0,1.0,1.0,1.0,3.0,1.0,1.0
15441,1.0,1.0,1.0,3.0,1.0,1.0,1.0,1.0,1.0,3.0,1.0,1.0
15442,1.0,1.0,1.0,3.0,1.0,1.0,1.0,1.0,1.0,5.0,2.0,1.0
15443,1.0,1.0,1.0,3.0,1.0,1.0,1.0,1.0,1.0,4.0,1.0,1.0
15444,1.0,1.0,1.0,3.0,1.0,1.0,1.0,1.0,1.0,3.0,1.0,1.0
15445,1.0,1.0,1.0,3.0,1.0,1.0,1.0,1.0,1.0,3.0,1.0,1.0
15446,1.0,1.0,1.0,3.0,1.0,1.0,1.0,1.0,1.0,4.0,1.0,1.0
15447,1.0,1.0,1.0,3.0,1.0,1.0,1.0,1.0,1.0,4.0,1.0,1.0
15448,1.0,1.0,1.0,3.0,1.0,1.0,1.0,1.0,1.0,4.0,1.0,1.0
15449,1.0,1.0,1.0,3.0,1.0,1.0,1.0,1.0,1.0,5.0,2.0,1.0
15450,1.0,1.0,1.0,3.0,1.0,1.0,1.0,1.0,1.0,3.0,1.0,1.0
15451,1.0,1.0,1.0,3.0,1.0,1.0,1.0,1.0,1.0,4.0,1.0,1.0
15452,1.0,1.0,1.0,3.0,1.0,1.0,1.0,1.0,1.0,4.0,1.0,1.0
15453,1.0,1.0,1.0,3.0,1.0,1.0,1.0,1.0,1.0,5.0,2.0,1.0
15454,1.0,1.0,1.0,3.0,1.0,1.0,1.0,1.0,1.0,3.0,1.0,1.0
15455,1.0,1.0,1.0,3.0,1.0,1.0,1.0,1.0,1.0,3.0,1.0,1.0
15456,1.0,1.0,1.0,3.0,1.0,1.0,1.0,1.0,1.0,4.0,1.0,1.0
15457,1.0,1.0,1.0,3.0,1.0,1.0,1.0,1.0,1.0,3.0,1.0,1.0
15458,1.0,1.0,1.0,3.0,1.0,1.0,1.0,1.0,1.0,3.0,1.0,1.0
15459,1.0,1.0,1.0,3.0,1.0,1.0,1.0,1.0,1.0,5.0,2.0,1.0
15460,1.0,1.0,1.0,3.0,1.0,1.0,1.0,1.0,1.0,3.0,1.0,1.0
15461,1.0,1.0,1.0,3.0,1.0,1.0,1.0,1.0,1.0,4.0,1.0,1.0
15462,1.0,1.0,1.0,3.0,1.0,1.0,1.0,1.0,1.0,3.0,1.0,1.0
15463,1.0,1.0,1.0,3.0,1.0,1.0,1.0,1.0,1.0,5.0,2.0,1.0
15464,1.0,1.0,1.0,3.0,1.0,1.0,1.0,1.0,1.0,4.0,1.0,1.0
15465,1.0,1.0,1.0,3.0,1.0,1.0,1.0,1.0,1.0,3.0,1.0,1.0
15466,1.0,1.0,1.0,3.0,1.0,1.0,1.0,1.0,1.0,3.0,1.0,1.0
15467,1.0,1.0,1.0,3.0,1.0,1.0,1.0,1.0,1.0,3.0,1.0,1.0
15468,1.0,1.0,1.0,3.0,1.0,1.0,1.0,1.0,1.0,3.0,1.0,1.0
15469,1.0,1.0,1.0,3.0,1.0,1.0,1.0,1.0,1.0,4.0,1.0,1.0
15470,1.0,1.0,1.0,3.0,1.0,1.0,1.0,1.0,1.0,3.0,1.0,1.0
15471,1.0,1.0,1.0,3.0,1.0,1.0,1.0,1.0,1.0,3.0,1.0,1.0
15472,1.0,1.0,1.0,3.0,1.0,1.0,1.0,1.0,1.0,5.0,2.0,1.0
15473,1.0,1.0,1.0,3.0,1.0,1.0,1.0,1.0,1.0,3.0,1.0,1.0
15474,1.0,1.0,1.0,3.0,1.0,1.0,1.0,1.0,1.0,5.0,2.0,1.0
15475,1.0,1.0,1.0,3.0,1.0,1.0,1.0,1.0,1.0,3.0,1.0,1.0
15476,1.0,1.0,1.0,3.0,1.0,1.0,1.0,1.0,1.0,3.0,1.0,1.0
15477,1.0,1.0,1.0,3.0,1.0,1.0,1.0,1.0,1.0,3.0,1.0,1.0
15478,1.0,1.0,1.0,3.0,1.0,1.0,1.0,1.0,1.0,3.0,1.0,1.0
15479,1.0,1.0,1.0,3.0,1.0,1.0,1.0,1.0,1.0,3.0,1.0,1.0
15480,1.0,1.0,1.0,3.0,1.0,1.0,1.0,1.0,1.0,3.0,1.0,1.0
15481,1.0,1.0,1.0,3.0,1.0,1.0,1.0,1.0,1.0,5.0,2.0,1.0
15482,1.0,1.0,1.0,3.0,1.0,1.0,1.0,1.0,1.0,3.0,1.0,1.0
15483,1.0,1.0,1.0,3.0,1.0,1.0,1.0,1.0,1.0,3.0,1.0,1.0
15484,1.0,1.0,1.0,3.0,1.0,1.0,1.0,1.0,1.0,4.0,1.0,1.0
15485,1.0,1.0,1.0,3.0,1.0,1.0,1.0,1.0,1.0,3.0,1.0,1.0
15486,1.0,1.0,1.0,3.0,1.0,1.0,1.0,1.0,1.0,3.0,1.0,1.0
15487,1.0,1.0,1.0,3.0,1.0,1.0,1.0,1.0,1.0,3.0,1.0,1.0
15488,1.0,1.0,1.0,3.0,1.0,1.0,1.0,1.0,1.0,5.0,2.0,1.0
15489,1.0,1.0,1.0,3.0,1.0,1.0,1.0,1.0,1.0,4.0,1.0,1.0
15490,1.0,1.0,1.0,3.0,1.0,1.0,1.0,1.0,1.0,3.0,1.0,1.0
15491,1.0,1.0,1.0,3.0,1.0,1.0,1.0,1.0,1.0,3.0,1.0,1.0
15492,1.0,1.0,1.0,3.0,1.0,1.0,1.0,1.0,1.0,3.0,1.0,1.0
15493,1.0,1.0,1.0,3.0,1.0,1.0,1.0,1.0,1.0,5.0,2.0,1.0
15494,1.0,1.0,1.0,3.0,1.0,1.0,1.0,1.0,1.0,3.0,1.0,1.0
15495,1.0,1.0,1.0,3.0,1.0,1.0,1.0,1.0,1.0,3.0,1.0,1.0
15496,1.0,1.0,1.0,3.0,1.0,1.0,1.0,1.0,1.0,4.0,1.0,1.0
15497,1.0,1.0,1.0,3.0,1.0,1.0,1.0,1.0,1.0,3.0,1.0,1.0
15498,1.0,1.0,1.0,3.0,1.0,1.0,1.0,1.0,1.0,4.0,1.0,1.0
15499,1.0,1.0,1.0,3.0,1.0,1.0,1.0,1.0,1.0,5.0,2.0,1.0
15500,1.0,1.0,1.0,3.0,1.0,1.0,1.0,1.0,1.0,3.0,1.0,1.0
15501,1.0,1.0,1.0,3.0,1.0,1.0,1.0,1.0,1.0,4.0,1.0,1.0
15502,1.0,1.0,1.0,3.0,1.0,1.0,1.0,1.0,1.0,5.0,2.0,1.0
15503,1.0,1.0,1.0,3.0,1.0,1.0,1.0,1.0,1.0,3.0,1.0,1.0
15504,1.0,1.0,1.0,3.0,1.0,1.0,1.0,1.0,1.0,3.0,1.0,1.0
15505,1.0,1.0,1.0,3.0,1.0,1.0,1.0,1.0,1.0,4.0,1.0,1.0
15506,1.0,1.0,1.0,3.0,1.0,1.0,1.0,1.0,1.0,4.0,1.0,1.0
15507,1.0,1.0,1.0,3.0,1.0,1.0,1.0,1.0,1.0,4.0,1.0,1.0
15508,1.0,1.0,1.0,3.0,1.0,1.0,1.0,1.0,1.0,5.0,2.0,1.0
15509,1.0,1.0,1.0,3.0,1.0,1.0,1.0,1.0,1.0,5.0,2.0,1.0
15510,1.0,1.0,1.0,3.0,1.0,1.0,1.0,1.0,1.0,3.0,1.0,1.0
15511,1.0,1.0,1.0,3.0,1.0,1.0,1.0,1.0,1.0,3.0,1.0,1.0
15512,1.0,1.0,1.0,3.0,1.0,1.0,1.0,1.0,1.0,3.0,1.0,1.0
15513,1.0,1.0,1.0,3.0,1.0,1.0,1.0,1.0,1.0,3.0,1.0,1.0
15514,1.0,1.0,1.0,3.0,1.0,1.0,1.0,1.0,1.0,5.0,2.0,1.0
15515,1.0,1.0,1.0,3.0,1.0,1.0,1.0,1.0,1.0,5.0,2.0,1.0
15516,1.0,1.0,1.0,3.0,1.0,1.0,1.0,1.0,1.0,5.0,2.0,1.0
15517,1.0,1.0,1.0,3.0,1.0,1.0,1.0,1.0,1.0,5.0,2.0,1.0
15518,1.0,1.0,1.0,3.0,1.0,1.0,1.0,1.0,1.0,4.0,1.0,1.0
15519,1.0,1.0,1.0,3.0,1.0,1.0,1.0,1.0,1.0,4.0,1.0,1.0
15520,1.0,1.0,1.0,3.0,1.0,1.0,1.0,1.0,1.0,3.0,1.0,1.0
15521,1.0,1.0,1.0,3.0,1.0,1.0,1.0,1.0,1.0,3.0,1.0,1.0
15522,1.0,1.0,1.0,3.0,1.0,1.0,1.0,1.0,1.0,5.0,2.0,1.0
15523,1.0,1.0,1.0,3.0,1.0,1.0,1.0,1.0,1.0,5.0,2.0,1.0
15524,1.0,1.0,1.0,3.0,1.0,1.0,1.0,1.0,1.0,3.0,1.0,1.0
15525,1.0,1.0,1.0,3.0,1.0,1.0,1.0,1.0,1.0,5.0,2.0,1.0
15526,1.0,1.0,1.0,3.0,1.0,1.0,1.0,1.0,1.0,3.0,1.0,1.0
15527,1.0,1.0,1.0,3.0,1.0,1.0,1.0,1.0,1.0,3.0,1.0,1.0
15528,1.0,1.0,1.0,3.0,1.0,1.0,1.0,1.0,1.0,3.0,1.0,1.0
15529,1.0,1.0,1.0,3.0,1.0,1.0,1.0,1.0,1.0,3.0,1.0,1.0
15530,1.0,1.0,1.0,3.0,1.0,1.0,1.0,1.0,1.0,3.0,1.0,1.0
15531,1.0,1.0,1.0,3.0,1.0,1.0,1.0,1.0,1.0,3.0,1.0,1.0
15532,1.0,1.0,1.0,3.0,1.0,1.0,1.0,1.0,1.0,3.0,1.0,1.0
15533,1.0,1.0,1.0,3.0,1.0,1.0,1.0,1.0,1.0,5.0,2.0,1.0
15534,1.0,1.0,1.0,3.0,1.0,1.0,1.0,1.0,1.0,3.0,1.0,1.0
15535,1.0,1.0,1.0,3.0,1.0,1.0,1.0,1.0,1.0,5.0,2.0,1.0
15536,1.0,1.0,1.0,3.0,1.0,1.0,1.0,1.0,1.0,3.0,1.0,1.0
15537,1.0,1.0,1.0,3.0,1.0,1.0,1.0,1.0,1.0,3.0,1.0,1.0
15538,1.0,1.0,1.0,3.0,1.0,1.0,1.0,1.0,1.0,5.0,2.0,1.0
15539,1.0,1.0,1.0,3.0,1.0,1.0,1.0,1.0,1.0,3.0,1.0,1.0
15540,1.0,1.0,1.0,3.0,1.0,1.0,1.0,1.0,1.0,4.0,1.0,1.0
15541,1.0,1.0,1.0,3.0,1.0,1.0,1.0,1.0,1.0,5.0,2.0,1.0
15542,1.0,1.0,1.0,3.0,1.0,1.0,1.0,1.0,1.0,5.0,2.0,1.0
15543,1.0,1.0,1.0,3.0,1.0,1.0,1.0,1.0,1.0,3.0,1.0,1.0
15544,1.0,1.0,1.0,3.0,1.0,1.0,1.0,1.0,1.0,3.0,1.0,1.0
15545,1.0,1.0,1.0,3.0,1.0,1.0,1.0,1.0,1.0,5.0,2.0,1.0
15546,1.0,1.0,1.0,3.0,1.0,1.0,1.0,1.0,1.0,3.0,1.0,1.0
15547,1.0,1.0,1.0,3.0,1.0,1.0,1.0,1.0,1.0,3.0,1.0,1.0
15548,1.0,1.0,1.0,3.0,1.0,1.0,1.0,1.0,1.0,3.0,1.0,1.0
15549,1.0,1.0,1.0,3.0,1.0,1.0,1.0,1.0,1.0,5.0,2.0,1.0
15550,1.0,1.0,1.0,3.0,1.0,1.0,1.0,1.0,1.0,3.0,1.0,1.0
15551,1.0,1.0,1.0,3.0,1.0,1.0,1.0,1.0,1.0,3.0,1.0,1.0
15552,1.0,1.0,1.0,3.0,1.0,1.0,1.0,1.0,1.0,5.0,2.0,1.0
15553,1.0,1.0,1.0,3.0,1.0,1.0,1.0,1.0,1.0,3.0,1.0,1.0
15554,1.0,1.0,1.0,3.0,1.0,1.0,1.0,1.0,1.0,3.0,1.0,1.0
15555,1.0,1.0,1.0,3.0,1.0,1.0,1.0,1.0,1.0,4.0,1.0,1.0
15556,1.0,1.0,1.0,3.0,1.0,1.0,1.0,1.0,1.0,3.0,1.0,1.0
15557,1.0,1.0,1.0,3.0,1.0,1.0,1.0,1.0,1.0,5.0,2.0,1.0
15558,1.0,1.0,1.0,3.0,1.0,1.0,1.0,1.0,1.0,3.0,1.0,1.0
15559,1.0,1.0,1.0,3.0,1.0,1.0,1.0,1.0,1.0,3.0,1.0,1.0
15560,1.0,1.0,1.0,3.0,1.0,1.0,1.0,1.0,1.0,5.0,2.0,1.0
15561,1.0,1.0,1.0,3.0,1.0,1.0,1.0,1.0,1.0,3.0,1.0,1.0
15562,1.0,1.0,1.0,3.0,1.0,1.0,1.0,1.0,1.0,5.0,2.0,1.0
15563,1.0,1.0,1.0,3.0,1.0,1.0,1.0,1.0,1.0,3.0,1.0,1.0
15564,1.0,1.0,1.0,3.0,1.0,1.0,1.0,1.0,1.0,4.0,1.0,1.0
15565,1.0,1.0,1.0,3.0,1.0,1.0,1.0,1.0,1.0,3.0,1.0,1.0
15566,1.0,1.0,1.0,3.0,1.0,1.0,1.0,1.0,1.0,3.0,1.0,1.0
15567,1.0,1.0,1.0,3.0,1.0,1.0,1.0,1.0,1.0,4.0,1.0,1.0
15568,1.0,1.0,1.0,3.0,1.0,1.0,1.0,1.0,1.0,5.0,2.0,1.0
15569,1.0,1.0,1.0,3.0,1.0,1.0,1.0,1.0,1.0,4.0,1.0,1.0
15570,1.0,1.0,1.0,3.0,1.0,1.0,1.0,1.0,1.0,5.0,2.0,1.0
15571,1.0,1.0,1.0,3.0,1.0,1.0,1.0,1.0,1.0,3.0,1.0,1.0
15572,1.0,1.0,1.0,3.0,1.0,1.0,1.0,1.0,1.0,5.0,2.0,1.0
15573,1.0,1.0,1.0,3.0,1.0,1.0,1.0,1.0,1.0,3.0,1.0,1.0
15574,1.0,1.0,1.0,3.0,1.0,1.0,1.0,1.0,1.0,5.0,2.0,1.0
15575,1.0,1.0,1.0,3.0,1.0,1.0,1.0,1.0,1.0,3.0,1.0,1.0
15576,1.0,1.0,1.0,3.0,1.0,1.0,1.0,1.0,1.0,5.0,2.0,1.0
15577,1.0,1.0,1.0,3.0,1.0,1.0,1.0,1.0,1.0,5.0,2.0,1.0
15578,1.0,1.0,1.0,3.0,1.0,1.0,1.0,1.0,1.0,4.0,1.0,1.0
15579,1.0,1.0,1.0,3.0,1.0,1.0,1.0,1.0,1.0,3.0,1.0,1.0
15580,1.0,1.0,1.0,3.0,1.0,1.0,1.0,1.0,1.0,3.0,1.0,1.0
15581,1.0,1.0,1.0,3.0,1.0,1.0,1.0,1.0,1.0,5.0,2.0,1.0
15582,1.0,1.0,1.0,3.0,1.0,1.0,1.0,1.0,1.0,3.0,1.0,1.0
15583,1.0,1.0,1.0,3.0,1.0,1.0,1.0,1.0,1.0,3.0,1.0,1.0
15584,1.0,1.0,1.0,3.0,1.0,1.0,1.0,1.0,1.0,3.0,1.0,1.0
15585,1.0,1.0,1.0,3.0,1.0,1.0,1.0,1.0,1.0,5.0,2.0,1.0
15586,1.0,1.0,1.0,3.0,1.0,1.0,1.0,1.0,1.0,3.0,1.0,1.0
15587,1.0,1.0,1.0,3.0,1.0,1.0,1.0,1.0,1.0,5.0,2.0,1.0
15588,1.0,1.0,1.0,3.0,1.0,1.0,1.0,1.0,1.0,4.0,1.0,1.0
15589,1.0,1.0,1.0,3.0,1.0,1.0,1.0,1.0,1.0,3.0,1.0,1.0
15590,1.0,1.0,1.0,3.0,1.0,1.0,1.0,1.0,1.0,5.0,2.0,1.0
15591,1.0,1.0,1.0,3.0,1.0,1.0,1.0,1.0,1.0,3.0,1.0,1.0
15592,1.0,1.0,1.0,3.0,1.0,1.0,1.0,1.0,1.0,3.0,1.0,1.0
15593,1.0,1.0,1.0,3.0,1.0,1.0,1.0,1.0,1.0,3.0,1.0,1.0
15594,1.0,1.0,1.0,3.0,1.0,1.0,1.0,1.0,1.0,5.0,2.0,1.0
15595,1.0,1.0,1.0,3.0,1.0,1.0,1.0,1.0,1.0,3.0,1.0,1.0
15596,1.0,1.0,1.0,3.0,1.0,1.0,1.0,1.0,1.0,3.0,1.0,1.0
15597,1.0,1.0,1.0,3.0,1.0,1.0,1.0,1.0,1.0,4.0,1.0,1.0
15598,1.0,1.0,1.0,3.0,1.0,1.0,1.0,1.0,1.0,4.0,1.0,1.0
15599,1.0,1.0,1.0,3.0,1.0,1.0,1.0,1.0,1.0,3.0,1.0,1.0
15600,1.0,1.0,1.0,3.0,1.0,1.0,1.0,1.0,1.0,3.0,1.0,1.0
15601,1.0,1.0,1.0,3.0,1.0,1.0,1.0,1.0,1.0,3.0,1.0,1.0
15602,1.0,1.0,1.0,3.0,1.0,1.0,1.0,1.0,1.0,4.0,1.0,1.0
15603,1.0,1.0,1.0,3.0,1.0,1.0,1.0,1.0,1.0,3.0,1.0,1.0
15604,1.0,1.0,1.0,3.0,1.0,1.0,1.0,1.0,1.0,3.0,1.0,1.0
15605,1.0,1.0,1.0,3.0,1.0,1.0,1.0,1.0,1.0,3.0,1.0,1.0
15606,1.0,1.0,1.0,3.0,1.0,1.0,1.0,1.0,1.0,3.0,1.0,1.0
15607,1.0,1.0,1.0,3.0,1.0,1.0,1.0,1.0,1.0,3.0,1.0,1.0
15608,1.0,1.0,1.0,3.0,1.0,1.0,1.0,1.0,1.0,3.0,1.0,1.0
15609,1.0,1.0,1.0,3.0,1.0,1.0,1.0,1.0,1.0,3.0,1.0,1.0
15610,1.0,1.0,1.0,3.0,1.0,1.0,1.0,1.0,1.0,4.0,1.0,1.0
15611,1.0,1.0,1.0,3.0,1.0,1.0,1.0,1.0,1.0,4.0,1.0,1.0
15612,1.0,1.0,1.0,3.0,1.0,1.0,1.0,1.0,1.0,4.0,1.0,1.0
15613,1.0,1.0,1.0,3.0,1.0,1.0,1.0,1.0,1.0,4.0,1.0,1.0
15614,1.0,1.0,1.0,3.0,1.0,1.0,1.0,1.0,1.0,3.0,1.0,1.0
15615,1.0,1.0,1.0,3.0,1.0,1.0,1.0,1.0,1.0,5.0,2.0,1.0
15616,1.0,1.0,1.0,3.0,1.0,1.0,1.0,1.0,1.0,3.0,1.0,1.0
15617,1.0,1.0,1.0,3.0,1.0,1.0,1.0,1.0,1.0,3.0,1.0,1.0
15618,1.0,1.0,1.0,3.0,1.0,1.0,1.0,1.0,1.0,3.0,1.0,1.0
15619,1.0,1.0,1.0,3.0,1.0,1.0,1.0,1.0,1.0,5.0,2.0,1.0
15620,1.0,1.0,1.0,3.0,1.0,1.0,1.0,1.0,1.0,3.0,1.0,1.0
15621,1.0,1.0,1.0,3.0,1.0,1.0,1.0,1.0,1.0,4.0,1.0,1.0
15622,1.0,1.0,1.0,3.0,1.0,1.0,1.0,1.0,1.0,3.0,1.0,1.0
15623,1.0,1.0,1.0,3.0,1.0,1.0,1.0,1.0,1.0,3.0,1.0,1.0
15624,1.0,1.0,1.0,3.0,1.0,1.0,1.0,1.0,1.0,3.0,1.0,1.0
15625,1.0,1.0,1.0,3.0,1.0,1.0,1.0,1.0,1.0,4.0,1.0,1.0
15626,1.0,1.0,1.0,3.0,1.0,1.0,1.0,1.0,1.0,4.0,1.0,1.0
15627,1.0,1.0,1.0,3.0,1.0,1.0,1.0,1.0,1.0,3.0,1.0,1.0
15628,1.0,1.0,1.0,3.0,1.0,1.0,1.0,1.0,1.0,5.0,2.0,1.0
15629,1.0,1.0,1.0,3.0,1.0,1.0,1.0,1.0,1.0,3.0,1.0,1.0
15630,1.0,1.0,1.0,3.0,1.0,1.0,1.0,1.0,1.0,3.0,1.0,1.0
15631,1.0,1.0,1.0,3.0,1.0,1.0,1.0,1.0,1.0,5.0,2.0,1.0
15632,1.0,1.0,1.0,3.0,1.0,1.0,1.0,1.0,1.0,5.0,2.0,1.0
15633,1.0,1.0,1.0,3.0,1.0,1.0,1.0,1.0,1.0,3.0,1.0,1.0
15634,1.0,1.0,1.0,3.0,1.0,1.0,1.0,1.0,1.0,3.0,1.0,1.0
15635,1.0,1.0,1.0,3.0,1.0,1.0,1.0,1.0,1.0,3.0,1.0,1.0
15636,1.0,1.0,1.0,3.0,1.0,1.0,1.0,1.0,1.0,3.0,1.0,1.0
15637,1.0,1.0,1.0,3.0,1.0,1.0,1.0,1.0,1.0,3.0,1.0,1.0
15638,1.0,1.0,1.0,3.0,1.0,1.0,1.0,1.0,1.0,3.0,1.0,1.0
15639,1.0,1.0,1.0,3.0,1.0,1.0,1.0,1.0,1.0,4.0,1.0,1.0
15640,1.0,1.0,1.0,3.0,1.0,1.0,1.0,1.0,1.0,3.0,1.0,1.0
15641,1.0,1.0,1.0,3.0,1.0,1.0,1.0,1.0,1.0,4.0,1.0,1.0
15642,1.0,1.0,1.0,3.0,1.0,1.0,1.0,1.0,1.0,4.0,1.0,1.0
15643,1.0,1.0,1.0,3.0,1.0,1.0,1.0,1.0,1.0,5.0,2.0,1.0
15644,1.0,1.0,1.0,3.0,1.0,1.0,1.0,1.0,1.0,5.0,2.0,1.0
15645,1.0,1.0,1.0,3.0,1.0,1.0,1.0,1.0,1.0,3.0,1.0,1.0
15646,1.0,1.0,1.0,3.0,1.0,1.0,1.0,1.0,1.0,3.0,1.0,1.0
15647,1.0,1.0,1.0,3.0,1.0,1.0,1.0,1.0,1.0,4.0,1.0,1.0
15648,1.0,1.0,1.0,3.0,1.0,1.0,1.0,1.0,1.0,5.0,2.0,1.0
15649,1.0,1.0,1.0,3.0,1.0,1.0,1.0,1.0,1.0,3.0,1.0,1.0
15650,1.0,1.0,1.0,3.0,1.0,1.0,1.0,1.0,1.0,3.0,1.0,1.0
15651,1.0,1.0,1.0,3.0,1.0,1.0,1.0,1.0,1.0,5.0,2.0,1.0
15652,1.0,1.0,1.0,3.0,1.0,1.0,1.0,1.0,1.0,3.0,1.0,1.0
15653,1.0,1.0,1.0,3.0,1.0,1.0,1.0,1.0,1.0,3.0,1.0,1.0
15654,1.0,1.0,1.0,3.0,1.0,1.0,1.0,1.0,1.0,3.0,1.0,1.0
15655,1.0,1.0,1.0,3.0,1.0,1.0,1.0,1.0,1.0,3.0,1.0,1.0
15656,1.0,1.0,1.0,3.0,1.0,1.0,1.0,1.0,1.0,5.0,2.0,1.0
15657,1.0,1.0,1.0,3.0,1.0,1.0,1.0,1.0,1.0,3.0,1.0,1.0
15658,1.0,1.0,1.0,3.0,1.0,1.0,1.0,1.0,1.0,3.0,1.0,1.0
15659,1.0,1.0,1.0,3.0,1.0,1.0,1.0,1.0,1.0,5.0,2.0,1.0
15660,1.0,1.0,1.0,3.0,1.0,1.0,1.0,1.0,1.0,5.0,2.0,1.0
15661,1.0,1.0,1.0,3.0,1.0,1.0,1.0,1.0,1.0,5.0,2.0,1.0
15662,1.0,1.0,1.0,3.0,1.0,1.0,1.0,1.0,1.0,3.0,1.0,1.0
15663,1.0,1.0,1.0,3.0,1.0,1.0,1.0,1.0,1.0,3.0,1.0,1.0
15664,1.0,1.0,1.0,3.0,1.0,1.0,1.0,1.0,1.0,4.0,1.0,1.0
15665,1.0,1.0,1.0,3.0,1.0,1.0,1.0,1.0,1.0,4.0,1.0,1.0
15666,1.0,1.0,1.0,3.0,1.0,1.0,1.0,1.0,1.0,4.0,1.0,1.0
15667,1.0,1.0,1.0,3.0,1.0,1.0,1.0,1.0,1.0,4.0,1.0,1.0
15668,1.0,1.0,1.0,3.0,1.0,1.0,1.0,1.0,1.0,3.0,1.0,1.0
15669,1.0,1.0,1.0,3.0,1.0,1.0,1.0,1.0,1.0,5.0,2.0,1.0
15670,1.0,1.0,1.0,3.0,1.0,1.0,1.0,1.0,1.0,4.0,1.0,1.0
15671,1.0,1.0,1.0,3.0,1.0,1.0,1.0,1.0,1.0,3.0,1.0,1.0
15672,1.0,1.0,1.0,3.0,1.0,1.0,1.0,1.0,1.0,4.0,1.0,1.0
15673,1.0,1.0,1.0,3.0,1.0,1.0,1.0,1.0,1.0,5.0,2.0,1.0
15674,1.0,1.0,1.0,3.0,1.0,1.0,1.0,1.0,1.0,3.0,1.0,1.0
15675,1.0,1.0,1.0,3.0,1.0,1.0,1.0,1.0,1.0,5.0,2.0,1.0
15676,1.0,1.0,1.0,3.0,1.0,1.0,1.0,1.0,1.0,5.0,2.0,1.0
15677,1.0,1.0,1.0,3.0,1.0,1.0,1.0,1.0,1.0,3.0,1.0,1.0
15678,1.0,1.0,1.0,3.0,1.0,1.0,1.0,1.0,1.0,3.0,1.0,1.0
15679,1.0,1.0,1.0,3.0,1.0,1.0,1.0,1.0,1.0,3.0,1.0,1.0
15680,1.0,1.0,1.0,3.0,1.0,1.0,1.0,1.0,1.0,3.0,1.0,1.0
15681,1.0,1.0,1.0,3.0,1.0,1.0,1.0,1.0,1.0,3.0,1.0,1.0
15682,1.0,1.0,1.0,3.0,1.0,1.0,1.0,1.0,1.0,3.0,1.0,1.0
15683,1.0,1.0,1.0,3.0,1.0,1.0,1.0,1.0,1.0,5.0,2.0,1.0
15684,1.0,1.0,1.0,3.0,1.0,1.0,1.0,1.0,1.0,4.0,1.0,1.0
15685,1.0,1.0,1.0,3.0,1.0,1.0,1.0,1.0,1.0,3.0,1.0,1.0
15686,1.0,1.0,1.0,3.0,1.0,1.0,1.0,1.0,1.0,3.0,1.0,1.0
15687,1.0,1.0,1.0,3.0,1.0,1.0,1.0,1.0,1.0,3.0,1.0,1.0
15688,1.0,1.0,1.0,3.0,1.0,1.0,1.0,1.0,1.0,3.0,1.0,1.0
15689,1.0,1.0,1.0,3.0,1.0,1.0,1.0,1.0,1.0,5.0,2.0,1.0
15690,1.0,1.0,1.0,3.0,1.0,1.0,1.0,1.0,1.0,3.0,1.0,1.0
15691,1.0,1.0,1.0,3.0,1.0,1.0,1.0,1.0,1.0,4.0,1.0,1.0
15692,1.0,1.0,1.0,3.0,1.0,1.0,1.0,1.0,1.0,4.0,1.0,1.0
15693,1.0,1.0,1.0,3.0,1.0,1.0,1.0,1.0,1.0,3.0,1.0,1.0
15694,1.0,1.0,1.0,3.0,1.0,1.0,1.0,1.0,1.0,3.0,1.0,1.0
15695,1.0,1.0,1.0,3.0,1.0,1.0,1.0,1.0,1.0,3.0,1.0,1.0
15696,1.0,1.0,1.0,3.0,1.0,1.0,1.0,1.0,1.0,3.0,1.0,1.0
15697,1.0,1.0,1.0,3.0,1.0,1.0,1.0,1.0,1.0,4.0,1.0,1.0
15698,1.0,1.0,1.0,3.0,1.0,1.0,1.0,1.0,1.0,3.0,1.0,1.0
15699,1.0,1.0,1.0,3.0,1.0,1.0,1.0,1.0,1.0,3.0,1.0,1.0
15700,1.0,1.0,1.0,3.0,1.0,1.0,1.0,1.0,1.0,5.0,2.0,1.0
15701,1.0,1.0,1.0,3.0,1.0,1.0,1.0,1.0,1.0,3.0,1.0,1.0
15702,1.0,1.0,1.0,3.0,1.0,1.0,1.0,1.0,1.0,4.0,1.0,1.0
15703,1.0,1.0,1.0,3.0,1.0,1.0,1.0,1.0,1.0,5.0,2.0,1.0
15704,1.0,1.0,1.0,3.0,1.0,1.0,1.0,1.0,1.0,3.0,1.0,1.0
15705,1.0,1.0,1.0,3.0,1.0,1.0,1.0,1.0,1.0,5.0,2.0,1.0
15706,1.0,1.0,1.0,3.0,1.0,1.0,1.0,1.0,1.0,3.0,1.0,1.0
15707,1.0,1.0,1.0,3.0,1.0,1.0,1.0,1.0,1.0,3.0,1.0,1.0
15708,1.0,1.0,1.0,3.0,1.0,1.0,1.0,1.0,1.0,4.0,1.0,1.0
15709,1.0,1.0,1.0,3.0,1.0,1.0,1.0,1.0,1.0,4.0,1.0,1.0
15710,1.0,1.0,1.0,3.0,1.0,1.0,1.0,1.0,1.0,3.0,1.0,1.0
15711,1.0,1.0,1.0,3.0,1.0,1.0,1.0,1.0,1.0,3.0,1.0,1.0
15712,1.0,1.0,1.0,3.0,1.0,1.0,1.0,1.0,1.0,3.0,1.0,1.0
15713,1.0,1.0,1.0,3.0,1.0,1.0,1.0,1.0,1.0,5.0,2.0,1.0
15714,1.0,1.0,1.0,3.0,1.0,1.0,1.0,1.0,1.0,5.0,2.0,1.0
15715,1.0,1.0,1.0,3.0,1.0,1.0,1.0,1.0,1.0,4.0,1.0,1.0
15716,1.0,1.0,1.0,3.0,1.0,1.0,1.0,1.0,1.0,3.0,1.0,1.0
15717,1.0,1.0,1.0,3.0,1.0,1.0,1.0,1.0,1.0,3.0,1.0,1.0
15718,1.0,1.0,1.0,3.0,1.0,1.0,1.0,1.0,1.0,3.0,1.0,1.0
15719,1.0,1.0,1.0,3.0,1.0,1.0,1.0,1.0,1.0,3.0,1.0,1.0
15720,1.0,1.0,1.0,3.0,1.0,1.0,1.0,1.0,1.0,3.0,1.0,1.0
15721,1.0,1.0,1.0,3.0,1.0,1.0,1.0,1.0,1.0,4.0,1.0,1.0
15722,1.0,1.0,1.0,3.0,1.0,1.0,1.0,1.0,1.0,3.0,1.0,1.0
15723,1.0,1.0,1.0,3.0,1.0,1.0,1.0,1.0,1.0,3.0,1.0,1.0
15724,1.0,1.0,1.0,3.0,1.0,1.0,1.0,1.0,1.0,3.0,1.0,1.0
15725,1.0,1.0,1.0,3.0,1.0,1.0,1.0,1.0,1.0,4.0,1.0,1.0
15726,1.0,1.0,1.0,3.0,1.0,1.0,1.0,1.0,1.0,3.0,1.0,1.0
15727,1.0,1.0,1.0,3.0,1.0,1.0,1.0,1.0,1.0,3.0,1.0,1.0
15728,1.0,1.0,1.0,3.0,1.0,1.0,1.0,1.0,1.0,5.0,2.0,1.0
15729,1.0,1.0,1.0,3.0,1.0,1.0,1.0,1.0,1.0,5.0,2.0,1.0
15730,1.0,1.0,1.0,3.0,1.0,1.0,1.0,1.0,1.0,3.0,1.0,1.0
15731,1.0,1.0,1.0,3.0,1.0,1.0,1.0,1.0,1.0,3.0,1.0,1.0
15732,1.0,1.0,1.0,3.0,1.0,1.0,1.0,1.0,1.0,3.0,1.0,1.0
15733,1.0,1.0,1.0,3.0,1.0,1.0,1.0,1.0,1.0,5.0,2.0,1.0
15734,1.0,1.0,1.0,3.0,1.0,1.0,1.0,1.0,1.0,3.0,1.0,1.0
15735,1.0,1.0,1.0,3.0,1.0,1.0,1.0,1.0,1.0,5.0,2.0,1.0
15736,1.0,1.0,1.0,3.0,1.0,1.0,1.0,1.0,1.0,3.0,1.0,1.0
15737,1.0,1.0,1.0,3.0,1.0,1.0,1.0,1.0,1.0,3.0,1.0,1.0
15738,1.0,1.0,1.0,3.0,1.0,1.0,1.0,1.0,1.0,3.0,1.0,1.0
15739,1.0,1.0,1.0,3.0,1.0,1.0,1.0,1.0,1.0,3.0,1.0,1.0
15740,1.0,1.0,1.0,3.0,1.0,1.0,1.0,1.0,1.0,3.0,1.0,1.0
15741,1.0,1.0,1.0,3.0,1.0,1.0,1.0,1.0,1.0,4.0,1.0,1.0
15742,1.0,1.0,1.0,3.0,1.0,1.0,1.0,1.0,1.0,3.0,1.0,1.0
15743,1.0,1.0,1.0,3.0,1.0,1.0,1.0,1.0,1.0,3.0,1.0,1.0
15744,1.0,1.0,1.0,3.0,1.0,1.0,1.0,1.0,1.0,3.0,1.0,1.0
15745,1.0,1.0,1.0,3.0,1.0,1.0,1.0,1.0,1.0,3.0,1.0,1.0
15746,1.0,1.0,1.0,3.0,1.0,1.0,1.0,1.0,1.0,5.0,2.0,1.0
15747,1.0,1.0,1.0,3.0,1.0,1.0,1.0,1.0,1.0,5.0,2.0,1.0
15748,1.0,1.0,1.0,3.0,1.0,1.0,1.0,1.0,1.0,5.0,2.0,1.0
15749,1.0,1.0,1.0,3.0,1.0,1.0,1.0,1.0,1.0,4.0,1.0,1.0
15750,1.0,1.0,1.0,3.0,1.0,1.0,1.0,1.0,1.0,3.0,1.0,1.0
15751,1.0,1.0,1.0,3.0,1.0,1.0,1.0,1.0,1.0,5.0,2.0,1.0
15752,1.0,1.0,1.0,3.0,1.0,1.0,1.0,1.0,1.0,3.0,1.0,1.0
15753,1.0,1.0,1.0,3.0,1.0,1.0,1.0,1.0,1.0,3.0,1.0,1.0
15754,1.0,1.0,1.0,3.0,1.0,1.0,1.0,1.0,1.0,5.0,2.0,1.0
15755,1.0,1.0,1.0,3.0,1.0,1.0,1.0,1.0,1.0,3.0,1.0,1.0
15756,1.0,1.0,1.0,3.0,1.0,1.0,1.0,1.0,1.0,5.0,2.0,1.0
15757,1.0,1.0,1.0,3.0,1.0,1.0,1.0,1.0,1.0,5.0,2.0,1.0
15758,1.0,1.0,1.0,3.0,1.0,1.0,1.0,1.0,1.0,3.0,1.0,1.0
15759,1.0,1.0,1.0,3.0,1.0,1.0,1.0,1.0,1.0,3.0,1.0,1.0
15760,1.0,1.0,1.0,3.0,1.0,1.0,1.0,1.0,1.0,3.0,1.0,1.0
15761,1.0,1.0,1.0,3.0,1.0,1.0,1.0,1.0,1.0,5.0,2.0,1.0
15762,1.0,1.0,1.0,3.0,1.0,1.0,1.0,1.0,1.0,3.0,1.0,1.0
15763,1.0,1.0,1.0,3.0,1.0,1.0,1.0,1.0,1.0,3.0,1.0,1.0
15764,1.0,1.0,1.0,3.0,1.0,1.0,1.0,1.0,1.0,4.0,1.0,1.0
15765,1.0,1.0,1.0,3.0,1.0,1.0,1.0,1.0,1.0,3.0,1.0,1.0
15766,1.0,1.0,1.0,3.0,1.0,1.0,1.0,1.0,1.0,3.0,1.0,1.0
15767,1.0,1.0,1.0,3.0,1.0,1.0,1.0,1.0,1.0,5.0,2.0,1.0
15768,1.0,1.0,1.0,3.0,1.0,1.0,1.0,1.0,1.0,3.0,1.0,1.0
15769,1.0,1.0,1.0,3.0,1.0,1.0,1.0,1.0,1.0,3.0,1.0,1.0
15770,1.0,1.0,1.0,3.0,1.0,1.0,1.0,1.0,1.0,5.0,2.0,1.0
15771,1.0,1.0,1.0,3.0,1.0,1.0,1.0,1.0,1.0,3.0,1.0,1.0
15772,1.0,1.0,1.0,3.0,1.0,1.0,1.0,1.0,1.0,5.0,2.0,1.0
15773,1.0,1.0,1.0,3.0,1.0,1.0,1.0,1.0,1.0,4.0,1.0,1.0
15774,1.0,1.0,1.0,3.0,1.0,1.0,1.0,1.0,1.0,5.0,2.0,1.0
15775,1.0,1.0,1.0,3.0,1.0,1.0,1.0,1.0,1.0,4.0,1.0,1.0
15776,1.0,1.0,1.0,3.0,1.0,1.0,1.0,1.0,1.0,3.0,1.0,1.0
15777,1.0,1.0,1.0,3.0,1.0,1.0,1.0,1.0,1.0,4.0,1.0,1.0
15778,1.0,1.0,1.0,3.0,1.0,1.0,1.0,1.0,1.0,4.0,1.0,1.0
15779,1.0,1.0,1.0,3.0,1.0,1.0,1.0,1.0,1.0,3.0,1.0,1.0
15780,1.0,1.0,1.0,3.0,1.0,1.0,1.0,1.0,1.0,3.0,1.0,1.0
15781,1.0,1.0,1.0,3.0,1.0,1.0,1.0,1.0,1.0,5.0,2.0,1.0
15782,1.0,1.0,1.0,3.0,1.0,1.0,1.0,1.0,1.0,5.0,2.0,1.0
15783,1.0,1.0,1.0,3.0,1.0,1.0,1.0,1.0,1.0,3.0,1.0,1.0
15784,1.0,1.0,1.0,3.0,1.0,1.0,1.0,1.0,1.0,3.0,1.0,1.0
15785,1.0,1.0,1.0,3.0,1.0,1.0,1.0,1.0,1.0,3.0,1.0,1.0
15786,1.0,1.0,1.0,3.0,1.0,1.0,1.0,1.0,1.0,3.0,1.0,1.0
15787,1.0,1.0,1.0,3.0,1.0,1.0,1.0,1.0,1.0,3.0,1.0,1.0
15788,1.0,1.0,1.0,3.0,1.0,1.0,1.0,1.0,1.0,3.0,1.0,1.0
15789,1.0,1.0,1.0,3.0,1.0,1.0,1.0,1.0,1.0,3.0,1.0,1.0
15790,1.0,1.0,1.0,3.0,1.0,1.0,1.0,1.0,1.0,3.0,1.0,1.0
15791,1.0,1.0,1.0,3.0,1.0,1.0,1.0,1.0,1.0,5.0,2.0,1.0
15792,1.0,1.0,1.0,3.0,1.0,1.0,1.0,1.0,1.0,4.0,1.0,1.0
15793,1.0,1.0,1.0,3.0,1.0,1.0,1.0,1.0,1.0,3.0,1.0,1.0
15794,1.0,1.0,1.0,3.0,1.0,1.0,1.0,1.0,1.0,3.0,1.0,1.0
15795,1.0,1.0,1.0,3.0,1.0,1.0,1.0,1.0,1.0,5.0,2.0,1.0
15796,1.0,1.0,1.0,3.0,1.0,1.0,1.0,1.0,1.0,5.0,2.0,1.0
15797,1.0,1.0,1.0,3.0,1.0,1.0,1.0,1.0,1.0,5.0,2.0,1.0
15798,1.0,1.0,1.0,3.0,1.0,1.0,1.0,1.0,1.0,4.0,1.0,1.0
15799,1.0,1.0,1.0,3.0,1.0,1.0,1.0,1.0,1.0,3.0,1.0,1.0
15800,1.0,1.0,1.0,3.0,1.0,1.0,1.0,1.0,1.0,5.0,2.0,1.0
15801,1.0,1.0,1.0,3.0,1.0,1.0,1.0,1.0,1.0,5.0,2.0,1.0
15802,1.0,1.0,1.0,3.0,1.0,1.0,1.0,1.0,1.0,3.0,1.0,1.0
15803,1.0,1.0,1.0,3.0,1.0,1.0,1.0,1.0,1.0,3.0,1.0,1.0
15804,1.0,1.0,1.0,3.0,1.0,1.0,1.0,1.0,1.0,3.0,1.0,1.0
15805,1.0,1.0,1.0,3.0,1.0,1.0,1.0,1.0,1.0,4.0,1.0,1.0
15806,1.0,1.0,1.0,3.0,1.0,1.0,1.0,1.0,1.0,5.0,2.0,1.0
15807,1.0,1.0,1.0,3.0,1.0,1.0,1.0,1.0,1.0,5.0,2.0,1.0
15808,1.0,1.0,1.0,3.0,1.0,1.0,1.0,1.0,1.0,5.0,2.0,1.0
15809,1.0,1.0,1.0,3.0,1.0,1.0,1.0,1.0,1.0,4.0,1.0,1.0
15810,1.0,1.0,1.0,3.0,1.0,1.0,1.0,1.0,1.0,5.0,2.0,1.0
15811,1.0,1.0,1.0,3.0,1.0,1.0,1.0,1.0,1.0,5.0,2.0,1.0
15812,1.0,1.0,1.0,3.0,1.0,1.0,1.0,1.0,1.0,4.0,1.0,1.0
15813,1.0,1.0,1.0,3.0,1.0,1.0,1.0,1.0,1.0,5.0,2.0,1.0
15814,1.0,1.0,1.0,3.0,1.0,1.0,1.0,1.0,1.0,3.0,1.0,1.0
15815,1.0,1.0,1.0,3.0,1.0,1.0,1.0,1.0,1.0,3.0,1.0,1.0
15816,1.0,1.0,1.0,3.0,1.0,1.0,1.0,1.0,1.0,5.0,2.0,1.0
15817,1.0,1.0,1.0,3.0,1.0,1.0,1.0,1.0,1.0,4.0,1.0,1.0
15818,1.0,1.0,1.0,3.0,1.0,1.0,1.0,1.0,1.0,5.0,2.0,1.0
15819,1.0,1.0,1.0,3.0,1.0,1.0,1.0,1.0,1.0,4.0,1.0,1.0
15820,1.0,1.0,1.0,3.0,1.0,1.0,1.0,1.0,1.0,3.0,1.0,1.0
15821,1.0,1.0,1.0,3.0,1.0,1.0,1.0,1.0,1.0,5.0,2.0,1.0
15822,1.0,1.0,1.0,3.0,1.0,1.0,1.0,1.0,1.0,3.0,1.0,1.0
15823,1.0,1.0,1.0,3.0,1.0,1.0,1.0,1.0,1.0,3.0,1.0,1.0
15824,1.0,1.0,1.0,3.0,1.0,1.0,1.0,1.0,1.0,5.0,2.0,1.0
15825,1.0,1.0,1.0,3.0,1.0,1.0,1.0,1.0,1.0,4.0,1.0,1.0
15826,1.0,1.0,1.0,3.0,1.0,1.0,1.0,1.0,1.0,5.0,2.0,1.0
15827,1.0,1.0,1.0,3.0,1.0,1.0,1.0,1.0,1.0,3.0,1.0,1.0
15828,1.0,1.0,1.0,3.0,1.0,1.0,1.0,1.0,1.0,4.0,1.0,1.0
15829,1.0,1.0,1.0,3.0,1.0,1.0,1.0,1.0,1.0,3.0,1.0,1.0
15830,1.0,1.0,1.0,3.0,1.0,1.0,1.0,1.0,1.0,3.0,1.0,1.0
15831,1.0,1.0,1.0,3.0,1.0,1.0,1.0,1.0,1.0,4.0,1.0,1.0
15832,1.0,1.0,1.0,3.0,1.0,1.0,1.0,1.0,1.0,5.0,2.0,1.0
15833,1.0,1.0,1.0,3.0,1.0,1.0,1.0,1.0,1.0,3.0,1.0,1.0
15834,1.0,1.0,1.0,3.0,1.0,1.0,1.0,1.0,1.0,3.0,1.0,1.0
15835,1.0,1.0,1.0,3.0,1.0,1.0,1.0,1.0,1.0,4.0,1.0,1.0
15836,1.0,1.0,1.0,3.0,1.0,1.0,1.0,1.0,1.0,3.0,1.0,1.0
15837,1.0,1.0,1.0,3.0,1.0,1.0,1.0,1.0,1.0,3.0,1.0,1.0
15838,1.0,1.0,1.0,3.0,1.0,1.0,1.0,1.0,1.0,3.0,1.0,1.0
15839,1.0,1.0,1.0,3.0,1.0,1.0,1.0,1.0,1.0,4.0,1.0,1.0
15840,1.0,1.0,1.0,3.0,1.0,1.0,1.0,1.0,1.0,5.0,2.0,1.0
15841,1.0,1.0,1.0,3.0,1.0,1.0,1.0,1.0,1.0,4.0,1.0,1.0
15842,1.0,1.0,1.0,3.0,1.0,1.0,1.0,1.0,1.0,4.0,1.0,1.0
15843,1.0,1.0,1.0,3.0,1.0,1.0,1.0,1.0,1.0,3.0,1.0,1.0
15844,1.0,1.0,1.0,3.0,1.0,1.0,1.0,1.0,1.0,4.0,1.0,1.0
15845,1.0,1.0,1.0,3.0,1.0,1.0,1.0,1.0,1.0,3.0,1.0,1.0
15846,1.0,1.0,1.0,3.0,1.0,1.0,1.0,1.0,1.0,3.0,1.0,1.0
15847,1.0,1.0,1.0,3.0,1.0,1.0,1.0,1.0,1.0,3.0,1.0,1.0
15848,1.0,1.0,1.0,3.0,1.0,1.0,1.0,1.0,1.0,4.0,1.0,1.0
15849,1.0,1.0,1.0,3.0,1.0,1.0,1.0,1.0,1.0,4.0,1.0,1.0
15850,1.0,1.0,1.0,3.0,1.0,1.0,1.0,1.0,1.0,3.0,1.0,1.0
15851,1.0,1.0,1.0,3.0,1.0,1.0,1.0,1.0,1.0,3.0,1.0,1.0
15852,1.0,1.0,1.0,3.0,1.0,1.0,1.0,1.0,1.0,5.0,2.0,1.0
15853,1.0,1.0,1.0,3.0,1.0,1.0,1.0,1.0,1.0,4.0,1.0,1.0
15854,1.0,1.0,1.0,3.0,1.0,1.0,1.0,1.0,1.0,5.0,2.0,1.0
15855,1.0,1.0,1.0,3.0,1.0,1.0,1.0,1.0,1.0,3.0,1.0,1.0
15856,1.0,1.0,1.0,3.0,1.0,1.0,1.0,1.0,1.0,3.0,1.0,1.0
15857,1.0,1.0,1.0,3.0,1.0,1.0,1.0,1.0,1.0,3.0,1.0,1.0
15858,1.0,1.0,1.0,3.0,1.0,1.0,1.0,1.0,1.0,5.0,2.0,1.0
15859,1.0,1.0,1.0,3.0,1.0,1.0,1.0,1.0,1.0,3.0,1.0,1.0
15860,1.0,1.0,1.0,3.0,1.0,1.0,1.0,1.0,1.0,4.0,1.0,1.0
15861,1.0,1.0,1.0,3.0,1.0,1.0,1.0,1.0,1.0,3.0,1.0,1.0
15862,1.0,1.0,1.0,3.0,1.0,1.0,1.0,1.0,1.0,5.0,2.0,1.0
15863,1.0,1.0,1.0,3.0,1.0,1.0,1.0,1.0,1.0,3.0,1.0,1.0
15864,1.0,1.0,1.0,3.0,1.0,1.0,1.0,1.0,1.0,3.0,1.0,1.0
15865,1.0,1.0,1.0,3.0,1.0,1.0,1.0,1.0,1.0,4.0,1.0,1.0
15866,1.0,1.0,1.0,3.0,1.0,1.0,1.0,1.0,1.0,5.0,2.0,1.0
15867,1.0,1.0,1.0,3.0,1.0,1.0,1.0,1.0,1.0,3.0,1.0,1.0
15868,1.0,1.0,1.0,3.0,1.0,1.0,1.0,1.0,1.0,5.0,2.0,1.0
15869,1.0,1.0,1.0,3.0,1.0,1.0,1.0,1.0,1.0,5.0,2.0,1.0
15870,1.0,1.0,1.0,3.0,1.0,1.0,1.0,1.0,1.0,4.0,1.0,1.0
15871,1.0,1.0,1.0,3.0,1.0,1.0,1.0,1.0,1.0,5.0,2.0,1.0
15872,1.0,1.0,1.0,3.0,1.0,1.0,1.0,1.0,1.0,4.0,1.0,1.0
15873,1.0,1.0,1.0,3.0,1.0,1.0,1.0,1.0,1.0,3.0,1.0,1.0
15874,1.0,1.0,1.0,3.0,1.0,1.0,1.0,1.0,1.0,4.0,1.0,1.0
15875,1.0,1.0,1.0,3.0,1.0,1.0,1.0,1.0,1.0,5.0,2.0,1.0
15876,1.0,1.0,1.0,3.0,1.0,1.0,1.0,1.0,1.0,3.0,1.0,1.0
15877,1.0,1.0,1.0,3.0,1.0,1.0,1.0,1.0,1.0,3.0,1.0,1.0
15878,1.0,1.0,1.0,3.0,1.0,1.0,1.0,1.0,1.0,3.0,1.0,1.0
15879,1.0,1.0,1.0,3.0,1.0,1.0,1.0,1.0,1.0,5.0,2.0,1.0
15880,1.0,1.0,1.0,3.0,1.0,1.0,1.0,1.0,1.0,4.0,1.0,1.0
15881,1.0,1.0,1.0,3.0,1.0,1.0,1.0,1.0,1.0,3.0,1.0,1.0
15882,1.0,1.0,1.0,3.0,1.0,1.0,1.0,1.0,1.0,3.0,1.0,1.0
15883,1.0,1.0,1.0,3.0,1.0,1.0,1.0,1.0,1.0,5.0,2.0,1.0
15884,1.0,1.0,1.0,3.0,1.0,1.0,1.0,1.0,1.0,3.0,1.0,1.0
15885,1.0,1.0,1.0,3.0,1.0,1.0,1.0,1.0,1.0,4.0,1.0,1.0
15886,1.0,1.0,1.0,3.0,1.0,1.0,1.0,1.0,1.0,4.0,1.0,1.0
15887,1.0,1.0,1.0,3.0,1.0,1.0,1.0,1.0,1.0,4.0,1.0,1.0
15888,1.0,1.0,1.0,3.0,1.0,1.0,1.0,1.0,1.0,4.0,1.0,1.0
15889,1.0,1.0,1.0,3.0,1.0,1.0,1.0,1.0,1.0,5.0,2.0,1.0
15890,1.0,1.0,1.0,3.0,1.0,1.0,1.0,1.0,1.0,3.0,1.0,1.0
15891,1.0,1.0,1.0,3.0,1.0,1.0,1.0,1.0,1.0,3.0,1.0,1.0
15892,1.0,1.0,1.0,3.0,1.0,1.0,1.0,1.0,1.0,4.0,1.0,1.0
15893,1.0,1.0,1.0,3.0,1.0,1.0,1.0,1.0,1.0,5.0,2.0,1.0
15894,1.0,1.0,1.0,3.0,1.0,1.0,1.0,1.0,1.0,3.0,1.0,1.0
15895,1.0,1.0,1.0,3.0,1.0,1.0,1.0,1.0,1.0,3.0,1.0,1.0
15896,1.0,1.0,1.0,3.0,1.0,1.0,1.0,1.0,1.0,5.0,2.0,1.0
15897,1.0,1.0,1.0,3.0,1.0,1.0,1.0,1.0,1.0,4.0,1.0,1.0
15898,1.0,1.0,1.0,3.0,1.0,1.0,1.0,1.0,1.0,4.0,1.0,1.0
15899,1.0,1.0,1.0,3.0,1.0,1.0,1.0,1.0,1.0,4.0,1.0,1.0
15900,1.0,1.0,1.0,3.0,1.0,1.0,1.0,1.0,1.0,5.0,2.0,1.0
15901,1.0,1.0,1.0,3.0,1.0,1.0,1.0,1.0,1.0,4.0,1.0,1.0
15902,1.0,1.0,1.0,3.0,1.0,1.0,1.0,1.0,1.0,3.0,1.0,1.0
15903,1.0,1.0,1.0,3.0,1.0,1.0,1.0,1.0,1.0,4.0,1.0,1.0
15904,1.0,1.0,1.0,3.0,1.0,1.0,1.0,1.0,1.0,5.0,2.0,1.0
15905,1.0,1.0,1.0,3.0,1.0,1.0,1.0,1.0,1.0,5.0,2.0,1.0
15906,1.0,1.0,1.0,3.0,1.0,1.0,1.0,1.0,1.0,3.0,1.0,1.0
15907,1.0,1.0,1.0,3.0,1.0,1.0,1.0,1.0,1.0,3.0,1.0,1.0
15908,1.0,1.0,1.0,3.0,1.0,1.0,1.0,1.0,1.0,5.0,2.0,1.0
15909,1.0,1.0,1.0,3.0,1.0,1.0,1.0,1.0,1.0,3.0,1.0,1.0
15910,1.0,1.0,1.0,3.0,1.0,1.0,1.0,1.0,1.0,5.0,2.0,1.0
15911,1.0,1.0,1.0,3.0,1.0,1.0,1.0,1.0,1.0,5.0,2.0,1.0
15912,1.0,1.0,1.0,3.0,1.0,1.0,1.0,1.0,1.0,3.0,1.0,1.0
15913,1.0,1.0,1.0,3.0,1.0,1.0,1.0,1.0,1.0,4.0,1.0,1.0
15914,1.0,1.0,1.0,3.0,1.0,1.0,1.0,1.0,1.0,3.0,1.0,1.0
15915,1.0,1.0,1.0,3.0,1.0,1.0,1.0,1.0,1.0,3.0,1.0,1.0
15916,1.0,1.0,1.0,3.0,1.0,1.0,1.0,1.0,1.0,3.0,1.0,1.0
15917,1.0,1.0,1.0,3.0,1.0,1.0,1.0,1.0,1.0,5.0,2.0,1.0
15918,1.0,1.0,1.0,3.0,1.0,1.0,1.0,1.0,1.0,3.0,1.0,1.0
15919,1.0,1.0,1.0,3.0,1.0,1.0,1.0,1.0,1.0,4.0,1.0,1.0
15920,1.0,1.0,1.0,3.0,1.0,1.0,1.0,1.0,1.0,4.0,1.0,1.0
15921,1.0,1.0,1.0,3.0,1.0,1.0,1.0,1.0,1.0,4.0,1.0,1.0
15922,1.0,1.0,1.0,3.0,1.0,1.0,1.0,1.0,1.0,3.0,1.0,1.0
15923,1.0,1.0,1.0,3.0,1.0,1.0,1.0,1.0,1.0,5.0,2.0,1.0
15924,1.0,1.0,1.0,3.0,1.0,1.0,1.0,1.0,1.0,3.0,1.0,1.0
15925,1.0,1.0,1.0,3.0,1.0,1.0,1.0,1.0,1.0,3.0,1.0,1.0
15926,1.0,1.0,1.0,3.0,1.0,1.0,1.0,1.0,1.0,5.0,2.0,1.0
15927,1.0,1.0,1.0,3.0,1.0,1.0,1.0,1.0,1.0,5.0,2.0,1.0
15928,1.0,1.0,1.0,3.0,1.0,1.0,1.0,1.0,1.0,5.0,2.0,1.0
15929,1.0,1.0,1.0,3.0,1.0,1.0,1.0,1.0,1.0,3.0,1.0,1.0
15930,1.0,1.0,1.0,3.0,1.0,1.0,1.0,1.0,1.0,3.0,1.0,1.0
15931,1.0,1.0,1.0,3.0,1.0,1.0,1.0,1.0,1.0,3.0,1.0,1.0
15932,1.0,1.0,1.0,3.0,1.0,1.0,1.0,1.0,1.0,4.0,1.0,1.0
15933,1.0,1.0,1.0,3.0,1.0,1.0,1.0,1.0,1.0,3.0,1.0,1.0
15934,1.0,1.0,1.0,3.0,1.0,1.0,1.0,1.0,1.0,5.0,2.0,1.0
15935,1.0,1.0,1.0,3.0,1.0,1.0,1.0,1.0,1.0,3.0,1.0,1.0
15936,1.0,1.0,1.0,3.0,1.0,1.0,1.0,1.0,1.0,3.0,1.0,1.0
15937,1.0,1.0,1.0,3.0,1.0,1.0,1.0,1.0,1.0,3.0,1.0,1.0
15938,1.0,1.0,1.0,3.0,1.0,1.0,1.0,1.0,1.0,3.0,1.0,1.0
15939,1.0,1.0,1.0,3.0,1.0,1.0,1.0,1.0,1.0,5.0,2.0,1.0
15940,1.0,1.0,1.0,3.0,1.0,1.0,1.0,1.0,1.0,3.0,1.0,1.0
15941,1.0,1.0,1.0,3.0,1.0,1.0,1.0,1.0,1.0,5.0,2.0,1.0
15942,1.0,1.0,1.0,3.0,1.0,1.0,1.0,1.0,1.0,3.0,1.0,1.0
15943,1.0,1.0,1.0,3.0,1.0,1.0,1.0,1.0,1.0,4.0,1.0,1.0
15944,1.0,1.0,1.0,3.0,1.0,1.0,1.0,1.0,1.0,3.0,1.0,1.0
15945,1.0,1.0,1.0,3.0,1.0,1.0,1.0,1.0,1.0,3.0,1.0,1.0
15946,1.0,1.0,1.0,3.0,1.0,1.0,1.0,1.0,1.0,3.0,1.0,1.0
15947,1.0,1.0,1.0,3.0,1.0,1.0,1.0,1.0,1.0,3.0,1.0,1.0
15948,1.0,1.0,1.0,3.0,1.0,1.0,1.0,1.0,1.0,3.0,1.0,1.0
15949,1.0,1.0,1.0,3.0,1.0,1.0,1.0,1.0,1.0,3.0,1.0,1.0
15950,1.0,1.0,1.0,3.0,1.0,1.0,1.0,1.0,1.0,5.0,2.0,1.0
15951,1.0,1.0,1.0,3.0,1.0,1.0,1.0,1.0,1.0,4.0,1.0,1.0
15952,1.0,1.0,1.0,3.0,1.0,1.0,1.0,1.0,1.0,5.0,2.0,1.0
15953,1.0,1.0,1.0,3.0,1.0,1.0,1.0,1.0,1.0,5.0,2.0,1.0
15954,1.0,1.0,1.0,3.0,1.0,1.0,1.0,1.0,1.0,5.0,2.0,1.0
15955,1.0,1.0,1.0,3.0,1.0,1.0,1.0,1.0,1.0,3.0,1.0,1.0
15956,1.0,1.0,1.0,3.0,1.0,1.0,1.0,1.0,1.0,3.0,1.0,1.0
15957,1.0,1.0,1.0,3.0,1.0,1.0,1.0,1.0,1.0,3.0,1.0,1.0
15958,1.0,1.0,1.0,3.0,1.0,1.0,1.0,1.0,1.0,5.0,2.0,1.0
15959,1.0,1.0,1.0,3.0,1.0,1.0,1.0,1.0,1.0,3.0,1.0,1.0
15960,1.0,1.0,1.0,3.0,1.0,1.0,1.0,1.0,1.0,3.0,1.0,1.0
15961,1.0,1.0,1.0,3.0,1.0,1.0,1.0,1.0,1.0,3.0,1.0,1.0
15962,1.0,1.0,1.0,3.0,1.0,1.0,1.0,1.0,1.0,3.0,1.0,1.0
15963,1.0,1.0,1.0,3.0,1.0,1.0,1.0,1.0,1.0,3.0,1.0,1.0
15964,1.0,1.0,1.0,3.0,1.0,1.0,1.0,1.0,1.0,3.0,1.0,1.0
15965,1.0,1.0,1.0,3.0,1.0,1.0,1.0,1.0,1.0,4.0,1.0,1.0
15966,1.0,1.0,1.0,3.0,1.0,1.0,1.0,1.0,1.0,4.0,1.0,1.0
15967,1.0,1.0,1.0,3.0,1.0,1.0,1.0,1.0,1.0,3.0,1.0,1.0
15968,1.0,1.0,1.0,3.0,1.0,1.0,1.0,1.0,1.0,4.0,1.0,1.0
15969,1.0,1.0,1.0,3.0,1.0,1.0,1.0,1.0,1.0,3.0,1.0,1.0
15970,1.0,1.0,1.0,3.0,1.0,1.0,1.0,1.0,1.0,3.0,1.0,1.0
15971,1.0,1.0,1.0,3.0,1.0,1.0,1.0,1.0,1.0,3.0,1.0,1.0
15972,1.0,1.0,1.0,3.0,1.0,1.0,1.0,1.0,1.0,5.0,2.0,1.0
15973,1.0,1.0,1.0,3.0,1.0,1.0,1.0,1.0,1.0,3.0,1.0,1.0
15974,1.0,1.0,1.0,3.0,1.0,1.0,1.0,1.0,1.0,4.0,1.0,1.0
15975,1.0,1.0,1.0,3.0,1.0,1.0,1.0,1.0,1.0,5.0,2.0,1.0
15976,1.0,1.0,1.0,3.0,1.0,1.0,1.0,1.0,1.0,4.0,1.0,1.0
15977,1.0,1.0,1.0,3.0,1.0,1.0,1.0,1.0,1.0,3.0,1.0,1.0
15978,1.0,1.0,1.0,3.0,1.0,1.0,1.0,1.0,1.0,3.0,1.0,1.0
15979,1.0,1.0,1.0,3.0,1.0,1.0,1.0,1.0,1.0,3.0,1.0,1.0
15980,1.0,1.0,1.0,3.0,1.0,1.0,1.0,1.0,1.0,3.0,1.0,1.0
15981,1.0,1.0,1.0,3.0,1.0,1.0,1.0,1.0,1.0,3.0,1.0,1.0
15982,1.0,1.0,1.0,3.0,1.0,1.0,1.0,1.0,1.0,4.0,1.0,1.0
15983,1.0,1.0,1.0,3.0,1.0,1.0,1.0,1.0,1.0,4.0,1.0,1.0
15984,1.0,1.0,1.0,3.0,1.0,1.0,1.0,1.0,1.0,5.0,2.0,1.0
15985,1.0,1.0,1.0,3.0,1.0,1.0,1.0,1.0,1.0,4.0,1.0,1.0
15986,1.0,1.0,1.0,3.0,1.0,1.0,1.0,1.0,1.0,5.0,2.0,1.0
15987,1.0,1.0,1.0,3.0,1.0,1.0,1.0,1.0,1.0,3.0,1.0,1.0
15988,1.0,1.0,1.0,3.0,1.0,1.0,1.0,1.0,1.0,5.0,2.0,1.0
15989,1.0,1.0,1.0,3.0,1.0,1.0,1.0,1.0,1.0,3.0,1.0,1.0
15990,1.0,1.0,1.0,3.0,1.0,1.0,1.0,1.0,1.0,3.0,1.0,1.0
15991,1.0,1.0,1.0,3.0,1.0,1.0,1.0,1.0,1.0,4.0,1.0,1.0
15992,1.0,1.0,1.0,3.0,1.0,1.0,1.0,1.0,1.0,5.0,2.0,1.0
15993,1.0,1.0,1.0,3.0,1.0,1.0,1.0,1.0,1.0,3.0,1.0,1.0
15994,1.0,1.0,1.0,3.0,1.0,1.0,1.0,1.0,1.0,3.0,1.0,1.0
15995,1.0,1.0,1.0,3.0,1.0,1.0,1.0,1.0,1.0,3.0,1.0,1.0
15996,1.0,1.0,1.0,3.0,1.0,1.0,1.0,1.0,1.0,5.0,2.0,1.0
15997,1.0,1.0,1.0,3.0,1.0,1.0,1.0,1.0,1.0,3.0,1.0,1.0
15998,1.0,1.0,1.0,3.0,1.0,1.0,1.0,1.0,1.0,3.0,1.0,1.0
15999,1.0,1.0,1.0,3.0,1.0,1.0,1.0,1.0,1.0,5.0,2.0,1.0
16000,1.0,1.0,1.0,3.0,1.0,1.0,1.0,1.0,1.0,3.0,1.0,1.0
16001,1.0,1.0,1.0,3.0,1.0,1.0,1.0,1.0,1.0,3.0,1.0,1.0
16002,1.0,1.0,1.0,3.0,1.0,1.0,1.0,1.0,1.0,3.0,1.0,1.0
16003,1.0,1.0,1.0,3.0,1.0,1.0,1.0,1.0,1.0,5.0,2.0,1.0
16004,1.0,1.0,1.0,3.0,1.0,1.0,1.0,1.0,1.0,3.0,1.0,1.0
16005,1.0,1.0,1.0,3.0,1.0,1.0,1.0,1.0,1.0,4.0,1.0,1.0
16006,1.0,1.0,1.0,3.0,1.0,1.0,1.0,1.0,1.0,4.0,1.0,1.0
16007,1.0,1.0,1.0,3.0,1.0,1.0,1.0,1.0,1.0,4.0,1.0,1.0
16008,1.0,1.0,1.0,3.0,1.0,1.0,1.0,1.0,1.0,3.0,1.0,1.0
16009,1.0,1.0,1.0,3.0,1.0,1.0,1.0,1.0,1.0,4.0,1.0,1.0
16010,1.0,1.0,1.0,3.0,1.0,1.0,1.0,1.0,1.0,4.0,1.0,1.0
16011,1.0,1.0,1.0,3.0,1.0,1.0,1.0,1.0,1.0,3.0,1.0,1.0
16012,1.0,1.0,1.0,3.0,1.0,1.0,1.0,1.0,1.0,3.0,1.0,1.0
16013,1.0,1.0,1.0,3.0,1.0,1.0,1.0,1.0,1.0,5.0,2.0,1.0
16014,1.0,1.0,1.0,3.0,1.0,1.0,1.0,1.0,1.0,3.0,1.0,1.0
16015,1.0,1.0,1.0,3.0,1.0,1.0,1.0,1.0,1.0,3.0,1.0,1.0
16016,1.0,1.0,1.0,3.0,1.0,1.0,1.0,1.0,1.0,5.0,2.0,1.0
16017,1.0,1.0,1.0,3.0,1.0,1.0,1.0,1.0,1.0,5.0,2.0,1.0
16018,1.0,1.0,1.0,3.0,1.0,1.0,1.0,1.0,1.0,5.0,2.0,1.0
16019,1.0,1.0,1.0,3.0,1.0,1.0,1.0,1.0,1.0,3.0,1.0,1.0
16020,1.0,1.0,1.0,3.0,1.0,1.0,1.0,1.0,1.0,3.0,1.0,1.0
16021,1.0,1.0,1.0,3.0,1.0,1.0,1.0,1.0,1.0,4.0,1.0,1.0
16022,1.0,1.0,1.0,3.0,1.0,1.0,1.0,1.0,1.0,4.0,1.0,1.0
16023,1.0,1.0,1.0,3.0,1.0,1.0,1.0,1.0,1.0,4.0,1.0,1.0
16024,1.0,1.0,1.0,3.0,1.0,1.0,1.0,1.0,1.0,3.0,1.0,1.0
16025,1.0,1.0,1.0,3.0,1.0,1.0,1.0,1.0,1.0,3.0,1.0,1.0
16026,1.0,1.0,1.0,3.0,1.0,1.0,1.0,1.0,1.0,5.0,2.0,1.0
16027,1.0,1.0,1.0,3.0,1.0,1.0,1.0,1.0,1.0,3.0,1.0,1.0
16028,1.0,1.0,1.0,3.0,1.0,1.0,1.0,1.0,1.0,3.0,1.0,1.0
16029,1.0,1.0,1.0,3.0,1.0,1.0,1.0,1.0,1.0,3.0,1.0,1.0
16030,1.0,1.0,1.0,3.0,1.0,1.0,1.0,1.0,1.0,4.0,1.0,1.0
16031,1.0,1.0,1.0,3.0,1.0,1.0,1.0,1.0,1.0,3.0,1.0,1.0
16032,1.0,1.0,1.0,3.0,1.0,1.0,1.0,1.0,1.0,5.0,2.0,1.0
16033,1.0,1.0,1.0,3.0,1.0,1.0,1.0,1.0,1.0,3.0,1.0,1.0
16034,1.0,1.0,1.0,3.0,1.0,1.0,1.0,1.0,1.0,3.0,1.0,1.0
16035,1.0,1.0,1.0,3.0,1.0,1.0,1.0,1.0,1.0,3.0,1.0,1.0
16036,1.0,1.0,1.0,3.0,1.0,1.0,1.0,1.0,1.0,5.0,2.0,1.0
16037,1.0,1.0,1.0,3.0,1.0,1.0,1.0,1.0,1.0,3.0,1.0,1.0
16038,1.0,1.0,1.0,3.0,1.0,1.0,1.0,1.0,1.0,4.0,1.0,1.0
16039,1.0,1.0,1.0,3.0,1.0,1.0,1.0,1.0,1.0,4.0,1.0,1.0
16040,1.0,1.0,1.0,3.0,1.0,1.0,1.0,1.0,1.0,5.0,2.0,1.0
16041,1.0,1.0,1.0,3.0,1.0,1.0,1.0,1.0,1.0,3.0,1.0,1.0
16042,1.0,1.0,1.0,3.0,1.0,1.0,1.0,1.0,1.0,3.0,1.0,1.0
16043,1.0,1.0,1.0,3.0,1.0,1.0,1.0,1.0,1.0,5.0,2.0,1.0
16044,1.0,1.0,1.0,3.0,1.0,1.0,1.0,1.0,1.0,3.0,1.0,1.0
16045,1.0,1.0,1.0,3.0,1.0,1.0,1.0,1.0,1.0,4.0,1.0,1.0
16046,1.0,1.0,1.0,3.0,1.0,1.0,1.0,1.0,1.0,4.0,1.0,1.0
16047,1.0,1.0,1.0,3.0,1.0,1.0,1.0,1.0,1.0,4.0,1.0,1.0
16048,1.0,1.0,1.0,3.0,1.0,1.0,1.0,1.0,1.0,4.0,1.0,1.0
16049,1.0,1.0,1.0,3.0,1.0,1.0,1.0,1.0,1.0,3.0,1.0,1.0
16050,1.0,1.0,1.0,3.0,1.0,1.0,1.0,1.0,1.0,4.0,1.0,1.0
16051,1.0,1.0,1.0,3.0,1.0,1.0,1.0,1.0,1.0,3.0,1.0,1.0
16052,1.0,1.0,1.0,3.0,1.0,1.0,1.0,1.0,1.0,3.0,1.0,1.0
16053,1.0,1.0,1.0,3.0,1.0,1.0,1.0,1.0,1.0,3.0,1.0,1.0
16054,1.0,1.0,1.0,3.0,1.0,1.0,1.0,1.0,1.0,4.0,1.0,1.0
16055,1.0,1.0,1.0,3.0,1.0,1.0,1.0,1.0,1.0,5.0,2.0,1.0
16056,1.0,1.0,1.0,3.0,1.0,1.0,1.0,1.0,1.0,3.0,1.0,1.0
16057,1.0,1.0,1.0,3.0,1.0,1.0,1.0,1.0,1.0,5.0,2.0,1.0
16058,1.0,1.0,1.0,3.0,1.0,1.0,1.0,1.0,1.0,3.0,1.0,1.0
16059,1.0,1.0,1.0,3.0,1.0,1.0,1.0,1.0,1.0,5.0,2.0,1.0
16060,1.0,1.0,1.0,3.0,1.0,1.0,1.0,1.0,1.0,4.0,1.0,1.0
16061,1.0,1.0,1.0,3.0,1.0,1.0,1.0,1.0,1.0,4.0,1.0,1.0
16062,1.0,1.0,1.0,3.0,1.0,1.0,1.0,1.0,1.0,3.0,1.0,1.0
16063,1.0,1.0,1.0,3.0,1.0,1.0,1.0,1.0,1.0,5.0,2.0,1.0
16064,1.0,1.0,1.0,3.0,1.0,1.0,1.0,1.0,1.0,3.0,1.0,1.0
16065,1.0,1.0,1.0,3.0,1.0,1.0,1.0,1.0,1.0,4.0,1.0,1.0
16066,1.0,1.0,1.0,3.0,1.0,1.0,1.0,1.0,1.0,3.0,1.0,1.0
16067,1.0,1.0,1.0,3.0,1.0,1.0,1.0,1.0,1.0,3.0,1.0,1.0
16068,1.0,1.0,1.0,3.0,1.0,1.0,1.0,1.0,1.0,4.0,1.0,1.0
16069,1.0,1.0,1.0,3.0,1.0,1.0,1.0,1.0,1.0,5.0,2.0,1.0
16070,1.0,1.0,1.0,3.0,1.0,1.0,1.0,1.0,1.0,5.0,2.0,1.0
16071,1.0,1.0,1.0,3.0,1.0,1.0,1.0,1.0,1.0,3.0,1.0,1.0
16072,1.0,1.0,1.0,3.0,1.0,1.0,1.0,1.0,1.0,3.0,1.0,1.0
16073,1.0,1.0,1.0,3.0,1.0,1.0,1.0,1.0,1.0,4.0,1.0,1.0
16074,1.0,1.0,1.0,3.0,1.0,1.0,1.0,1.0,1.0,3.0,1.0,1.0
16075,1.0,1.0,1.0,3.0,1.0,1.0,1.0,1.0,1.0,3.0,1.0,1.0
16076,1.0,1.0,1.0,3.0,1.0,1.0,1.0,1.0,1.0,5.0,2.0,1.0
16077,1.0,1.0,1.0,3.0,1.0,1.0,1.0,1.0,1.0,5.0,2.0,1.0
16078,1.0,1.0,1.0,3.0,1.0,1.0,1.0,1.0,1.0,3.0,1.0,1.0
16079,1.0,1.0,1.0,3.0,1.0,1.0,1.0,1.0,1.0,3.0,1.0,1.0
16080,1.0,1.0,1.0,3.0,1.0,1.0,1.0,1.0,1.0,3.0,1.0,1.0
16081,1.0,1.0,1.0,3.0,1.0,1.0,1.0,1.0,1.0,3.0,1.0,1.0
16082,1.0,1.0,1.0,3.0,1.0,1.0,1.0,1.0,1.0,3.0,1.0,1.0
16083,1.0,1.0,1.0,3.0,1.0,1.0,1.0,1.0,1.0,5.0,2.0,1.0
16084,1.0,1.0,1.0,3.0,1.0,1.0,1.0,1.0,1.0,5.0,2.0,1.0
16085,1.0,1.0,1.0,3.0,1.0,1.0,1.0,1.0,1.0,4.0,1.0,1.0
16086,1.0,1.0,1.0,3.0,1.0,1.0,1.0,1.0,1.0,5.0,2.0,1.0
16087,1.0,1.0,1.0,3.0,1.0,1.0,1.0,1.0,1.0,5.0,2.0,1.0
16088,1.0,1.0,1.0,3.0,1.0,1.0,1.0,1.0,1.0,3.0,1.0,1.0
16089,1.0,1.0,1.0,3.0,1.0,1.0,1.0,1.0,1.0,3.0,1.0,1.0
16090,1.0,1.0,1.0,3.0,1.0,1.0,1.0,1.0,1.0,4.0,1.0,1.0
16091,1.0,1.0,1.0,3.0,1.0,1.0,1.0,1.0,1.0,3.0,1.0,1.0
16092,1.0,1.0,1.0,3.0,1.0,1.0,1.0,1.0,1.0,3.0,1.0,1.0
16093,1.0,1.0,1.0,3.0,1.0,1.0,1.0,1.0,1.0,4.0,1.0,1.0
16094,1.0,1.0,1.0,3.0,1.0,1.0,1.0,1.0,1.0,3.0,1.0,1.0
16095,1.0,1.0,1.0,3.0,1.0,1.0,1.0,1.0,1.0,3.0,1.0,1.0
16096,1.0,1.0,1.0,3.0,1.0,1.0,1.0,1.0,1.0,4.0,1.0,1.0
16097,1.0,1.0,1.0,3.0,1.0,1.0,1.0,1.0,1.0,4.0,1.0,1.0
16098,1.0,1.0,1.0,3.0,1.0,1.0,1.0,1.0,1.0,4.0,1.0,1.0
16099,1.0,1.0,1.0,3.0,1.0,1.0,1.0,1.0,1.0,3.0,1.0,1.0
16100,1.0,1.0,1.0,3.0,1.0,1.0,1.0,1.0,1.0,4.0,1.0,1.0
16101,1.0,1.0,1.0,3.0,1.0,1.0,1.0,1.0,1.0,3.0,1.0,1.0
16102,1.0,1.0,1.0,3.0,1.0,1.0,1.0,1.0,1.0,5.0,2.0,1.0
16103,1.0,1.0,1.0,3.0,1.0,1.0,1.0,1.0,1.0,3.0,1.0,1.0
16104,1.0,1.0,1.0,3.0,1.0,1.0,1.0,1.0,1.0,3.0,1.0,1.0
16105,1.0,1.0,1.0,3.0,1.0,1.0,1.0,1.0,1.0,3.0,1.0,1.0
16106,1.0,1.0,1.0,3.0,1.0,1.0,1.0,1.0,1.0,5.0,2.0,1.0
16107,1.0,1.0,1.0,3.0,1.0,1.0,1.0,1.0,1.0,4.0,1.0,1.0
16108,1.0,1.0,1.0,3.0,1.0,1.0,1.0,1.0,1.0,4.0,1.0,1.0
16109,1.0,1.0,1.0,3.0,1.0,1.0,1.0,1.0,1.0,3.0,1.0,1.0
16110,1.0,1.0,1.0,3.0,1.0,1.0,1.0,1.0,1.0,3.0,1.0,1.0
16111,1.0,1.0,1.0,3.0,1.0,1.0,1.0,1.0,1.0,3.0,1.0,1.0
16112,1.0,1.0,1.0,3.0,1.0,1.0,1.0,1.0,1.0,5.0,2.0,1.0
16113,1.0,1.0,1.0,3.0,1.0,1.0,1.0,1.0,1.0,3.0,1.0,1.0
16114,1.0,1.0,1.0,3.0,1.0,1.0,1.0,1.0,1.0,3.0,1.0,1.0
16115,1.0,1.0,1.0,3.0,1.0,1.0,1.0,1.0,1.0,4.0,1.0,1.0
16116,1.0,1.0,1.0,3.0,1.0,1.0,1.0,1.0,1.0,3.0,1.0,1.0
16117,1.0,1.0,1.0,3.0,1.0,1.0,1.0,1.0,1.0,3.0,1.0,1.0
16118,1.0,1.0,1.0,3.0,1.0,1.0,1.0,1.0,1.0,3.0,1.0,1.0
16119,1.0,1.0,1.0,3.0,1.0,1.0,1.0,1.0,1.0,3.0,1.0,1.0
16120,1.0,1.0,1.0,3.0,1.0,1.0,1.0,1.0,1.0,5.0,2.0,1.0
16121,1.0,1.0,1.0,3.0,1.0,1.0,1.0,1.0,1.0,5.0,2.0,1.0
16122,1.0,1.0,1.0,3.0,1.0,1.0,1.0,1.0,1.0,3.0,1.0,1.0
16123,1.0,1.0,1.0,3.0,1.0,1.0,1.0,1.0,1.0,4.0,1.0,1.0
16124,1.0,1.0,1.0,3.0,1.0,1.0,1.0,1.0,1.0,3.0,1.0,1.0
16125,1.0,1.0,1.0,3.0,1.0,1.0,1.0,1.0,1.0,5.0,2.0,1.0
16126,1.0,1.0,1.0,3.0,1.0,1.0,1.0,1.0,1.0,3.0,1.0,1.0
16127,1.0,1.0,1.0,3.0,1.0,1.0,1.0,1.0,1.0,4.0,1.0,1.0
16128,1.0,1.0,1.0,3.0,1.0,1.0,1.0,1.0,1.0,4.0,1.0,1.0
16129,1.0,1.0,1.0,3.0,1.0,1.0,1.0,1.0,1.0,5.0,2.0,1.0
16130,1.0,1.0,1.0,3.0,1.0,1.0,1.0,1.0,1.0,3.0,1.0,1.0
16131,1.0,1.0,1.0,3.0,1.0,1.0,1.0,1.0,1.0,4.0,1.0,1.0
16132,1.0,1.0,1.0,3.0,1.0,1.0,1.0,1.0,1.0,3.0,1.0,1.0
16133,1.0,1.0,1.0,3.0,1.0,1.0,1.0,1.0,1.0,5.0,2.0,1.0
16134,1.0,1.0,1.0,3.0,1.0,1.0,1.0,1.0,1.0,4.0,1.0,1.0
16135,1.0,1.0,1.0,3.0,1.0,1.0,1.0,1.0,1.0,5.0,2.0,1.0
16136,1.0,1.0,1.0,3.0,1.0,1.0,1.0,1.0,1.0,5.0,2.0,1.0
16137,1.0,1.0,1.0,3.0,1.0,1.0,1.0,1.0,1.0,3.0,1.0,1.0
16138,1.0,1.0,1.0,3.0,1.0,1.0,1.0,1.0,1.0,3.0,1.0,1.0
16139,1.0,1.0,1.0,3.0,1.0,1.0,1.0,1.0,1.0,3.0,1.0,1.0
16140,1.0,1.0,1.0,3.0,1.0,1.0,1.0,1.0,1.0,5.0,2.0,1.0
16141,1.0,1.0,1.0,3.0,1.0,1.0,1.0,1.0,1.0,3.0,1.0,1.0
16142,1.0,1.0,1.0,3.0,1.0,1.0,1.0,1.0,1.0,5.0,2.0,1.0
16143,1.0,1.0,1.0,3.0,1.0,1.0,1.0,1.0,1.0,3.0,1.0,1.0
16144,1.0,1.0,1.0,3.0,1.0,1.0,1.0,1.0,1.0,3.0,1.0,1.0
16145,1.0,1.0,1.0,3.0,1.0,1.0,1.0,1.0,1.0,5.0,2.0,1.0
16146,1.0,1.0,1.0,3.0,1.0,1.0,1.0,1.0,1.0,3.0,1.0,1.0
16147,1.0,1.0,1.0,3.0,1.0,1.0,1.0,1.0,1.0,3.0,1.0,1.0
16148,1.0,1.0,1.0,3.0,1.0,1.0,1.0,1.0,1.0,3.0,1.0,1.0
16149,1.0,1.0,1.0,3.0,1.0,1.0,1.0,1.0,1.0,5.0,2.0,1.0
16150,1.0,1.0,1.0,3.0,1.0,1.0,1.0,1.0,1.0,3.0,1.0,1.0
16151,1.0,1.0,1.0,3.0,1.0,1.0,1.0,1.0,1.0,5.0,2.0,1.0
16152,1.0,1.0,1.0,3.0,1.0,1.0,1.0,1.0,1.0,5.0,2.0,1.0
16153,1.0,1.0,1.0,3.0,1.0,1.0,1.0,1.0,1.0,5.0,2.0,1.0
16154,1.0,1.0,1.0,3.0,1.0,1.0,1.0,1.0,1.0,3.0,1.0,1.0
16155,1.0,1.0,1.0,3.0,1.0,1.0,1.0,1.0,1.0,3.0,1.0,1.0
16156,1.0,1.0,1.0,3.0,1.0,1.0,1.0,1.0,1.0,4.0,1.0,1.0
16157,1.0,1.0,1.0,3.0,1.0,1.0,1.0,1.0,1.0,4.0,1.0,1.0
16158,1.0,1.0,1.0,3.0,1.0,1.0,1.0,1.0,1.0,4.0,1.0,1.0
16159,1.0,1.0,1.0,3.0,1.0,1.0,1.0,1.0,1.0,3.0,1.0,1.0
16160,1.0,1.0,1.0,3.0,1.0,1.0,1.0,1.0,1.0,5.0,2.0,1.0
16161,1.0,1.0,1.0,3.0,1.0,1.0,1.0,1.0,1.0,3.0,1.0,1.0
16162,1.0,1.0,1.0,3.0,1.0,1.0,1.0,1.0,1.0,5.0,2.0,1.0
16163,1.0,1.0,1.0,3.0,1.0,1.0,1.0,1.0,1.0,3.0,1.0,1.0
16164,1.0,1.0,1.0,3.0,1.0,1.0,1.0,1.0,1.0,3.0,1.0,1.0
16165,1.0,1.0,1.0,3.0,1.0,1.0,1.0,1.0,1.0,3.0,1.0,1.0
16166,1.0,1.0,1.0,3.0,1.0,1.0,1.0,1.0,1.0,3.0,1.0,1.0
16167,1.0,1.0,1.0,3.0,1.0,1.0,1.0,1.0,1.0,3.0,1.0,1.0
16168,1.0,1.0,1.0,3.0,1.0,1.0,1.0,1.0,1.0,3.0,1.0,1.0
16169,1.0,1.0,1.0,3.0,1.0,1.0,1.0,1.0,1.0,3.0,1.0,1.0
16170,1.0,1.0,1.0,3.0,1.0,1.0,1.0,1.0,1.0,5.0,2.0,1.0
16171,1.0,1.0,1.0,3.0,1.0,1.0,1.0,1.0,1.0,5.0,2.0,1.0
16172,1.0,1.0,1.0,3.0,1.0,1.0,1.0,1.0,1.0,4.0,1.0,1.0
16173,1.0,1.0,1.0,3.0,1.0,1.0,1.0,1.0,1.0,3.0,1.0,1.0
16174,1.0,1.0,1.0,3.0,1.0,1.0,1.0,1.0,1.0,4.0,1.0,1.0
16175,1.0,1.0,1.0,3.0,1.0,1.0,1.0,1.0,1.0,5.0,2.0,1.0
16176,1.0,1.0,1.0,3.0,1.0,1.0,1.0,1.0,1.0,3.0,1.0,1.0
16177,1.0,1.0,1.0,3.0,1.0,1.0,1.0,1.0,1.0,4.0,1.0,1.0
16178,1.0,1.0,1.0,3.0,1.0,1.0,1.0,1.0,1.0,3.0,1.0,1.0
16179,1.0,1.0,1.0,3.0,1.0,1.0,1.0,1.0,1.0,3.0,1.0,1.0
16180,1.0,1.0,1.0,3.0,1.0,1.0,1.0,1.0,1.0,5.0,2.0,1.0
16181,1.0,1.0,1.0,3.0,1.0,1.0,1.0,1.0,1.0,3.0,1.0,1.0
16182,1.0,1.0,1.0,3.0,1.0,1.0,1.0,1.0,1.0,5.0,2.0,1.0
16183,1.0,1.0,1.0,3.0,1.0,1.0,1.0,1.0,1.0,3.0,1.0,1.0
16184,1.0,1.0,1.0,3.0,1.0,1.0,1.0,1.0,1.0,5.0,2.0,1.0
16185,1.0,1.0,1.0,3.0,1.0,1.0,1.0,1.0,1.0,5.0,2.0,1.0
16186,1.0,1.0,1.0,3.0,1.0,1.0,1.0,1.0,1.0,3.0,1.0,1.0
16187,1.0,1.0,1.0,3.0,1.0,1.0,1.0,1.0,1.0,5.0,2.0,1.0
16188,1.0,1.0,1.0,3.0,1.0,1.0,1.0,1.0,1.0,3.0,1.0,1.0
16189,1.0,1.0,1.0,3.0,1.0,1.0,1.0,1.0,1.0,3.0,1.0,1.0
16190,1.0,1.0,1.0,3.0,1.0,1.0,1.0,1.0,1.0,4.0,1.0,1.0
16191,1.0,1.0,1.0,3.0,1.0,1.0,1.0,1.0,1.0,5.0,2.0,1.0
16192,1.0,1.0,1.0,3.0,1.0,1.0,1.0,1.0,1.0,5.0,2.0,1.0
16193,1.0,1.0,1.0,3.0,1.0,1.0,1.0,1.0,1.0,3.0,1.0,1.0
16194,1.0,1.0,1.0,3.0,1.0,1.0,1.0,1.0,1.0,5.0,2.0,1.0
16195,1.0,1.0,1.0,3.0,1.0,1.0,1.0,1.0,1.0,5.0,2.0,1.0
16196,1.0,1.0,1.0,3.0,1.0,1.0,1.0,1.0,1.0,5.0,2.0,1.0
16197,1.0,1.0,1.0,3.0,1.0,1.0,1.0,1.0,1.0,5.0,2.0,1.0
16198,1.0,1.0,1.0,3.0,1.0,1.0,1.0,1.0,1.0,3.0,1.0,1.0
16199,1.0,1.0,1.0,3.0,1.0,1.0,1.0,1.0,1.0,5.0,2.0,1.0
16200,1.0,1.0,1.0,3.0,1.0,1.0,1.0,1.0,1.0,3.0,1.0,1.0
16201,1.0,1.0,1.0,3.0,1.0,1.0,1.0,1.0,1.0,5.0,2.0,1.0
16202,1.0,1.0,1.0,3.0,1.0,1.0,1.0,1.0,1.0,3.0,1.0,1.0
16203,1.0,1.0,1.0,3.0,1.0,1.0,1.0,1.0,1.0,4.0,1.0,1.0
16204,1.0,1.0,1.0,3.0,1.0,1.0,1.0,1.0,1.0,4.0,1.0,1.0
16205,1.0,1.0,1.0,3.0,1.0,1.0,1.0,1.0,1.0,3.0,1.0,1.0
16206,1.0,1.0,1.0,3.0,1.0,1.0,1.0,1.0,1.0,5.0,2.0,1.0
16207,1.0,1.0,1.0,3.0,1.0,1.0,1.0,1.0,1.0,3.0,1.0,1.0
16208,1.0,1.0,1.0,3.0,1.0,1.0,1.0,1.0,1.0,3.0,1.0,1.0
16209,1.0,1.0,1.0,3.0,1.0,1.0,1.0,1.0,1.0,3.0,1.0,1.0
16210,1.0,1.0,1.0,3.0,1.0,1.0,1.0,1.0,1.0,4.0,1.0,1.0
16211,1.0,1.0,1.0,3.0,1.0,1.0,1.0,1.0,1.0,3.0,1.0,1.0
16212,1.0,1.0,1.0,3.0,1.0,1.0,1.0,1.0,1.0,4.0,1.0,1.0
16213,1.0,1.0,1.0,3.0,1.0,1.0,1.0,1.0,1.0,4.0,1.0,1.0
16214,1.0,1.0,1.0,3.0,1.0,1.0,1.0,1.0,1.0,3.0,1.0,1.0
16215,1.0,1.0,1.0,3.0,1.0,1.0,1.0,1.0,1.0,3.0,1.0,1.0
16216,1.0,1.0,1.0,3.0,1.0,1.0,1.0,1.0,1.0,5.0,2.0,1.0
16217,1.0,1.0,1.0,3.0,1.0,1.0,1.0,1.0,1.0,3.0,1.0,1.0
16218,1.0,1.0,1.0,3.0,1.0,1.0,1.0,1.0,1.0,5.0,2.0,1.0
16219,1.0,1.0,1.0,3.0,1.0,1.0,1.0,1.0,1.0,3.0,1.0,1.0
16220,1.0,1.0,1.0,3.0,1.0,1.0,1.0,1.0,1.0,5.0,2.0,1.0
16221,1.0,1.0,1.0,3.0,1.0,1.0,1.0,1.0,1.0,3.0,1.0,1.0
16222,1.0,1.0,1.0,3.0,1.0,1.0,1.0,1.0,1.0,3.0,1.0,1.0
16223,1.0,1.0,1.0,3.0,1.0,1.0,1.0,1.0,1.0,5.0,2.0,1.0
16224,1.0,1.0,1.0,3.0,1.0,1.0,1.0,1.0,1.0,5.0,2.0,1.0
16225,1.0,1.0,1.0,3.0,1.0,1.0,1.0,1.0,1.0,3.0,1.0,1.0
16226,1.0,1.0,1.0,3.0,1.0,1.0,1.0,1.0,1.0,3.0,1.0,1.0
16227,1.0,1.0,1.0,3.0,1.0,1.0,1.0,1.0,1.0,4.0,1.0,1.0
16228,1.0,1.0,1.0,3.0,1.0,1.0,1.0,1.0,1.0,3.0,1.0,1.0
16229,1.0,1.0,1.0,3.0,1.0,1.0,1.0,1.0,1.0,3.0,1.0,1.0
16230,1.0,1.0,1.0,3.0,1.0,1.0,1.0,1.0,1.0,3.0,1.0,1.0
16231,1.0,1.0,1.0,3.0,1.0,1.0,1.0,1.0,1.0,3.0,1.0,1.0
16232,1.0,1.0,1.0,3.0,1.0,1.0,1.0,1.0,1.0,3.0,1.0,1.0
16233,1.0,1.0,1.0,3.0,1.0,1.0,1.0,1.0,1.0,5.0,2.0,1.0
16234,1.0,1.0,1.0,3.0,1.0,1.0,1.0,1.0,1.0,3.0,1.0,1.0
16235,1.0,1.0,1.0,3.0,1.0,1.0,1.0,1.0,1.0,4.0,1.0,1.0
16236,1.0,1.0,1.0,3.0,1.0,1.0,1.0,1.0,1.0,5.0,2.0,1.0
16237,1.0,1.0,1.0,3.0,1.0,1.0,1.0,1.0,1.0,3.0,1.0,1.0
16238,1.0,1.0,1.0,3.0,1.0,1.0,1.0,1.0,1.0,4.0,1.0,1.0
16239,1.0,1.0,1.0,3.0,1.0,1.0,1.0,1.0,1.0,5.0,2.0,1.0
16240,1.0,1.0,1.0,3.0,1.0,1.0,1.0,1.0,1.0,4.0,1.0,1.0
16241,1.0,1.0,1.0,3.0,1.0,1.0,1.0,1.0,1.0,4.0,1.0,1.0
16242,1.0,1.0,1.0,3.0,1.0,1.0,1.0,1.0,1.0,5.0,2.0,1.0
16243,1.0,1.0,1.0,3.0,1.0,1.0,1.0,1.0,1.0,3.0,1.0,1.0
16244,1.0,1.0,1.0,3.0,1.0,1.0,1.0,1.0,1.0,3.0,1.0,1.0
16245,1.0,1.0,1.0,3.0,1.0,1.0,1.0,1.0,1.0,5.0,2.0,1.0
16246,1.0,1.0,1.0,3.0,1.0,1.0,1.0,1.0,1.0,3.0,1.0,1.0
16247,1.0,1.0,1.0,3.0,1.0,1.0,1.0,1.0,1.0,4.0,1.0,1.0
16248,1.0,1.0,1.0,3.0,1.0,1.0,1.0,1.0,1.0,5.0,2.0,1.0
16249,1.0,1.0,1.0,3.0,1.0,1.0,1.0,1.0,1.0,3.0,1.0,1.0
16250,1.0,1.0,1.0,3.0,1.0,1.0,1.0,1.0,1.0,4.0,1.0,1.0
16251,1.0,1.0,1.0,3.0,1.0,1.0,1.0,1.0,1.0,4.0,1.0,1.0
16252,1.0,1.0,1.0,3.0,1.0,1.0,1.0,1.0,1.0,3.0,1.0,1.0
16253,1.0,1.0,1.0,3.0,1.0,1.0,1.0,1.0,1.0,3.0,1.0,1.0
16254,1.0,1.0,1.0,3.0,1.0,1.0,1.0,1.0,1.0,5.0,2.0,1.0
16255,1.0,1.0,1.0,3.0,1.0,1.0,1.0,1.0,1.0,4.0,1.0,1.0
16256,1.0,1.0,1.0,3.0,1.0,1.0,1.0,1.0,1.0,5.0,2.0,1.0
16257,1.0,1.0,1.0,3.0,1.0,1.0,1.0,1.0,1.0,3.0,1.0,1.0
16258,1.0,1.0,1.0,3.0,1.0,1.0,1.0,1.0,1.0,3.0,1.0,1.0
16259,1.0,1.0,1.0,3.0,1.0,1.0,1.0,1.0,1.0,3.0,1.0,1.0
16260,1.0,1.0,1.0,3.0,1.0,1.0,1.0,1.0,1.0,5.0,2.0,1.0
16261,1.0,1.0,1.0,3.0,1.0,1.0,1.0,1.0,1.0,5.0,2.0,1.0
16262,1.0,1.0,1.0,3.0,1.0,1.0,1.0,1.0,1.0,3.0,1.0,1.0
16263,1.0,1.0,1.0,3.0,1.0,1.0,1.0,1.0,1.0,5.0,2.0,1.0
16264,1.0,1.0,1.0,3.0,1.0,1.0,1.0,1.0,1.0,5.0,2.0,1.0
16265,1.0,1.0,1.0,3.0,1.0,1.0,1.0,1.0,1.0,3.0,1.0,1.0
16266,1.0,1.0,1.0,3.0,1.0,1.0,1.0,1.0,1.0,3.0,1.0,1.0
16267,1.0,1.0,1.0,3.0,1.0,1.0,1.0,1.0,1.0,3.0,1.0,1.0
16268,1.0,1.0,1.0,3.0,1.0,1.0,1.0,1.0,1.0,3.0,1.0,1.0
16269,1.0,1.0,1.0,3.0,1.0,1.0,1.0,1.0,1.0,3.0,1.0,1.0
16270,1.0,1.0,1.0,3.0,1.0,1.0,1.0,1.0,1.0,3.0,1.0,1.0
16271,1.0,1.0,1.0,3.0,1.0,1.0,1.0,1.0,1.0,4.0,1.0,1.0
16272,1.0,1.0,1.0,3.0,1.0,1.0,1.0,1.0,1.0,4.0,1.0,1.0
16273,1.0,1.0,1.0,3.0,1.0,1.0,1.0,1.0,1.0,3.0,1.0,1.0
16274,1.0,1.0,1.0,3.0,1.0,1.0,1.0,1.0,1.0,5.0,2.0,1.0
16275,1.0,1.0,1.0,3.0,1.0,1.0,1.0,1.0,1.0,5.0,2.0,1.0
16276,1.0,1.0,1.0,3.0,1.0,1.0,1.0,1.0,1.0,5.0,2.0,1.0
16277,1.0,1.0,1.0,3.0,1.0,1.0,1.0,1.0,1.0,5.0,2.0,1.0
16278,1.0,1.0,1.0,3.0,1.0,1.0,1.0,1.0,1.0,3.0,1.0,1.0
16279,1.0,1.0,1.0,3.0,1.0,1.0,1.0,1.0,1.0,3.0,1.0,1.0
16280,1.0,1.0,1.0,3.0,1.0,1.0,1.0,1.0,1.0,4.0,1.0,1.0
16281,1.0,1.0,1.0,3.0,1.0,1.0,1.0,1.0,1.0,4.0,1.0,1.0
16282,1.0,1.0,1.0,3.0,1.0,1.0,1.0,1.0,1.0,3.0,1.0,1.0
16283,1.0,1.0,1.0,3.0,1.0,1.0,1.0,1.0,1.0,3.0,1.0,1.0
16284,1.0,1.0,1.0,3.0,1.0,1.0,1.0,1.0,1.0,3.0,1.0,1.0
16285,1.0,1.0,1.0,3.0,1.0,1.0,1.0,1.0,1.0,4.0,1.0,1.0
16286,1.0,1.0,1.0,3.0,1.0,1.0,1.0,1.0,1.0,5.0,2.0,1.0
16287,1.0,1.0,1.0,3.0,1.0,1.0,1.0,1.0,1.0,3.0,1.0,1.0
16288,1.0,1.0,1.0,3.0,1.0,1.0,1.0,1.0,1.0,5.0,2.0,1.0
16289,1.0,1.0,1.0,3.0,1.0,1.0,1.0,1.0,1.0,3.0,1.0,1.0
16290,1.0,1.0,1.0,3.0,1.0,1.0,1.0,1.0,1.0,4.0,1.0,1.0
16291,1.0,1.0,1.0,3.0,1.0,1.0,1.0,1.0,1.0,4.0,1.0,1.0
16292,1.0,1.0,1.0,3.0,1.0,1.0,1.0,1.0,1.0,3.0,1.0,1.0
16293,1.0,1.0,1.0,3.0,1.0,1.0,1.0,1.0,1.0,3.0,1.0,1.0
16294,1.0,1.0,1.0,3.0,1.0,1.0,1.0,1.0,1.0,5.0,2.0,1.0
16295,1.0,1.0,1.0,3.0,1.0,1.0,1.0,1.0,1.0,5.0,2.0,1.0
16296,1.0,1.0,1.0,3.0,1.0,1.0,1.0,1.0,1.0,3.0,1.0,1.0
16297,1.0,1.0,1.0,3.0,1.0,1.0,1.0,1.0,1.0,3.0,1.0,1.0
16298,1.0,1.0,1.0,3.0,1.0,1.0,1.0,1.0,1.0,3.0,1.0,1.0
16299,1.0,1.0,1.0,3.0,1.0,1.0,1.0,1.0,1.0,3.0,1.0,1.0
16300,1.0,1.0,1.0,3.0,1.0,1.0,1.0,1.0,1.0,3.0,1.0,1.0
16301,1.0,1.0,1.0,3.0,1.0,1.0,1.0,1.0,1.0,4.0,1.0,1.0
16302,1.0,1.0,1.0,3.0,1.0,1.0,1.0,1.0,1.0,5.0,2.0,1.0
16303,1.0,1.0,1.0,3.0,1.0,1.0,1.0,1.0,1.0,3.0,1.0,1.0
16304,1.0,1.0,1.0,3.0,1.0,1.0,1.0,1.0,1.0,3.0,1.0,1.0
16305,1.0,1.0,1.0,3.0,1.0,1.0,1.0,1.0,1.0,3.0,1.0,1.0
16306,1.0,1.0,1.0,3.0,1.0,1.0,1.0,1.0,1.0,3.0,1.0,1.0
16307,1.0,1.0,1.0,3.0,1.0,1.0,1.0,1.0,1.0,3.0,1.0,1.0
16308,1.0,1.0,1.0,3.0,1.0,1.0,1.0,1.0,1.0,3.0,1.0,1.0
16309,1.0,1.0,1.0,3.0,1.0,1.0,1.0,1.0,1.0,3.0,1.0,1.0
16310,1.0,1.0,1.0,3.0,1.0,1.0,1.0,1.0,1.0,3.0,1.0,1.0
16311,1.0,1.0,1.0,3.0,1.0,1.0,1.0,1.0,1.0,3.0,1.0,1.0
16312,1.0,1.0,1.0,3.0,1.0,1.0,1.0,1.0,1.0,3.0,1.0,1.0
16313,1.0,1.0,1.0,3.0,1.0,1.0,1.0,1.0,1.0,3.0,1.0,1.0
16314,1.0,1.0,1.0,3.0,1.0,1.0,1.0,1.0,1.0,3.0,1.0,1.0
16315,1.0,1.0,1.0,3.0,1.0,1.0,1.0,1.0,1.0,4.0,1.0,1.0
16316,1.0,1.0,1.0,3.0,1.0,1.0,1.0,1.0,1.0,5.0,2.0,1.0
16317,1.0,1.0,1.0,3.0,1.0,1.0,1.0,1.0,1.0,3.0,1.0,1.0
16318,1.0,1.0,1.0,3.0,1.0,1.0,1.0,1.0,1.0,4.0,1.0,1.0
16319,1.0,1.0,1.0,3.0,1.0,1.0,1.0,1.0,1.0,3.0,1.0,1.0
16320,1.0,1.0,1.0,3.0,1.0,1.0,1.0,1.0,1.0,3.0,1.0,1.0
16321,1.0,1.0,1.0,3.0,1.0,1.0,1.0,1.0,1.0,4.0,1.0,1.0
16322,1.0,1.0,1.0,3.0,1.0,1.0,1.0,1.0,1.0,3.0,1.0,1.0
16323,1.0,1.0,1.0,3.0,1.0,1.0,1.0,1.0,1.0,5.0,2.0,1.0
16324,1.0,1.0,1.0,3.0,1.0,1.0,1.0,1.0,1.0,4.0,1.0,1.0
16325,1.0,1.0,1.0,3.0,1.0,1.0,1.0,1.0,1.0,3.0,1.0,1.0
16326,1.0,1.0,1.0,3.0,1.0,1.0,1.0,1.0,1.0,3.0,1.0,1.0
16327,1.0,1.0,1.0,3.0,1.0,1.0,1.0,1.0,1.0,3.0,1.0,1.0
16328,1.0,1.0,1.0,3.0,1.0,1.0,1.0,1.0,1.0,5.0,2.0,1.0
16329,1.0,1.0,1.0,3.0,1.0,1.0,1.0,1.0,1.0,5.0,2.0,1.0
16330,1.0,1.0,1.0,3.0,1.0,1.0,1.0,1.0,1.0,5.0,2.0,1.0
16331,1.0,1.0,1.0,3.0,1.0,1.0,1.0,1.0,1.0,4.0,1.0,1.0
16332,1.0,1.0,1.0,3.0,1.0,1.0,1.0,1.0,1.0,5.0,2.0,1.0
16333,1.0,1.0,1.0,3.0,1.0,1.0,1.0,1.0,1.0,3.0,1.0,1.0
16334,1.0,1.0,1.0,3.0,1.0,1.0,1.0,1.0,1.0,3.0,1.0,1.0
16335,1.0,1.0,1.0,3.0,1.0,1.0,1.0,1.0,1.0,3.0,1.0,1.0
16336,1.0,1.0,1.0,3.0,1.0,1.0,1.0,1.0,1.0,3.0,1.0,1.0
16337,1.0,1.0,1.0,3.0,1.0,1.0,1.0,1.0,1.0,3.0,1.0,1.0
16338,1.0,1.0,1.0,3.0,1.0,1.0,1.0,1.0,1.0,5.0,2.0,1.0
16339,1.0,1.0,1.0,3.0,1.0,1.0,1.0,1.0,1.0,3.0,1.0,1.0
16340,1.0,1.0,1.0,3.0,1.0,1.0,1.0,1.0,1.0,5.0,2.0,1.0
16341,1.0,1.0,1.0,3.0,1.0,1.0,1.0,1.0,1.0,5.0,2.0,1.0
16342,1.0,1.0,1.0,3.0,1.0,1.0,1.0,1.0,1.0,3.0,1.0,1.0
16343,1.0,1.0,1.0,3.0,1.0,1.0,1.0,1.0,1.0,5.0,2.0,1.0
16344,1.0,1.0,1.0,3.0,1.0,1.0,1.0,1.0,1.0,3.0,1.0,1.0
16345,1.0,1.0,1.0,3.0,1.0,1.0,1.0,1.0,1.0,4.0,1.0,1.0
16346,1.0,1.0,1.0,3.0,1.0,1.0,1.0,1.0,1.0,5.0,2.0,1.0
16347,1.0,1.0,1.0,3.0,1.0,1.0,1.0,1.0,1.0,3.0,1.0,1.0
16348,1.0,1.0,1.0,3.0,1.0,1.0,1.0,1.0,1.0,3.0,1.0,1.0
16349,1.0,1.0,1.0,3.0,1.0,1.0,1.0,1.0,1.0,3.0,1.0,1.0
16350,1.0,1.0,1.0,3.0,1.0,1.0,1.0,1.0,1.0,3.0,1.0,1.0
16351,1.0,1.0,1.0,3.0,1.0,1.0,1.0,1.0,1.0,5.0,2.0,1.0
16352,1.0,1.0,1.0,3.0,1.0,1.0,1.0,1.0,1.0,3.0,1.0,1.0
16353,1.0,1.0,1.0,3.0,1.0,1.0,1.0,1.0,1.0,4.0,1.0,1.0
16354,1.0,1.0,1.0,3.0,1.0,1.0,1.0,1.0,1.0,3.0,1.0,1.0
16355,1.0,1.0,1.0,3.0,1.0,1.0,1.0,1.0,1.0,4.0,1.0,1.0
16356,1.0,1.0,1.0,3.0,1.0,1.0,1.0,1.0,1.0,3.0,1.0,1.0
16357,1.0,1.0,1.0,3.0,1.0,1.0,1.0,1.0,1.0,3.0,1.0,1.0
16358,1.0,1.0,1.0,3.0,1.0,1.0,1.0,1.0,1.0,3.0,1.0,1.0
16359,1.0,1.0,1.0,3.0,1.0,1.0,1.0,1.0,1.0,3.0,1.0,1.0
16360,1.0,1.0,1.0,3.0,1.0,1.0,1.0,1.0,1.0,3.0,1.0,1.0
16361,1.0,1.0,1.0,3.0,1.0,1.0,1.0,1.0,1.0,4.0,1.0,1.0
16362,1.0,1.0,1.0,3.0,1.0,1.0,1.0,1.0,1.0,5.0,2.0,1.0
16363,1.0,1.0,1.0,3.0,1.0,1.0,1.0,1.0,1.0,5.0,2.0,1.0
16364,1.0,1.0,1.0,3.0,1.0,1.0,1.0,1.0,1.0,5.0,2.0,1.0
16365,1.0,1.0,1.0,3.0,1.0,1.0,1.0,1.0,1.0,4.0,1.0,1.0
16366,1.0,1.0,1.0,3.0,1.0,1.0,1.0,1.0,1.0,5.0,2.0,1.0
16367,1.0,1.0,1.0,3.0,1.0,1.0,1.0,1.0,1.0,3.0,1.0,1.0
16368,1.0,1.0,1.0,3.0,1.0,1.0,1.0,1.0,1.0,3.0,1.0,1.0
16369,1.0,1.0,1.0,3.0,1.0,1.0,1.0,1.0,1.0,4.0,1.0,1.0
16370,1.0,1.0,1.0,3.0,1.0,1.0,1.0,1.0,1.0,3.0,1.0,1.0
16371,1.0,1.0,1.0,3.0,1.0,1.0,1.0,1.0,1.0,3.0,1.0,1.0
16372,1.0,1.0,1.0,3.0,1.0,1.0,1.0,1.0,1.0,5.0,2.0,1.0
16373,1.0,1.0,1.0,3.0,1.0,1.0,1.0,1.0,1.0,3.0,1.0,1.0
16374,1.0,1.0,1.0,3.0,1.0,1.0,1.0,1.0,1.0,5.0,2.0,1.0
16375,1.0,1.0,1.0,3.0,1.0,1.0,1.0,1.0,1.0,3.0,1.0,1.0
16376,1.0,1.0,1.0,3.0,1.0,1.0,1.0,1.0,1.0,4.0,1.0,1.0
16377,1.0,1.0,1.0,3.0,1.0,1.0,1.0,1.0,1.0,5.0,2.0,1.0
16378,1.0,1.0,1.0,3.0,1.0,1.0,1.0,1.0,1.0,5.0,2.0,1.0
16379,1.0,1.0,1.0,3.0,1.0,1.0,1.0,1.0,1.0,3.0,1.0,1.0
16380,1.0,1.0,1.0,3.0,1.0,1.0,1.0,1.0,1.0,5.0,2.0,1.0
16381,1.0,1.0,1.0,3.0,1.0,1.0,1.0,1.0,1.0,5.0,2.0,1.0
16382,1.0,1.0,1.0,3.0,1.0,1.0,1.0,1.0,1.0,3.0,1.0,1.0
16383,1.0,1.0,1.0,3.0,1.0,1.0,1.0,1.0,1.0,4.0,1.0,1.0
16384,1.0,1.0,1.0,3.0,1.0,1.0,1.0,1.0,1.0,3.0,1.0,1.0
16385,1.0,1.0,1.0,3.0,1.0,1.0,1.0,1.0,1.0,5.0,2.0,1.0
16386,1.0,1.0,1.0,3.0,1.0,1.0,1.0,1.0,1.0,3.0,1.0,1.0
16387,1.0,1.0,1.0,3.0,1.0,1.0,1.0,1.0,1.0,4.0,1.0,1.0
16388,1.0,1.0,1.0,3.0,1.0,1.0,1.0,1.0,1.0,3.0,1.0,1.0
16389,1.0,1.0,1.0,3.0,1.0,1.0,1.0,1.0,1.0,5.0,2.0,1.0
16390,1.0,1.0,1.0,3.0,1.0,1.0,1.0,1.0,1.0,4.0,1.0,1.0
16391,1.0,1.0,1.0,3.0,1.0,1.0,1.0,1.0,1.0,4.0,1.0,1.0
16392,1.0,1.0,1.0,3.0,1.0,1.0,1.0,1.0,1.0,3.0,1.0,1.0
16393,1.0,1.0,1.0,3.0,1.0,1.0,1.0,1.0,1.0,3.0,1.0,1.0
16394,1.0,1.0,1.0,3.0,1.0,1.0,1.0,1.0,1.0,4.0,1.0,1.0
16395,1.0,1.0,1.0,3.0,1.0,1.0,1.0,1.0,1.0,5.0,2.0,1.0
16396,1.0,1.0,1.0,3.0,1.0,1.0,1.0,1.0,1.0,3.0,1.0,1.0
16397,1.0,1.0,1.0,3.0,1.0,1.0,1.0,1.0,1.0,5.0,2.0,1.0
16398,1.0,1.0,1.0,3.0,1.0,1.0,1.0,1.0,1.0,3.0,1.0,1.0
16399,1.0,1.0,1.0,3.0,1.0,1.0,1.0,1.0,1.0,3.0,1.0,1.0
16400,1.0,1.0,1.0,3.0,1.0,1.0,1.0,1.0,1.0,5.0,2.0,1.0
16401,1.0,1.0,1.0,3.0,1.0,1.0,1.0,1.0,1.0,3.0,1.0,1.0
16402,1.0,1.0,1.0,3.0,1.0,1.0,1.0,1.0,1.0,5.0,2.0,1.0
16403,1.0,1.0,1.0,3.0,1.0,1.0,1.0,1.0,1.0,5.0,2.0,1.0
16404,1.0,1.0,1.0,3.0,1.0,1.0,1.0,1.0,1.0,4.0,1.0,1.0
16405,1.0,1.0,1.0,3.0,1.0,1.0,1.0,1.0,1.0,5.0,2.0,1.0
16406,1.0,1.0,1.0,3.0,1.0,1.0,1.0,1.0,1.0,3.0,1.0,1.0
16407,1.0,1.0,1.0,3.0,1.0,1.0,1.0,1.0,1.0,4.0,1.0,1.0
16408,1.0,1.0,1.0,3.0,1.0,1.0,1.0,1.0,1.0,3.0,1.0,1.0
16409,1.0,1.0,1.0,3.0,1.0,1.0,1.0,1.0,1.0,3.0,1.0,1.0
16410,1.0,1.0,1.0,3.0,1.0,1.0,1.0,1.0,1.0,3.0,1.0,1.0
16411,1.0,1.0,1.0,3.0,1.0,1.0,1.0,1.0,1.0,3.0,1.0,1.0
16412,1.0,1.0,1.0,3.0,1.0,1.0,1.0,1.0,1.0,4.0,1.0,1.0
16413,1.0,1.0,1.0,3.0,1.0,1.0,1.0,1.0,1.0,5.0,2.0,1.0
16414,1.0,1.0,1.0,3.0,1.0,1.0,1.0,1.0,1.0,3.0,1.0,1.0
16415,1.0,1.0,1.0,3.0,1.0,1.0,1.0,1.0,1.0,5.0,2.0,1.0
16416,1.0,1.0,1.0,3.0,1.0,1.0,1.0,1.0,1.0,4.0,1.0,1.0
16417,1.0,1.0,1.0,3.0,1.0,1.0,1.0,1.0,1.0,5.0,2.0,1.0
16418,1.0,1.0,1.0,3.0,1.0,1.0,1.0,1.0,1.0,4.0,1.0,1.0
16419,1.0,1.0,1.0,3.0,1.0,1.0,1.0,1.0,1.0,4.0,1.0,1.0
16420,1.0,1.0,1.0,3.0,1.0,1.0,1.0,1.0,1.0,4.0,1.0,1.0
16421,1.0,1.0,1.0,3.0,1.0,1.0,1.0,1.0,1.0,3.0,1.0,1.0
16422,1.0,1.0,1.0,3.0,1.0,1.0,1.0,1.0,1.0,3.0,1.0,1.0
16423,1.0,1.0,1.0,3.0,1.0,1.0,1.0,1.0,1.0,3.0,1.0,1.0
16424,1.0,1.0,1.0,3.0,1.0,1.0,1.0,1.0,1.0,5.0,2.0,1.0
16425,1.0,1.0,1.0,3.0,1.0,1.0,1.0,1.0,1.0,3.0,1.0,1.0
16426,1.0,1.0,1.0,3.0,1.0,1.0,1.0,1.0,1.0,3.0,1.0,1.0
16427,1.0,1.0,1.0,3.0,1.0,1.0,1.0,1.0,1.0,5.0,2.0,1.0
16428,1.0,1.0,1.0,3.0,1.0,1.0,1.0,1.0,1.0,4.0,1.0,1.0
16429,1.0,1.0,1.0,3.0,1.0,1.0,1.0,1.0,1.0,3.0,1.0,1.0
16430,1.0,1.0,1.0,3.0,1.0,1.0,1.0,1.0,1.0,4.0,1.0,1.0
16431,1.0,1.0,1.0,3.0,1.0,1.0,1.0,1.0,1.0,5.0,2.0,1.0
16432,1.0,1.0,1.0,3.0,1.0,1.0,1.0,1.0,1.0,5.0,2.0,1.0
16433,1.0,1.0,1.0,3.0,1.0,1.0,1.0,1.0,1.0,3.0,1.0,1.0
16434,1.0,1.0,1.0,3.0,1.0,1.0,1.0,1.0,1.0,3.0,1.0,1.0
16435,1.0,1.0,1.0,3.0,1.0,1.0,1.0,1.0,1.0,4.0,1.0,1.0
16436,1.0,1.0,1.0,3.0,1.0,1.0,1.0,1.0,1.0,3.0,1.0,1.0
16437,1.0,1.0,1.0,3.0,1.0,1.0,1.0,1.0,1.0,3.0,1.0,1.0
16438,1.0,1.0,1.0,3.0,1.0,1.0,1.0,1.0,1.0,3.0,1.0,1.0
16439,1.0,1.0,1.0,3.0,1.0,1.0,1.0,1.0,1.0,3.0,1.0,1.0
16440,1.0,1.0,1.0,3.0,1.0,1.0,1.0,1.0,1.0,5.0,2.0,1.0
16441,1.0,1.0,1.0,3.0,1.0,1.0,1.0,1.0,1.0,3.0,1.0,1.0
16442,1.0,1.0,1.0,3.0,1.0,1.0,1.0,1.0,1.0,3.0,1.0,1.0
16443,1.0,1.0,1.0,3.0,1.0,1.0,1.0,1.0,1.0,4.0,1.0,1.0
16444,1.0,1.0,1.0,3.0,1.0,1.0,1.0,1.0,1.0,5.0,2.0,1.0
16445,1.0,1.0,1.0,3.0,1.0,1.0,1.0,1.0,1.0,3.0,1.0,1.0
16446,1.0,1.0,1.0,3.0,1.0,1.0,1.0,1.0,1.0,3.0,1.0,1.0
16447,1.0,1.0,1.0,3.0,1.0,1.0,1.0,1.0,1.0,4.0,1.0,1.0
16448,1.0,1.0,1.0,3.0,1.0,1.0,1.0,1.0,1.0,3.0,1.0,1.0
16449,1.0,1.0,1.0,3.0,1.0,1.0,1.0,1.0,1.0,5.0,2.0,1.0
16450,1.0,1.0,1.0,3.0,1.0,1.0,1.0,1.0,1.0,3.0,1.0,1.0
16451,1.0,1.0,1.0,3.0,1.0,1.0,1.0,1.0,1.0,4.0,1.0,1.0
16452,1.0,1.0,1.0,3.0,1.0,1.0,1.0,1.0,1.0,5.0,2.0,1.0
16453,1.0,1.0,1.0,3.0,1.0,1.0,1.0,1.0,1.0,3.0,1.0,1.0
16454,1.0,1.0,1.0,3.0,1.0,1.0,1.0,1.0,1.0,3.0,1.0,1.0
16455,1.0,1.0,1.0,3.0,1.0,1.0,1.0,1.0,1.0,5.0,2.0,1.0
16456,1.0,1.0,1.0,3.0,1.0,1.0,1.0,1.0,1.0,4.0,1.0,1.0
16457,1.0,1.0,1.0,3.0,1.0,1.0,1.0,1.0,1.0,3.0,1.0,1.0
16458,1.0,1.0,1.0,3.0,1.0,1.0,1.0,1.0,1.0,3.0,1.0,1.0
16459,1.0,1.0,1.0,3.0,1.0,1.0,1.0,1.0,1.0,3.0,1.0,1.0
16460,1.0,1.0,1.0,3.0,1.0,1.0,1.0,1.0,1.0,4.0,1.0,1.0
16461,1.0,1.0,1.0,3.0,1.0,1.0,1.0,1.0,1.0,3.0,1.0,1.0
16462,1.0,1.0,1.0,3.0,1.0,1.0,1.0,1.0,1.0,3.0,1.0,1.0
16463,1.0,1.0,1.0,3.0,1.0,1.0,1.0,1.0,1.0,3.0,1.0,1.0
16464,1.0,1.0,1.0,3.0,1.0,1.0,1.0,1.0,1.0,3.0,1.0,1.0
16465,1.0,1.0,1.0,3.0,1.0,1.0,1.0,1.0,1.0,4.0,1.0,1.0
16466,1.0,1.0,1.0,3.0,1.0,1.0,1.0,1.0,1.0,5.0,2.0,1.0
16467,1.0,1.0,1.0,3.0,1.0,1.0,1.0,1.0,1.0,3.0,1.0,1.0
16468,1.0,1.0,1.0,3.0,1.0,1.0,1.0,1.0,1.0,3.0,1.0,1.0
16469,1.0,1.0,1.0,3.0,1.0,1.0,1.0,1.0,1.0,5.0,2.0,1.0
16470,1.0,1.0,1.0,3.0,1.0,1.0,1.0,1.0,1.0,3.0,1.0,1.0
16471,1.0,1.0,1.0,3.0,1.0,1.0,1.0,1.0,1.0,3.0,1.0,1.0
16472,1.0,1.0,1.0,3.0,1.0,1.0,1.0,1.0,1.0,3.0,1.0,1.0
16473,1.0,1.0,1.0,3.0,1.0,1.0,1.0,1.0,1.0,5.0,2.0,1.0
16474,1.0,1.0,1.0,3.0,1.0,1.0,1.0,1.0,1.0,4.0,1.0,1.0
16475,1.0,1.0,1.0,3.0,1.0,1.0,1.0,1.0,1.0,4.0,1.0,1.0
16476,1.0,1.0,1.0,3.0,1.0,1.0,1.0,1.0,1.0,5.0,2.0,1.0
16477,1.0,1.0,1.0,3.0,1.0,1.0,1.0,1.0,1.0,3.0,1.0,1.0
16478,1.0,1.0,1.0,3.0,1.0,1.0,1.0,1.0,1.0,5.0,2.0,1.0
16479,1.0,1.0,1.0,3.0,1.0,1.0,1.0,1.0,1.0,5.0,2.0,1.0
16480,1.0,1.0,1.0,3.0,1.0,1.0,1.0,1.0,1.0,5.0,2.0,1.0
16481,1.0,1.0,1.0,3.0,1.0,1.0,1.0,1.0,1.0,3.0,1.0,1.0
16482,1.0,1.0,1.0,3.0,1.0,1.0,1.0,1.0,1.0,5.0,2.0,1.0
16483,1.0,1.0,1.0,3.0,1.0,1.0,1.0,1.0,1.0,3.0,1.0,1.0
16484,1.0,1.0,1.0,3.0,1.0,1.0,1.0,1.0,1.0,3.0,1.0,1.0
16485,1.0,1.0,1.0,3.0,1.0,1.0,1.0,1.0,1.0,3.0,1.0,1.0
16486,1.0,1.0,1.0,3.0,1.0,1.0,1.0,1.0,1.0,3.0,1.0,1.0
16487,1.0,1.0,1.0,3.0,1.0,1.0,1.0,1.0,1.0,4.0,1.0,1.0
16488,1.0,1.0,1.0,3.0,1.0,1.0,1.0,1.0,1.0,5.0,2.0,1.0
16489,1.0,1.0,1.0,3.0,1.0,1.0,1.0,1.0,1.0,3.0,1.0,1.0
16490,1.0,1.0,1.0,3.0,1.0,1.0,1.0,1.0,1.0,3.0,1.0,1.0
16491,1.0,1.0,1.0,3.0,1.0,1.0,1.0,1.0,1.0,4.0,1.0,1.0
16492,1.0,1.0,1.0,3.0,1.0,1.0,1.0,1.0,1.0,5.0,2.0,1.0
16493,1.0,1.0,1.0,3.0,1.0,1.0,1.0,1.0,1.0,3.0,1.0,1.0
16494,1.0,1.0,1.0,3.0,1.0,1.0,1.0,1.0,1.0,3.0,1.0,1.0
16495,1.0,1.0,1.0,3.0,1.0,1.0,1.0,1.0,1.0,3.0,1.0,1.0
16496,1.0,1.0,1.0,3.0,1.0,1.0,1.0,1.0,1.0,3.0,1.0,1.0
16497,1.0,1.0,1.0,3.0,1.0,1.0,1.0,1.0,1.0,3.0,1.0,1.0
16498,1.0,1.0,1.0,3.0,1.0,1.0,1.0,1.0,1.0,3.0,1.0,1.0
16499,1.0,1.0,1.0,3.0,1.0,1.0,1.0,1.0,1.0,4.0,1.0,1.0
16500,1.0,1.0,1.0,3.0,1.0,1.0,1.0,1.0,1.0,5.0,2.0,1.0
16501,1.0,1.0,1.0,3.0,1.0,1.0,1.0,1.0,1.0,4.0,1.0,1.0
16502,1.0,1.0,1.0,3.0,1.0,1.0,1.0,1.0,1.0,4.0,1.0,1.0
16503,1.0,1.0,1.0,3.0,1.0,1.0,1.0,1.0,1.0,4.0,1.0,1.0
16504,1.0,1.0,1.0,3.0,1.0,1.0,1.0,1.0,1.0,3.0,1.0,1.0
16505,1.0,1.0,1.0,3.0,1.0,1.0,1.0,1.0,1.0,4.0,1.0,1.0
16506,1.0,1.0,1.0,3.0,1.0,1.0,1.0,1.0,1.0,3.0,1.0,1.0
16507,1.0,1.0,1.0,3.0,1.0,1.0,1.0,1.0,1.0,3.0,1.0,1.0
16508,1.0,1.0,1.0,3.0,1.0,1.0,1.0,1.0,1.0,5.0,2.0,1.0
16509,1.0,1.0,1.0,3.0,1.0,1.0,1.0,1.0,1.0,4.0,1.0,1.0
16510,1.0,1.0,1.0,3.0,1.0,1.0,1.0,1.0,1.0,3.0,1.0,1.0
16511,1.0,1.0,1.0,3.0,1.0,1.0,1.0,1.0,1.0,3.0,1.0,1.0
16512,1.0,1.0,1.0,3.0,1.0,1.0,1.0,1.0,1.0,3.0,1.0,1.0
16513,1.0,1.0,1.0,3.0,1.0,1.0,1.0,1.0,1.0,3.0,1.0,1.0
16514,1.0,1.0,1.0,3.0,1.0,1.0,1.0,1.0,1.0,5.0,2.0,1.0
16515,1.0,1.0,1.0,3.0,1.0,1.0,1.0,1.0,1.0,3.0,1.0,1.0
16516,1.0,1.0,1.0,3.0,1.0,1.0,1.0,1.0,1.0,4.0,1.0,1.0
16517,1.0,1.0,1.0,3.0,1.0,1.0,1.0,1.0,1.0,3.0,1.0,1.0
16518,1.0,1.0,1.0,3.0,1.0,1.0,1.0,1.0,1.0,4.0,1.0,1.0
16519,1.0,1.0,1.0,3.0,1.0,1.0,1.0,1.0,1.0,5.0,2.0,1.0
16520,1.0,1.0,1.0,3.0,1.0,1.0,1.0,1.0,1.0,3.0,1.0,1.0
16521,1.0,1.0,1.0,3.0,1.0,1.0,1.0,1.0,1.0,3.0,1.0,1.0
16522,1.0,1.0,1.0,3.0,1.0,1.0,1.0,1.0,1.0,3.0,1.0,1.0
16523,1.0,1.0,1.0,3.0,1.0,1.0,1.0,1.0,1.0,4.0,1.0,1.0
16524,1.0,1.0,1.0,3.0,1.0,1.0,1.0,1.0,1.0,4.0,1.0,1.0
16525,1.0,1.0,1.0,3.0,1.0,1.0,1.0,1.0,1.0,3.0,1.0,1.0
16526,1.0,1.0,1.0,3.0,1.0,1.0,1.0,1.0,1.0,4.0,1.0,1.0
16527,1.0,1.0,1.0,3.0,1.0,1.0,1.0,1.0,1.0,3.0,1.0,1.0
16528,1.0,1.0,1.0,3.0,1.0,1.0,1.0,1.0,1.0,3.0,1.0,1.0
16529,1.0,1.0,1.0,3.0,1.0,1.0,1.0,1.0,1.0,3.0,1.0,1.0
16530,1.0,1.0,1.0,3.0,1.0,1.0,1.0,1.0,1.0,3.0,1.0,1.0
16531,1.0,1.0,1.0,3.0,1.0,1.0,1.0,1.0,1.0,5.0,2.0,1.0
16532,1.0,1.0,1.0,3.0,1.0,1.0,1.0,1.0,1.0,5.0,2.0,1.0
16533,1.0,1.0,1.0,3.0,1.0,1.0,1.0,1.0,1.0,3.0,1.0,1.0
16534,1.0,1.0,1.0,3.0,1.0,1.0,1.0,1.0,1.0,5.0,2.0,1.0
16535,1.0,1.0,1.0,3.0,1.0,1.0,1.0,1.0,1.0,5.0,2.0,1.0
16536,1.0,1.0,1.0,3.0,1.0,1.0,1.0,1.0,1.0,4.0,1.0,1.0
16537,1.0,1.0,1.0,3.0,1.0,1.0,1.0,1.0,1.0,3.0,1.0,1.0
16538,1.0,1.0,1.0,3.0,1.0,1.0,1.0,1.0,1.0,4.0,1.0,1.0
16539,1.0,1.0,1.0,3.0,1.0,1.0,1.0,1.0,1.0,3.0,1.0,1.0
16540,1.0,1.0,1.0,3.0,1.0,1.0,1.0,1.0,1.0,5.0,2.0,1.0
16541,1.0,1.0,1.0,3.0,1.0,1.0,1.0,1.0,1.0,3.0,1.0,1.0
16542,1.0,1.0,1.0,3.0,1.0,1.0,1.0,1.0,1.0,5.0,2.0,1.0
16543,1.0,1.0,1.0,3.0,1.0,1.0,1.0,1.0,1.0,4.0,1.0,1.0
16544,1.0,1.0,1.0,3.0,1.0,1.0,1.0,1.0,1.0,5.0,2.0,1.0
16545,1.0,1.0,1.0,3.0,1.0,1.0,1.0,1.0,1.0,3.0,1.0,1.0
16546,1.0,1.0,1.0,3.0,1.0,1.0,1.0,1.0,1.0,3.0,1.0,1.0
16547,1.0,1.0,1.0,3.0,1.0,1.0,1.0,1.0,1.0,3.0,1.0,1.0
16548,1.0,1.0,1.0,3.0,1.0,1.0,1.0,1.0,1.0,5.0,2.0,1.0
16549,1.0,1.0,1.0,3.0,1.0,1.0,1.0,1.0,1.0,3.0,1.0,1.0
16550,1.0,1.0,1.0,3.0,1.0,1.0,1.0,1.0,1.0,3.0,1.0,1.0
16551,1.0,1.0,1.0,3.0,1.0,1.0,1.0,1.0,1.0,3.0,1.0,1.0
16552,1.0,1.0,1.0,3.0,1.0,1.0,1.0,1.0,1.0,3.0,1.0,1.0
16553,1.0,1.0,1.0,3.0,1.0,1.0,1.0,1.0,1.0,4.0,1.0,1.0
16554,1.0,1.0,1.0,3.0,1.0,1.0,1.0,1.0,1.0,3.0,1.0,1.0
16555,1.0,1.0,1.0,3.0,1.0,1.0,1.0,1.0,1.0,3.0,1.0,1.0
16556,1.0,1.0,1.0,3.0,1.0,1.0,1.0,1.0,1.0,5.0,2.0,1.0
16557,1.0,1.0,1.0,3.0,1.0,1.0,1.0,1.0,1.0,3.0,1.0,1.0
16558,1.0,1.0,1.0,3.0,1.0,1.0,1.0,1.0,1.0,4.0,1.0,1.0
16559,1.0,1.0,1.0,3.0,1.0,1.0,1.0,1.0,1.0,3.0,1.0,1.0
16560,1.0,1.0,1.0,3.0,1.0,1.0,1.0,1.0,1.0,3.0,1.0,1.0
16561,1.0,1.0,1.0,3.0,1.0,1.0,1.0,1.0,1.0,3.0,1.0,1.0
16562,1.0,1.0,1.0,3.0,1.0,1.0,1.0,1.0,1.0,4.0,1.0,1.0
16563,1.0,1.0,1.0,3.0,1.0,1.0,1.0,1.0,1.0,3.0,1.0,1.0
16564,1.0,1.0,1.0,3.0,1.0,1.0,1.0,1.0,1.0,3.0,1.0,1.0
16565,1.0,1.0,1.0,3.0,1.0,1.0,1.0,1.0,1.0,5.0,2.0,1.0
16566,1.0,1.0,1.0,3.0,1.0,1.0,1.0,1.0,1.0,3.0,1.0,1.0
16567,1.0,1.0,1.0,3.0,1.0,1.0,1.0,1.0,1.0,3.0,1.0,1.0
16568,1.0,1.0,1.0,3.0,1.0,1.0,1.0,1.0,1.0,3.0,1.0,1.0
16569,1.0,1.0,1.0,3.0,1.0,1.0,1.0,1.0,1.0,3.0,1.0,1.0
16570,1.0,1.0,1.0,3.0,1.0,1.0,1.0,1.0,1.0,3.0,1.0,1.0
16571,1.0,1.0,1.0,3.0,1.0,1.0,1.0,1.0,1.0,4.0,1.0,1.0
16572,1.0,1.0,1.0,3.0,1.0,1.0,1.0,1.0,1.0,3.0,1.0,1.0
16573,1.0,1.0,1.0,3.0,1.0,1.0,1.0,1.0,1.0,4.0,1.0,1.0
16574,1.0,1.0,1.0,3.0,1.0,1.0,1.0,1.0,1.0,3.0,1.0,1.0
16575,1.0,1.0,1.0,3.0,1.0,1.0,1.0,1.0,1.0,5.0,2.0,1.0
16576,1.0,1.0,1.0,3.0,1.0,1.0,1.0,1.0,1.0,3.0,1.0,1.0
16577,1.0,1.0,1.0,3.0,1.0,1.0,1.0,1.0,1.0,3.0,1.0,1.0
16578,1.0,1.0,1.0,3.0,1.0,1.0,1.0,1.0,1.0,4.0,1.0,1.0
16579,1.0,1.0,1.0,3.0,1.0,1.0,1.0,1.0,1.0,4.0,1.0,1.0
16580,1.0,1.0,1.0,3.0,1.0,1.0,1.0,1.0,1.0,5.0,2.0,1.0
16581,1.0,1.0,1.0,3.0,1.0,1.0,1.0,1.0,1.0,3.0,1.0,1.0
16582,1.0,1.0,1.0,3.0,1.0,1.0,1.0,1.0,1.0,4.0,1.0,1.0
16583,1.0,1.0,1.0,3.0,1.0,1.0,1.0,1.0,1.0,3.0,1.0,1.0
16584,1.0,1.0,1.0,3.0,1.0,1.0,1.0,1.0,1.0,5.0,2.0,1.0
16585,1.0,1.0,1.0,3.0,1.0,1.0,1.0,1.0,1.0,3.0,1.0,1.0
16586,1.0,1.0,1.0,3.0,1.0,1.0,1.0,1.0,1.0,3.0,1.0,1.0
16587,1.0,1.0,1.0,3.0,1.0,1.0,1.0,1.0,1.0,5.0,2.0,1.0
16588,1.0,1.0,1.0,3.0,1.0,1.0,1.0,1.0,1.0,4.0,1.0,1.0
16589,1.0,1.0,1.0,3.0,1.0,1.0,1.0,1.0,1.0,3.0,1.0,1.0
16590,1.0,1.0,1.0,3.0,1.0,1.0,1.0,1.0,1.0,3.0,1.0,1.0
16591,1.0,1.0,1.0,3.0,1.0,1.0,1.0,1.0,1.0,5.0,2.0,1.0
16592,1.0,1.0,1.0,3.0,1.0,1.0,1.0,1.0,1.0,4.0,1.0,1.0
16593,1.0,1.0,1.0,3.0,1.0,1.0,1.0,1.0,1.0,3.0,1.0,1.0
16594,1.0,1.0,1.0,3.0,1.0,1.0,1.0,1.0,1.0,3.0,1.0,1.0
16595,1.0,1.0,1.0,3.0,1.0,1.0,1.0,1.0,1.0,3.0,1.0,1.0
16596,1.0,1.0,1.0,3.0,1.0,1.0,1.0,1.0,1.0,3.0,1.0,1.0
16597,1.0,1.0,1.0,3.0,1.0,1.0,1.0,1.0,1.0,4.0,1.0,1.0
16598,1.0,1.0,1.0,3.0,1.0,1.0,1.0,1.0,1.0,3.0,1.0,1.0
16599,1.0,1.0,1.0,3.0,1.0,1.0,1.0,1.0,1.0,3.0,1.0,1.0
16600,1.0,1.0,1.0,3.0,1.0,1.0,1.0,1.0,1.0,3.0,1.0,1.0
16601,1.0,1.0,1.0,3.0,1.0,1.0,1.0,1.0,1.0,4.0,1.0,1.0
16602,1.0,1.0,1.0,3.0,1.0,1.0,1.0,1.0,1.0,4.0,1.0,1.0
16603,1.0,1.0,1.0,3.0,1.0,1.0,1.0,1.0,1.0,3.0,1.0,1.0
16604,1.0,1.0,1.0,3.0,1.0,1.0,1.0,1.0,1.0,5.0,2.0,1.0
16605,1.0,1.0,1.0,3.0,1.0,1.0,1.0,1.0,1.0,3.0,1.0,1.0
16606,1.0,1.0,1.0,3.0,1.0,1.0,1.0,1.0,1.0,3.0,1.0,1.0
16607,1.0,1.0,1.0,3.0,1.0,1.0,1.0,1.0,1.0,3.0,1.0,1.0
16608,1.0,1.0,1.0,3.0,1.0,1.0,1.0,1.0,1.0,4.0,1.0,1.0
16609,1.0,1.0,1.0,3.0,1.0,1.0,1.0,1.0,1.0,4.0,1.0,1.0
16610,1.0,1.0,1.0,3.0,1.0,1.0,1.0,1.0,1.0,3.0,1.0,1.0
16611,1.0,1.0,1.0,3.0,1.0,1.0,1.0,1.0,1.0,3.0,1.0,1.0
16612,1.0,1.0,1.0,3.0,1.0,1.0,1.0,1.0,1.0,3.0,1.0,1.0
16613,1.0,1.0,1.0,3.0,1.0,1.0,1.0,1.0,1.0,5.0,2.0,1.0
16614,1.0,1.0,1.0,3.0,1.0,1.0,1.0,1.0,1.0,3.0,1.0,1.0
16615,1.0,1.0,1.0,3.0,1.0,1.0,1.0,1.0,1.0,3.0,1.0,1.0
16616,1.0,1.0,1.0,3.0,1.0,1.0,1.0,1.0,1.0,5.0,2.0,1.0
16617,1.0,1.0,1.0,3.0,1.0,1.0,1.0,1.0,1.0,5.0,2.0,1.0
16618,1.0,1.0,1.0,3.0,1.0,1.0,1.0,1.0,1.0,5.0,2.0,1.0
16619,1.0,1.0,1.0,3.0,1.0,1.0,1.0,1.0,1.0,3.0,1.0,1.0
16620,1.0,1.0,1.0,3.0,1.0,1.0,1.0,1.0,1.0,5.0,2.0,1.0
16621,1.0,1.0,1.0,3.0,1.0,1.0,1.0,1.0,1.0,3.0,1.0,1.0
16622,1.0,1.0,1.0,3.0,1.0,1.0,1.0,1.0,1.0,4.0,1.0,1.0
16623,1.0,1.0,1.0,3.0,1.0,1.0,1.0,1.0,1.0,3.0,1.0,1.0
16624,1.0,1.0,1.0,3.0,1.0,1.0,1.0,1.0,1.0,5.0,2.0,1.0
16625,1.0,1.0,1.0,3.0,1.0,1.0,1.0,1.0,1.0,4.0,1.0,1.0
16626,1.0,1.0,1.0,3.0,1.0,1.0,1.0,1.0,1.0,5.0,2.0,1.0
16627,1.0,1.0,1.0,3.0,1.0,1.0,1.0,1.0,1.0,3.0,1.0,1.0
16628,1.0,1.0,1.0,3.0,1.0,1.0,1.0,1.0,1.0,3.0,1.0,1.0
16629,1.0,1.0,1.0,3.0,1.0,1.0,1.0,1.0,1.0,5.0,2.0,1.0
16630,1.0,1.0,1.0,3.0,1.0,1.0,1.0,1.0,1.0,3.0,1.0,1.0
16631,1.0,1.0,1.0,3.0,1.0,1.0,1.0,1.0,1.0,3.0,1.0,1.0
16632,1.0,1.0,1.0,3.0,1.0,1.0,1.0,1.0,1.0,3.0,1.0,1.0
16633,1.0,1.0,1.0,3.0,1.0,1.0,1.0,1.0,1.0,5.0,2.0,1.0
16634,1.0,1.0,1.0,3.0,1.0,1.0,1.0,1.0,1.0,5.0,2.0,1.0
16635,1.0,1.0,1.0,3.0,1.0,1.0,1.0,1.0,1.0,5.0,2.0,1.0
16636,1.0,1.0,1.0,3.0,1.0,1.0,1.0,1.0,1.0,5.0,2.0,1.0
16637,1.0,1.0,1.0,3.0,1.0,1.0,1.0,1.0,1.0,5.0,2.0,1.0
16638,1.0,1.0,1.0,3.0,1.0,1.0,1.0,1.0,1.0,3.0,1.0,1.0
16639,1.0,1.0,1.0,3.0,1.0,1.0,1.0,1.0,1.0,3.0,1.0,1.0
16640,1.0,1.0,1.0,3.0,1.0,1.0,1.0,1.0,1.0,3.0,1.0,1.0
16641,1.0,1.0,1.0,3.0,1.0,1.0,1.0,1.0,1.0,5.0,2.0,1.0
16642,1.0,1.0,1.0,3.0,1.0,1.0,1.0,1.0,1.0,3.0,1.0,1.0
16643,1.0,1.0,1.0,3.0,1.0,1.0,1.0,1.0,1.0,4.0,1.0,1.0
16644,1.0,1.0,1.0,3.0,1.0,1.0,1.0,1.0,1.0,3.0,1.0,1.0
16645,1.0,1.0,1.0,3.0,1.0,1.0,1.0,1.0,1.0,3.0,1.0,1.0
16646,1.0,1.0,1.0,3.0,1.0,1.0,1.0,1.0,1.0,3.0,1.0,1.0
16647,1.0,1.0,1.0,3.0,1.0,1.0,1.0,1.0,1.0,4.0,1.0,1.0
16648,1.0,1.0,1.0,3.0,1.0,1.0,1.0,1.0,1.0,3.0,1.0,1.0
16649,1.0,1.0,1.0,3.0,1.0,1.0,1.0,1.0,1.0,3.0,1.0,1.0
16650,1.0,1.0,1.0,3.0,1.0,1.0,1.0,1.0,1.0,5.0,2.0,1.0
16651,1.0,1.0,1.0,3.0,1.0,1.0,1.0,1.0,1.0,3.0,1.0,1.0
16652,1.0,1.0,1.0,3.0,1.0,1.0,1.0,1.0,1.0,3.0,1.0,1.0
16653,1.0,1.0,1.0,3.0,1.0,1.0,1.0,1.0,1.0,4.0,1.0,1.0
16654,1.0,1.0,1.0,3.0,1.0,1.0,1.0,1.0,1.0,5.0,2.0,1.0
16655,1.0,1.0,1.0,3.0,1.0,1.0,1.0,1.0,1.0,3.0,1.0,1.0
16656,1.0,1.0,1.0,3.0,1.0,1.0,1.0,1.0,1.0,4.0,1.0,1.0
16657,1.0,1.0,1.0,3.0,1.0,1.0,1.0,1.0,1.0,3.0,1.0,1.0
16658,1.0,1.0,1.0,3.0,1.0,1.0,1.0,1.0,1.0,3.0,1.0,1.0
16659,1.0,1.0,1.0,3.0,1.0,1.0,1.0,1.0,1.0,5.0,2.0,1.0
16660,1.0,1.0,1.0,3.0,1.0,1.0,1.0,1.0,1.0,3.0,1.0,1.0
16661,1.0,1.0,1.0,3.0,1.0,1.0,1.0,1.0,1.0,3.0,1.0,1.0
16662,1.0,1.0,1.0,3.0,1.0,1.0,1.0,1.0,1.0,5.0,2.0,1.0
16663,1.0,1.0,1.0,3.0,1.0,1.0,1.0,1.0,1.0,3.0,1.0,1.0
16664,1.0,1.0,1.0,3.0,1.0,1.0,1.0,1.0,1.0,3.0,1.0,1.0
16665,1.0,1.0,1.0,3.0,1.0,1.0,1.0,1.0,1.0,3.0,1.0,1.0
16666,1.0,1.0,1.0,3.0,1.0,1.0,1.0,1.0,1.0,3.0,1.0,1.0
16667,1.0,1.0,1.0,3.0,1.0,1.0,1.0,1.0,1.0,3.0,1.0,1.0
16668,1.0,1.0,1.0,3.0,1.0,1.0,1.0,1.0,1.0,5.0,2.0,1.0
16669,1.0,1.0,1.0,3.0,1.0,1.0,1.0,1.0,1.0,3.0,1.0,1.0
16670,1.0,1.0,1.0,3.0,1.0,1.0,1.0,1.0,1.0,3.0,1.0,1.0
16671,1.0,1.0,1.0,3.0,1.0,1.0,1.0,1.0,1.0,5.0,2.0,1.0
16672,1.0,1.0,1.0,3.0,1.0,1.0,1.0,1.0,1.0,5.0,2.0,1.0
16673,1.0,1.0,1.0,3.0,1.0,1.0,1.0,1.0,1.0,3.0,1.0,1.0
16674,1.0,1.0,1.0,3.0,1.0,1.0,1.0,1.0,1.0,5.0,2.0,1.0
16675,1.0,1.0,1.0,3.0,1.0,1.0,1.0,1.0,1.0,4.0,1.0,1.0
16676,1.0,1.0,1.0,3.0,1.0,1.0,1.0,1.0,1.0,4.0,1.0,1.0
16677,1.0,1.0,1.0,3.0,1.0,1.0,1.0,1.0,1.0,5.0,2.0,1.0
16678,1.0,1.0,1.0,3.0,1.0,1.0,1.0,1.0,1.0,4.0,1.0,1.0
16679,1.0,1.0,1.0,3.0,1.0,1.0,1.0,1.0,1.0,4.0,1.0,1.0
16680,1.0,1.0,1.0,3.0,1.0,1.0,1.0,1.0,1.0,3.0,1.0,1.0
16681,1.0,1.0,1.0,3.0,1.0,1.0,1.0,1.0,1.0,3.0,1.0,1.0
16682,1.0,1.0,1.0,3.0,1.0,1.0,1.0,1.0,1.0,3.0,1.0,1.0
16683,1.0,1.0,1.0,3.0,1.0,1.0,1.0,1.0,1.0,3.0,1.0,1.0
16684,1.0,1.0,1.0,3.0,1.0,1.0,1.0,1.0,1.0,3.0,1.0,1.0
16685,1.0,1.0,1.0,3.0,1.0,1.0,1.0,1.0,1.0,3.0,1.0,1.0
16686,1.0,1.0,1.0,3.0,1.0,1.0,1.0,1.0,1.0,4.0,1.0,1.0
16687,1.0,1.0,1.0,3.0,1.0,1.0,1.0,1.0,1.0,5.0,2.0,1.0
16688,1.0,1.0,1.0,3.0,1.0,1.0,1.0,1.0,1.0,3.0,1.0,1.0
16689,1.0,1.0,1.0,3.0,1.0,1.0,1.0,1.0,1.0,4.0,1.0,1.0
16690,1.0,1.0,1.0,3.0,1.0,1.0,1.0,1.0,1.0,3.0,1.0,1.0
16691,1.0,1.0,1.0,3.0,1.0,1.0,1.0,1.0,1.0,3.0,1.0,1.0
16692,1.0,1.0,1.0,3.0,1.0,1.0,1.0,1.0,1.0,4.0,1.0,1.0
16693,1.0,1.0,1.0,3.0,1.0,1.0,1.0,1.0,1.0,4.0,1.0,1.0
16694,1.0,1.0,1.0,3.0,1.0,1.0,1.0,1.0,1.0,3.0,1.0,1.0
16695,1.0,1.0,1.0,3.0,1.0,1.0,1.0,1.0,1.0,3.0,1.0,1.0
16696,1.0,1.0,1.0,3.0,1.0,1.0,1.0,1.0,1.0,4.0,1.0,1.0
16697,1.0,1.0,1.0,3.0,1.0,1.0,1.0,1.0,1.0,5.0,2.0,1.0
16698,1.0,1.0,1.0,3.0,1.0,1.0,1.0,1.0,1.0,3.0,1.0,1.0
16699,1.0,1.0,1.0,3.0,1.0,1.0,1.0,1.0,1.0,4.0,1.0,1.0
16700,1.0,1.0,1.0,3.0,1.0,1.0,1.0,1.0,1.0,5.0,2.0,1.0
16701,1.0,1.0,1.0,3.0,1.0,1.0,1.0,1.0,1.0,4.0,1.0,1.0
16702,1.0,1.0,1.0,3.0,1.0,1.0,1.0,1.0,1.0,5.0,2.0,1.0
16703,1.0,1.0,1.0,3.0,1.0,1.0,1.0,1.0,1.0,3.0,1.0,1.0
16704,1.0,1.0,1.0,3.0,1.0,1.0,1.0,1.0,1.0,3.0,1.0,1.0
16705,1.0,1.0,1.0,3.0,1.0,1.0,1.0,1.0,1.0,5.0,2.0,1.0
16706,1.0,1.0,1.0,3.0,1.0,1.0,1.0,1.0,1.0,3.0,1.0,1.0
16707,1.0,1.0,1.0,3.0,1.0,1.0,1.0,1.0,1.0,3.0,1.0,1.0
16708,1.0,1.0,1.0,3.0,1.0,1.0,1.0,1.0,1.0,3.0,1.0,1.0
16709,1.0,1.0,1.0,3.0,1.0,1.0,1.0,1.0,1.0,3.0,1.0,1.0
16710,1.0,1.0,1.0,3.0,1.0,1.0,1.0,1.0,1.0,5.0,2.0,1.0
16711,1.0,1.0,1.0,3.0,1.0,1.0,1.0,1.0,1.0,4.0,1.0,1.0
16712,1.0,1.0,1.0,3.0,1.0,1.0,1.0,1.0,1.0,4.0,1.0,1.0
16713,1.0,1.0,1.0,3.0,1.0,1.0,1.0,1.0,1.0,3.0,1.0,1.0
16714,1.0,1.0,1.0,3.0,1.0,1.0,1.0,1.0,1.0,5.0,2.0,1.0
16715,1.0,1.0,1.0,3.0,1.0,1.0,1.0,1.0,1.0,3.0,1.0,1.0
16716,1.0,1.0,1.0,3.0,1.0,1.0,1.0,1.0,1.0,4.0,1.0,1.0
16717,1.0,1.0,1.0,3.0,1.0,1.0,1.0,1.0,1.0,3.0,1.0,1.0
16718,1.0,1.0,1.0,3.0,1.0,1.0,1.0,1.0,1.0,3.0,1.0,1.0
16719,1.0,1.0,1.0,3.0,1.0,1.0,1.0,1.0,1.0,3.0,1.0,1.0
16720,1.0,1.0,1.0,3.0,1.0,1.0,1.0,1.0,1.0,3.0,1.0,1.0
16721,1.0,1.0,1.0,3.0,1.0,1.0,1.0,1.0,1.0,5.0,2.0,1.0
16722,1.0,1.0,1.0,3.0,1.0,1.0,1.0,1.0,1.0,4.0,1.0,1.0
16723,1.0,1.0,1.0,3.0,1.0,1.0,1.0,1.0,1.0,4.0,1.0,1.0
16724,1.0,1.0,1.0,3.0,1.0,1.0,1.0,1.0,1.0,3.0,1.0,1.0
16725,1.0,1.0,1.0,3.0,1.0,1.0,1.0,1.0,1.0,4.0,1.0,1.0
16726,1.0,1.0,1.0,3.0,1.0,1.0,1.0,1.0,1.0,5.0,2.0,1.0
16727,1.0,1.0,1.0,3.0,1.0,1.0,1.0,1.0,1.0,5.0,2.0,1.0
16728,1.0,1.0,1.0,3.0,1.0,1.0,1.0,1.0,1.0,5.0,2.0,1.0
16729,1.0,1.0,1.0,3.0,1.0,1.0,1.0,1.0,1.0,5.0,2.0,1.0
16730,1.0,1.0,1.0,3.0,1.0,1.0,1.0,1.0,1.0,3.0,1.0,1.0
16731,1.0,1.0,1.0,3.0,1.0,1.0,1.0,1.0,1.0,5.0,2.0,1.0
16732,1.0,1.0,1.0,3.0,1.0,1.0,1.0,1.0,1.0,5.0,2.0,1.0
16733,1.0,1.0,1.0,3.0,1.0,1.0,1.0,1.0,1.0,3.0,1.0,1.0
16734,1.0,1.0,1.0,3.0,1.0,1.0,1.0,1.0,1.0,3.0,1.0,1.0
16735,1.0,1.0,1.0,3.0,1.0,1.0,1.0,1.0,1.0,3.0,1.0,1.0
16736,1.0,1.0,1.0,3.0,1.0,1.0,1.0,1.0,1.0,3.0,1.0,1.0
16737,1.0,1.0,1.0,3.0,1.0,1.0,1.0,1.0,1.0,4.0,1.0,1.0
16738,1.0,1.0,1.0,3.0,1.0,1.0,1.0,1.0,1.0,3.0,1.0,1.0
16739,1.0,1.0,1.0,3.0,1.0,1.0,1.0,1.0,1.0,3.0,1.0,1.0
16740,1.0,1.0,1.0,3.0,1.0,1.0,1.0,1.0,1.0,5.0,2.0,1.0
16741,1.0,1.0,1.0,3.0,1.0,1.0,1.0,1.0,1.0,3.0,1.0,1.0
16742,1.0,1.0,1.0,3.0,1.0,1.0,1.0,1.0,1.0,3.0,1.0,1.0
16743,1.0,1.0,1.0,3.0,1.0,1.0,1.0,1.0,1.0,4.0,1.0,1.0
16744,1.0,1.0,1.0,3.0,1.0,1.0,1.0,1.0,1.0,3.0,1.0,1.0
16745,1.0,1.0,1.0,3.0,1.0,1.0,1.0,1.0,1.0,5.0,2.0,1.0
16746,1.0,1.0,1.0,3.0,1.0,1.0,1.0,1.0,1.0,3.0,1.0,1.0
16747,1.0,1.0,1.0,3.0,1.0,1.0,1.0,1.0,1.0,3.0,1.0,1.0
16748,1.0,1.0,1.0,3.0,1.0,1.0,1.0,1.0,1.0,5.0,2.0,1.0
16749,1.0,1.0,1.0,3.0,1.0,1.0,1.0,1.0,1.0,4.0,1.0,1.0
16750,1.0,1.0,1.0,3.0,1.0,1.0,1.0,1.0,1.0,4.0,1.0,1.0
16751,1.0,1.0,1.0,3.0,1.0,1.0,1.0,1.0,1.0,3.0,1.0,1.0
16752,1.0,1.0,1.0,3.0,1.0,1.0,1.0,1.0,1.0,4.0,1.0,1.0
16753,1.0,1.0,1.0,3.0,1.0,1.0,1.0,1.0,1.0,3.0,1.0,1.0
16754,1.0,1.0,1.0,3.0,1.0,1.0,1.0,1.0,1.0,3.0,1.0,1.0
16755,1.0,1.0,1.0,3.0,1.0,1.0,1.0,1.0,1.0,4.0,1.0,1.0
16756,1.0,1.0,1.0,3.0,1.0,1.0,1.0,1.0,1.0,4.0,1.0,1.0
16757,1.0,1.0,1.0,3.0,1.0,1.0,1.0,1.0,1.0,4.0,1.0,1.0
16758,1.0,1.0,1.0,3.0,1.0,1.0,1.0,1.0,1.0,3.0,1.0,1.0
16759,1.0,1.0,1.0,3.0,1.0,1.0,1.0,1.0,1.0,4.0,1.0,1.0
16760,1.0,1.0,1.0,3.0,1.0,1.0,1.0,1.0,1.0,3.0,1.0,1.0
16761,1.0,1.0,1.0,3.0,1.0,1.0,1.0,1.0,1.0,5.0,2.0,1.0
16762,1.0,1.0,1.0,3.0,1.0,1.0,1.0,1.0,1.0,3.0,1.0,1.0
16763,1.0,1.0,1.0,3.0,1.0,1.0,1.0,1.0,1.0,3.0,1.0,1.0
16764,1.0,1.0,1.0,3.0,1.0,1.0,1.0,1.0,1.0,3.0,1.0,1.0
16765,1.0,1.0,1.0,3.0,1.0,1.0,1.0,1.0,1.0,4.0,1.0,1.0
16766,1.0,1.0,1.0,3.0,1.0,1.0,1.0,1.0,1.0,5.0,2.0,1.0
16767,1.0,1.0,1.0,3.0,1.0,1.0,1.0,1.0,1.0,3.0,1.0,1.0
16768,1.0,1.0,1.0,3.0,1.0,1.0,1.0,1.0,1.0,3.0,1.0,1.0
16769,1.0,1.0,1.0,3.0,1.0,1.0,1.0,1.0,1.0,4.0,1.0,1.0
16770,1.0,1.0,1.0,3.0,1.0,1.0,1.0,1.0,1.0,3.0,1.0,1.0
16771,1.0,1.0,1.0,3.0,1.0,1.0,1.0,1.0,1.0,3.0,1.0,1.0
16772,1.0,1.0,1.0,3.0,1.0,1.0,1.0,1.0,1.0,5.0,2.0,1.0
16773,1.0,1.0,1.0,3.0,1.0,1.0,1.0,1.0,1.0,5.0,2.0,1.0
16774,1.0,1.0,1.0,3.0,1.0,1.0,1.0,1.0,1.0,4.0,1.0,1.0
16775,1.0,1.0,1.0,3.0,1.0,1.0,1.0,1.0,1.0,5.0,2.0,1.0
16776,1.0,1.0,1.0,3.0,1.0,1.0,1.0,1.0,1.0,3.0,1.0,1.0
16777,1.0,1.0,1.0,3.0,1.0,1.0,1.0,1.0,1.0,3.0,1.0,1.0
16778,1.0,1.0,1.0,3.0,1.0,1.0,1.0,1.0,1.0,4.0,1.0,1.0
16779,1.0,1.0,1.0,3.0,1.0,1.0,1.0,1.0,1.0,4.0,1.0,1.0
16780,1.0,1.0,1.0,3.0,1.0,1.0,1.0,1.0,1.0,3.0,1.0,1.0
16781,1.0,1.0,1.0,3.0,1.0,1.0,1.0,1.0,1.0,5.0,2.0,1.0
16782,1.0,1.0,1.0,3.0,1.0,1.0,1.0,1.0,1.0,4.0,1.0,1.0
16783,1.0,1.0,1.0,3.0,1.0,1.0,1.0,1.0,1.0,3.0,1.0,1.0
16784,1.0,1.0,1.0,3.0,1.0,1.0,1.0,1.0,1.0,4.0,1.0,1.0
16785,1.0,1.0,1.0,3.0,1.0,1.0,1.0,1.0,1.0,3.0,1.0,1.0
16786,1.0,1.0,1.0,3.0,1.0,1.0,1.0,1.0,1.0,5.0,2.0,1.0
16787,1.0,1.0,1.0,3.0,1.0,1.0,1.0,1.0,1.0,4.0,1.0,1.0
16788,1.0,1.0,1.0,3.0,1.0,1.0,1.0,1.0,1.0,5.0,2.0,1.0
16789,1.0,1.0,1.0,3.0,1.0,1.0,1.0,1.0,1.0,3.0,1.0,1.0
16790,1.0,1.0,1.0,3.0,1.0,1.0,1.0,1.0,1.0,3.0,1.0,1.0
16791,1.0,1.0,1.0,3.0,1.0,1.0,1.0,1.0,1.0,3.0,1.0,1.0
16792,1.0,1.0,1.0,3.0,1.0,1.0,1.0,1.0,1.0,4.0,1.0,1.0
16793,1.0,1.0,1.0,3.0,1.0,1.0,1.0,1.0,1.0,3.0,1.0,1.0
16794,1.0,1.0,1.0,3.0,1.0,1.0,1.0,1.0,1.0,4.0,1.0,1.0
16795,1.0,1.0,1.0,3.0,1.0,1.0,1.0,1.0,1.0,4.0,1.0,1.0
16796,1.0,1.0,1.0,3.0,1.0,1.0,1.0,1.0,1.0,5.0,2.0,1.0
16797,1.0,1.0,1.0,3.0,1.0,1.0,1.0,1.0,1.0,3.0,1.0,1.0
16798,1.0,1.0,1.0,3.0,1.0,1.0,1.0,1.0,1.0,3.0,1.0,1.0
16799,1.0,1.0,1.0,3.0,1.0,1.0,1.0,1.0,1.0,3.0,1.0,1.0
16800,1.0,1.0,1.0,3.0,1.0,1.0,1.0,1.0,1.0,3.0,1.0,1.0
16801,1.0,1.0,1.0,3.0,1.0,1.0,1.0,1.0,1.0,3.0,1.0,1.0
16802,1.0,1.0,1.0,3.0,1.0,1.0,1.0,1.0,1.0,3.0,1.0,1.0
16803,1.0,1.0,1.0,3.0,1.0,1.0,1.0,1.0,1.0,5.0,2.0,1.0
16804,1.0,1.0,1.0,3.0,1.0,1.0,1.0,1.0,1.0,3.0,1.0,1.0
16805,1.0,1.0,1.0,3.0,1.0,1.0,1.0,1.0,1.0,4.0,1.0,1.0
16806,1.0,1.0,1.0,3.0,1.0,1.0,1.0,1.0,1.0,3.0,1.0,1.0
16807,1.0,1.0,1.0,3.0,1.0,1.0,1.0,1.0,1.0,3.0,1.0,1.0
16808,1.0,1.0,1.0,3.0,1.0,1.0,1.0,1.0,1.0,4.0,1.0,1.0
16809,1.0,1.0,1.0,3.0,1.0,1.0,1.0,1.0,1.0,4.0,1.0,1.0
16810,1.0,1.0,1.0,3.0,1.0,1.0,1.0,1.0,1.0,5.0,2.0,1.0
16811,1.0,1.0,1.0,3.0,1.0,1.0,1.0,1.0,1.0,3.0,1.0,1.0
16812,1.0,1.0,1.0,3.0,1.0,1.0,1.0,1.0,1.0,5.0,2.0,1.0
16813,1.0,1.0,1.0,3.0,1.0,1.0,1.0,1.0,1.0,3.0,1.0,1.0
16814,1.0,1.0,1.0,3.0,1.0,1.0,1.0,1.0,1.0,5.0,2.0,1.0
16815,1.0,1.0,1.0,3.0,1.0,1.0,1.0,1.0,1.0,3.0,1.0,1.0
16816,1.0,1.0,1.0,3.0,1.0,1.0,1.0,1.0,1.0,4.0,1.0,1.0
16817,1.0,1.0,1.0,3.0,1.0,1.0,1.0,1.0,1.0,3.0,1.0,1.0
16818,1.0,1.0,1.0,3.0,1.0,1.0,1.0,1.0,1.0,5.0,2.0,1.0
16819,1.0,1.0,1.0,3.0,1.0,1.0,1.0,1.0,1.0,4.0,1.0,1.0
16820,1.0,1.0,1.0,3.0,1.0,1.0,1.0,1.0,1.0,5.0,2.0,1.0
16821,1.0,1.0,1.0,3.0,1.0,1.0,1.0,1.0,1.0,5.0,2.0,1.0
16822,1.0,1.0,1.0,3.0,1.0,1.0,1.0,1.0,1.0,3.0,1.0,1.0
16823,1.0,1.0,1.0,3.0,1.0,1.0,1.0,1.0,1.0,3.0,1.0,1.0
16824,1.0,1.0,1.0,3.0,1.0,1.0,1.0,1.0,1.0,4.0,1.0,1.0
16825,1.0,1.0,1.0,3.0,1.0,1.0,1.0,1.0,1.0,3.0,1.0,1.0
16826,1.0,1.0,1.0,3.0,1.0,1.0,1.0,1.0,1.0,3.0,1.0,1.0
16827,1.0,1.0,1.0,3.0,1.0,1.0,1.0,1.0,1.0,4.0,1.0,1.0
16828,1.0,1.0,1.0,3.0,1.0,1.0,1.0,1.0,1.0,3.0,1.0,1.0
16829,1.0,1.0,1.0,3.0,1.0,1.0,1.0,1.0,1.0,3.0,1.0,1.0
16830,1.0,1.0,1.0,3.0,1.0,1.0,1.0,1.0,1.0,5.0,2.0,1.0
16831,1.0,1.0,1.0,3.0,1.0,1.0,1.0,1.0,1.0,3.0,1.0,1.0
16832,1.0,1.0,1.0,3.0,1.0,1.0,1.0,1.0,1.0,3.0,1.0,1.0
16833,1.0,1.0,1.0,3.0,1.0,1.0,1.0,1.0,1.0,3.0,1.0,1.0
16834,1.0,1.0,1.0,3.0,1.0,1.0,1.0,1.0,1.0,3.0,1.0,1.0
16835,1.0,1.0,1.0,3.0,1.0,1.0,1.0,1.0,1.0,3.0,1.0,1.0
16836,1.0,1.0,1.0,3.0,1.0,1.0,1.0,1.0,1.0,5.0,2.0,1.0
16837,1.0,1.0,1.0,3.0,1.0,1.0,1.0,1.0,1.0,3.0,1.0,1.0
16838,1.0,1.0,1.0,3.0,1.0,1.0,1.0,1.0,1.0,5.0,2.0,1.0
16839,1.0,1.0,1.0,3.0,1.0,1.0,1.0,1.0,1.0,5.0,2.0,1.0
16840,1.0,1.0,1.0,3.0,1.0,1.0,1.0,1.0,1.0,3.0,1.0,1.0
16841,1.0,1.0,1.0,3.0,1.0,1.0,1.0,1.0,1.0,4.0,1.0,1.0
16842,1.0,1.0,1.0,3.0,1.0,1.0,1.0,1.0,1.0,3.0,1.0,1.0
16843,1.0,1.0,1.0,3.0,1.0,1.0,1.0,1.0,1.0,3.0,1.0,1.0
16844,1.0,1.0,1.0,3.0,1.0,1.0,1.0,1.0,1.0,3.0,1.0,1.0
16845,1.0,1.0,1.0,3.0,1.0,1.0,1.0,1.0,1.0,5.0,2.0,1.0
16846,1.0,1.0,1.0,3.0,1.0,1.0,1.0,1.0,1.0,5.0,2.0,1.0
16847,1.0,1.0,1.0,3.0,1.0,1.0,1.0,1.0,1.0,5.0,2.0,1.0
16848,1.0,1.0,1.0,3.0,1.0,1.0,1.0,1.0,1.0,5.0,2.0,1.0
16849,1.0,1.0,1.0,3.0,1.0,1.0,1.0,1.0,1.0,3.0,1.0,1.0
16850,1.0,1.0,1.0,3.0,1.0,1.0,1.0,1.0,1.0,5.0,2.0,1.0
16851,1.0,1.0,1.0,3.0,1.0,1.0,1.0,1.0,1.0,4.0,1.0,1.0
16852,1.0,1.0,1.0,3.0,1.0,1.0,1.0,1.0,1.0,3.0,1.0,1.0
16853,1.0,1.0,1.0,3.0,1.0,1.0,1.0,1.0,1.0,5.0,2.0,1.0
16854,1.0,1.0,1.0,3.0,1.0,1.0,1.0,1.0,1.0,5.0,2.0,1.0
16855,1.0,1.0,1.0,3.0,1.0,1.0,1.0,1.0,1.0,5.0,2.0,1.0
16856,1.0,1.0,1.0,3.0,1.0,1.0,1.0,1.0,1.0,3.0,1.0,1.0
16857,1.0,1.0,1.0,3.0,1.0,1.0,1.0,1.0,1.0,3.0,1.0,1.0
16858,1.0,1.0,1.0,3.0,1.0,1.0,1.0,1.0,1.0,4.0,1.0,1.0
16859,1.0,1.0,1.0,3.0,1.0,1.0,1.0,1.0,1.0,3.0,1.0,1.0
16860,1.0,1.0,1.0,3.0,1.0,1.0,1.0,1.0,1.0,4.0,1.0,1.0
16861,1.0,1.0,1.0,3.0,1.0,1.0,1.0,1.0,1.0,4.0,1.0,1.0
16862,1.0,1.0,1.0,3.0,1.0,1.0,1.0,1.0,1.0,5.0,2.0,1.0
16863,1.0,1.0,1.0,3.0,1.0,1.0,1.0,1.0,1.0,5.0,2.0,1.0
16864,1.0,1.0,1.0,3.0,1.0,1.0,1.0,1.0,1.0,5.0,2.0,1.0
16865,1.0,1.0,1.0,3.0,1.0,1.0,1.0,1.0,1.0,3.0,1.0,1.0
16866,1.0,1.0,1.0,3.0,1.0,1.0,1.0,1.0,1.0,3.0,1.0,1.0
16867,1.0,1.0,1.0,3.0,1.0,1.0,1.0,1.0,1.0,4.0,1.0,1.0
16868,1.0,1.0,1.0,3.0,1.0,1.0,1.0,1.0,1.0,5.0,2.0,1.0
16869,1.0,1.0,1.0,3.0,1.0,1.0,1.0,1.0,1.0,3.0,1.0,1.0
16870,1.0,1.0,1.0,3.0,1.0,1.0,1.0,1.0,1.0,4.0,1.0,1.0
16871,1.0,1.0,1.0,3.0,1.0,1.0,1.0,1.0,1.0,5.0,2.0,1.0
16872,1.0,1.0,1.0,3.0,1.0,1.0,1.0,1.0,1.0,5.0,2.0,1.0
16873,1.0,1.0,1.0,3.0,1.0,1.0,1.0,1.0,1.0,5.0,2.0,1.0
16874,1.0,1.0,1.0,3.0,1.0,1.0,1.0,1.0,1.0,3.0,1.0,1.0
16875,1.0,1.0,1.0,3.0,1.0,1.0,1.0,1.0,1.0,3.0,1.0,1.0
16876,1.0,1.0,1.0,3.0,1.0,1.0,1.0,1.0,1.0,4.0,1.0,1.0
16877,1.0,1.0,1.0,3.0,1.0,1.0,1.0,1.0,1.0,5.0,2.0,1.0
16878,1.0,1.0,1.0,3.0,1.0,1.0,1.0,1.0,1.0,3.0,1.0,1.0
16879,1.0,1.0,1.0,3.0,1.0,1.0,1.0,1.0,1.0,5.0,2.0,1.0
16880,1.0,1.0,1.0,3.0,1.0,1.0,1.0,1.0,1.0,4.0,1.0,1.0
16881,1.0,1.0,1.0,3.0,1.0,1.0,1.0,1.0,1.0,4.0,1.0,1.0
16882,1.0,1.0,1.0,3.0,1.0,1.0,1.0,1.0,1.0,3.0,1.0,1.0
16883,1.0,1.0,1.0,3.0,1.0,1.0,1.0,1.0,1.0,5.0,2.0,1.0
16884,1.0,1.0,1.0,3.0,1.0,1.0,1.0,1.0,1.0,4.0,1.0,1.0
16885,1.0,1.0,1.0,3.0,1.0,1.0,1.0,1.0,1.0,4.0,1.0,1.0
16886,1.0,1.0,1.0,3.0,1.0,1.0,1.0,1.0,1.0,4.0,1.0,1.0
16887,1.0,1.0,1.0,3.0,1.0,1.0,1.0,1.0,1.0,5.0,2.0,1.0
16888,1.0,1.0,1.0,3.0,1.0,1.0,1.0,1.0,1.0,3.0,1.0,1.0
16889,1.0,1.0,1.0,3.0,1.0,1.0,1.0,1.0,1.0,3.0,1.0,1.0
16890,1.0,1.0,1.0,3.0,1.0,1.0,1.0,1.0,1.0,4.0,1.0,1.0
16891,1.0,1.0,1.0,3.0,1.0,1.0,1.0,1.0,1.0,4.0,1.0,1.0
16892,1.0,1.0,1.0,3.0,1.0,1.0,1.0,1.0,1.0,3.0,1.0,1.0
16893,1.0,1.0,1.0,3.0,1.0,1.0,1.0,1.0,1.0,3.0,1.0,1.0
16894,1.0,1.0,1.0,3.0,1.0,1.0,1.0,1.0,1.0,4.0,1.0,1.0
16895,1.0,1.0,1.0,3.0,1.0,1.0,1.0,1.0,1.0,5.0,2.0,1.0
16896,1.0,1.0,1.0,3.0,1.0,1.0,1.0,1.0,1.0,5.0,2.0,1.0
16897,1.0,1.0,1.0,3.0,1.0,1.0,1.0,1.0,1.0,3.0,1.0,1.0
16898,1.0,1.0,1.0,3.0,1.0,1.0,1.0,1.0,1.0,3.0,1.0,1.0
16899,1.0,1.0,1.0,3.0,1.0,1.0,1.0,1.0,1.0,3.0,1.0,1.0
16900,1.0,1.0,1.0,3.0,1.0,1.0,1.0,1.0,1.0,4.0,1.0,1.0
16901,1.0,1.0,1.0,3.0,1.0,1.0,1.0,1.0,1.0,3.0,1.0,1.0
16902,1.0,1.0,1.0,3.0,1.0,1.0,1.0,1.0,1.0,4.0,1.0,1.0
16903,1.0,1.0,1.0,3.0,1.0,1.0,1.0,1.0,1.0,3.0,1.0,1.0
16904,1.0,1.0,1.0,3.0,1.0,1.0,1.0,1.0,1.0,3.0,1.0,1.0
16905,1.0,1.0,1.0,3.0,1.0,1.0,1.0,1.0,1.0,3.0,1.0,1.0
16906,1.0,1.0,1.0,3.0,1.0,1.0,1.0,1.0,1.0,5.0,2.0,1.0
16907,1.0,1.0,1.0,3.0,1.0,1.0,1.0,1.0,1.0,3.0,1.0,1.0
16908,1.0,1.0,1.0,3.0,1.0,1.0,1.0,1.0,1.0,4.0,1.0,1.0
16909,1.0,1.0,1.0,3.0,1.0,1.0,1.0,1.0,1.0,5.0,2.0,1.0
16910,1.0,1.0,1.0,3.0,1.0,1.0,1.0,1.0,1.0,3.0,1.0,1.0
16911,1.0,1.0,1.0,3.0,1.0,1.0,1.0,1.0,1.0,5.0,2.0,1.0
16912,1.0,1.0,1.0,3.0,1.0,1.0,1.0,1.0,1.0,3.0,1.0,1.0
16913,1.0,1.0,1.0,3.0,1.0,1.0,1.0,1.0,1.0,3.0,1.0,1.0
16914,1.0,1.0,1.0,3.0,1.0,1.0,1.0,1.0,1.0,5.0,2.0,1.0
16915,1.0,1.0,1.0,3.0,1.0,1.0,1.0,1.0,1.0,3.0,1.0,1.0
16916,1.0,1.0,1.0,3.0,1.0,1.0,1.0,1.0,1.0,3.0,1.0,1.0
16917,1.0,1.0,1.0,3.0,1.0,1.0,1.0,1.0,1.0,3.0,1.0,1.0
16918,1.0,1.0,1.0,3.0,1.0,1.0,1.0,1.0,1.0,4.0,1.0,1.0
16919,1.0,1.0,1.0,3.0,1.0,1.0,1.0,1.0,1.0,5.0,2.0,1.0
16920,1.0,1.0,1.0,3.0,1.0,1.0,1.0,1.0,1.0,3.0,1.0,1.0
16921,1.0,1.0,1.0,3.0,1.0,1.0,1.0,1.0,1.0,4.0,1.0,1.0
16922,1.0,1.0,1.0,3.0,1.0,1.0,1.0,1.0,1.0,5.0,2.0,1.0
16923,1.0,1.0,1.0,3.0,1.0,1.0,1.0,1.0,1.0,4.0,1.0,1.0
16924,1.0,1.0,1.0,3.0,1.0,1.0,1.0,1.0,1.0,3.0,1.0,1.0
16925,1.0,1.0,1.0,3.0,1.0,1.0,1.0,1.0,1.0,5.0,2.0,1.0
16926,1.0,1.0,1.0,3.0,1.0,1.0,1.0,1.0,1.0,4.0,1.0,1.0
16927,1.0,1.0,1.0,3.0,1.0,1.0,1.0,1.0,1.0,4.0,1.0,1.0
16928,1.0,1.0,1.0,3.0,1.0,1.0,1.0,1.0,1.0,5.0,2.0,1.0
16929,1.0,1.0,1.0,3.0,1.0,1.0,1.0,1.0,1.0,4.0,1.0,1.0
16930,1.0,1.0,1.0,3.0,1.0,1.0,1.0,1.0,1.0,4.0,1.0,1.0
16931,1.0,1.0,1.0,3.0,1.0,1.0,1.0,1.0,1.0,3.0,1.0,1.0
16932,1.0,1.0,1.0,3.0,1.0,1.0,1.0,1.0,1.0,4.0,1.0,1.0
16933,1.0,1.0,1.0,3.0,1.0,1.0,1.0,1.0,1.0,4.0,1.0,1.0
16934,1.0,1.0,1.0,3.0,1.0,1.0,1.0,1.0,1.0,4.0,1.0,1.0
16935,1.0,1.0,1.0,3.0,1.0,1.0,1.0,1.0,1.0,5.0,2.0,1.0
16936,1.0,1.0,1.0,3.0,1.0,1.0,1.0,1.0,1.0,5.0,2.0,1.0
16937,1.0,1.0,1.0,3.0,1.0,1.0,1.0,1.0,1.0,3.0,1.0,1.0
16938,1.0,1.0,1.0,3.0,1.0,1.0,1.0,1.0,1.0,4.0,1.0,1.0
16939,1.0,1.0,1.0,3.0,1.0,1.0,1.0,1.0,1.0,5.0,2.0,1.0
16940,1.0,1.0,1.0,3.0,1.0,1.0,1.0,1.0,1.0,4.0,1.0,1.0
16941,1.0,1.0,1.0,3.0,1.0,1.0,1.0,1.0,1.0,3.0,1.0,1.0
16942,1.0,1.0,1.0,3.0,1.0,1.0,1.0,1.0,1.0,3.0,1.0,1.0
16943,1.0,1.0,1.0,3.0,1.0,1.0,1.0,1.0,1.0,5.0,2.0,1.0
16944,1.0,1.0,1.0,3.0,1.0,1.0,1.0,1.0,1.0,3.0,1.0,1.0
16945,1.0,1.0,1.0,3.0,1.0,1.0,1.0,1.0,1.0,3.0,1.0,1.0
16946,1.0,1.0,1.0,3.0,1.0,1.0,1.0,1.0,1.0,3.0,1.0,1.0
16947,1.0,1.0,1.0,3.0,1.0,1.0,1.0,1.0,1.0,3.0,1.0,1.0
16948,1.0,1.0,1.0,3.0,1.0,1.0,1.0,1.0,1.0,3.0,1.0,1.0
16949,1.0,1.0,1.0,3.0,1.0,1.0,1.0,1.0,1.0,4.0,1.0,1.0
16950,1.0,1.0,1.0,3.0,1.0,1.0,1.0,1.0,1.0,5.0,2.0,1.0
16951,1.0,1.0,1.0,3.0,1.0,1.0,1.0,1.0,1.0,5.0,2.0,1.0
16952,1.0,1.0,1.0,3.0,1.0,1.0,1.0,1.0,1.0,3.0,1.0,1.0
16953,1.0,1.0,1.0,3.0,1.0,1.0,1.0,1.0,1.0,3.0,1.0,1.0
16954,1.0,1.0,1.0,3.0,1.0,1.0,1.0,1.0,1.0,3.0,1.0,1.0
16955,1.0,1.0,1.0,3.0,1.0,1.0,1.0,1.0,1.0,4.0,1.0,1.0
16956,1.0,1.0,1.0,3.0,1.0,1.0,1.0,1.0,1.0,4.0,1.0,1.0
16957,1.0,1.0,1.0,3.0,1.0,1.0,1.0,1.0,1.0,4.0,1.0,1.0
16958,1.0,1.0,1.0,3.0,1.0,1.0,1.0,1.0,1.0,3.0,1.0,1.0
16959,1.0,1.0,1.0,3.0,1.0,1.0,1.0,1.0,1.0,5.0,2.0,1.0
16960,1.0,1.0,1.0,3.0,1.0,1.0,1.0,1.0,1.0,5.0,2.0,1.0
16961,1.0,1.0,1.0,3.0,1.0,1.0,1.0,1.0,1.0,3.0,1.0,1.0
16962,1.0,1.0,1.0,3.0,1.0,1.0,1.0,1.0,1.0,3.0,1.0,1.0
16963,1.0,1.0,1.0,3.0,1.0,1.0,1.0,1.0,1.0,4.0,1.0,1.0
16964,1.0,1.0,1.0,3.0,1.0,1.0,1.0,1.0,1.0,4.0,1.0,1.0
16965,1.0,1.0,1.0,3.0,1.0,1.0,1.0,1.0,1.0,3.0,1.0,1.0
16966,1.0,1.0,1.0,3.0,1.0,1.0,1.0,1.0,1.0,5.0,2.0,1.0
16967,1.0,1.0,1.0,3.0,1.0,1.0,1.0,1.0,1.0,3.0,1.0,1.0
16968,1.0,1.0,1.0,3.0,1.0,1.0,1.0,1.0,1.0,3.0,1.0,1.0
16969,1.0,1.0,1.0,3.0,1.0,1.0,1.0,1.0,1.0,3.0,1.0,1.0
16970,1.0,1.0,1.0,3.0,1.0,1.0,1.0,1.0,1.0,4.0,1.0,1.0
16971,1.0,1.0,1.0,3.0,1.0,1.0,1.0,1.0,1.0,5.0,2.0,1.0
16972,1.0,1.0,1.0,3.0,1.0,1.0,1.0,1.0,1.0,5.0,2.0,1.0
16973,1.0,1.0,1.0,3.0,1.0,1.0,1.0,1.0,1.0,3.0,1.0,1.0
16974,1.0,1.0,1.0,3.0,1.0,1.0,1.0,1.0,1.0,4.0,1.0,1.0
16975,1.0,1.0,1.0,3.0,1.0,1.0,1.0,1.0,1.0,5.0,2.0,1.0
16976,1.0,1.0,1.0,3.0,1.0,1.0,1.0,1.0,1.0,3.0,1.0,1.0
16977,1.0,1.0,1.0,3.0,1.0,1.0,1.0,1.0,1.0,5.0,2.0,1.0
16978,1.0,1.0,1.0,3.0,1.0,1.0,1.0,1.0,1.0,3.0,1.0,1.0
16979,1.0,1.0,1.0,3.0,1.0,1.0,1.0,1.0,1.0,3.0,1.0,1.0
16980,1.0,1.0,1.0,3.0,1.0,1.0,1.0,1.0,1.0,4.0,1.0,1.0
16981,1.0,1.0,1.0,3.0,1.0,1.0,1.0,1.0,1.0,3.0,1.0,1.0
16982,1.0,1.0,1.0,3.0,1.0,1.0,1.0,1.0,1.0,4.0,1.0,1.0
16983,1.0,1.0,1.0,3.0,1.0,1.0,1.0,1.0,1.0,5.0,2.0,1.0
16984,1.0,1.0,1.0,3.0,1.0,1.0,1.0,1.0,1.0,3.0,1.0,1.0
16985,1.0,1.0,1.0,3.0,1.0,1.0,1.0,1.0,1.0,3.0,1.0,1.0
16986,1.0,1.0,1.0,3.0,1.0,1.0,1.0,1.0,1.0,5.0,2.0,1.0
16987,1.0,1.0,1.0,3.0,1.0,1.0,1.0,1.0,1.0,3.0,1.0,1.0
16988,1.0,1.0,1.0,3.0,1.0,1.0,1.0,1.0,1.0,5.0,2.0,1.0
16989,1.0,1.0,1.0,3.0,1.0,1.0,1.0,1.0,1.0,4.0,1.0,1.0
16990,1.0,1.0,1.0,3.0,1.0,1.0,1.0,1.0,1.0,5.0,2.0,1.0
16991,1.0,1.0,1.0,3.0,1.0,1.0,1.0,1.0,1.0,5.0,2.0,1.0
16992,1.0,1.0,1.0,3.0,1.0,1.0,1.0,1.0,1.0,3.0,1.0,1.0
16993,1.0,1.0,1.0,3.0,1.0,1.0,1.0,1.0,1.0,4.0,1.0,1.0
16994,1.0,1.0,1.0,3.0,1.0,1.0,1.0,1.0,1.0,3.0,1.0,1.0
16995,1.0,1.0,1.0,3.0,1.0,1.0,1.0,1.0,1.0,3.0,1.0,1.0
16996,1.0,1.0,1.0,3.0,1.0,1.0,1.0,1.0,1.0,3.0,1.0,1.0
16997,1.0,1.0,1.0,3.0,1.0,1.0,1.0,1.0,1.0,3.0,1.0,1.0
16998,1.0,1.0,1.0,3.0,1.0,1.0,1.0,1.0,1.0,3.0,1.0,1.0
16999,1.0,1.0,1.0,3.0,1.0,1.0,1.0,1.0,1.0,5.0,2.0,1.0
17000,1.0,1.0,1.0,3.0,1.0,1.0,1.0,1.0,1.0,3.0,1.0,1.0
17001,1.0,1.0,1.0,3.0,1.0,1.0,1.0,1.0,1.0,3.0,1.0,1.0
17002,1.0,1.0,1.0,3.0,1.0,1.0,1.0,1.0,1.0,5.0,2.0,1.0
17003,1.0,1.0,1.0,3.0,1.0,1.0,1.0,1.0,1.0,3.0,1.0,1.0
17004,1.0,1.0,1.0,3.0,1.0,1.0,1.0,1.0,1.0,3.0,1.0,1.0
17005,1.0,1.0,1.0,3.0,1.0,1.0,1.0,1.0,1.0,3.0,1.0,1.0
17006,1.0,1.0,1.0,3.0,1.0,1.0,1.0,1.0,1.0,4.0,1.0,1.0
17007,1.0,1.0,1.0,3.0,1.0,1.0,1.0,1.0,1.0,5.0,2.0,1.0
17008,1.0,1.0,1.0,3.0,1.0,1.0,1.0,1.0,1.0,3.0,1.0,1.0
17009,1.0,1.0,1.0,3.0,1.0,1.0,1.0,1.0,1.0,4.0,1.0,1.0
17010,1.0,1.0,1.0,3.0,1.0,1.0,1.0,1.0,1.0,3.0,1.0,1.0
17011,1.0,1.0,1.0,3.0,1.0,1.0,1.0,1.0,1.0,5.0,2.0,1.0
17012,1.0,1.0,1.0,3.0,1.0,1.0,1.0,1.0,1.0,4.0,1.0,1.0
17013,1.0,1.0,1.0,3.0,1.0,1.0,1.0,1.0,1.0,5.0,2.0,1.0
17014,1.0,1.0,1.0,3.0,1.0,1.0,1.0,1.0,1.0,5.0,2.0,1.0
17015,1.0,1.0,1.0,3.0,1.0,1.0,1.0,1.0,1.0,3.0,1.0,1.0
17016,1.0,1.0,1.0,3.0,1.0,1.0,1.0,1.0,1.0,3.0,1.0,1.0
17017,1.0,1.0,1.0,3.0,1.0,1.0,1.0,1.0,1.0,3.0,1.0,1.0
17018,1.0,1.0,1.0,3.0,1.0,1.0,1.0,1.0,1.0,5.0,2.0,1.0
17019,1.0,1.0,1.0,3.0,1.0,1.0,1.0,1.0,1.0,3.0,1.0,1.0
17020,1.0,1.0,1.0,3.0,1.0,1.0,1.0,1.0,1.0,3.0,1.0,1.0
17021,1.0,1.0,1.0,3.0,1.0,1.0,1.0,1.0,1.0,4.0,1.0,1.0
17022,1.0,1.0,1.0,3.0,1.0,1.0,1.0,1.0,1.0,4.0,1.0,1.0
17023,1.0,1.0,1.0,3.0,1.0,1.0,1.0,1.0,1.0,4.0,1.0,1.0
17024,1.0,1.0,1.0,3.0,1.0,1.0,1.0,1.0,1.0,3.0,1.0,1.0
17025,1.0,1.0,1.0,3.0,1.0,1.0,1.0,1.0,1.0,3.0,1.0,1.0
17026,1.0,1.0,1.0,3.0,1.0,1.0,1.0,1.0,1.0,3.0,1.0,1.0
17027,1.0,1.0,1.0,3.0,1.0,1.0,1.0,1.0,1.0,5.0,2.0,1.0
17028,1.0,1.0,1.0,3.0,1.0,1.0,1.0,1.0,1.0,3.0,1.0,1.0
17029,1.0,1.0,1.0,3.0,1.0,1.0,1.0,1.0,1.0,4.0,1.0,1.0
17030,1.0,1.0,1.0,3.0,1.0,1.0,1.0,1.0,1.0,3.0,1.0,1.0
17031,1.0,1.0,1.0,3.0,1.0,1.0,1.0,1.0,1.0,3.0,1.0,1.0
17032,1.0,1.0,1.0,3.0,1.0,1.0,1.0,1.0,1.0,5.0,2.0,1.0
17033,1.0,1.0,1.0,3.0,1.0,1.0,1.0,1.0,1.0,5.0,2.0,1.0
17034,1.0,1.0,1.0,3.0,1.0,1.0,1.0,1.0,1.0,5.0,2.0,1.0
17035,1.0,1.0,1.0,3.0,1.0,1.0,1.0,1.0,1.0,3.0,1.0,1.0
17036,1.0,1.0,1.0,3.0,1.0,1.0,1.0,1.0,1.0,3.0,1.0,1.0
17037,1.0,1.0,1.0,3.0,1.0,1.0,1.0,1.0,1.0,4.0,1.0,1.0
17038,1.0,1.0,1.0,3.0,1.0,1.0,1.0,1.0,1.0,3.0,1.0,1.0
17039,1.0,1.0,1.0,3.0,1.0,1.0,1.0,1.0,1.0,3.0,1.0,1.0
17040,1.0,1.0,1.0,3.0,1.0,1.0,1.0,1.0,1.0,4.0,1.0,1.0
17041,1.0,1.0,1.0,3.0,1.0,1.0,1.0,1.0,1.0,5.0,2.0,1.0
17042,1.0,1.0,1.0,3.0,1.0,1.0,1.0,1.0,1.0,5.0,2.0,1.0
17043,1.0,1.0,1.0,3.0,1.0,1.0,1.0,1.0,1.0,5.0,2.0,1.0
17044,1.0,1.0,1.0,3.0,1.0,1.0,1.0,1.0,1.0,4.0,1.0,1.0
17045,1.0,1.0,1.0,3.0,1.0,1.0,1.0,1.0,1.0,4.0,1.0,1.0
17046,1.0,1.0,1.0,3.0,1.0,1.0,1.0,1.0,1.0,4.0,1.0,1.0
17047,1.0,1.0,1.0,3.0,1.0,1.0,1.0,1.0,1.0,3.0,1.0,1.0
17048,1.0,1.0,1.0,3.0,1.0,1.0,1.0,1.0,1.0,3.0,1.0,1.0
17049,1.0,1.0,1.0,3.0,1.0,1.0,1.0,1.0,1.0,5.0,2.0,1.0
17050,1.0,1.0,1.0,3.0,1.0,1.0,1.0,1.0,1.0,3.0,1.0,1.0
17051,1.0,1.0,1.0,3.0,1.0,1.0,1.0,1.0,1.0,3.0,1.0,1.0
17052,1.0,1.0,1.0,3.0,1.0,1.0,1.0,1.0,1.0,5.0,2.0,1.0
17053,1.0,1.0,1.0,3.0,1.0,1.0,1.0,1.0,1.0,3.0,1.0,1.0
17054,1.0,1.0,1.0,3.0,1.0,1.0,1.0,1.0,1.0,5.0,2.0,1.0
17055,1.0,1.0,1.0,3.0,1.0,1.0,1.0,1.0,1.0,5.0,2.0,1.0
17056,1.0,1.0,1.0,3.0,1.0,1.0,1.0,1.0,1.0,4.0,1.0,1.0
17057,1.0,1.0,1.0,3.0,1.0,1.0,1.0,1.0,1.0,4.0,1.0,1.0
17058,1.0,1.0,1.0,3.0,1.0,1.0,1.0,1.0,1.0,3.0,1.0,1.0
17059,1.0,1.0,1.0,3.0,1.0,1.0,1.0,1.0,1.0,3.0,1.0,1.0
17060,1.0,1.0,1.0,3.0,1.0,1.0,1.0,1.0,1.0,5.0,2.0,1.0
17061,1.0,1.0,1.0,3.0,1.0,1.0,1.0,1.0,1.0,3.0,1.0,1.0
17062,1.0,1.0,1.0,3.0,1.0,1.0,1.0,1.0,1.0,4.0,1.0,1.0
17063,1.0,1.0,1.0,3.0,1.0,1.0,1.0,1.0,1.0,4.0,1.0,1.0
17064,1.0,1.0,1.0,3.0,1.0,1.0,1.0,1.0,1.0,3.0,1.0,1.0
17065,1.0,1.0,1.0,3.0,1.0,1.0,1.0,1.0,1.0,4.0,1.0,1.0
17066,1.0,1.0,1.0,3.0,1.0,1.0,1.0,1.0,1.0,3.0,1.0,1.0
17067,1.0,1.0,1.0,3.0,1.0,1.0,1.0,1.0,1.0,5.0,2.0,1.0
17068,1.0,1.0,1.0,3.0,1.0,1.0,1.0,1.0,1.0,5.0,2.0,1.0
17069,1.0,1.0,1.0,3.0,1.0,1.0,1.0,1.0,1.0,3.0,1.0,1.0
17070,1.0,1.0,1.0,3.0,1.0,1.0,1.0,1.0,1.0,4.0,1.0,1.0
17071,1.0,1.0,1.0,3.0,1.0,1.0,1.0,1.0,1.0,3.0,1.0,1.0
17072,1.0,1.0,1.0,3.0,1.0,1.0,1.0,1.0,1.0,3.0,1.0,1.0
17073,1.0,1.0,1.0,3.0,1.0,1.0,1.0,1.0,1.0,4.0,1.0,1.0
17074,1.0,1.0,1.0,3.0,1.0,1.0,1.0,1.0,1.0,4.0,1.0,1.0
17075,1.0,1.0,1.0,3.0,1.0,1.0,1.0,1.0,1.0,4.0,1.0,1.0
17076,1.0,1.0,1.0,3.0,1.0,1.0,1.0,1.0,1.0,5.0,2.0,1.0
17077,1.0,1.0,1.0,3.0,1.0,1.0,1.0,1.0,1.0,5.0,2.0,1.0
17078,1.0,1.0,1.0,3.0,1.0,1.0,1.0,1.0,1.0,3.0,1.0,1.0
17079,1.0,1.0,1.0,3.0,1.0,1.0,1.0,1.0,1.0,3.0,1.0,1.0
17080,1.0,1.0,1.0,3.0,1.0,1.0,1.0,1.0,1.0,5.0,2.0,1.0
17081,1.0,1.0,1.0,3.0,1.0,1.0,1.0,1.0,1.0,4.0,1.0,1.0
17082,1.0,1.0,1.0,3.0,1.0,1.0,1.0,1.0,1.0,3.0,1.0,1.0
17083,1.0,1.0,1.0,3.0,1.0,1.0,1.0,1.0,1.0,3.0,1.0,1.0
17084,1.0,1.0,1.0,3.0,1.0,1.0,1.0,1.0,1.0,3.0,1.0,1.0
17085,1.0,1.0,1.0,3.0,1.0,1.0,1.0,1.0,1.0,3.0,1.0,1.0
17086,1.0,1.0,1.0,3.0,1.0,1.0,1.0,1.0,1.0,3.0,1.0,1.0
17087,1.0,1.0,1.0,3.0,1.0,1.0,1.0,1.0,1.0,5.0,2.0,1.0
17088,1.0,1.0,1.0,3.0,1.0,1.0,1.0,1.0,1.0,3.0,1.0,1.0
17089,1.0,1.0,1.0,3.0,1.0,1.0,1.0,1.0,1.0,3.0,1.0,1.0
17090,1.0,1.0,1.0,3.0,1.0,1.0,1.0,1.0,1.0,3.0,1.0,1.0
17091,1.0,1.0,1.0,3.0,1.0,1.0,1.0,1.0,1.0,4.0,1.0,1.0
17092,1.0,1.0,1.0,3.0,1.0,1.0,1.0,1.0,1.0,3.0,1.0,1.0
17093,1.0,1.0,1.0,3.0,1.0,1.0,1.0,1.0,1.0,5.0,2.0,1.0
17094,1.0,1.0,1.0,3.0,1.0,1.0,1.0,1.0,1.0,3.0,1.0,1.0
17095,1.0,1.0,1.0,3.0,1.0,1.0,1.0,1.0,1.0,3.0,1.0,1.0
17096,1.0,1.0,1.0,3.0,1.0,1.0,1.0,1.0,1.0,4.0,1.0,1.0
17097,1.0,1.0,1.0,3.0,1.0,1.0,1.0,1.0,1.0,3.0,1.0,1.0
17098,1.0,1.0,1.0,3.0,1.0,1.0,1.0,1.0,1.0,3.0,1.0,1.0
17099,1.0,1.0,1.0,3.0,1.0,1.0,1.0,1.0,1.0,4.0,1.0,1.0
17100,1.0,1.0,1.0,3.0,1.0,1.0,1.0,1.0,1.0,5.0,2.0,1.0
17101,1.0,1.0,1.0,3.0,1.0,1.0,1.0,1.0,1.0,3.0,1.0,1.0
17102,1.0,1.0,1.0,3.0,1.0,1.0,1.0,1.0,1.0,4.0,1.0,1.0
17103,1.0,1.0,1.0,3.0,1.0,1.0,1.0,1.0,1.0,5.0,2.0,1.0
17104,1.0,1.0,1.0,3.0,1.0,1.0,1.0,1.0,1.0,3.0,1.0,1.0
17105,1.0,1.0,1.0,3.0,1.0,1.0,1.0,1.0,1.0,3.0,1.0,1.0
17106,1.0,1.0,1.0,3.0,1.0,1.0,1.0,1.0,1.0,5.0,2.0,1.0
17107,1.0,1.0,1.0,3.0,1.0,1.0,1.0,1.0,1.0,5.0,2.0,1.0
17108,1.0,1.0,1.0,3.0,1.0,1.0,1.0,1.0,1.0,5.0,2.0,1.0
17109,1.0,1.0,1.0,3.0,1.0,1.0,1.0,1.0,1.0,3.0,1.0,1.0
17110,1.0,1.0,1.0,3.0,1.0,1.0,1.0,1.0,1.0,3.0,1.0,1.0
17111,1.0,1.0,1.0,3.0,1.0,1.0,1.0,1.0,1.0,5.0,2.0,1.0
17112,1.0,1.0,1.0,3.0,1.0,1.0,1.0,1.0,1.0,4.0,1.0,1.0
17113,1.0,1.0,1.0,3.0,1.0,1.0,1.0,1.0,1.0,3.0,1.0,1.0
17114,1.0,1.0,1.0,3.0,1.0,1.0,1.0,1.0,1.0,3.0,1.0,1.0
17115,1.0,1.0,1.0,3.0,1.0,1.0,1.0,1.0,1.0,3.0,1.0,1.0
17116,1.0,1.0,1.0,3.0,1.0,1.0,1.0,1.0,1.0,3.0,1.0,1.0
17117,1.0,1.0,1.0,3.0,1.0,1.0,1.0,1.0,1.0,5.0,2.0,1.0
17118,1.0,1.0,1.0,3.0,1.0,1.0,1.0,1.0,1.0,3.0,1.0,1.0
17119,1.0,1.0,1.0,3.0,1.0,1.0,1.0,1.0,1.0,5.0,2.0,1.0
17120,1.0,1.0,1.0,3.0,1.0,1.0,1.0,1.0,1.0,3.0,1.0,1.0
17121,1.0,1.0,1.0,3.0,1.0,1.0,1.0,1.0,1.0,3.0,1.0,1.0
17122,1.0,1.0,1.0,3.0,1.0,1.0,1.0,1.0,1.0,5.0,2.0,1.0
17123,1.0,1.0,1.0,3.0,1.0,1.0,1.0,1.0,1.0,3.0,1.0,1.0
17124,1.0,1.0,1.0,3.0,1.0,1.0,1.0,1.0,1.0,3.0,1.0,1.0
17125,1.0,1.0,1.0,3.0,1.0,1.0,1.0,1.0,1.0,5.0,2.0,1.0
17126,1.0,1.0,1.0,3.0,1.0,1.0,1.0,1.0,1.0,3.0,1.0,1.0
17127,1.0,1.0,1.0,3.0,1.0,1.0,1.0,1.0,1.0,3.0,1.0,1.0
17128,1.0,1.0,1.0,3.0,1.0,1.0,1.0,1.0,1.0,4.0,1.0,1.0
17129,1.0,1.0,1.0,3.0,1.0,1.0,1.0,1.0,1.0,3.0,1.0,1.0
17130,1.0,1.0,1.0,3.0,1.0,1.0,1.0,1.0,1.0,3.0,1.0,1.0
17131,1.0,1.0,1.0,3.0,1.0,1.0,1.0,1.0,1.0,3.0,1.0,1.0
17132,1.0,1.0,1.0,3.0,1.0,1.0,1.0,1.0,1.0,3.0,1.0,1.0
17133,1.0,1.0,1.0,3.0,1.0,1.0,1.0,1.0,1.0,5.0,2.0,1.0
17134,1.0,1.0,1.0,3.0,1.0,1.0,1.0,1.0,1.0,5.0,2.0,1.0
17135,1.0,1.0,1.0,3.0,1.0,1.0,1.0,1.0,1.0,4.0,1.0,1.0
17136,1.0,1.0,1.0,3.0,1.0,1.0,1.0,1.0,1.0,3.0,1.0,1.0
17137,1.0,1.0,1.0,3.0,1.0,1.0,1.0,1.0,1.0,3.0,1.0,1.0
17138,1.0,1.0,1.0,3.0,1.0,1.0,1.0,1.0,1.0,5.0,2.0,1.0
17139,1.0,1.0,1.0,3.0,1.0,1.0,1.0,1.0,1.0,5.0,2.0,1.0
17140,1.0,1.0,1.0,3.0,1.0,1.0,1.0,1.0,1.0,5.0,2.0,1.0
17141,1.0,1.0,1.0,3.0,1.0,1.0,1.0,1.0,1.0,4.0,1.0,1.0
17142,1.0,1.0,1.0,3.0,1.0,1.0,1.0,1.0,1.0,3.0,1.0,1.0
17143,1.0,1.0,1.0,3.0,1.0,1.0,1.0,1.0,1.0,3.0,1.0,1.0
17144,1.0,1.0,1.0,3.0,1.0,1.0,1.0,1.0,1.0,4.0,1.0,1.0
17145,1.0,1.0,1.0,3.0,1.0,1.0,1.0,1.0,1.0,4.0,1.0,1.0
17146,1.0,1.0,1.0,3.0,1.0,1.0,1.0,1.0,1.0,5.0,2.0,1.0
17147,1.0,1.0,1.0,3.0,1.0,1.0,1.0,1.0,1.0,4.0,1.0,1.0
17148,1.0,1.0,1.0,3.0,1.0,1.0,1.0,1.0,1.0,5.0,2.0,1.0
17149,1.0,1.0,1.0,3.0,1.0,1.0,1.0,1.0,1.0,5.0,2.0,1.0
17150,1.0,1.0,1.0,3.0,1.0,1.0,1.0,1.0,1.0,5.0,2.0,1.0
17151,1.0,1.0,1.0,3.0,1.0,1.0,1.0,1.0,1.0,3.0,1.0,1.0
17152,1.0,1.0,1.0,3.0,1.0,1.0,1.0,1.0,1.0,3.0,1.0,1.0
17153,1.0,1.0,1.0,3.0,1.0,1.0,1.0,1.0,1.0,3.0,1.0,1.0
17154,1.0,1.0,1.0,3.0,1.0,1.0,1.0,1.0,1.0,5.0,2.0,1.0
17155,1.0,1.0,1.0,3.0,1.0,1.0,1.0,1.0,1.0,5.0,2.0,1.0
17156,1.0,1.0,1.0,3.0,1.0,1.0,1.0,1.0,1.0,3.0,1.0,1.0
17157,1.0,1.0,1.0,3.0,1.0,1.0,1.0,1.0,1.0,4.0,1.0,1.0
17158,1.0,1.0,1.0,3.0,1.0,1.0,1.0,1.0,1.0,3.0,1.0,1.0
17159,1.0,1.0,1.0,3.0,1.0,1.0,1.0,1.0,1.0,3.0,1.0,1.0
17160,1.0,1.0,1.0,3.0,1.0,1.0,1.0,1.0,1.0,5.0,2.0,1.0
17161,1.0,1.0,1.0,3.0,1.0,1.0,1.0,1.0,1.0,4.0,1.0,1.0
17162,1.0,1.0,1.0,3.0,1.0,1.0,1.0,1.0,1.0,3.0,1.0,1.0
17163,1.0,1.0,1.0,3.0,1.0,1.0,1.0,1.0,1.0,5.0,2.0,1.0
17164,1.0,1.0,1.0,3.0,1.0,1.0,1.0,1.0,1.0,4.0,1.0,1.0
17165,1.0,1.0,1.0,3.0,1.0,1.0,1.0,1.0,1.0,3.0,1.0,1.0
17166,1.0,1.0,1.0,3.0,1.0,1.0,1.0,1.0,1.0,5.0,2.0,1.0
17167,1.0,1.0,1.0,3.0,1.0,1.0,1.0,1.0,1.0,3.0,1.0,1.0
17168,1.0,1.0,1.0,3.0,1.0,1.0,1.0,1.0,1.0,3.0,1.0,1.0
17169,1.0,1.0,1.0,3.0,1.0,1.0,1.0,1.0,1.0,3.0,1.0,1.0
17170,1.0,1.0,1.0,3.0,1.0,1.0,1.0,1.0,1.0,5.0,2.0,1.0
17171,1.0,1.0,1.0,3.0,1.0,1.0,1.0,1.0,1.0,3.0,1.0,1.0
17172,1.0,1.0,1.0,3.0,1.0,1.0,1.0,1.0,1.0,5.0,2.0,1.0
17173,1.0,1.0,1.0,3.0,1.0,1.0,1.0,1.0,1.0,4.0,1.0,1.0
17174,1.0,1.0,1.0,3.0,1.0,1.0,1.0,1.0,1.0,3.0,1.0,1.0
17175,1.0,1.0,1.0,3.0,1.0,1.0,1.0,1.0,1.0,3.0,1.0,1.0
17176,1.0,1.0,1.0,3.0,1.0,1.0,1.0,1.0,1.0,5.0,2.0,1.0
17177,1.0,1.0,1.0,3.0,1.0,1.0,1.0,1.0,1.0,3.0,1.0,1.0
17178,1.0,1.0,1.0,3.0,1.0,1.0,1.0,1.0,1.0,5.0,2.0,1.0
17179,1.0,1.0,1.0,3.0,1.0,1.0,1.0,1.0,1.0,3.0,1.0,1.0
17180,1.0,1.0,1.0,3.0,1.0,1.0,1.0,1.0,1.0,3.0,1.0,1.0
17181,1.0,1.0,1.0,3.0,1.0,1.0,1.0,1.0,1.0,3.0,1.0,1.0
17182,1.0,1.0,1.0,3.0,1.0,1.0,1.0,1.0,1.0,4.0,1.0,1.0
17183,1.0,1.0,1.0,3.0,1.0,1.0,1.0,1.0,1.0,3.0,1.0,1.0
17184,1.0,1.0,1.0,3.0,1.0,1.0,1.0,1.0,1.0,5.0,2.0,1.0
17185,1.0,1.0,1.0,3.0,1.0,1.0,1.0,1.0,1.0,4.0,1.0,1.0
17186,1.0,1.0,1.0,3.0,1.0,1.0,1.0,1.0,1.0,3.0,1.0,1.0
17187,1.0,1.0,1.0,3.0,1.0,1.0,1.0,1.0,1.0,3.0,1.0,1.0
17188,1.0,1.0,1.0,3.0,1.0,1.0,1.0,1.0,1.0,5.0,2.0,1.0
17189,1.0,1.0,1.0,3.0,1.0,1.0,1.0,1.0,1.0,3.0,1.0,1.0
17190,1.0,1.0,1.0,3.0,1.0,1.0,1.0,1.0,1.0,3.0,1.0,1.0
17191,1.0,1.0,1.0,3.0,1.0,1.0,1.0,1.0,1.0,3.0,1.0,1.0
17192,1.0,1.0,1.0,3.0,1.0,1.0,1.0,1.0,1.0,3.0,1.0,1.0
17193,1.0,1.0,1.0,3.0,1.0,1.0,1.0,1.0,1.0,3.0,1.0,1.0
17194,1.0,1.0,1.0,3.0,1.0,1.0,1.0,1.0,1.0,5.0,2.0,1.0
17195,1.0,1.0,1.0,3.0,1.0,1.0,1.0,1.0,1.0,4.0,1.0,1.0
17196,1.0,1.0,1.0,3.0,1.0,1.0,1.0,1.0,1.0,3.0,1.0,1.0
17197,1.0,1.0,1.0,3.0,1.0,1.0,1.0,1.0,1.0,5.0,2.0,1.0
17198,1.0,1.0,1.0,3.0,1.0,1.0,1.0,1.0,1.0,5.0,2.0,1.0
17199,1.0,1.0,1.0,3.0,1.0,1.0,1.0,1.0,1.0,3.0,1.0,1.0
17200,1.0,1.0,1.0,3.0,1.0,1.0,1.0,1.0,1.0,3.0,1.0,1.0
17201,1.0,1.0,1.0,3.0,1.0,1.0,1.0,1.0,1.0,3.0,1.0,1.0
17202,1.0,1.0,1.0,3.0,1.0,1.0,1.0,1.0,1.0,4.0,1.0,1.0
17203,1.0,1.0,1.0,3.0,1.0,1.0,1.0,1.0,1.0,3.0,1.0,1.0
17204,1.0,1.0,1.0,3.0,1.0,1.0,1.0,1.0,1.0,3.0,1.0,1.0
17205,1.0,1.0,1.0,3.0,1.0,1.0,1.0,1.0,1.0,5.0,2.0,1.0
17206,1.0,1.0,1.0,3.0,1.0,1.0,1.0,1.0,1.0,5.0,2.0,1.0
17207,1.0,1.0,1.0,3.0,1.0,1.0,1.0,1.0,1.0,4.0,1.0,1.0
17208,1.0,1.0,1.0,3.0,1.0,1.0,1.0,1.0,1.0,5.0,2.0,1.0
17209,1.0,1.0,1.0,3.0,1.0,1.0,1.0,1.0,1.0,4.0,1.0,1.0
17210,1.0,1.0,1.0,3.0,1.0,1.0,1.0,1.0,1.0,5.0,2.0,1.0
17211,1.0,1.0,1.0,3.0,1.0,1.0,1.0,1.0,1.0,3.0,1.0,1.0
17212,1.0,1.0,1.0,3.0,1.0,1.0,1.0,1.0,1.0,3.0,1.0,1.0
17213,1.0,1.0,1.0,3.0,1.0,1.0,1.0,1.0,1.0,3.0,1.0,1.0
17214,1.0,1.0,1.0,3.0,1.0,1.0,1.0,1.0,1.0,3.0,1.0,1.0
17215,1.0,1.0,1.0,3.0,1.0,1.0,1.0,1.0,1.0,3.0,1.0,1.0
17216,1.0,1.0,1.0,3.0,1.0,1.0,1.0,1.0,1.0,3.0,1.0,1.0
17217,1.0,1.0,1.0,3.0,1.0,1.0,1.0,1.0,1.0,3.0,1.0,1.0
17218,1.0,1.0,1.0,3.0,1.0,1.0,1.0,1.0,1.0,3.0,1.0,1.0
17219,1.0,1.0,1.0,3.0,1.0,1.0,1.0,1.0,1.0,4.0,1.0,1.0
17220,1.0,1.0,1.0,3.0,1.0,1.0,1.0,1.0,1.0,3.0,1.0,1.0
17221,1.0,1.0,1.0,3.0,1.0,1.0,1.0,1.0,1.0,4.0,1.0,1.0
17222,1.0,1.0,1.0,3.0,1.0,1.0,1.0,1.0,1.0,3.0,1.0,1.0
17223,1.0,1.0,1.0,3.0,1.0,1.0,1.0,1.0,1.0,5.0,2.0,1.0
17224,1.0,1.0,1.0,3.0,1.0,1.0,1.0,1.0,1.0,3.0,1.0,1.0
17225,1.0,1.0,1.0,3.0,1.0,1.0,1.0,1.0,1.0,5.0,2.0,1.0
17226,1.0,1.0,1.0,3.0,1.0,1.0,1.0,1.0,1.0,3.0,1.0,1.0
17227,1.0,1.0,1.0,3.0,1.0,1.0,1.0,1.0,1.0,5.0,2.0,1.0
17228,1.0,1.0,1.0,3.0,1.0,1.0,1.0,1.0,1.0,3.0,1.0,1.0
17229,1.0,1.0,1.0,3.0,1.0,1.0,1.0,1.0,1.0,5.0,2.0,1.0
17230,1.0,1.0,1.0,3.0,1.0,1.0,1.0,1.0,1.0,4.0,1.0,1.0
17231,1.0,1.0,1.0,3.0,1.0,1.0,1.0,1.0,1.0,3.0,1.0,1.0
17232,1.0,1.0,1.0,3.0,1.0,1.0,1.0,1.0,1.0,3.0,1.0,1.0
17233,1.0,1.0,1.0,3.0,1.0,1.0,1.0,1.0,1.0,3.0,1.0,1.0
17234,1.0,1.0,1.0,3.0,1.0,1.0,1.0,1.0,1.0,3.0,1.0,1.0
17235,1.0,1.0,1.0,3.0,1.0,1.0,1.0,1.0,1.0,3.0,1.0,1.0
17236,1.0,1.0,1.0,3.0,1.0,1.0,1.0,1.0,1.0,3.0,1.0,1.0
17237,1.0,1.0,1.0,3.0,1.0,1.0,1.0,1.0,1.0,3.0,1.0,1.0
17238,1.0,1.0,1.0,3.0,1.0,1.0,1.0,1.0,1.0,5.0,2.0,1.0
17239,1.0,1.0,1.0,3.0,1.0,1.0,1.0,1.0,1.0,5.0,2.0,1.0
17240,1.0,1.0,1.0,3.0,1.0,1.0,1.0,1.0,1.0,5.0,2.0,1.0
17241,1.0,1.0,1.0,3.0,1.0,1.0,1.0,1.0,1.0,5.0,2.0,1.0
17242,1.0,1.0,1.0,3.0,1.0,1.0,1.0,1.0,1.0,4.0,1.0,1.0
17243,1.0,1.0,1.0,3.0,1.0,1.0,1.0,1.0,1.0,3.0,1.0,1.0
17244,1.0,1.0,1.0,3.0,1.0,1.0,1.0,1.0,1.0,3.0,1.0,1.0
17245,1.0,1.0,1.0,3.0,1.0,1.0,1.0,1.0,1.0,3.0,1.0,1.0
17246,1.0,1.0,1.0,3.0,1.0,1.0,1.0,1.0,1.0,3.0,1.0,1.0
17247,1.0,1.0,1.0,3.0,1.0,1.0,1.0,1.0,1.0,3.0,1.0,1.0
17248,1.0,1.0,1.0,3.0,1.0,1.0,1.0,1.0,1.0,5.0,2.0,1.0
17249,1.0,1.0,1.0,3.0,1.0,1.0,1.0,1.0,1.0,3.0,1.0,1.0
17250,1.0,1.0,1.0,3.0,1.0,1.0,1.0,1.0,1.0,3.0,1.0,1.0
17251,1.0,1.0,1.0,3.0,1.0,1.0,1.0,1.0,1.0,3.0,1.0,1.0
17252,1.0,1.0,1.0,3.0,1.0,1.0,1.0,1.0,1.0,4.0,1.0,1.0
17253,1.0,1.0,1.0,3.0,1.0,1.0,1.0,1.0,1.0,5.0,2.0,1.0
17254,1.0,1.0,1.0,3.0,1.0,1.0,1.0,1.0,1.0,4.0,1.0,1.0
17255,1.0,1.0,1.0,3.0,1.0,1.0,1.0,1.0,1.0,4.0,1.0,1.0
17256,1.0,1.0,1.0,3.0,1.0,1.0,1.0,1.0,1.0,5.0,2.0,1.0
17257,1.0,1.0,1.0,3.0,1.0,1.0,1.0,1.0,1.0,4.0,1.0,1.0
17258,1.0,1.0,1.0,3.0,1.0,1.0,1.0,1.0,1.0,3.0,1.0,1.0
17259,1.0,1.0,1.0,3.0,1.0,1.0,1.0,1.0,1.0,3.0,1.0,1.0
17260,1.0,1.0,1.0,3.0,1.0,1.0,1.0,1.0,1.0,3.0,1.0,1.0
17261,1.0,1.0,1.0,3.0,1.0,1.0,1.0,1.0,1.0,3.0,1.0,1.0
17262,1.0,1.0,1.0,3.0,1.0,1.0,1.0,1.0,1.0,3.0,1.0,1.0
17263,1.0,1.0,1.0,3.0,1.0,1.0,1.0,1.0,1.0,3.0,1.0,1.0
17264,1.0,1.0,1.0,3.0,1.0,1.0,1.0,1.0,1.0,3.0,1.0,1.0
17265,1.0,1.0,1.0,3.0,1.0,1.0,1.0,1.0,1.0,3.0,1.0,1.0
17266,1.0,1.0,1.0,3.0,1.0,1.0,1.0,1.0,1.0,5.0,2.0,1.0
17267,1.0,1.0,1.0,3.0,1.0,1.0,1.0,1.0,1.0,3.0,1.0,1.0
17268,1.0,1.0,1.0,3.0,1.0,1.0,1.0,1.0,1.0,3.0,1.0,1.0
17269,1.0,1.0,1.0,3.0,1.0,1.0,1.0,1.0,1.0,5.0,2.0,1.0
17270,1.0,1.0,1.0,3.0,1.0,1.0,1.0,1.0,1.0,3.0,1.0,1.0
17271,1.0,1.0,1.0,3.0,1.0,1.0,1.0,1.0,1.0,5.0,2.0,1.0
17272,1.0,1.0,1.0,3.0,1.0,1.0,1.0,1.0,1.0,3.0,1.0,1.0
17273,1.0,1.0,1.0,3.0,1.0,1.0,1.0,1.0,1.0,3.0,1.0,1.0
17274,1.0,1.0,1.0,3.0,1.0,1.0,1.0,1.0,1.0,3.0,1.0,1.0
17275,1.0,1.0,1.0,3.0,1.0,1.0,1.0,1.0,1.0,3.0,1.0,1.0
17276,1.0,1.0,1.0,3.0,1.0,1.0,1.0,1.0,1.0,3.0,1.0,1.0
17277,1.0,1.0,1.0,3.0,1.0,1.0,1.0,1.0,1.0,3.0,1.0,1.0
17278,1.0,1.0,1.0,3.0,1.0,1.0,1.0,1.0,1.0,3.0,1.0,1.0
17279,1.0,1.0,1.0,3.0,1.0,1.0,1.0,1.0,1.0,4.0,1.0,1.0
17280,1.0,1.0,1.0,3.0,1.0,1.0,1.0,1.0,1.0,5.0,2.0,1.0
17281,1.0,1.0,1.0,3.0,1.0,1.0,1.0,1.0,1.0,4.0,1.0,1.0
17282,1.0,1.0,1.0,3.0,1.0,1.0,1.0,1.0,1.0,3.0,1.0,1.0
17283,1.0,1.0,1.0,3.0,1.0,1.0,1.0,1.0,1.0,3.0,1.0,1.0
17284,1.0,1.0,1.0,3.0,1.0,1.0,1.0,1.0,1.0,5.0,2.0,1.0
17285,1.0,1.0,1.0,3.0,1.0,1.0,1.0,1.0,1.0,4.0,1.0,1.0
17286,1.0,1.0,1.0,3.0,1.0,1.0,1.0,1.0,1.0,5.0,2.0,1.0
17287,1.0,1.0,1.0,3.0,1.0,1.0,1.0,1.0,1.0,4.0,1.0,1.0
17288,1.0,1.0,1.0,3.0,1.0,1.0,1.0,1.0,1.0,5.0,2.0,1.0
17289,1.0,1.0,1.0,3.0,1.0,1.0,1.0,1.0,1.0,5.0,2.0,1.0
17290,1.0,1.0,1.0,3.0,1.0,1.0,1.0,1.0,1.0,3.0,1.0,1.0
17291,1.0,1.0,1.0,3.0,1.0,1.0,1.0,1.0,1.0,5.0,2.0,1.0
17292,1.0,1.0,1.0,3.0,1.0,1.0,1.0,1.0,1.0,4.0,1.0,1.0
17293,1.0,1.0,1.0,3.0,1.0,1.0,1.0,1.0,1.0,3.0,1.0,1.0
17294,1.0,1.0,1.0,3.0,1.0,1.0,1.0,1.0,1.0,3.0,1.0,1.0
17295,1.0,1.0,1.0,3.0,1.0,1.0,1.0,1.0,1.0,3.0,1.0,1.0
17296,1.0,1.0,1.0,3.0,1.0,1.0,1.0,1.0,1.0,3.0,1.0,1.0
17297,1.0,1.0,1.0,3.0,1.0,1.0,1.0,1.0,1.0,3.0,1.0,1.0
17298,1.0,1.0,1.0,3.0,1.0,1.0,1.0,1.0,1.0,4.0,1.0,1.0
17299,1.0,1.0,1.0,3.0,1.0,1.0,1.0,1.0,1.0,3.0,1.0,1.0
17300,1.0,1.0,1.0,3.0,1.0,1.0,1.0,1.0,1.0,3.0,1.0,1.0
17301,1.0,1.0,1.0,3.0,1.0,1.0,1.0,1.0,1.0,3.0,1.0,1.0
17302,1.0,1.0,1.0,3.0,1.0,1.0,1.0,1.0,1.0,3.0,1.0,1.0
17303,1.0,1.0,1.0,3.0,1.0,1.0,1.0,1.0,1.0,4.0,1.0,1.0
17304,1.0,1.0,1.0,3.0,1.0,1.0,1.0,1.0,1.0,4.0,1.0,1.0
17305,1.0,1.0,1.0,3.0,1.0,1.0,1.0,1.0,1.0,3.0,1.0,1.0
17306,1.0,1.0,1.0,3.0,1.0,1.0,1.0,1.0,1.0,3.0,1.0,1.0
17307,1.0,1.0,1.0,3.0,1.0,1.0,1.0,1.0,1.0,4.0,1.0,1.0
17308,1.0,1.0,1.0,3.0,1.0,1.0,1.0,1.0,1.0,3.0,1.0,1.0
17309,1.0,1.0,1.0,3.0,1.0,1.0,1.0,1.0,1.0,5.0,2.0,1.0
17310,1.0,1.0,1.0,3.0,1.0,1.0,1.0,1.0,1.0,3.0,1.0,1.0
17311,1.0,1.0,1.0,3.0,1.0,1.0,1.0,1.0,1.0,3.0,1.0,1.0
17312,1.0,1.0,1.0,3.0,1.0,1.0,1.0,1.0,1.0,5.0,2.0,1.0
17313,1.0,1.0,1.0,3.0,1.0,1.0,1.0,1.0,1.0,3.0,1.0,1.0
17314,1.0,1.0,1.0,3.0,1.0,1.0,1.0,1.0,1.0,3.0,1.0,1.0
17315,1.0,1.0,1.0,3.0,1.0,1.0,1.0,1.0,1.0,3.0,1.0,1.0
17316,1.0,1.0,1.0,3.0,1.0,1.0,1.0,1.0,1.0,3.0,1.0,1.0
17317,1.0,1.0,1.0,3.0,1.0,1.0,1.0,1.0,1.0,4.0,1.0,1.0
17318,1.0,1.0,1.0,3.0,1.0,1.0,1.0,1.0,1.0,4.0,1.0,1.0
17319,1.0,1.0,1.0,3.0,1.0,1.0,1.0,1.0,1.0,3.0,1.0,1.0
17320,1.0,1.0,1.0,3.0,1.0,1.0,1.0,1.0,1.0,3.0,1.0,1.0
17321,1.0,1.0,1.0,3.0,1.0,1.0,1.0,1.0,1.0,3.0,1.0,1.0
17322,1.0,1.0,1.0,3.0,1.0,1.0,1.0,1.0,1.0,4.0,1.0,1.0
17323,1.0,1.0,1.0,3.0,1.0,1.0,1.0,1.0,1.0,4.0,1.0,1.0
17324,1.0,1.0,1.0,3.0,1.0,1.0,1.0,1.0,1.0,5.0,2.0,1.0
17325,1.0,1.0,1.0,3.0,1.0,1.0,1.0,1.0,1.0,5.0,2.0,1.0
17326,1.0,1.0,1.0,3.0,1.0,1.0,1.0,1.0,1.0,5.0,2.0,1.0
17327,1.0,1.0,1.0,3.0,1.0,1.0,1.0,1.0,1.0,3.0,1.0,1.0
17328,1.0,1.0,1.0,3.0,1.0,1.0,1.0,1.0,1.0,3.0,1.0,1.0
17329,1.0,1.0,1.0,3.0,1.0,1.0,1.0,1.0,1.0,3.0,1.0,1.0
17330,1.0,1.0,1.0,3.0,1.0,1.0,1.0,1.0,1.0,5.0,2.0,1.0
17331,1.0,1.0,1.0,3.0,1.0,1.0,1.0,1.0,1.0,3.0,1.0,1.0
17332,1.0,1.0,1.0,3.0,1.0,1.0,1.0,1.0,1.0,5.0,2.0,1.0
17333,1.0,1.0,1.0,3.0,1.0,1.0,1.0,1.0,1.0,5.0,2.0,1.0
17334,1.0,1.0,1.0,3.0,1.0,1.0,1.0,1.0,1.0,5.0,2.0,1.0
17335,1.0,1.0,1.0,3.0,1.0,1.0,1.0,1.0,1.0,3.0,1.0,1.0
17336,1.0,1.0,1.0,3.0,1.0,1.0,1.0,1.0,1.0,3.0,1.0,1.0
17337,1.0,1.0,1.0,3.0,1.0,1.0,1.0,1.0,1.0,5.0,2.0,1.0
17338,1.0,1.0,1.0,3.0,1.0,1.0,1.0,1.0,1.0,4.0,1.0,1.0
17339,1.0,1.0,1.0,3.0,1.0,1.0,1.0,1.0,1.0,4.0,1.0,1.0
17340,1.0,1.0,1.0,3.0,1.0,1.0,1.0,1.0,1.0,5.0,2.0,1.0
17341,1.0,1.0,1.0,3.0,1.0,1.0,1.0,1.0,1.0,5.0,2.0,1.0
17342,1.0,1.0,1.0,3.0,1.0,1.0,1.0,1.0,1.0,4.0,1.0,1.0
17343,1.0,1.0,1.0,3.0,1.0,1.0,1.0,1.0,1.0,3.0,1.0,1.0
17344,1.0,1.0,1.0,3.0,1.0,1.0,1.0,1.0,1.0,3.0,1.0,1.0
17345,1.0,1.0,1.0,3.0,1.0,1.0,1.0,1.0,1.0,5.0,2.0,1.0
17346,1.0,1.0,1.0,3.0,1.0,1.0,1.0,1.0,1.0,3.0,1.0,1.0
17347,1.0,1.0,1.0,3.0,1.0,1.0,1.0,1.0,1.0,5.0,2.0,1.0
17348,1.0,1.0,1.0,3.0,1.0,1.0,1.0,1.0,1.0,4.0,1.0,1.0
17349,1.0,1.0,1.0,3.0,1.0,1.0,1.0,1.0,1.0,5.0,2.0,1.0
17350,1.0,1.0,1.0,3.0,1.0,1.0,1.0,1.0,1.0,3.0,1.0,1.0
17351,1.0,1.0,1.0,3.0,1.0,1.0,1.0,1.0,1.0,4.0,1.0,1.0
17352,1.0,1.0,1.0,3.0,1.0,1.0,1.0,1.0,1.0,3.0,1.0,1.0
17353,1.0,1.0,1.0,3.0,1.0,1.0,1.0,1.0,1.0,5.0,2.0,1.0
17354,1.0,1.0,1.0,3.0,1.0,1.0,1.0,1.0,1.0,3.0,1.0,1.0
17355,1.0,1.0,1.0,3.0,1.0,1.0,1.0,1.0,1.0,3.0,1.0,1.0
17356,1.0,1.0,1.0,3.0,1.0,1.0,1.0,1.0,1.0,5.0,2.0,1.0
17357,1.0,1.0,1.0,3.0,1.0,1.0,1.0,1.0,1.0,3.0,1.0,1.0
17358,1.0,1.0,1.0,3.0,1.0,1.0,1.0,1.0,1.0,3.0,1.0,1.0
17359,1.0,1.0,1.0,3.0,1.0,1.0,1.0,1.0,1.0,4.0,1.0,1.0
17360,1.0,1.0,1.0,3.0,1.0,1.0,1.0,1.0,1.0,3.0,1.0,1.0
17361,1.0,1.0,1.0,3.0,1.0,1.0,1.0,1.0,1.0,3.0,1.0,1.0
17362,1.0,1.0,1.0,3.0,1.0,1.0,1.0,1.0,1.0,5.0,2.0,1.0
17363,1.0,1.0,1.0,3.0,1.0,1.0,1.0,1.0,1.0,3.0,1.0,1.0
17364,1.0,1.0,1.0,3.0,1.0,1.0,1.0,1.0,1.0,3.0,1.0,1.0
17365,1.0,1.0,1.0,3.0,1.0,1.0,1.0,1.0,1.0,5.0,2.0,1.0
17366,1.0,1.0,1.0,3.0,1.0,1.0,1.0,1.0,1.0,4.0,1.0,1.0
17367,1.0,1.0,1.0,3.0,1.0,1.0,1.0,1.0,1.0,5.0,2.0,1.0
17368,1.0,1.0,1.0,3.0,1.0,1.0,1.0,1.0,1.0,4.0,1.0,1.0
17369,1.0,1.0,1.0,3.0,1.0,1.0,1.0,1.0,1.0,3.0,1.0,1.0
17370,1.0,1.0,1.0,3.0,1.0,1.0,1.0,1.0,1.0,3.0,1.0,1.0
17371,1.0,1.0,1.0,3.0,1.0,1.0,1.0,1.0,1.0,4.0,1.0,1.0
17372,1.0,1.0,1.0,3.0,1.0,1.0,1.0,1.0,1.0,3.0,1.0,1.0
17373,1.0,1.0,1.0,3.0,1.0,1.0,1.0,1.0,1.0,4.0,1.0,1.0
17374,1.0,1.0,1.0,3.0,1.0,1.0,1.0,1.0,1.0,5.0,2.0,1.0
17375,1.0,1.0,1.0,3.0,1.0,1.0,1.0,1.0,1.0,5.0,2.0,1.0
17376,1.0,1.0,1.0,3.0,1.0,1.0,1.0,1.0,1.0,5.0,2.0,1.0
17377,1.0,1.0,1.0,3.0,1.0,1.0,1.0,1.0,1.0,3.0,1.0,1.0
17378,1.0,1.0,1.0,3.0,1.0,1.0,1.0,1.0,1.0,3.0,1.0,1.0
17379,1.0,1.0,1.0,3.0,1.0,1.0,1.0,1.0,1.0,3.0,1.0,1.0
17380,1.0,1.0,1.0,3.0,1.0,1.0,1.0,1.0,1.0,3.0,1.0,1.0
17381,1.0,1.0,1.0,3.0,1.0,1.0,1.0,1.0,1.0,3.0,1.0,1.0
17382,1.0,1.0,1.0,3.0,1.0,1.0,1.0,1.0,1.0,5.0,2.0,1.0
17383,1.0,1.0,1.0,3.0,1.0,1.0,1.0,1.0,1.0,5.0,2.0,1.0
17384,1.0,1.0,1.0,3.0,1.0,1.0,1.0,1.0,1.0,3.0,1.0,1.0
17385,1.0,1.0,1.0,3.0,1.0,1.0,1.0,1.0,1.0,4.0,1.0,1.0
17386,1.0,1.0,1.0,3.0,1.0,1.0,1.0,1.0,1.0,3.0,1.0,1.0
17387,1.0,1.0,1.0,3.0,1.0,1.0,1.0,1.0,1.0,5.0,2.0,1.0
17388,1.0,1.0,1.0,3.0,1.0,1.0,1.0,1.0,1.0,4.0,1.0,1.0
17389,1.0,1.0,1.0,3.0,1.0,1.0,1.0,1.0,1.0,4.0,1.0,1.0
17390,1.0,1.0,1.0,3.0,1.0,1.0,1.0,1.0,1.0,3.0,1.0,1.0
17391,1.0,1.0,1.0,3.0,1.0,1.0,1.0,1.0,1.0,5.0,2.0,1.0
17392,1.0,1.0,1.0,3.0,1.0,1.0,1.0,1.0,1.0,3.0,1.0,1.0
17393,1.0,1.0,1.0,3.0,1.0,1.0,1.0,1.0,1.0,5.0,2.0,1.0
17394,1.0,1.0,1.0,3.0,1.0,1.0,1.0,1.0,1.0,3.0,1.0,1.0
17395,1.0,1.0,1.0,3.0,1.0,1.0,1.0,1.0,1.0,5.0,2.0,1.0
17396,1.0,1.0,1.0,3.0,1.0,1.0,1.0,1.0,1.0,3.0,1.0,1.0
17397,1.0,1.0,1.0,3.0,1.0,1.0,1.0,1.0,1.0,3.0,1.0,1.0
17398,1.0,1.0,1.0,3.0,1.0,1.0,1.0,1.0,1.0,3.0,1.0,1.0
17399,1.0,1.0,1.0,3.0,1.0,1.0,1.0,1.0,1.0,5.0,2.0,1.0
17400,1.0,1.0,1.0,3.0,1.0,1.0,1.0,1.0,1.0,5.0,2.0,1.0
17401,1.0,1.0,1.0,3.0,1.0,1.0,1.0,1.0,1.0,3.0,1.0,1.0
17402,1.0,1.0,1.0,3.0,1.0,1.0,1.0,1.0,1.0,3.0,1.0,1.0
17403,1.0,1.0,1.0,3.0,1.0,1.0,1.0,1.0,1.0,4.0,1.0,1.0
17404,1.0,1.0,1.0,3.0,1.0,1.0,1.0,1.0,1.0,3.0,1.0,1.0
17405,1.0,1.0,1.0,3.0,1.0,1.0,1.0,1.0,1.0,3.0,1.0,1.0
17406,1.0,1.0,1.0,3.0,1.0,1.0,1.0,1.0,1.0,3.0,1.0,1.0
17407,1.0,1.0,1.0,3.0,1.0,1.0,1.0,1.0,1.0,5.0,2.0,1.0
17408,1.0,1.0,1.0,3.0,1.0,1.0,1.0,1.0,1.0,3.0,1.0,1.0
17409,1.0,1.0,1.0,3.0,1.0,1.0,1.0,1.0,1.0,3.0,1.0,1.0
17410,1.0,1.0,1.0,3.0,1.0,1.0,1.0,1.0,1.0,3.0,1.0,1.0
17411,1.0,1.0,1.0,3.0,1.0,1.0,1.0,1.0,1.0,3.0,1.0,1.0
17412,1.0,1.0,1.0,3.0,1.0,1.0,1.0,1.0,1.0,4.0,1.0,1.0
17413,1.0,1.0,1.0,3.0,1.0,1.0,1.0,1.0,1.0,3.0,1.0,1.0
17414,1.0,1.0,1.0,3.0,1.0,1.0,1.0,1.0,1.0,5.0,2.0,1.0
17415,1.0,1.0,1.0,3.0,1.0,1.0,1.0,1.0,1.0,3.0,1.0,1.0
17416,1.0,1.0,1.0,3.0,1.0,1.0,1.0,1.0,1.0,5.0,2.0,1.0
17417,1.0,1.0,1.0,3.0,1.0,1.0,1.0,1.0,1.0,3.0,1.0,1.0
17418,1.0,1.0,1.0,3.0,1.0,1.0,1.0,1.0,1.0,5.0,2.0,1.0
17419,1.0,1.0,1.0,3.0,1.0,1.0,1.0,1.0,1.0,3.0,1.0,1.0
17420,1.0,1.0,1.0,3.0,1.0,1.0,1.0,1.0,1.0,4.0,1.0,1.0
17421,1.0,1.0,1.0,3.0,1.0,1.0,1.0,1.0,1.0,5.0,2.0,1.0
17422,1.0,1.0,1.0,3.0,1.0,1.0,1.0,1.0,1.0,5.0,2.0,1.0
17423,1.0,1.0,1.0,3.0,1.0,1.0,1.0,1.0,1.0,3.0,1.0,1.0
17424,1.0,1.0,1.0,3.0,1.0,1.0,1.0,1.0,1.0,3.0,1.0,1.0
17425,1.0,1.0,1.0,3.0,1.0,1.0,1.0,1.0,1.0,4.0,1.0,1.0
17426,1.0,1.0,1.0,3.0,1.0,1.0,1.0,1.0,1.0,4.0,1.0,1.0
17427,1.0,1.0,1.0,3.0,1.0,1.0,1.0,1.0,1.0,4.0,1.0,1.0
17428,1.0,1.0,1.0,3.0,1.0,1.0,1.0,1.0,1.0,4.0,1.0,1.0
17429,1.0,1.0,1.0,3.0,1.0,1.0,1.0,1.0,1.0,3.0,1.0,1.0
17430,1.0,1.0,1.0,3.0,1.0,1.0,1.0,1.0,1.0,3.0,1.0,1.0
17431,1.0,1.0,1.0,3.0,1.0,1.0,1.0,1.0,1.0,4.0,1.0,1.0
17432,1.0,1.0,1.0,3.0,1.0,1.0,1.0,1.0,1.0,4.0,1.0,1.0
17433,1.0,1.0,1.0,3.0,1.0,1.0,1.0,1.0,1.0,5.0,2.0,1.0
17434,1.0,1.0,1.0,3.0,1.0,1.0,1.0,1.0,1.0,5.0,2.0,1.0
17435,1.0,1.0,1.0,3.0,1.0,1.0,1.0,1.0,1.0,3.0,1.0,1.0
17436,1.0,1.0,1.0,3.0,1.0,1.0,1.0,1.0,1.0,4.0,1.0,1.0
17437,1.0,1.0,1.0,3.0,1.0,1.0,1.0,1.0,1.0,4.0,1.0,1.0
17438,1.0,1.0,1.0,3.0,1.0,1.0,1.0,1.0,1.0,4.0,1.0,1.0
17439,1.0,1.0,1.0,3.0,1.0,1.0,1.0,1.0,1.0,3.0,1.0,1.0
17440,1.0,1.0,1.0,3.0,1.0,1.0,1.0,1.0,1.0,3.0,1.0,1.0
17441,1.0,1.0,1.0,3.0,1.0,1.0,1.0,1.0,1.0,4.0,1.0,1.0
17442,1.0,1.0,1.0,3.0,1.0,1.0,1.0,1.0,1.0,3.0,1.0,1.0
17443,1.0,1.0,1.0,3.0,1.0,1.0,1.0,1.0,1.0,3.0,1.0,1.0
17444,1.0,1.0,1.0,3.0,1.0,1.0,1.0,1.0,1.0,4.0,1.0,1.0
17445,1.0,1.0,1.0,3.0,1.0,1.0,1.0,1.0,1.0,5.0,2.0,1.0
17446,1.0,1.0,1.0,3.0,1.0,1.0,1.0,1.0,1.0,3.0,1.0,1.0
17447,1.0,1.0,1.0,3.0,1.0,1.0,1.0,1.0,1.0,5.0,2.0,1.0
17448,1.0,1.0,1.0,3.0,1.0,1.0,1.0,1.0,1.0,3.0,1.0,1.0
17449,1.0,1.0,1.0,3.0,1.0,1.0,1.0,1.0,1.0,5.0,2.0,1.0
17450,1.0,1.0,1.0,3.0,1.0,1.0,1.0,1.0,1.0,5.0,2.0,1.0
17451,1.0,1.0,1.0,3.0,1.0,1.0,1.0,1.0,1.0,3.0,1.0,1.0
17452,1.0,1.0,1.0,3.0,1.0,1.0,1.0,1.0,1.0,5.0,2.0,1.0
17453,1.0,1.0,1.0,3.0,1.0,1.0,1.0,1.0,1.0,3.0,1.0,1.0
17454,1.0,1.0,1.0,3.0,1.0,1.0,1.0,1.0,1.0,3.0,1.0,1.0
17455,1.0,1.0,1.0,3.0,1.0,1.0,1.0,1.0,1.0,4.0,1.0,1.0
17456,1.0,1.0,1.0,3.0,1.0,1.0,1.0,1.0,1.0,3.0,1.0,1.0
17457,1.0,1.0,1.0,3.0,1.0,1.0,1.0,1.0,1.0,5.0,2.0,1.0
17458,1.0,1.0,1.0,3.0,1.0,1.0,1.0,1.0,1.0,3.0,1.0,1.0
17459,1.0,1.0,1.0,3.0,1.0,1.0,1.0,1.0,1.0,3.0,1.0,1.0
17460,1.0,1.0,1.0,3.0,1.0,1.0,1.0,1.0,1.0,5.0,2.0,1.0
17461,1.0,1.0,1.0,3.0,1.0,1.0,1.0,1.0,1.0,3.0,1.0,1.0
17462,1.0,1.0,1.0,3.0,1.0,1.0,1.0,1.0,1.0,3.0,1.0,1.0
17463,1.0,1.0,1.0,3.0,1.0,1.0,1.0,1.0,1.0,4.0,1.0,1.0
17464,1.0,1.0,1.0,3.0,1.0,1.0,1.0,1.0,1.0,5.0,2.0,1.0
17465,1.0,1.0,1.0,3.0,1.0,1.0,1.0,1.0,1.0,5.0,2.0,1.0
17466,1.0,1.0,1.0,3.0,1.0,1.0,1.0,1.0,1.0,3.0,1.0,1.0
17467,1.0,1.0,1.0,3.0,1.0,1.0,1.0,1.0,1.0,3.0,1.0,1.0
17468,1.0,1.0,1.0,3.0,1.0,1.0,1.0,1.0,1.0,3.0,1.0,1.0
17469,1.0,1.0,1.0,3.0,1.0,1.0,1.0,1.0,1.0,5.0,2.0,1.0
17470,1.0,1.0,1.0,3.0,1.0,1.0,1.0,1.0,1.0,3.0,1.0,1.0
17471,1.0,1.0,1.0,3.0,1.0,1.0,1.0,1.0,1.0,3.0,1.0,1.0
17472,1.0,1.0,1.0,3.0,1.0,1.0,1.0,1.0,1.0,3.0,1.0,1.0
17473,1.0,1.0,1.0,3.0,1.0,1.0,1.0,1.0,1.0,3.0,1.0,1.0
17474,1.0,1.0,1.0,3.0,1.0,1.0,1.0,1.0,1.0,3.0,1.0,1.0
17475,1.0,1.0,1.0,3.0,1.0,1.0,1.0,1.0,1.0,3.0,1.0,1.0
17476,1.0,1.0,1.0,3.0,1.0,1.0,1.0,1.0,1.0,4.0,1.0,1.0
17477,1.0,1.0,1.0,3.0,1.0,1.0,1.0,1.0,1.0,5.0,2.0,1.0
17478,1.0,1.0,1.0,3.0,1.0,1.0,1.0,1.0,1.0,3.0,1.0,1.0
17479,1.0,1.0,1.0,3.0,1.0,1.0,1.0,1.0,1.0,4.0,1.0,1.0
17480,1.0,1.0,1.0,3.0,1.0,1.0,1.0,1.0,1.0,5.0,2.0,1.0
17481,1.0,1.0,1.0,3.0,1.0,1.0,1.0,1.0,1.0,4.0,1.0,1.0
17482,1.0,1.0,1.0,3.0,1.0,1.0,1.0,1.0,1.0,3.0,1.0,1.0
17483,1.0,1.0,1.0,3.0,1.0,1.0,1.0,1.0,1.0,5.0,2.0,1.0
17484,1.0,1.0,1.0,3.0,1.0,1.0,1.0,1.0,1.0,5.0,2.0,1.0
17485,1.0,1.0,1.0,3.0,1.0,1.0,1.0,1.0,1.0,5.0,2.0,1.0
17486,1.0,1.0,1.0,3.0,1.0,1.0,1.0,1.0,1.0,3.0,1.0,1.0
17487,1.0,1.0,1.0,3.0,1.0,1.0,1.0,1.0,1.0,5.0,2.0,1.0
17488,1.0,1.0,1.0,3.0,1.0,1.0,1.0,1.0,1.0,4.0,1.0,1.0
17489,1.0,1.0,1.0,3.0,1.0,1.0,1.0,1.0,1.0,3.0,1.0,1.0
17490,1.0,1.0,1.0,3.0,1.0,1.0,1.0,1.0,1.0,5.0,2.0,1.0
17491,1.0,1.0,1.0,3.0,1.0,1.0,1.0,1.0,1.0,3.0,1.0,1.0
17492,1.0,1.0,1.0,3.0,1.0,1.0,1.0,1.0,1.0,5.0,2.0,1.0
17493,1.0,1.0,1.0,3.0,1.0,1.0,1.0,1.0,1.0,5.0,2.0,1.0
17494,1.0,1.0,1.0,3.0,1.0,1.0,1.0,1.0,1.0,3.0,1.0,1.0
17495,1.0,1.0,1.0,3.0,1.0,1.0,1.0,1.0,1.0,3.0,1.0,1.0
17496,1.0,1.0,1.0,3.0,1.0,1.0,1.0,1.0,1.0,5.0,2.0,1.0
17497,1.0,1.0,1.0,3.0,1.0,1.0,1.0,1.0,1.0,4.0,1.0,1.0
17498,1.0,1.0,1.0,3.0,1.0,1.0,1.0,1.0,1.0,3.0,1.0,1.0
17499,1.0,1.0,1.0,3.0,1.0,1.0,1.0,1.0,1.0,5.0,2.0,1.0
17500,1.0,1.0,1.0,3.0,1.0,1.0,1.0,1.0,1.0,3.0,1.0,1.0
17501,1.0,1.0,1.0,3.0,1.0,1.0,1.0,1.0,1.0,3.0,1.0,1.0
17502,1.0,1.0,1.0,3.0,1.0,1.0,1.0,1.0,1.0,4.0,1.0,1.0
17503,1.0,1.0,1.0,3.0,1.0,1.0,1.0,1.0,1.0,5.0,2.0,1.0
17504,1.0,1.0,1.0,3.0,1.0,1.0,1.0,1.0,1.0,5.0,2.0,1.0
17505,1.0,1.0,1.0,3.0,1.0,1.0,1.0,1.0,1.0,5.0,2.0,1.0
17506,1.0,1.0,1.0,3.0,1.0,1.0,1.0,1.0,1.0,5.0,2.0,1.0
17507,1.0,1.0,1.0,3.0,1.0,1.0,1.0,1.0,1.0,4.0,1.0,1.0
17508,1.0,1.0,1.0,3.0,1.0,1.0,1.0,1.0,1.0,3.0,1.0,1.0
17509,1.0,1.0,1.0,3.0,1.0,1.0,1.0,1.0,1.0,3.0,1.0,1.0
17510,1.0,1.0,1.0,3.0,1.0,1.0,1.0,1.0,1.0,5.0,2.0,1.0
17511,1.0,1.0,1.0,3.0,1.0,1.0,1.0,1.0,1.0,4.0,1.0,1.0
17512,1.0,1.0,1.0,3.0,1.0,1.0,1.0,1.0,1.0,5.0,2.0,1.0
17513,1.0,1.0,1.0,3.0,1.0,1.0,1.0,1.0,1.0,3.0,1.0,1.0
17514,1.0,1.0,1.0,3.0,1.0,1.0,1.0,1.0,1.0,4.0,1.0,1.0
17515,1.0,1.0,1.0,3.0,1.0,1.0,1.0,1.0,1.0,3.0,1.0,1.0
17516,1.0,1.0,1.0,3.0,1.0,1.0,1.0,1.0,1.0,3.0,1.0,1.0
17517,1.0,1.0,1.0,3.0,1.0,1.0,1.0,1.0,1.0,3.0,1.0,1.0
17518,1.0,1.0,1.0,3.0,1.0,1.0,1.0,1.0,1.0,5.0,2.0,1.0
17519,1.0,1.0,1.0,3.0,1.0,1.0,1.0,1.0,1.0,5.0,2.0,1.0
17520,1.0,1.0,1.0,3.0,1.0,1.0,1.0,1.0,1.0,5.0,2.0,1.0
17521,1.0,1.0,1.0,3.0,1.0,1.0,1.0,1.0,1.0,3.0,1.0,1.0
17522,1.0,1.0,1.0,3.0,1.0,1.0,1.0,1.0,1.0,4.0,1.0,1.0
17523,1.0,1.0,1.0,3.0,1.0,1.0,1.0,1.0,1.0,4.0,1.0,1.0
17524,1.0,1.0,1.0,3.0,1.0,1.0,1.0,1.0,1.0,3.0,1.0,1.0
17525,1.0,1.0,1.0,3.0,1.0,1.0,1.0,1.0,1.0,3.0,1.0,1.0
17526,1.0,1.0,1.0,3.0,1.0,1.0,1.0,1.0,1.0,5.0,2.0,1.0
17527,1.0,1.0,1.0,3.0,1.0,1.0,1.0,1.0,1.0,3.0,1.0,1.0
17528,1.0,1.0,1.0,3.0,1.0,1.0,1.0,1.0,1.0,3.0,1.0,1.0
17529,1.0,1.0,1.0,3.0,1.0,1.0,1.0,1.0,1.0,5.0,2.0,1.0
17530,1.0,1.0,1.0,3.0,1.0,1.0,1.0,1.0,1.0,3.0,1.0,1.0
17531,1.0,1.0,1.0,3.0,1.0,1.0,1.0,1.0,1.0,4.0,1.0,1.0
17532,1.0,1.0,1.0,3.0,1.0,1.0,1.0,1.0,1.0,5.0,2.0,1.0
17533,1.0,1.0,1.0,3.0,1.0,1.0,1.0,1.0,1.0,4.0,1.0,1.0
17534,1.0,1.0,1.0,3.0,1.0,1.0,1.0,1.0,1.0,4.0,1.0,1.0
17535,1.0,1.0,1.0,3.0,1.0,1.0,1.0,1.0,1.0,5.0,2.0,1.0
17536,1.0,1.0,1.0,3.0,1.0,1.0,1.0,1.0,1.0,3.0,1.0,1.0
17537,1.0,1.0,1.0,3.0,1.0,1.0,1.0,1.0,1.0,5.0,2.0,1.0
17538,1.0,1.0,1.0,3.0,1.0,1.0,1.0,1.0,1.0,4.0,1.0,1.0
17539,1.0,1.0,1.0,3.0,1.0,1.0,1.0,1.0,1.0,3.0,1.0,1.0
17540,1.0,1.0,1.0,3.0,1.0,1.0,1.0,1.0,1.0,5.0,2.0,1.0
17541,1.0,1.0,1.0,3.0,1.0,1.0,1.0,1.0,1.0,4.0,1.0,1.0
17542,1.0,1.0,1.0,3.0,1.0,1.0,1.0,1.0,1.0,4.0,1.0,1.0
17543,1.0,1.0,1.0,3.0,1.0,1.0,1.0,1.0,1.0,4.0,1.0,1.0
17544,1.0,1.0,1.0,3.0,1.0,1.0,1.0,1.0,1.0,3.0,1.0,1.0
17545,1.0,1.0,1.0,3.0,1.0,1.0,1.0,1.0,1.0,3.0,1.0,1.0
17546,1.0,1.0,1.0,3.0,1.0,1.0,1.0,1.0,1.0,3.0,1.0,1.0
17547,1.0,1.0,1.0,3.0,1.0,1.0,1.0,1.0,1.0,5.0,2.0,1.0
17548,1.0,1.0,1.0,3.0,1.0,1.0,1.0,1.0,1.0,3.0,1.0,1.0
17549,1.0,1.0,1.0,3.0,1.0,1.0,1.0,1.0,1.0,5.0,2.0,1.0
17550,1.0,1.0,1.0,3.0,1.0,1.0,1.0,1.0,1.0,5.0,2.0,1.0
17551,1.0,1.0,1.0,3.0,1.0,1.0,1.0,1.0,1.0,5.0,2.0,1.0
17552,1.0,1.0,1.0,3.0,1.0,1.0,1.0,1.0,1.0,3.0,1.0,1.0
17553,1.0,1.0,1.0,3.0,1.0,1.0,1.0,1.0,1.0,5.0,2.0,1.0
17554,1.0,1.0,1.0,3.0,1.0,1.0,1.0,1.0,1.0,5.0,2.0,1.0
17555,1.0,1.0,1.0,3.0,1.0,1.0,1.0,1.0,1.0,5.0,2.0,1.0
17556,1.0,1.0,1.0,3.0,1.0,1.0,1.0,1.0,1.0,5.0,2.0,1.0
17557,1.0,1.0,1.0,3.0,1.0,1.0,1.0,1.0,1.0,4.0,1.0,1.0
17558,1.0,1.0,1.0,3.0,1.0,1.0,1.0,1.0,1.0,3.0,1.0,1.0
17559,1.0,1.0,1.0,3.0,1.0,1.0,1.0,1.0,1.0,3.0,1.0,1.0
17560,1.0,1.0,1.0,3.0,1.0,1.0,1.0,1.0,1.0,3.0,1.0,1.0
17561,1.0,1.0,1.0,3.0,1.0,1.0,1.0,1.0,1.0,3.0,1.0,1.0
17562,1.0,1.0,1.0,3.0,1.0,1.0,1.0,1.0,1.0,4.0,1.0,1.0
17563,1.0,1.0,1.0,3.0,1.0,1.0,1.0,1.0,1.0,5.0,2.0,1.0
17564,1.0,1.0,1.0,3.0,1.0,1.0,1.0,1.0,1.0,3.0,1.0,1.0
17565,1.0,1.0,1.0,3.0,1.0,1.0,1.0,1.0,1.0,5.0,2.0,1.0
17566,1.0,1.0,1.0,3.0,1.0,1.0,1.0,1.0,1.0,4.0,1.0,1.0
17567,1.0,1.0,1.0,3.0,1.0,1.0,1.0,1.0,1.0,3.0,1.0,1.0
17568,1.0,1.0,1.0,3.0,1.0,1.0,1.0,1.0,1.0,3.0,1.0,1.0
17569,1.0,1.0,1.0,3.0,1.0,1.0,1.0,1.0,1.0,4.0,1.0,1.0
17570,1.0,1.0,1.0,3.0,1.0,1.0,1.0,1.0,1.0,3.0,1.0,1.0
17571,1.0,1.0,1.0,3.0,1.0,1.0,1.0,1.0,1.0,4.0,1.0,1.0
17572,1.0,1.0,1.0,3.0,1.0,1.0,1.0,1.0,1.0,3.0,1.0,1.0
17573,1.0,1.0,1.0,3.0,1.0,1.0,1.0,1.0,1.0,3.0,1.0,1.0
17574,1.0,1.0,1.0,3.0,1.0,1.0,1.0,1.0,1.0,5.0,2.0,1.0
17575,1.0,1.0,1.0,3.0,1.0,1.0,1.0,1.0,1.0,5.0,2.0,1.0
17576,1.0,1.0,1.0,3.0,1.0,1.0,1.0,1.0,1.0,3.0,1.0,1.0
17577,1.0,1.0,1.0,3.0,1.0,1.0,1.0,1.0,1.0,4.0,1.0,1.0
17578,1.0,1.0,1.0,3.0,1.0,1.0,1.0,1.0,1.0,4.0,1.0,1.0
17579,1.0,1.0,1.0,3.0,1.0,1.0,1.0,1.0,1.0,4.0,1.0,1.0
17580,1.0,1.0,1.0,3.0,1.0,1.0,1.0,1.0,1.0,3.0,1.0,1.0
17581,1.0,1.0,1.0,3.0,1.0,1.0,1.0,1.0,1.0,4.0,1.0,1.0
17582,1.0,1.0,1.0,3.0,1.0,1.0,1.0,1.0,1.0,3.0,1.0,1.0
17583,1.0,1.0,1.0,3.0,1.0,1.0,1.0,1.0,1.0,4.0,1.0,1.0
17584,1.0,1.0,1.0,3.0,1.0,1.0,1.0,1.0,1.0,3.0,1.0,1.0
17585,1.0,1.0,1.0,3.0,1.0,1.0,1.0,1.0,1.0,3.0,1.0,1.0
17586,1.0,1.0,1.0,3.0,1.0,1.0,1.0,1.0,1.0,3.0,1.0,1.0
17587,1.0,1.0,1.0,3.0,1.0,1.0,1.0,1.0,1.0,3.0,1.0,1.0
17588,1.0,1.0,1.0,3.0,1.0,1.0,1.0,1.0,1.0,4.0,1.0,1.0
17589,1.0,1.0,1.0,3.0,1.0,1.0,1.0,1.0,1.0,3.0,1.0,1.0
17590,1.0,1.0,1.0,3.0,1.0,1.0,1.0,1.0,1.0,5.0,2.0,1.0
17591,1.0,1.0,1.0,3.0,1.0,1.0,1.0,1.0,1.0,3.0,1.0,1.0
17592,1.0,1.0,1.0,3.0,1.0,1.0,1.0,1.0,1.0,4.0,1.0,1.0
17593,1.0,1.0,1.0,3.0,1.0,1.0,1.0,1.0,1.0,3.0,1.0,1.0
17594,1.0,1.0,1.0,3.0,1.0,1.0,1.0,1.0,1.0,3.0,1.0,1.0
17595,1.0,1.0,1.0,3.0,1.0,1.0,1.0,1.0,1.0,3.0,1.0,1.0
17596,1.0,1.0,1.0,3.0,1.0,1.0,1.0,1.0,1.0,3.0,1.0,1.0
17597,1.0,1.0,1.0,3.0,1.0,1.0,1.0,1.0,1.0,3.0,1.0,1.0
17598,1.0,1.0,1.0,3.0,1.0,1.0,1.0,1.0,1.0,3.0,1.0,1.0
17599,1.0,1.0,1.0,3.0,1.0,1.0,1.0,1.0,1.0,4.0,1.0,1.0
17600,1.0,1.0,1.0,3.0,1.0,1.0,1.0,1.0,1.0,3.0,1.0,1.0
17601,1.0,1.0,1.0,3.0,1.0,1.0,1.0,1.0,1.0,3.0,1.0,1.0
17602,1.0,1.0,1.0,3.0,1.0,1.0,1.0,1.0,1.0,3.0,1.0,1.0
17603,1.0,1.0,1.0,3.0,1.0,1.0,1.0,1.0,1.0,3.0,1.0,1.0
17604,1.0,1.0,1.0,3.0,1.0,1.0,1.0,1.0,1.0,3.0,1.0,1.0
17605,1.0,1.0,1.0,3.0,1.0,1.0,1.0,1.0,1.0,3.0,1.0,1.0
17606,1.0,1.0,1.0,3.0,1.0,1.0,1.0,1.0,1.0,3.0,1.0,1.0
17607,1.0,1.0,1.0,3.0,1.0,1.0,1.0,1.0,1.0,3.0,1.0,1.0
17608,1.0,1.0,1.0,3.0,1.0,1.0,1.0,1.0,1.0,3.0,1.0,1.0
17609,1.0,1.0,1.0,3.0,1.0,1.0,1.0,1.0,1.0,4.0,1.0,1.0
17610,1.0,1.0,1.0,3.0,1.0,1.0,1.0,1.0,1.0,3.0,1.0,1.0
17611,1.0,1.0,1.0,3.0,1.0,1.0,1.0,1.0,1.0,5.0,2.0,1.0
17612,1.0,1.0,1.0,3.0,1.0,1.0,1.0,1.0,1.0,4.0,1.0,1.0
17613,1.0,1.0,1.0,3.0,1.0,1.0,1.0,1.0,1.0,3.0,1.0,1.0
17614,1.0,1.0,1.0,3.0,1.0,1.0,1.0,1.0,1.0,3.0,1.0,1.0
17615,1.0,1.0,1.0,3.0,1.0,1.0,1.0,1.0,1.0,3.0,1.0,1.0
17616,1.0,1.0,1.0,3.0,1.0,1.0,1.0,1.0,1.0,5.0,2.0,1.0
17617,1.0,1.0,1.0,3.0,1.0,1.0,1.0,1.0,1.0,5.0,2.0,1.0
17618,1.0,1.0,1.0,3.0,1.0,1.0,1.0,1.0,1.0,4.0,1.0,1.0
17619,1.0,1.0,1.0,3.0,1.0,1.0,1.0,1.0,1.0,3.0,1.0,1.0
17620,1.0,1.0,1.0,3.0,1.0,1.0,1.0,1.0,1.0,3.0,1.0,1.0
17621,1.0,1.0,1.0,3.0,1.0,1.0,1.0,1.0,1.0,3.0,1.0,1.0
17622,1.0,1.0,1.0,3.0,1.0,1.0,1.0,1.0,1.0,3.0,1.0,1.0
17623,1.0,1.0,1.0,3.0,1.0,1.0,1.0,1.0,1.0,5.0,2.0,1.0
17624,1.0,1.0,1.0,3.0,1.0,1.0,1.0,1.0,1.0,4.0,1.0,1.0
17625,1.0,1.0,1.0,3.0,1.0,1.0,1.0,1.0,1.0,4.0,1.0,1.0
17626,1.0,1.0,1.0,3.0,1.0,1.0,1.0,1.0,1.0,5.0,2.0,1.0
17627,1.0,1.0,1.0,3.0,1.0,1.0,1.0,1.0,1.0,3.0,1.0,1.0
17628,1.0,1.0,1.0,3.0,1.0,1.0,1.0,1.0,1.0,3.0,1.0,1.0
17629,1.0,1.0,1.0,3.0,1.0,1.0,1.0,1.0,1.0,5.0,2.0,1.0
17630,1.0,1.0,1.0,3.0,1.0,1.0,1.0,1.0,1.0,3.0,1.0,1.0
17631,1.0,1.0,1.0,3.0,1.0,1.0,1.0,1.0,1.0,5.0,2.0,1.0
17632,1.0,1.0,1.0,3.0,1.0,1.0,1.0,1.0,1.0,3.0,1.0,1.0
17633,1.0,1.0,1.0,3.0,1.0,1.0,1.0,1.0,1.0,5.0,2.0,1.0
17634,1.0,1.0,1.0,3.0,1.0,1.0,1.0,1.0,1.0,3.0,1.0,1.0
17635,1.0,1.0,1.0,3.0,1.0,1.0,1.0,1.0,1.0,3.0,1.0,1.0
17636,1.0,1.0,1.0,3.0,1.0,1.0,1.0,1.0,1.0,5.0,2.0,1.0
17637,1.0,1.0,1.0,3.0,1.0,1.0,1.0,1.0,1.0,3.0,1.0,1.0
17638,1.0,1.0,1.0,3.0,1.0,1.0,1.0,1.0,1.0,5.0,2.0,1.0
17639,1.0,1.0,1.0,3.0,1.0,1.0,1.0,1.0,1.0,5.0,2.0,1.0
17640,1.0,1.0,1.0,3.0,1.0,1.0,1.0,1.0,1.0,5.0,2.0,1.0
17641,1.0,1.0,1.0,3.0,1.0,1.0,1.0,1.0,1.0,4.0,1.0,1.0
17642,1.0,1.0,1.0,3.0,1.0,1.0,1.0,1.0,1.0,3.0,1.0,1.0
17643,1.0,1.0,1.0,3.0,1.0,1.0,1.0,1.0,1.0,5.0,2.0,1.0
17644,1.0,1.0,1.0,3.0,1.0,1.0,1.0,1.0,1.0,3.0,1.0,1.0
17645,1.0,1.0,1.0,3.0,1.0,1.0,1.0,1.0,1.0,5.0,2.0,1.0
17646,1.0,1.0,1.0,3.0,1.0,1.0,1.0,1.0,1.0,5.0,2.0,1.0
17647,1.0,1.0,1.0,3.0,1.0,1.0,1.0,1.0,1.0,5.0,2.0,1.0
17648,1.0,1.0,1.0,3.0,1.0,1.0,1.0,1.0,1.0,5.0,2.0,1.0
17649,1.0,1.0,1.0,3.0,1.0,1.0,1.0,1.0,1.0,3.0,1.0,1.0
17650,1.0,1.0,1.0,3.0,1.0,1.0,1.0,1.0,1.0,4.0,1.0,1.0
17651,1.0,1.0,1.0,3.0,1.0,1.0,1.0,1.0,1.0,5.0,2.0,1.0
17652,1.0,1.0,1.0,3.0,1.0,1.0,1.0,1.0,1.0,3.0,1.0,1.0
17653,1.0,1.0,1.0,3.0,1.0,1.0,1.0,1.0,1.0,4.0,1.0,1.0
17654,1.0,1.0,1.0,3.0,1.0,1.0,1.0,1.0,1.0,3.0,1.0,1.0
17655,1.0,1.0,1.0,3.0,1.0,1.0,1.0,1.0,1.0,3.0,1.0,1.0
17656,1.0,1.0,1.0,3.0,1.0,1.0,1.0,1.0,1.0,3.0,1.0,1.0
17657,1.0,1.0,1.0,3.0,1.0,1.0,1.0,1.0,1.0,3.0,1.0,1.0
17658,1.0,1.0,1.0,3.0,1.0,1.0,1.0,1.0,1.0,5.0,2.0,1.0
17659,1.0,1.0,1.0,3.0,1.0,1.0,1.0,1.0,1.0,3.0,1.0,1.0
17660,1.0,1.0,1.0,3.0,1.0,1.0,1.0,1.0,1.0,3.0,1.0,1.0
17661,1.0,1.0,1.0,3.0,1.0,1.0,1.0,1.0,1.0,3.0,1.0,1.0
17662,1.0,1.0,1.0,3.0,1.0,1.0,1.0,1.0,1.0,3.0,1.0,1.0
17663,1.0,1.0,1.0,3.0,1.0,1.0,1.0,1.0,1.0,5.0,2.0,1.0
17664,1.0,1.0,1.0,3.0,1.0,1.0,1.0,1.0,1.0,3.0,1.0,1.0
17665,1.0,1.0,1.0,3.0,1.0,1.0,1.0,1.0,1.0,3.0,1.0,1.0
17666,1.0,1.0,1.0,3.0,1.0,1.0,1.0,1.0,1.0,3.0,1.0,1.0
17667,1.0,1.0,1.0,3.0,1.0,1.0,1.0,1.0,1.0,3.0,1.0,1.0
17668,1.0,1.0,1.0,3.0,1.0,1.0,1.0,1.0,1.0,3.0,1.0,1.0
17669,1.0,1.0,1.0,3.0,1.0,1.0,1.0,1.0,1.0,5.0,2.0,1.0
17670,1.0,1.0,1.0,3.0,1.0,1.0,1.0,1.0,1.0,3.0,1.0,1.0
17671,1.0,1.0,1.0,3.0,1.0,1.0,1.0,1.0,1.0,5.0,2.0,1.0
17672,1.0,1.0,1.0,3.0,1.0,1.0,1.0,1.0,1.0,5.0,2.0,1.0
17673,1.0,1.0,1.0,3.0,1.0,1.0,1.0,1.0,1.0,4.0,1.0,1.0
17674,1.0,1.0,1.0,3.0,1.0,1.0,1.0,1.0,1.0,4.0,1.0,1.0
17675,1.0,1.0,1.0,3.0,1.0,1.0,1.0,1.0,1.0,3.0,1.0,1.0
17676,1.0,1.0,1.0,3.0,1.0,1.0,1.0,1.0,1.0,3.0,1.0,1.0
17677,1.0,1.0,1.0,3.0,1.0,1.0,1.0,1.0,1.0,4.0,1.0,1.0
17678,1.0,1.0,1.0,3.0,1.0,1.0,1.0,1.0,1.0,5.0,2.0,1.0
17679,1.0,1.0,1.0,3.0,1.0,1.0,1.0,1.0,1.0,3.0,1.0,1.0
17680,1.0,1.0,1.0,3.0,1.0,1.0,1.0,1.0,1.0,3.0,1.0,1.0
17681,1.0,1.0,1.0,3.0,1.0,1.0,1.0,1.0,1.0,3.0,1.0,1.0
17682,1.0,1.0,1.0,3.0,1.0,1.0,1.0,1.0,1.0,5.0,2.0,1.0
17683,1.0,1.0,1.0,3.0,1.0,1.0,1.0,1.0,1.0,4.0,1.0,1.0
17684,1.0,1.0,1.0,3.0,1.0,1.0,1.0,1.0,1.0,4.0,1.0,1.0
17685,1.0,1.0,1.0,3.0,1.0,1.0,1.0,1.0,1.0,4.0,1.0,1.0
17686,1.0,1.0,1.0,3.0,1.0,1.0,1.0,1.0,1.0,3.0,1.0,1.0
17687,1.0,1.0,1.0,3.0,1.0,1.0,1.0,1.0,1.0,3.0,1.0,1.0
17688,1.0,1.0,1.0,3.0,1.0,1.0,1.0,1.0,1.0,3.0,1.0,1.0
17689,1.0,1.0,1.0,3.0,1.0,1.0,1.0,1.0,1.0,3.0,1.0,1.0
17690,1.0,1.0,1.0,3.0,1.0,1.0,1.0,1.0,1.0,3.0,1.0,1.0
17691,1.0,1.0,1.0,3.0,1.0,1.0,1.0,1.0,1.0,4.0,1.0,1.0
17692,1.0,1.0,1.0,3.0,1.0,1.0,1.0,1.0,1.0,4.0,1.0,1.0
17693,1.0,1.0,1.0,3.0,1.0,1.0,1.0,1.0,1.0,3.0,1.0,1.0
17694,1.0,1.0,1.0,3.0,1.0,1.0,1.0,1.0,1.0,3.0,1.0,1.0
17695,1.0,1.0,1.0,3.0,1.0,1.0,1.0,1.0,1.0,3.0,1.0,1.0
17696,1.0,1.0,1.0,3.0,1.0,1.0,1.0,1.0,1.0,5.0,2.0,1.0
17697,1.0,1.0,1.0,3.0,1.0,1.0,1.0,1.0,1.0,5.0,2.0,1.0
17698,1.0,1.0,1.0,3.0,1.0,1.0,1.0,1.0,1.0,5.0,2.0,1.0
17699,1.0,1.0,1.0,3.0,1.0,1.0,1.0,1.0,1.0,3.0,1.0,1.0
17700,1.0,1.0,1.0,3.0,1.0,1.0,1.0,1.0,1.0,3.0,1.0,1.0
17701,1.0,1.0,1.0,3.0,1.0,1.0,1.0,1.0,1.0,3.0,1.0,1.0
17702,1.0,1.0,1.0,3.0,1.0,1.0,1.0,1.0,1.0,5.0,2.0,1.0
17703,1.0,1.0,1.0,3.0,1.0,1.0,1.0,1.0,1.0,5.0,2.0,1.0
17704,1.0,1.0,1.0,3.0,1.0,1.0,1.0,1.0,1.0,4.0,1.0,1.0
17705,1.0,1.0,1.0,3.0,1.0,1.0,1.0,1.0,1.0,4.0,1.0,1.0
17706,1.0,1.0,1.0,3.0,1.0,1.0,1.0,1.0,1.0,5.0,2.0,1.0
17707,1.0,1.0,1.0,3.0,1.0,1.0,1.0,1.0,1.0,5.0,2.0,1.0
17708,1.0,1.0,1.0,3.0,1.0,1.0,1.0,1.0,1.0,4.0,1.0,1.0
17709,1.0,1.0,1.0,3.0,1.0,1.0,1.0,1.0,1.0,4.0,1.0,1.0
17710,1.0,1.0,1.0,3.0,1.0,1.0,1.0,1.0,1.0,4.0,1.0,1.0
17711,1.0,1.0,1.0,3.0,1.0,1.0,1.0,1.0,1.0,5.0,2.0,1.0
17712,1.0,1.0,1.0,3.0,1.0,1.0,1.0,1.0,1.0,3.0,1.0,1.0
17713,1.0,1.0,1.0,3.0,1.0,1.0,1.0,1.0,1.0,3.0,1.0,1.0
17714,1.0,1.0,1.0,3.0,1.0,1.0,1.0,1.0,1.0,5.0,2.0,1.0
17715,1.0,1.0,1.0,3.0,1.0,1.0,1.0,1.0,1.0,3.0,1.0,1.0
17716,1.0,1.0,1.0,3.0,1.0,1.0,1.0,1.0,1.0,3.0,1.0,1.0
17717,1.0,1.0,1.0,3.0,1.0,1.0,1.0,1.0,1.0,3.0,1.0,1.0
17718,1.0,1.0,1.0,3.0,1.0,1.0,1.0,1.0,1.0,5.0,2.0,1.0
17719,1.0,1.0,1.0,3.0,1.0,1.0,1.0,1.0,1.0,4.0,1.0,1.0
17720,1.0,1.0,1.0,3.0,1.0,1.0,1.0,1.0,1.0,4.0,1.0,1.0
17721,1.0,1.0,1.0,3.0,1.0,1.0,1.0,1.0,1.0,3.0,1.0,1.0
17722,1.0,1.0,1.0,3.0,1.0,1.0,1.0,1.0,1.0,3.0,1.0,1.0
17723,1.0,1.0,1.0,3.0,1.0,1.0,1.0,1.0,1.0,3.0,1.0,1.0
17724,1.0,1.0,1.0,3.0,1.0,1.0,1.0,1.0,1.0,5.0,2.0,1.0
17725,1.0,1.0,1.0,3.0,1.0,1.0,1.0,1.0,1.0,5.0,2.0,1.0
17726,1.0,1.0,1.0,3.0,1.0,1.0,1.0,1.0,1.0,3.0,1.0,1.0
17727,1.0,1.0,1.0,3.0,1.0,1.0,1.0,1.0,1.0,4.0,1.0,1.0
17728,1.0,1.0,1.0,3.0,1.0,1.0,1.0,1.0,1.0,3.0,1.0,1.0
17729,1.0,1.0,1.0,3.0,1.0,1.0,1.0,1.0,1.0,3.0,1.0,1.0
17730,1.0,1.0,1.0,3.0,1.0,1.0,1.0,1.0,1.0,4.0,1.0,1.0
17731,1.0,1.0,1.0,3.0,1.0,1.0,1.0,1.0,1.0,3.0,1.0,1.0
17732,1.0,1.0,1.0,3.0,1.0,1.0,1.0,1.0,1.0,4.0,1.0,1.0
17733,1.0,1.0,1.0,3.0,1.0,1.0,1.0,1.0,1.0,3.0,1.0,1.0
17734,1.0,1.0,1.0,3.0,1.0,1.0,1.0,1.0,1.0,5.0,2.0,1.0
17735,1.0,1.0,1.0,3.0,1.0,1.0,1.0,1.0,1.0,3.0,1.0,1.0
17736,1.0,1.0,1.0,3.0,1.0,1.0,1.0,1.0,1.0,5.0,2.0,1.0
17737,1.0,1.0,1.0,3.0,1.0,1.0,1.0,1.0,1.0,5.0,2.0,1.0
17738,1.0,1.0,1.0,3.0,1.0,1.0,1.0,1.0,1.0,3.0,1.0,1.0
17739,1.0,1.0,1.0,3.0,1.0,1.0,1.0,1.0,1.0,5.0,2.0,1.0
17740,1.0,1.0,1.0,3.0,1.0,1.0,1.0,1.0,1.0,4.0,1.0,1.0
17741,1.0,1.0,1.0,3.0,1.0,1.0,1.0,1.0,1.0,4.0,1.0,1.0
17742,1.0,1.0,1.0,3.0,1.0,1.0,1.0,1.0,1.0,5.0,2.0,1.0
17743,1.0,1.0,1.0,3.0,1.0,1.0,1.0,1.0,1.0,3.0,1.0,1.0
17744,1.0,1.0,1.0,3.0,1.0,1.0,1.0,1.0,1.0,3.0,1.0,1.0
17745,1.0,1.0,1.0,3.0,1.0,1.0,1.0,1.0,1.0,5.0,2.0,1.0
17746,1.0,1.0,1.0,3.0,1.0,1.0,1.0,1.0,1.0,4.0,1.0,1.0
17747,1.0,1.0,1.0,3.0,1.0,1.0,1.0,1.0,1.0,5.0,2.0,1.0
17748,1.0,1.0,1.0,3.0,1.0,1.0,1.0,1.0,1.0,5.0,2.0,1.0
17749,1.0,1.0,1.0,3.0,1.0,1.0,1.0,1.0,1.0,4.0,1.0,1.0
17750,1.0,1.0,1.0,3.0,1.0,1.0,1.0,1.0,1.0,3.0,1.0,1.0
17751,1.0,1.0,1.0,3.0,1.0,1.0,1.0,1.0,1.0,3.0,1.0,1.0
17752,1.0,1.0,1.0,3.0,1.0,1.0,1.0,1.0,1.0,3.0,1.0,1.0
17753,1.0,1.0,1.0,3.0,1.0,1.0,1.0,1.0,1.0,5.0,2.0,1.0
17754,1.0,1.0,1.0,3.0,1.0,1.0,1.0,1.0,1.0,3.0,1.0,1.0
17755,1.0,1.0,1.0,3.0,1.0,1.0,1.0,1.0,1.0,3.0,1.0,1.0
17756,1.0,1.0,1.0,3.0,1.0,1.0,1.0,1.0,1.0,4.0,1.0,1.0
17757,1.0,1.0,1.0,3.0,1.0,1.0,1.0,1.0,1.0,3.0,1.0,1.0
17758,1.0,1.0,1.0,3.0,1.0,1.0,1.0,1.0,1.0,3.0,1.0,1.0
17759,1.0,1.0,1.0,3.0,1.0,1.0,1.0,1.0,1.0,3.0,1.0,1.0
17760,1.0,1.0,1.0,3.0,1.0,1.0,1.0,1.0,1.0,4.0,1.0,1.0
17761,1.0,1.0,1.0,3.0,1.0,1.0,1.0,1.0,1.0,5.0,2.0,1.0
17762,1.0,1.0,1.0,3.0,1.0,1.0,1.0,1.0,1.0,4.0,1.0,1.0
17763,1.0,1.0,1.0,3.0,1.0,1.0,1.0,1.0,1.0,3.0,1.0,1.0
17764,1.0,1.0,1.0,3.0,1.0,1.0,1.0,1.0,1.0,4.0,1.0,1.0
17765,1.0,1.0,1.0,3.0,1.0,1.0,1.0,1.0,1.0,3.0,1.0,1.0
17766,1.0,1.0,1.0,3.0,1.0,1.0,1.0,1.0,1.0,5.0,2.0,1.0
17767,1.0,1.0,1.0,3.0,1.0,1.0,1.0,1.0,1.0,3.0,1.0,1.0
17768,1.0,1.0,1.0,3.0,1.0,1.0,1.0,1.0,1.0,3.0,1.0,1.0
17769,1.0,1.0,1.0,3.0,1.0,1.0,1.0,1.0,1.0,4.0,1.0,1.0
17770,1.0,1.0,1.0,3.0,1.0,1.0,1.0,1.0,1.0,3.0,1.0,1.0
17771,1.0,1.0,1.0,3.0,1.0,1.0,1.0,1.0,1.0,3.0,1.0,1.0
17772,1.0,1.0,1.0,3.0,1.0,1.0,1.0,1.0,1.0,5.0,2.0,1.0
17773,1.0,1.0,1.0,3.0,1.0,1.0,1.0,1.0,1.0,4.0,1.0,1.0
17774,1.0,1.0,1.0,3.0,1.0,1.0,1.0,1.0,1.0,3.0,1.0,1.0
17775,1.0,1.0,1.0,3.0,1.0,1.0,1.0,1.0,1.0,3.0,1.0,1.0
17776,1.0,1.0,1.0,3.0,1.0,1.0,1.0,1.0,1.0,3.0,1.0,1.0
17777,1.0,1.0,1.0,3.0,1.0,1.0,1.0,1.0,1.0,5.0,2.0,1.0
17778,1.0,1.0,1.0,3.0,1.0,1.0,1.0,1.0,1.0,5.0,2.0,1.0
17779,1.0,1.0,1.0,3.0,1.0,1.0,1.0,1.0,1.0,4.0,1.0,1.0
17780,1.0,1.0,1.0,3.0,1.0,1.0,1.0,1.0,1.0,3.0,1.0,1.0
17781,1.0,1.0,1.0,3.0,1.0,1.0,1.0,1.0,1.0,3.0,1.0,1.0
17782,1.0,1.0,1.0,3.0,1.0,1.0,1.0,1.0,1.0,3.0,1.0,1.0
17783,1.0,1.0,1.0,3.0,1.0,1.0,1.0,1.0,1.0,4.0,1.0,1.0
17784,1.0,1.0,1.0,3.0,1.0,1.0,1.0,1.0,1.0,5.0,2.0,1.0
17785,1.0,1.0,1.0,3.0,1.0,1.0,1.0,1.0,1.0,3.0,1.0,1.0
17786,1.0,1.0,1.0,3.0,1.0,1.0,1.0,1.0,1.0,3.0,1.0,1.0
17787,1.0,1.0,1.0,3.0,1.0,1.0,1.0,1.0,1.0,5.0,2.0,1.0
17788,1.0,1.0,1.0,3.0,1.0,1.0,1.0,1.0,1.0,5.0,2.0,1.0
17789,1.0,1.0,1.0,3.0,1.0,1.0,1.0,1.0,1.0,5.0,2.0,1.0
17790,1.0,1.0,1.0,3.0,1.0,1.0,1.0,1.0,1.0,3.0,1.0,1.0
17791,1.0,1.0,1.0,3.0,1.0,1.0,1.0,1.0,1.0,3.0,1.0,1.0
17792,1.0,1.0,1.0,3.0,1.0,1.0,1.0,1.0,1.0,3.0,1.0,1.0
17793,1.0,1.0,1.0,3.0,1.0,1.0,1.0,1.0,1.0,4.0,1.0,1.0
17794,1.0,1.0,1.0,3.0,1.0,1.0,1.0,1.0,1.0,5.0,2.0,1.0
17795,1.0,1.0,1.0,3.0,1.0,1.0,1.0,1.0,1.0,4.0,1.0,1.0
17796,1.0,1.0,1.0,3.0,1.0,1.0,1.0,1.0,1.0,5.0,2.0,1.0
17797,1.0,1.0,1.0,3.0,1.0,1.0,1.0,1.0,1.0,3.0,1.0,1.0
17798,1.0,1.0,1.0,3.0,1.0,1.0,1.0,1.0,1.0,4.0,1.0,1.0
17799,1.0,1.0,1.0,3.0,1.0,1.0,1.0,1.0,1.0,3.0,1.0,1.0
17800,1.0,1.0,1.0,3.0,1.0,1.0,1.0,1.0,1.0,4.0,1.0,1.0
17801,1.0,1.0,1.0,3.0,1.0,1.0,1.0,1.0,1.0,5.0,2.0,1.0
17802,1.0,1.0,1.0,3.0,1.0,1.0,1.0,1.0,1.0,3.0,1.0,1.0
17803,1.0,1.0,1.0,3.0,1.0,1.0,1.0,1.0,1.0,5.0,2.0,1.0
17804,1.0,1.0,1.0,3.0,1.0,1.0,1.0,1.0,1.0,3.0,1.0,1.0
17805,1.0,1.0,1.0,3.0,1.0,1.0,1.0,1.0,1.0,3.0,1.0,1.0
17806,1.0,1.0,1.0,3.0,1.0,1.0,1.0,1.0,1.0,3.0,1.0,1.0
17807,1.0,1.0,1.0,3.0,1.0,1.0,1.0,1.0,1.0,5.0,2.0,1.0
17808,1.0,1.0,1.0,3.0,1.0,1.0,1.0,1.0,1.0,4.0,1.0,1.0
17809,1.0,1.0,1.0,3.0,1.0,1.0,1.0,1.0,1.0,3.0,1.0,1.0
17810,1.0,1.0,1.0,3.0,1.0,1.0,1.0,1.0,1.0,5.0,2.0,1.0
17811,1.0,1.0,1.0,3.0,1.0,1.0,1.0,1.0,1.0,5.0,2.0,1.0
17812,1.0,1.0,1.0,3.0,1.0,1.0,1.0,1.0,1.0,4.0,1.0,1.0
17813,1.0,1.0,1.0,3.0,1.0,1.0,1.0,1.0,1.0,3.0,1.0,1.0
17814,1.0,1.0,1.0,3.0,1.0,1.0,1.0,1.0,1.0,3.0,1.0,1.0
17815,1.0,1.0,1.0,3.0,1.0,1.0,1.0,1.0,1.0,3.0,1.0,1.0
17816,1.0,1.0,1.0,3.0,1.0,1.0,1.0,1.0,1.0,5.0,2.0,1.0
17817,1.0,1.0,1.0,3.0,1.0,1.0,1.0,1.0,1.0,3.0,1.0,1.0
17818,1.0,1.0,1.0,3.0,1.0,1.0,1.0,1.0,1.0,3.0,1.0,1.0
17819,1.0,1.0,1.0,3.0,1.0,1.0,1.0,1.0,1.0,3.0,1.0,1.0
17820,1.0,1.0,1.0,3.0,1.0,1.0,1.0,1.0,1.0,3.0,1.0,1.0
17821,1.0,1.0,1.0,3.0,1.0,1.0,1.0,1.0,1.0,5.0,2.0,1.0
17822,1.0,1.0,1.0,3.0,1.0,1.0,1.0,1.0,1.0,5.0,2.0,1.0
17823,1.0,1.0,1.0,3.0,1.0,1.0,1.0,1.0,1.0,3.0,1.0,1.0
17824,1.0,1.0,1.0,3.0,1.0,1.0,1.0,1.0,1.0,3.0,1.0,1.0
17825,1.0,1.0,1.0,3.0,1.0,1.0,1.0,1.0,1.0,3.0,1.0,1.0
17826,1.0,1.0,1.0,3.0,1.0,1.0,1.0,1.0,1.0,3.0,1.0,1.0
17827,1.0,1.0,1.0,3.0,1.0,1.0,1.0,1.0,1.0,5.0,2.0,1.0
17828,1.0,1.0,1.0,3.0,1.0,1.0,1.0,1.0,1.0,3.0,1.0,1.0
17829,1.0,1.0,1.0,3.0,1.0,1.0,1.0,1.0,1.0,3.0,1.0,1.0
17830,1.0,1.0,1.0,3.0,1.0,1.0,1.0,1.0,1.0,3.0,1.0,1.0
17831,1.0,1.0,1.0,3.0,1.0,1.0,1.0,1.0,1.0,3.0,1.0,1.0
17832,1.0,1.0,1.0,3.0,1.0,1.0,1.0,1.0,1.0,3.0,1.0,1.0
17833,1.0,1.0,1.0,3.0,1.0,1.0,1.0,1.0,1.0,4.0,1.0,1.0
17834,1.0,1.0,1.0,3.0,1.0,1.0,1.0,1.0,1.0,3.0,1.0,1.0
17835,1.0,1.0,1.0,3.0,1.0,1.0,1.0,1.0,1.0,3.0,1.0,1.0
17836,1.0,1.0,1.0,3.0,1.0,1.0,1.0,1.0,1.0,3.0,1.0,1.0
17837,1.0,1.0,1.0,3.0,1.0,1.0,1.0,1.0,1.0,4.0,1.0,1.0
17838,1.0,1.0,1.0,3.0,1.0,1.0,1.0,1.0,1.0,4.0,1.0,1.0
17839,1.0,1.0,1.0,3.0,1.0,1.0,1.0,1.0,1.0,5.0,2.0,1.0
17840,1.0,1.0,1.0,3.0,1.0,1.0,1.0,1.0,1.0,3.0,1.0,1.0
17841,1.0,1.0,1.0,3.0,1.0,1.0,1.0,1.0,1.0,3.0,1.0,1.0
17842,1.0,1.0,1.0,3.0,1.0,1.0,1.0,1.0,1.0,5.0,2.0,1.0
17843,1.0,1.0,1.0,3.0,1.0,1.0,1.0,1.0,1.0,3.0,1.0,1.0
17844,1.0,1.0,1.0,3.0,1.0,1.0,1.0,1.0,1.0,3.0,1.0,1.0
17845,1.0,1.0,1.0,3.0,1.0,1.0,1.0,1.0,1.0,3.0,1.0,1.0
17846,1.0,1.0,1.0,3.0,1.0,1.0,1.0,1.0,1.0,5.0,2.0,1.0
17847,1.0,1.0,1.0,3.0,1.0,1.0,1.0,1.0,1.0,4.0,1.0,1.0
17848,1.0,1.0,1.0,3.0,1.0,1.0,1.0,1.0,1.0,3.0,1.0,1.0
17849,1.0,1.0,1.0,3.0,1.0,1.0,1.0,1.0,1.0,5.0,2.0,1.0
17850,1.0,1.0,1.0,3.0,1.0,1.0,1.0,1.0,1.0,3.0,1.0,1.0
17851,1.0,1.0,1.0,3.0,1.0,1.0,1.0,1.0,1.0,5.0,2.0,1.0
17852,1.0,1.0,1.0,3.0,1.0,1.0,1.0,1.0,1.0,3.0,1.0,1.0
17853,1.0,1.0,1.0,3.0,1.0,1.0,1.0,1.0,1.0,3.0,1.0,1.0
17854,1.0,1.0,1.0,3.0,1.0,1.0,1.0,1.0,1.0,3.0,1.0,1.0
17855,1.0,1.0,1.0,3.0,1.0,1.0,1.0,1.0,1.0,3.0,1.0,1.0
17856,1.0,1.0,1.0,3.0,1.0,1.0,1.0,1.0,1.0,5.0,2.0,1.0
17857,1.0,1.0,1.0,3.0,1.0,1.0,1.0,1.0,1.0,4.0,1.0,1.0
17858,1.0,1.0,1.0,3.0,1.0,1.0,1.0,1.0,1.0,4.0,1.0,1.0
17859,1.0,1.0,1.0,3.0,1.0,1.0,1.0,1.0,1.0,5.0,2.0,1.0
17860,1.0,1.0,1.0,3.0,1.0,1.0,1.0,1.0,1.0,5.0,2.0,1.0
17861,1.0,1.0,1.0,3.0,1.0,1.0,1.0,1.0,1.0,3.0,1.0,1.0
17862,1.0,1.0,1.0,3.0,1.0,1.0,1.0,1.0,1.0,3.0,1.0,1.0
17863,1.0,1.0,1.0,3.0,1.0,1.0,1.0,1.0,1.0,4.0,1.0,1.0
17864,1.0,1.0,1.0,3.0,1.0,1.0,1.0,1.0,1.0,4.0,1.0,1.0
17865,1.0,1.0,1.0,3.0,1.0,1.0,1.0,1.0,1.0,5.0,2.0,1.0
17866,1.0,1.0,1.0,3.0,1.0,1.0,1.0,1.0,1.0,5.0,2.0,1.0
17867,1.0,1.0,1.0,3.0,1.0,1.0,1.0,1.0,1.0,3.0,1.0,1.0
17868,1.0,1.0,1.0,3.0,1.0,1.0,1.0,1.0,1.0,5.0,2.0,1.0
17869,1.0,1.0,1.0,3.0,1.0,1.0,1.0,1.0,1.0,4.0,1.0,1.0
17870,1.0,1.0,1.0,3.0,1.0,1.0,1.0,1.0,1.0,3.0,1.0,1.0
17871,1.0,1.0,1.0,3.0,1.0,1.0,1.0,1.0,1.0,4.0,1.0,1.0
17872,1.0,1.0,1.0,3.0,1.0,1.0,1.0,1.0,1.0,4.0,1.0,1.0
17873,1.0,1.0,1.0,3.0,1.0,1.0,1.0,1.0,1.0,4.0,1.0,1.0
17874,1.0,1.0,1.0,3.0,1.0,1.0,1.0,1.0,1.0,3.0,1.0,1.0
17875,1.0,1.0,1.0,3.0,1.0,1.0,1.0,1.0,1.0,5.0,2.0,1.0
17876,1.0,1.0,1.0,3.0,1.0,1.0,1.0,1.0,1.0,5.0,2.0,1.0
17877,1.0,1.0,1.0,3.0,1.0,1.0,1.0,1.0,1.0,5.0,2.0,1.0
17878,1.0,1.0,1.0,3.0,1.0,1.0,1.0,1.0,1.0,3.0,1.0,1.0
17879,1.0,1.0,1.0,3.0,1.0,1.0,1.0,1.0,1.0,3.0,1.0,1.0
17880,1.0,1.0,1.0,3.0,1.0,1.0,1.0,1.0,1.0,5.0,2.0,1.0
17881,1.0,1.0,1.0,3.0,1.0,1.0,1.0,1.0,1.0,3.0,1.0,1.0
17882,1.0,1.0,1.0,3.0,1.0,1.0,1.0,1.0,1.0,3.0,1.0,1.0
17883,1.0,1.0,1.0,3.0,1.0,1.0,1.0,1.0,1.0,3.0,1.0,1.0
17884,1.0,1.0,1.0,3.0,1.0,1.0,1.0,1.0,1.0,5.0,2.0,1.0
17885,1.0,1.0,1.0,3.0,1.0,1.0,1.0,1.0,1.0,3.0,1.0,1.0
17886,1.0,1.0,1.0,3.0,1.0,1.0,1.0,1.0,1.0,3.0,1.0,1.0
17887,1.0,1.0,1.0,3.0,1.0,1.0,1.0,1.0,1.0,4.0,1.0,1.0
17888,1.0,1.0,1.0,3.0,1.0,1.0,1.0,1.0,1.0,4.0,1.0,1.0
17889,1.0,1.0,1.0,3.0,1.0,1.0,1.0,1.0,1.0,4.0,1.0,1.0
17890,1.0,1.0,1.0,3.0,1.0,1.0,1.0,1.0,1.0,5.0,2.0,1.0
17891,1.0,1.0,1.0,3.0,1.0,1.0,1.0,1.0,1.0,4.0,1.0,1.0
17892,1.0,1.0,1.0,3.0,1.0,1.0,1.0,1.0,1.0,4.0,1.0,1.0
17893,1.0,1.0,1.0,3.0,1.0,1.0,1.0,1.0,1.0,3.0,1.0,1.0
17894,1.0,1.0,1.0,3.0,1.0,1.0,1.0,1.0,1.0,5.0,2.0,1.0
17895,1.0,1.0,1.0,3.0,1.0,1.0,1.0,1.0,1.0,5.0,2.0,1.0
17896,1.0,1.0,1.0,3.0,1.0,1.0,1.0,1.0,1.0,4.0,1.0,1.0
17897,1.0,1.0,1.0,3.0,1.0,1.0,1.0,1.0,1.0,3.0,1.0,1.0
17898,1.0,1.0,1.0,3.0,1.0,1.0,1.0,1.0,1.0,4.0,1.0,1.0
17899,1.0,1.0,1.0,3.0,1.0,1.0,1.0,1.0,1.0,5.0,2.0,1.0
17900,1.0,1.0,1.0,3.0,1.0,1.0,1.0,1.0,1.0,3.0,1.0,1.0
17901,1.0,1.0,1.0,3.0,1.0,1.0,1.0,1.0,1.0,3.0,1.0,1.0
17902,1.0,1.0,1.0,3.0,1.0,1.0,1.0,1.0,1.0,4.0,1.0,1.0
17903,1.0,1.0,1.0,3.0,1.0,1.0,1.0,1.0,1.0,3.0,1.0,1.0
17904,1.0,1.0,1.0,3.0,1.0,1.0,1.0,1.0,1.0,5.0,2.0,1.0
17905,1.0,1.0,1.0,3.0,1.0,1.0,1.0,1.0,1.0,4.0,1.0,1.0
17906,1.0,1.0,1.0,3.0,1.0,1.0,1.0,1.0,1.0,4.0,1.0,1.0
17907,1.0,1.0,1.0,3.0,1.0,1.0,1.0,1.0,1.0,3.0,1.0,1.0
17908,1.0,1.0,1.0,3.0,1.0,1.0,1.0,1.0,1.0,5.0,2.0,1.0
17909,1.0,1.0,1.0,3.0,1.0,1.0,1.0,1.0,1.0,3.0,1.0,1.0
17910,1.0,1.0,1.0,3.0,1.0,1.0,1.0,1.0,1.0,3.0,1.0,1.0
17911,1.0,1.0,1.0,3.0,1.0,1.0,1.0,1.0,1.0,5.0,2.0,1.0
17912,1.0,1.0,1.0,3.0,1.0,1.0,1.0,1.0,1.0,3.0,1.0,1.0
17913,1.0,1.0,1.0,3.0,1.0,1.0,1.0,1.0,1.0,3.0,1.0,1.0
17914,1.0,1.0,1.0,3.0,1.0,1.0,1.0,1.0,1.0,4.0,1.0,1.0
17915,1.0,1.0,1.0,3.0,1.0,1.0,1.0,1.0,1.0,3.0,1.0,1.0
17916,1.0,1.0,1.0,3.0,1.0,1.0,1.0,1.0,1.0,3.0,1.0,1.0
17917,1.0,1.0,1.0,3.0,1.0,1.0,1.0,1.0,1.0,4.0,1.0,1.0
17918,1.0,1.0,1.0,3.0,1.0,1.0,1.0,1.0,1.0,4.0,1.0,1.0
17919,1.0,1.0,1.0,3.0,1.0,1.0,1.0,1.0,1.0,4.0,1.0,1.0
17920,1.0,1.0,1.0,3.0,1.0,1.0,1.0,1.0,1.0,5.0,2.0,1.0
17921,1.0,1.0,1.0,3.0,1.0,1.0,1.0,1.0,1.0,5.0,2.0,1.0
17922,1.0,1.0,1.0,3.0,1.0,1.0,1.0,1.0,1.0,4.0,1.0,1.0
17923,1.0,1.0,1.0,3.0,1.0,1.0,1.0,1.0,1.0,3.0,1.0,1.0
17924,1.0,1.0,1.0,3.0,1.0,1.0,1.0,1.0,1.0,4.0,1.0,1.0
17925,1.0,1.0,1.0,3.0,1.0,1.0,1.0,1.0,1.0,5.0,2.0,1.0
17926,1.0,1.0,1.0,3.0,1.0,1.0,1.0,1.0,1.0,4.0,1.0,1.0
17927,1.0,1.0,1.0,3.0,1.0,1.0,1.0,1.0,1.0,5.0,2.0,1.0
17928,1.0,1.0,1.0,3.0,1.0,1.0,1.0,1.0,1.0,5.0,2.0,1.0
17929,1.0,1.0,1.0,3.0,1.0,1.0,1.0,1.0,1.0,3.0,1.0,1.0
17930,1.0,1.0,1.0,3.0,1.0,1.0,1.0,1.0,1.0,4.0,1.0,1.0
17931,1.0,1.0,1.0,3.0,1.0,1.0,1.0,1.0,1.0,3.0,1.0,1.0
17932,1.0,1.0,1.0,3.0,1.0,1.0,1.0,1.0,1.0,3.0,1.0,1.0
17933,1.0,1.0,1.0,3.0,1.0,1.0,1.0,1.0,1.0,5.0,2.0,1.0
17934,1.0,1.0,1.0,3.0,1.0,1.0,1.0,1.0,1.0,5.0,2.0,1.0
17935,1.0,1.0,1.0,3.0,1.0,1.0,1.0,1.0,1.0,3.0,1.0,1.0
17936,1.0,1.0,1.0,3.0,1.0,1.0,1.0,1.0,1.0,3.0,1.0,1.0
17937,1.0,1.0,1.0,3.0,1.0,1.0,1.0,1.0,1.0,3.0,1.0,1.0
17938,1.0,1.0,1.0,3.0,1.0,1.0,1.0,1.0,1.0,4.0,1.0,1.0
17939,1.0,1.0,1.0,3.0,1.0,1.0,1.0,1.0,1.0,4.0,1.0,1.0
17940,1.0,1.0,1.0,3.0,1.0,1.0,1.0,1.0,1.0,3.0,1.0,1.0
17941,1.0,1.0,1.0,3.0,1.0,1.0,1.0,1.0,1.0,5.0,2.0,1.0
17942,1.0,1.0,1.0,3.0,1.0,1.0,1.0,1.0,1.0,5.0,2.0,1.0
17943,1.0,1.0,1.0,3.0,1.0,1.0,1.0,1.0,1.0,4.0,1.0,1.0
17944,1.0,1.0,1.0,3.0,1.0,1.0,1.0,1.0,1.0,5.0,2.0,1.0
17945,1.0,1.0,1.0,3.0,1.0,1.0,1.0,1.0,1.0,5.0,2.0,1.0
17946,1.0,1.0,1.0,3.0,1.0,1.0,1.0,1.0,1.0,3.0,1.0,1.0
17947,1.0,1.0,1.0,3.0,1.0,1.0,1.0,1.0,1.0,3.0,1.0,1.0
17948,1.0,1.0,1.0,3.0,1.0,1.0,1.0,1.0,1.0,4.0,1.0,1.0
17949,1.0,1.0,1.0,3.0,1.0,1.0,1.0,1.0,1.0,3.0,1.0,1.0
17950,1.0,1.0,1.0,3.0,1.0,1.0,1.0,1.0,1.0,3.0,1.0,1.0
17951,1.0,1.0,1.0,3.0,1.0,1.0,1.0,1.0,1.0,5.0,2.0,1.0
17952,1.0,1.0,1.0,3.0,1.0,1.0,1.0,1.0,1.0,3.0,1.0,1.0
17953,1.0,1.0,1.0,3.0,1.0,1.0,1.0,1.0,1.0,4.0,1.0,1.0
17954,1.0,1.0,1.0,3.0,1.0,1.0,1.0,1.0,1.0,5.0,2.0,1.0
17955,1.0,1.0,1.0,3.0,1.0,1.0,1.0,1.0,1.0,4.0,1.0,1.0
17956,1.0,1.0,1.0,3.0,1.0,1.0,1.0,1.0,1.0,5.0,2.0,1.0
17957,1.0,1.0,1.0,3.0,1.0,1.0,1.0,1.0,1.0,5.0,2.0,1.0
17958,1.0,1.0,1.0,3.0,1.0,1.0,1.0,1.0,1.0,3.0,1.0,1.0
17959,1.0,1.0,1.0,3.0,1.0,1.0,1.0,1.0,1.0,3.0,1.0,1.0
17960,1.0,1.0,1.0,3.0,1.0,1.0,1.0,1.0,1.0,4.0,1.0,1.0
17961,1.0,1.0,1.0,3.0,1.0,1.0,1.0,1.0,1.0,5.0,2.0,1.0
17962,1.0,1.0,1.0,3.0,1.0,1.0,1.0,1.0,1.0,3.0,1.0,1.0
17963,1.0,1.0,1.0,3.0,1.0,1.0,1.0,1.0,1.0,3.0,1.0,1.0
17964,1.0,1.0,1.0,3.0,1.0,1.0,1.0,1.0,1.0,3.0,1.0,1.0
17965,1.0,1.0,1.0,3.0,1.0,1.0,1.0,1.0,1.0,3.0,1.0,1.0
17966,1.0,1.0,1.0,3.0,1.0,1.0,1.0,1.0,1.0,3.0,1.0,1.0
17967,1.0,1.0,1.0,3.0,1.0,1.0,1.0,1.0,1.0,3.0,1.0,1.0
17968,1.0,1.0,1.0,3.0,1.0,1.0,1.0,1.0,1.0,4.0,1.0,1.0
17969,1.0,1.0,1.0,3.0,1.0,1.0,1.0,1.0,1.0,3.0,1.0,1.0
17970,1.0,1.0,1.0,3.0,1.0,1.0,1.0,1.0,1.0,5.0,2.0,1.0
17971,1.0,1.0,1.0,3.0,1.0,1.0,1.0,1.0,1.0,3.0,1.0,1.0
17972,1.0,1.0,1.0,3.0,1.0,1.0,1.0,1.0,1.0,3.0,1.0,1.0
17973,1.0,1.0,1.0,3.0,1.0,1.0,1.0,1.0,1.0,5.0,2.0,1.0
17974,1.0,1.0,1.0,3.0,1.0,1.0,1.0,1.0,1.0,5.0,2.0,1.0
17975,1.0,1.0,1.0,3.0,1.0,1.0,1.0,1.0,1.0,4.0,1.0,1.0
17976,1.0,1.0,1.0,3.0,1.0,1.0,1.0,1.0,1.0,4.0,1.0,1.0
17977,1.0,1.0,1.0,3.0,1.0,1.0,1.0,1.0,1.0,3.0,1.0,1.0
17978,1.0,1.0,1.0,3.0,1.0,1.0,1.0,1.0,1.0,4.0,1.0,1.0
17979,1.0,1.0,1.0,3.0,1.0,1.0,1.0,1.0,1.0,3.0,1.0,1.0
17980,1.0,1.0,1.0,3.0,1.0,1.0,1.0,1.0,1.0,3.0,1.0,1.0
17981,1.0,1.0,1.0,3.0,1.0,1.0,1.0,1.0,1.0,4.0,1.0,1.0
17982,1.0,1.0,1.0,3.0,1.0,1.0,1.0,1.0,1.0,3.0,1.0,1.0
17983,1.0,1.0,1.0,3.0,1.0,1.0,1.0,1.0,1.0,3.0,1.0,1.0
17984,1.0,1.0,1.0,3.0,1.0,1.0,1.0,1.0,1.0,3.0,1.0,1.0
17985,1.0,1.0,1.0,3.0,1.0,1.0,1.0,1.0,1.0,5.0,2.0,1.0
17986,1.0,1.0,1.0,3.0,1.0,1.0,1.0,1.0,1.0,4.0,1.0,1.0
17987,1.0,1.0,1.0,3.0,1.0,1.0,1.0,1.0,1.0,4.0,1.0,1.0
17988,1.0,1.0,1.0,3.0,1.0,1.0,1.0,1.0,1.0,3.0,1.0,1.0
17989,1.0,1.0,1.0,3.0,1.0,1.0,1.0,1.0,1.0,3.0,1.0,1.0
17990,1.0,1.0,1.0,3.0,1.0,1.0,1.0,1.0,1.0,3.0,1.0,1.0
17991,1.0,1.0,1.0,3.0,1.0,1.0,1.0,1.0,1.0,4.0,1.0,1.0
17992,1.0,1.0,1.0,3.0,1.0,1.0,1.0,1.0,1.0,3.0,1.0,1.0
17993,1.0,1.0,1.0,3.0,1.0,1.0,1.0,1.0,1.0,3.0,1.0,1.0
17994,1.0,1.0,1.0,3.0,1.0,1.0,1.0,1.0,1.0,5.0,2.0,1.0
17995,1.0,1.0,1.0,3.0,1.0,1.0,1.0,1.0,1.0,3.0,1.0,1.0
17996,1.0,1.0,1.0,3.0,1.0,1.0,1.0,1.0,1.0,3.0,1.0,1.0
17997,1.0,1.0,1.0,3.0,1.0,1.0,1.0,1.0,1.0,4.0,1.0,1.0
17998,1.0,1.0,1.0,3.0,1.0,1.0,1.0,1.0,1.0,3.0,1.0,1.0
17999,1.0,1.0,1.0,3.0,1.0,1.0,1.0,1.0,1.0,4.0,1.0,1.0
18000,1.0,1.0,1.0,3.0,1.0,1.0,1.0,1.0,1.0,5.0,2.0,1.0
18001,1.0,1.0,1.0,3.0,1.0,1.0,1.0,1.0,1.0,3.0,1.0,1.0
18002,1.0,1.0,1.0,3.0,1.0,1.0,1.0,1.0,1.0,3.0,1.0,1.0
18003,1.0,1.0,1.0,3.0,1.0,1.0,1.0,1.0,1.0,3.0,1.0,1.0
18004,1.0,1.0,1.0,3.0,1.0,1.0,1.0,1.0,1.0,5.0,2.0,1.0
18005,1.0,1.0,1.0,3.0,1.0,1.0,1.0,1.0,1.0,4.0,1.0,1.0
18006,1.0,1.0,1.0,3.0,1.0,1.0,1.0,1.0,1.0,3.0,1.0,1.0
18007,1.0,1.0,1.0,3.0,1.0,1.0,1.0,1.0,1.0,3.0,1.0,1.0
18008,1.0,1.0,1.0,3.0,1.0,1.0,1.0,1.0,1.0,5.0,2.0,1.0
18009,1.0,1.0,1.0,3.0,1.0,1.0,1.0,1.0,1.0,5.0,2.0,1.0
18010,1.0,1.0,1.0,3.0,1.0,1.0,1.0,1.0,1.0,3.0,1.0,1.0
18011,1.0,1.0,1.0,3.0,1.0,1.0,1.0,1.0,1.0,4.0,1.0,1.0
18012,1.0,1.0,1.0,3.0,1.0,1.0,1.0,1.0,1.0,5.0,2.0,1.0
18013,1.0,1.0,1.0,3.0,1.0,1.0,1.0,1.0,1.0,3.0,1.0,1.0
18014,1.0,1.0,1.0,3.0,1.0,1.0,1.0,1.0,1.0,3.0,1.0,1.0
18015,1.0,1.0,1.0,3.0,1.0,1.0,1.0,1.0,1.0,4.0,1.0,1.0
18016,1.0,1.0,1.0,3.0,1.0,1.0,1.0,1.0,1.0,4.0,1.0,1.0
18017,1.0,1.0,1.0,3.0,1.0,1.0,1.0,1.0,1.0,4.0,1.0,1.0
18018,1.0,1.0,1.0,3.0,1.0,1.0,1.0,1.0,1.0,4.0,1.0,1.0
18019,1.0,1.0,1.0,3.0,1.0,1.0,1.0,1.0,1.0,3.0,1.0,1.0
18020,1.0,1.0,1.0,3.0,1.0,1.0,1.0,1.0,1.0,5.0,2.0,1.0
18021,1.0,1.0,1.0,3.0,1.0,1.0,1.0,1.0,1.0,4.0,1.0,1.0
18022,1.0,1.0,1.0,3.0,1.0,1.0,1.0,1.0,1.0,3.0,1.0,1.0
18023,1.0,1.0,1.0,3.0,1.0,1.0,1.0,1.0,1.0,5.0,2.0,1.0
18024,1.0,1.0,1.0,3.0,1.0,1.0,1.0,1.0,1.0,4.0,1.0,1.0
18025,1.0,1.0,1.0,3.0,1.0,1.0,1.0,1.0,1.0,4.0,1.0,1.0
18026,1.0,1.0,1.0,3.0,1.0,1.0,1.0,1.0,1.0,3.0,1.0,1.0
18027,1.0,1.0,1.0,3.0,1.0,1.0,1.0,1.0,1.0,5.0,2.0,1.0
18028,1.0,1.0,1.0,3.0,1.0,1.0,1.0,1.0,1.0,5.0,2.0,1.0
18029,1.0,1.0,1.0,3.0,1.0,1.0,1.0,1.0,1.0,5.0,2.0,1.0
18030,1.0,1.0,1.0,3.0,1.0,1.0,1.0,1.0,1.0,3.0,1.0,1.0
18031,1.0,1.0,1.0,3.0,1.0,1.0,1.0,1.0,1.0,4.0,1.0,1.0
18032,1.0,1.0,1.0,3.0,1.0,1.0,1.0,1.0,1.0,3.0,1.0,1.0
18033,1.0,1.0,1.0,3.0,1.0,1.0,1.0,1.0,1.0,3.0,1.0,1.0
18034,1.0,1.0,1.0,3.0,1.0,1.0,1.0,1.0,1.0,4.0,1.0,1.0
18035,1.0,1.0,1.0,3.0,1.0,1.0,1.0,1.0,1.0,3.0,1.0,1.0
18036,1.0,1.0,1.0,3.0,1.0,1.0,1.0,1.0,1.0,3.0,1.0,1.0
18037,1.0,1.0,1.0,3.0,1.0,1.0,1.0,1.0,1.0,3.0,1.0,1.0
18038,1.0,1.0,1.0,3.0,1.0,1.0,1.0,1.0,1.0,3.0,1.0,1.0
18039,1.0,1.0,1.0,3.0,1.0,1.0,1.0,1.0,1.0,4.0,1.0,1.0
18040,1.0,1.0,1.0,3.0,1.0,1.0,1.0,1.0,1.0,3.0,1.0,1.0
18041,1.0,1.0,1.0,3.0,1.0,1.0,1.0,1.0,1.0,4.0,1.0,1.0
18042,1.0,1.0,1.0,3.0,1.0,1.0,1.0,1.0,1.0,5.0,2.0,1.0
18043,1.0,1.0,1.0,3.0,1.0,1.0,1.0,1.0,1.0,4.0,1.0,1.0
18044,1.0,1.0,1.0,3.0,1.0,1.0,1.0,1.0,1.0,5.0,2.0,1.0
18045,1.0,1.0,1.0,3.0,1.0,1.0,1.0,1.0,1.0,4.0,1.0,1.0
18046,1.0,1.0,1.0,3.0,1.0,1.0,1.0,1.0,1.0,5.0,2.0,1.0
18047,1.0,1.0,1.0,3.0,1.0,1.0,1.0,1.0,1.0,4.0,1.0,1.0
18048,1.0,1.0,1.0,3.0,1.0,1.0,1.0,1.0,1.0,3.0,1.0,1.0
18049,1.0,1.0,1.0,3.0,1.0,1.0,1.0,1.0,1.0,3.0,1.0,1.0
18050,1.0,1.0,1.0,3.0,1.0,1.0,1.0,1.0,1.0,5.0,2.0,1.0
18051,1.0,1.0,1.0,3.0,1.0,1.0,1.0,1.0,1.0,3.0,1.0,1.0
18052,1.0,1.0,1.0,3.0,1.0,1.0,1.0,1.0,1.0,3.0,1.0,1.0
18053,1.0,1.0,1.0,3.0,1.0,1.0,1.0,1.0,1.0,4.0,1.0,1.0
18054,1.0,1.0,1.0,3.0,1.0,1.0,1.0,1.0,1.0,3.0,1.0,1.0
18055,1.0,1.0,1.0,3.0,1.0,1.0,1.0,1.0,1.0,5.0,2.0,1.0
18056,1.0,1.0,1.0,3.0,1.0,1.0,1.0,1.0,1.0,3.0,1.0,1.0
18057,1.0,1.0,1.0,3.0,1.0,1.0,1.0,1.0,1.0,5.0,2.0,1.0
18058,1.0,1.0,1.0,3.0,1.0,1.0,1.0,1.0,1.0,5.0,2.0,1.0
18059,1.0,1.0,1.0,3.0,1.0,1.0,1.0,1.0,1.0,3.0,1.0,1.0
18060,1.0,1.0,1.0,3.0,1.0,1.0,1.0,1.0,1.0,3.0,1.0,1.0
18061,1.0,1.0,1.0,3.0,1.0,1.0,1.0,1.0,1.0,3.0,1.0,1.0
18062,1.0,1.0,1.0,3.0,1.0,1.0,1.0,1.0,1.0,3.0,1.0,1.0
18063,1.0,1.0,1.0,3.0,1.0,1.0,1.0,1.0,1.0,4.0,1.0,1.0
18064,1.0,1.0,1.0,3.0,1.0,1.0,1.0,1.0,1.0,5.0,2.0,1.0
18065,1.0,1.0,1.0,3.0,1.0,1.0,1.0,1.0,1.0,3.0,1.0,1.0
18066,1.0,1.0,1.0,3.0,1.0,1.0,1.0,1.0,1.0,4.0,1.0,1.0
18067,1.0,1.0,1.0,3.0,1.0,1.0,1.0,1.0,1.0,3.0,1.0,1.0
18068,1.0,1.0,1.0,3.0,1.0,1.0,1.0,1.0,1.0,3.0,1.0,1.0
18069,1.0,1.0,1.0,3.0,1.0,1.0,1.0,1.0,1.0,3.0,1.0,1.0
18070,1.0,1.0,1.0,3.0,1.0,1.0,1.0,1.0,1.0,3.0,1.0,1.0
18071,1.0,1.0,1.0,3.0,1.0,1.0,1.0,1.0,1.0,5.0,2.0,1.0
18072,1.0,1.0,1.0,3.0,1.0,1.0,1.0,1.0,1.0,3.0,1.0,1.0
18073,1.0,1.0,1.0,3.0,1.0,1.0,1.0,1.0,1.0,4.0,1.0,1.0
18074,1.0,1.0,1.0,3.0,1.0,1.0,1.0,1.0,1.0,5.0,2.0,1.0
18075,1.0,1.0,1.0,3.0,1.0,1.0,1.0,1.0,1.0,3.0,1.0,1.0
18076,1.0,1.0,1.0,3.0,1.0,1.0,1.0,1.0,1.0,3.0,1.0,1.0
18077,1.0,1.0,1.0,3.0,1.0,1.0,1.0,1.0,1.0,5.0,2.0,1.0
18078,1.0,1.0,1.0,3.0,1.0,1.0,1.0,1.0,1.0,4.0,1.0,1.0
18079,1.0,1.0,1.0,3.0,1.0,1.0,1.0,1.0,1.0,4.0,1.0,1.0
18080,1.0,1.0,1.0,3.0,1.0,1.0,1.0,1.0,1.0,4.0,1.0,1.0
18081,1.0,1.0,1.0,3.0,1.0,1.0,1.0,1.0,1.0,3.0,1.0,1.0
18082,1.0,1.0,1.0,3.0,1.0,1.0,1.0,1.0,1.0,3.0,1.0,1.0
18083,1.0,1.0,1.0,3.0,1.0,1.0,1.0,1.0,1.0,5.0,2.0,1.0
18084,1.0,1.0,1.0,3.0,1.0,1.0,1.0,1.0,1.0,3.0,1.0,1.0
18085,1.0,1.0,1.0,3.0,1.0,1.0,1.0,1.0,1.0,5.0,2.0,1.0
18086,1.0,1.0,1.0,3.0,1.0,1.0,1.0,1.0,1.0,3.0,1.0,1.0
18087,1.0,1.0,1.0,3.0,1.0,1.0,1.0,1.0,1.0,5.0,2.0,1.0
18088,1.0,1.0,1.0,3.0,1.0,1.0,1.0,1.0,1.0,3.0,1.0,1.0
18089,1.0,1.0,1.0,3.0,1.0,1.0,1.0,1.0,1.0,3.0,1.0,1.0
18090,1.0,1.0,1.0,3.0,1.0,1.0,1.0,1.0,1.0,4.0,1.0,1.0
18091,1.0,1.0,1.0,3.0,1.0,1.0,1.0,1.0,1.0,3.0,1.0,1.0
18092,1.0,1.0,1.0,3.0,1.0,1.0,1.0,1.0,1.0,5.0,2.0,1.0
18093,1.0,1.0,1.0,3.0,1.0,1.0,1.0,1.0,1.0,4.0,1.0,1.0
18094,1.0,1.0,1.0,3.0,1.0,1.0,1.0,1.0,1.0,3.0,1.0,1.0
18095,1.0,1.0,1.0,3.0,1.0,1.0,1.0,1.0,1.0,5.0,2.0,1.0
18096,1.0,1.0,1.0,3.0,1.0,1.0,1.0,1.0,1.0,3.0,1.0,1.0
18097,1.0,1.0,1.0,3.0,1.0,1.0,1.0,1.0,1.0,3.0,1.0,1.0
18098,1.0,1.0,1.0,3.0,1.0,1.0,1.0,1.0,1.0,5.0,2.0,1.0
18099,1.0,1.0,1.0,3.0,1.0,1.0,1.0,1.0,1.0,5.0,2.0,1.0
18100,1.0,1.0,1.0,3.0,1.0,1.0,1.0,1.0,1.0,3.0,1.0,1.0
18101,1.0,1.0,1.0,3.0,1.0,1.0,1.0,1.0,1.0,3.0,1.0,1.0
18102,1.0,1.0,1.0,3.0,1.0,1.0,1.0,1.0,1.0,5.0,2.0,1.0
18103,1.0,1.0,1.0,3.0,1.0,1.0,1.0,1.0,1.0,3.0,1.0,1.0
18104,1.0,1.0,1.0,3.0,1.0,1.0,1.0,1.0,1.0,3.0,1.0,1.0
18105,1.0,1.0,1.0,3.0,1.0,1.0,1.0,1.0,1.0,3.0,1.0,1.0
18106,1.0,1.0,1.0,3.0,1.0,1.0,1.0,1.0,1.0,5.0,2.0,1.0
18107,1.0,1.0,1.0,3.0,1.0,1.0,1.0,1.0,1.0,3.0,1.0,1.0
18108,1.0,1.0,1.0,3.0,1.0,1.0,1.0,1.0,1.0,5.0,2.0,1.0
18109,1.0,1.0,1.0,3.0,1.0,1.0,1.0,1.0,1.0,3.0,1.0,1.0
18110,1.0,1.0,1.0,3.0,1.0,1.0,1.0,1.0,1.0,3.0,1.0,1.0
18111,1.0,1.0,1.0,3.0,1.0,1.0,1.0,1.0,1.0,3.0,1.0,1.0
18112,1.0,1.0,1.0,3.0,1.0,1.0,1.0,1.0,1.0,5.0,2.0,1.0
18113,1.0,1.0,1.0,3.0,1.0,1.0,1.0,1.0,1.0,4.0,1.0,1.0
18114,1.0,1.0,1.0,3.0,1.0,1.0,1.0,1.0,1.0,3.0,1.0,1.0
18115,1.0,1.0,1.0,3.0,1.0,1.0,1.0,1.0,1.0,4.0,1.0,1.0
18116,1.0,1.0,1.0,3.0,1.0,1.0,1.0,1.0,1.0,3.0,1.0,1.0
18117,1.0,1.0,1.0,3.0,1.0,1.0,1.0,1.0,1.0,5.0,2.0,1.0
18118,1.0,1.0,1.0,3.0,1.0,1.0,1.0,1.0,1.0,3.0,1.0,1.0
18119,1.0,1.0,1.0,3.0,1.0,1.0,1.0,1.0,1.0,4.0,1.0,1.0
18120,1.0,1.0,1.0,3.0,1.0,1.0,1.0,1.0,1.0,3.0,1.0,1.0
18121,1.0,1.0,1.0,3.0,1.0,1.0,1.0,1.0,1.0,4.0,1.0,1.0
18122,1.0,1.0,1.0,3.0,1.0,1.0,1.0,1.0,1.0,4.0,1.0,1.0
18123,1.0,1.0,1.0,3.0,1.0,1.0,1.0,1.0,1.0,3.0,1.0,1.0
18124,1.0,1.0,1.0,3.0,1.0,1.0,1.0,1.0,1.0,3.0,1.0,1.0
18125,1.0,1.0,1.0,3.0,1.0,1.0,1.0,1.0,1.0,5.0,2.0,1.0
18126,1.0,1.0,1.0,3.0,1.0,1.0,1.0,1.0,1.0,3.0,1.0,1.0
18127,1.0,1.0,1.0,3.0,1.0,1.0,1.0,1.0,1.0,3.0,1.0,1.0
18128,1.0,1.0,1.0,3.0,1.0,1.0,1.0,1.0,1.0,4.0,1.0,1.0
18129,1.0,1.0,1.0,3.0,1.0,1.0,1.0,1.0,1.0,5.0,2.0,1.0
18130,1.0,1.0,1.0,3.0,1.0,1.0,1.0,1.0,1.0,3.0,1.0,1.0
18131,1.0,1.0,1.0,3.0,1.0,1.0,1.0,1.0,1.0,3.0,1.0,1.0
18132,1.0,1.0,1.0,3.0,1.0,1.0,1.0,1.0,1.0,3.0,1.0,1.0
18133,1.0,1.0,1.0,3.0,1.0,1.0,1.0,1.0,1.0,3.0,1.0,1.0
18134,1.0,1.0,1.0,3.0,1.0,1.0,1.0,1.0,1.0,4.0,1.0,1.0
18135,1.0,1.0,1.0,3.0,1.0,1.0,1.0,1.0,1.0,3.0,1.0,1.0
18136,1.0,1.0,1.0,3.0,1.0,1.0,1.0,1.0,1.0,3.0,1.0,1.0
18137,1.0,1.0,1.0,3.0,1.0,1.0,1.0,1.0,1.0,3.0,1.0,1.0
18138,1.0,1.0,1.0,3.0,1.0,1.0,1.0,1.0,1.0,3.0,1.0,1.0
18139,1.0,1.0,1.0,3.0,1.0,1.0,1.0,1.0,1.0,5.0,2.0,1.0
18140,1.0,1.0,1.0,3.0,1.0,1.0,1.0,1.0,1.0,3.0,1.0,1.0
18141,1.0,1.0,1.0,3.0,1.0,1.0,1.0,1.0,1.0,3.0,1.0,1.0
18142,1.0,1.0,1.0,3.0,1.0,1.0,1.0,1.0,1.0,3.0,1.0,1.0
18143,1.0,1.0,1.0,3.0,1.0,1.0,1.0,1.0,1.0,3.0,1.0,1.0
18144,1.0,1.0,1.0,3.0,1.0,1.0,1.0,1.0,1.0,5.0,2.0,1.0
18145,1.0,1.0,1.0,3.0,1.0,1.0,1.0,1.0,1.0,4.0,1.0,1.0
18146,1.0,1.0,1.0,3.0,1.0,1.0,1.0,1.0,1.0,3.0,1.0,1.0
18147,1.0,1.0,1.0,3.0,1.0,1.0,1.0,1.0,1.0,5.0,2.0,1.0
18148,1.0,1.0,1.0,3.0,1.0,1.0,1.0,1.0,1.0,3.0,1.0,1.0
18149,1.0,1.0,1.0,3.0,1.0,1.0,1.0,1.0,1.0,3.0,1.0,1.0
18150,1.0,1.0,1.0,3.0,1.0,1.0,1.0,1.0,1.0,3.0,1.0,1.0
18151,1.0,1.0,1.0,3.0,1.0,1.0,1.0,1.0,1.0,3.0,1.0,1.0
18152,1.0,1.0,1.0,3.0,1.0,1.0,1.0,1.0,1.0,3.0,1.0,1.0
18153,1.0,1.0,1.0,3.0,1.0,1.0,1.0,1.0,1.0,5.0,2.0,1.0
18154,1.0,1.0,1.0,3.0,1.0,1.0,1.0,1.0,1.0,3.0,1.0,1.0
18155,1.0,1.0,1.0,3.0,1.0,1.0,1.0,1.0,1.0,3.0,1.0,1.0
18156,1.0,1.0,1.0,3.0,1.0,1.0,1.0,1.0,1.0,3.0,1.0,1.0
18157,1.0,1.0,1.0,3.0,1.0,1.0,1.0,1.0,1.0,3.0,1.0,1.0
18158,1.0,1.0,1.0,3.0,1.0,1.0,1.0,1.0,1.0,3.0,1.0,1.0
18159,1.0,1.0,1.0,3.0,1.0,1.0,1.0,1.0,1.0,3.0,1.0,1.0
18160,1.0,1.0,1.0,3.0,1.0,1.0,1.0,1.0,1.0,3.0,1.0,1.0
18161,1.0,1.0,1.0,3.0,1.0,1.0,1.0,1.0,1.0,5.0,2.0,1.0
18162,1.0,1.0,1.0,3.0,1.0,1.0,1.0,1.0,1.0,4.0,1.0,1.0
18163,1.0,1.0,1.0,3.0,1.0,1.0,1.0,1.0,1.0,5.0,2.0,1.0
18164,1.0,1.0,1.0,3.0,1.0,1.0,1.0,1.0,1.0,3.0,1.0,1.0
18165,1.0,1.0,1.0,3.0,1.0,1.0,1.0,1.0,1.0,4.0,1.0,1.0
18166,1.0,1.0,1.0,3.0,1.0,1.0,1.0,1.0,1.0,4.0,1.0,1.0
18167,1.0,1.0,1.0,3.0,1.0,1.0,1.0,1.0,1.0,5.0,2.0,1.0
18168,1.0,1.0,1.0,3.0,1.0,1.0,1.0,1.0,1.0,3.0,1.0,1.0
18169,1.0,1.0,1.0,3.0,1.0,1.0,1.0,1.0,1.0,3.0,1.0,1.0
18170,1.0,1.0,1.0,3.0,1.0,1.0,1.0,1.0,1.0,5.0,2.0,1.0
18171,1.0,1.0,1.0,3.0,1.0,1.0,1.0,1.0,1.0,4.0,1.0,1.0
18172,1.0,1.0,1.0,3.0,1.0,1.0,1.0,1.0,1.0,3.0,1.0,1.0
18173,1.0,1.0,1.0,3.0,1.0,1.0,1.0,1.0,1.0,4.0,1.0,1.0
18174,1.0,1.0,1.0,3.0,1.0,1.0,1.0,1.0,1.0,3.0,1.0,1.0
18175,1.0,1.0,1.0,3.0,1.0,1.0,1.0,1.0,1.0,4.0,1.0,1.0
18176,1.0,1.0,1.0,3.0,1.0,1.0,1.0,1.0,1.0,5.0,2.0,1.0
18177,1.0,1.0,1.0,3.0,1.0,1.0,1.0,1.0,1.0,3.0,1.0,1.0
18178,1.0,1.0,1.0,3.0,1.0,1.0,1.0,1.0,1.0,3.0,1.0,1.0
18179,1.0,1.0,1.0,3.0,1.0,1.0,1.0,1.0,1.0,5.0,2.0,1.0
18180,1.0,1.0,1.0,3.0,1.0,1.0,1.0,1.0,1.0,3.0,1.0,1.0
18181,1.0,1.0,1.0,3.0,1.0,1.0,1.0,1.0,1.0,4.0,1.0,1.0
18182,1.0,1.0,1.0,3.0,1.0,1.0,1.0,1.0,1.0,3.0,1.0,1.0
18183,1.0,1.0,1.0,3.0,1.0,1.0,1.0,1.0,1.0,5.0,2.0,1.0
18184,1.0,1.0,1.0,3.0,1.0,1.0,1.0,1.0,1.0,3.0,1.0,1.0
18185,1.0,1.0,1.0,3.0,1.0,1.0,1.0,1.0,1.0,3.0,1.0,1.0
18186,1.0,1.0,1.0,3.0,1.0,1.0,1.0,1.0,1.0,3.0,1.0,1.0
18187,1.0,1.0,1.0,3.0,1.0,1.0,1.0,1.0,1.0,3.0,1.0,1.0
18188,1.0,1.0,1.0,3.0,1.0,1.0,1.0,1.0,1.0,3.0,1.0,1.0
18189,1.0,1.0,1.0,3.0,1.0,1.0,1.0,1.0,1.0,3.0,1.0,1.0
18190,1.0,1.0,1.0,3.0,1.0,1.0,1.0,1.0,1.0,3.0,1.0,1.0
18191,1.0,1.0,1.0,3.0,1.0,1.0,1.0,1.0,1.0,4.0,1.0,1.0
18192,1.0,1.0,1.0,3.0,1.0,1.0,1.0,1.0,1.0,3.0,1.0,1.0
18193,1.0,1.0,1.0,3.0,1.0,1.0,1.0,1.0,1.0,5.0,2.0,1.0
18194,1.0,1.0,1.0,3.0,1.0,1.0,1.0,1.0,1.0,3.0,1.0,1.0
18195,1.0,1.0,1.0,3.0,1.0,1.0,1.0,1.0,1.0,5.0,2.0,1.0
18196,1.0,1.0,1.0,3.0,1.0,1.0,1.0,1.0,1.0,3.0,1.0,1.0
18197,1.0,1.0,1.0,3.0,1.0,1.0,1.0,1.0,1.0,3.0,1.0,1.0
18198,1.0,1.0,1.0,3.0,1.0,1.0,1.0,1.0,1.0,5.0,2.0,1.0
18199,1.0,1.0,1.0,3.0,1.0,1.0,1.0,1.0,1.0,3.0,1.0,1.0
18200,1.0,1.0,1.0,3.0,1.0,1.0,1.0,1.0,1.0,3.0,1.0,1.0
18201,1.0,1.0,1.0,3.0,1.0,1.0,1.0,1.0,1.0,3.0,1.0,1.0
18202,1.0,1.0,1.0,3.0,1.0,1.0,1.0,1.0,1.0,3.0,1.0,1.0
18203,1.0,1.0,1.0,3.0,1.0,1.0,1.0,1.0,1.0,3.0,1.0,1.0
18204,1.0,1.0,1.0,3.0,1.0,1.0,1.0,1.0,1.0,4.0,1.0,1.0
18205,1.0,1.0,1.0,3.0,1.0,1.0,1.0,1.0,1.0,5.0,2.0,1.0
18206,1.0,1.0,1.0,3.0,1.0,1.0,1.0,1.0,1.0,3.0,1.0,1.0
18207,1.0,1.0,1.0,3.0,1.0,1.0,1.0,1.0,1.0,3.0,1.0,1.0
18208,1.0,1.0,1.0,3.0,1.0,1.0,1.0,1.0,1.0,3.0,1.0,1.0
18209,1.0,1.0,1.0,3.0,1.0,1.0,1.0,1.0,1.0,5.0,2.0,1.0
18210,1.0,1.0,1.0,3.0,1.0,1.0,1.0,1.0,1.0,4.0,1.0,1.0
18211,1.0,1.0,1.0,3.0,1.0,1.0,1.0,1.0,1.0,4.0,1.0,1.0
18212,1.0,1.0,1.0,3.0,1.0,1.0,1.0,1.0,1.0,4.0,1.0,1.0
18213,1.0,1.0,1.0,3.0,1.0,1.0,1.0,1.0,1.0,3.0,1.0,1.0
18214,1.0,1.0,1.0,3.0,1.0,1.0,1.0,1.0,1.0,5.0,2.0,1.0
18215,1.0,1.0,1.0,3.0,1.0,1.0,1.0,1.0,1.0,3.0,1.0,1.0
18216,1.0,1.0,1.0,3.0,1.0,1.0,1.0,1.0,1.0,5.0,2.0,1.0
18217,1.0,1.0,1.0,3.0,1.0,1.0,1.0,1.0,1.0,3.0,1.0,1.0
18218,1.0,1.0,1.0,3.0,1.0,1.0,1.0,1.0,1.0,3.0,1.0,1.0
18219,1.0,1.0,1.0,3.0,1.0,1.0,1.0,1.0,1.0,3.0,1.0,1.0
18220,1.0,1.0,1.0,3.0,1.0,1.0,1.0,1.0,1.0,3.0,1.0,1.0
18221,1.0,1.0,1.0,3.0,1.0,1.0,1.0,1.0,1.0,3.0,1.0,1.0
18222,1.0,1.0,1.0,3.0,1.0,1.0,1.0,1.0,1.0,3.0,1.0,1.0
18223,1.0,1.0,1.0,3.0,1.0,1.0,1.0,1.0,1.0,4.0,1.0,1.0
18224,1.0,1.0,1.0,3.0,1.0,1.0,1.0,1.0,1.0,5.0,2.0,1.0
18225,1.0,1.0,1.0,3.0,1.0,1.0,1.0,1.0,1.0,4.0,1.0,1.0
18226,1.0,1.0,1.0,3.0,1.0,1.0,1.0,1.0,1.0,3.0,1.0,1.0
18227,1.0,1.0,1.0,3.0,1.0,1.0,1.0,1.0,1.0,3.0,1.0,1.0
18228,1.0,1.0,1.0,3.0,1.0,1.0,1.0,1.0,1.0,5.0,2.0,1.0
18229,1.0,1.0,1.0,3.0,1.0,1.0,1.0,1.0,1.0,5.0,2.0,1.0
18230,1.0,1.0,1.0,3.0,1.0,1.0,1.0,1.0,1.0,3.0,1.0,1.0
18231,1.0,1.0,1.0,3.0,1.0,1.0,1.0,1.0,1.0,5.0,2.0,1.0
18232,1.0,1.0,1.0,3.0,1.0,1.0,1.0,1.0,1.0,3.0,1.0,1.0
18233,1.0,1.0,1.0,3.0,1.0,1.0,1.0,1.0,1.0,4.0,1.0,1.0
18234,1.0,1.0,1.0,3.0,1.0,1.0,1.0,1.0,1.0,3.0,1.0,1.0
18235,1.0,1.0,1.0,3.0,1.0,1.0,1.0,1.0,1.0,4.0,1.0,1.0
18236,1.0,1.0,1.0,3.0,1.0,1.0,1.0,1.0,1.0,3.0,1.0,1.0
18237,1.0,1.0,1.0,3.0,1.0,1.0,1.0,1.0,1.0,4.0,1.0,1.0
18238,1.0,1.0,1.0,3.0,1.0,1.0,1.0,1.0,1.0,5.0,2.0,1.0
18239,1.0,1.0,1.0,3.0,1.0,1.0,1.0,1.0,1.0,3.0,1.0,1.0
18240,1.0,1.0,1.0,3.0,1.0,1.0,1.0,1.0,1.0,4.0,1.0,1.0
18241,1.0,1.0,1.0,3.0,1.0,1.0,1.0,1.0,1.0,4.0,1.0,1.0
18242,1.0,1.0,1.0,3.0,1.0,1.0,1.0,1.0,1.0,4.0,1.0,1.0
18243,1.0,1.0,1.0,3.0,1.0,1.0,1.0,1.0,1.0,3.0,1.0,1.0
18244,1.0,1.0,1.0,3.0,1.0,1.0,1.0,1.0,1.0,5.0,2.0,1.0
18245,1.0,1.0,1.0,3.0,1.0,1.0,1.0,1.0,1.0,3.0,1.0,1.0
18246,1.0,1.0,1.0,3.0,1.0,1.0,1.0,1.0,1.0,3.0,1.0,1.0
18247,1.0,1.0,1.0,3.0,1.0,1.0,1.0,1.0,1.0,3.0,1.0,1.0
18248,1.0,1.0,1.0,3.0,1.0,1.0,1.0,1.0,1.0,5.0,2.0,1.0
18249,1.0,1.0,1.0,3.0,1.0,1.0,1.0,1.0,1.0,3.0,1.0,1.0
18250,1.0,1.0,1.0,3.0,1.0,1.0,1.0,1.0,1.0,3.0,1.0,1.0
18251,1.0,1.0,1.0,3.0,1.0,1.0,1.0,1.0,1.0,3.0,1.0,1.0
18252,1.0,1.0,1.0,3.0,1.0,1.0,1.0,1.0,1.0,3.0,1.0,1.0
18253,1.0,1.0,1.0,3.0,1.0,1.0,1.0,1.0,1.0,3.0,1.0,1.0
18254,1.0,1.0,1.0,3.0,1.0,1.0,1.0,1.0,1.0,3.0,1.0,1.0
18255,1.0,1.0,1.0,3.0,1.0,1.0,1.0,1.0,1.0,3.0,1.0,1.0
18256,1.0,1.0,1.0,3.0,1.0,1.0,1.0,1.0,1.0,3.0,1.0,1.0
18257,1.0,1.0,1.0,3.0,1.0,1.0,1.0,1.0,1.0,3.0,1.0,1.0
18258,1.0,1.0,1.0,3.0,1.0,1.0,1.0,1.0,1.0,3.0,1.0,1.0
18259,1.0,1.0,1.0,3.0,1.0,1.0,1.0,1.0,1.0,4.0,1.0,1.0
18260,1.0,1.0,1.0,3.0,1.0,1.0,1.0,1.0,1.0,3.0,1.0,1.0
18261,1.0,1.0,1.0,3.0,1.0,1.0,1.0,1.0,1.0,5.0,2.0,1.0
18262,1.0,1.0,1.0,3.0,1.0,1.0,1.0,1.0,1.0,5.0,2.0,1.0
18263,1.0,1.0,1.0,3.0,1.0,1.0,1.0,1.0,1.0,3.0,1.0,1.0
18264,1.0,1.0,1.0,3.0,1.0,1.0,1.0,1.0,1.0,5.0,2.0,1.0
18265,1.0,1.0,1.0,3.0,1.0,1.0,1.0,1.0,1.0,3.0,1.0,1.0
18266,1.0,1.0,1.0,3.0,1.0,1.0,1.0,1.0,1.0,4.0,1.0,1.0
18267,1.0,1.0,1.0,3.0,1.0,1.0,1.0,1.0,1.0,3.0,1.0,1.0
18268,1.0,1.0,1.0,3.0,1.0,1.0,1.0,1.0,1.0,3.0,1.0,1.0
18269,1.0,1.0,1.0,3.0,1.0,1.0,1.0,1.0,1.0,3.0,1.0,1.0
18270,1.0,1.0,1.0,3.0,1.0,1.0,1.0,1.0,1.0,3.0,1.0,1.0
18271,1.0,1.0,1.0,3.0,1.0,1.0,1.0,1.0,1.0,3.0,1.0,1.0
18272,1.0,1.0,1.0,3.0,1.0,1.0,1.0,1.0,1.0,3.0,1.0,1.0
18273,1.0,1.0,1.0,3.0,1.0,1.0,1.0,1.0,1.0,3.0,1.0,1.0
18274,1.0,1.0,1.0,3.0,1.0,1.0,1.0,1.0,1.0,3.0,1.0,1.0
18275,1.0,1.0,1.0,3.0,1.0,1.0,1.0,1.0,1.0,3.0,1.0,1.0
18276,1.0,1.0,1.0,3.0,1.0,1.0,1.0,1.0,1.0,5.0,2.0,1.0
18277,1.0,1.0,1.0,3.0,1.0,1.0,1.0,1.0,1.0,3.0,1.0,1.0
18278,1.0,1.0,1.0,3.0,1.0,1.0,1.0,1.0,1.0,3.0,1.0,1.0
18279,1.0,1.0,1.0,3.0,1.0,1.0,1.0,1.0,1.0,3.0,1.0,1.0
18280,1.0,1.0,1.0,3.0,1.0,1.0,1.0,1.0,1.0,5.0,2.0,1.0
18281,1.0,1.0,1.0,3.0,1.0,1.0,1.0,1.0,1.0,5.0,2.0,1.0
18282,1.0,1.0,1.0,3.0,1.0,1.0,1.0,1.0,1.0,3.0,1.0,1.0
18283,1.0,1.0,1.0,3.0,1.0,1.0,1.0,1.0,1.0,4.0,1.0,1.0
18284,1.0,1.0,1.0,3.0,1.0,1.0,1.0,1.0,1.0,3.0,1.0,1.0
18285,1.0,1.0,1.0,3.0,1.0,1.0,1.0,1.0,1.0,3.0,1.0,1.0
18286,1.0,1.0,1.0,3.0,1.0,1.0,1.0,1.0,1.0,3.0,1.0,1.0
18287,1.0,1.0,1.0,3.0,1.0,1.0,1.0,1.0,1.0,3.0,1.0,1.0
18288,1.0,1.0,1.0,3.0,1.0,1.0,1.0,1.0,1.0,3.0,1.0,1.0
18289,1.0,1.0,1.0,3.0,1.0,1.0,1.0,1.0,1.0,4.0,1.0,1.0
18290,1.0,1.0,1.0,3.0,1.0,1.0,1.0,1.0,1.0,3.0,1.0,1.0
18291,1.0,1.0,1.0,3.0,1.0,1.0,1.0,1.0,1.0,3.0,1.0,1.0
18292,1.0,1.0,1.0,3.0,1.0,1.0,1.0,1.0,1.0,5.0,2.0,1.0
18293,1.0,1.0,1.0,3.0,1.0,1.0,1.0,1.0,1.0,3.0,1.0,1.0
18294,1.0,1.0,1.0,3.0,1.0,1.0,1.0,1.0,1.0,3.0,1.0,1.0
18295,1.0,1.0,1.0,3.0,1.0,1.0,1.0,1.0,1.0,4.0,1.0,1.0
18296,1.0,1.0,1.0,3.0,1.0,1.0,1.0,1.0,1.0,3.0,1.0,1.0
18297,1.0,1.0,1.0,3.0,1.0,1.0,1.0,1.0,1.0,4.0,1.0,1.0
18298,1.0,1.0,1.0,3.0,1.0,1.0,1.0,1.0,1.0,4.0,1.0,1.0
18299,1.0,1.0,1.0,3.0,1.0,1.0,1.0,1.0,1.0,3.0,1.0,1.0
18300,1.0,1.0,1.0,3.0,1.0,1.0,1.0,1.0,1.0,3.0,1.0,1.0
18301,1.0,1.0,1.0,3.0,1.0,1.0,1.0,1.0,1.0,3.0,1.0,1.0
18302,1.0,1.0,1.0,3.0,1.0,1.0,1.0,1.0,1.0,5.0,2.0,1.0
18303,1.0,1.0,1.0,3.0,1.0,1.0,1.0,1.0,1.0,5.0,2.0,1.0
18304,1.0,1.0,1.0,3.0,1.0,1.0,1.0,1.0,1.0,5.0,2.0,1.0
18305,1.0,1.0,1.0,3.0,1.0,1.0,1.0,1.0,1.0,3.0,1.0,1.0
18306,1.0,1.0,1.0,3.0,1.0,1.0,1.0,1.0,1.0,5.0,2.0,1.0
18307,1.0,1.0,1.0,3.0,1.0,1.0,1.0,1.0,1.0,3.0,1.0,1.0
18308,1.0,1.0,1.0,3.0,1.0,1.0,1.0,1.0,1.0,5.0,2.0,1.0
18309,1.0,1.0,1.0,3.0,1.0,1.0,1.0,1.0,1.0,3.0,1.0,1.0
18310,1.0,1.0,1.0,3.0,1.0,1.0,1.0,1.0,1.0,3.0,1.0,1.0
18311,1.0,1.0,1.0,3.0,1.0,1.0,1.0,1.0,1.0,5.0,2.0,1.0
18312,1.0,1.0,1.0,3.0,1.0,1.0,1.0,1.0,1.0,5.0,2.0,1.0
18313,1.0,1.0,1.0,3.0,1.0,1.0,1.0,1.0,1.0,3.0,1.0,1.0
18314,1.0,1.0,1.0,3.0,1.0,1.0,1.0,1.0,1.0,3.0,1.0,1.0
18315,1.0,1.0,1.0,3.0,1.0,1.0,1.0,1.0,1.0,3.0,1.0,1.0
18316,1.0,1.0,1.0,3.0,1.0,1.0,1.0,1.0,1.0,5.0,2.0,1.0
18317,1.0,1.0,1.0,3.0,1.0,1.0,1.0,1.0,1.0,3.0,1.0,1.0
18318,1.0,1.0,1.0,3.0,1.0,1.0,1.0,1.0,1.0,3.0,1.0,1.0
18319,1.0,1.0,1.0,3.0,1.0,1.0,1.0,1.0,1.0,3.0,1.0,1.0
18320,1.0,1.0,1.0,3.0,1.0,1.0,1.0,1.0,1.0,4.0,1.0,1.0
18321,1.0,1.0,1.0,3.0,1.0,1.0,1.0,1.0,1.0,5.0,2.0,1.0
18322,1.0,1.0,1.0,3.0,1.0,1.0,1.0,1.0,1.0,3.0,1.0,1.0
18323,1.0,1.0,1.0,3.0,1.0,1.0,1.0,1.0,1.0,3.0,1.0,1.0
18324,1.0,1.0,1.0,3.0,1.0,1.0,1.0,1.0,1.0,3.0,1.0,1.0
18325,1.0,1.0,1.0,3.0,1.0,1.0,1.0,1.0,1.0,3.0,1.0,1.0
18326,1.0,1.0,1.0,3.0,1.0,1.0,1.0,1.0,1.0,5.0,2.0,1.0
18327,1.0,1.0,1.0,3.0,1.0,1.0,1.0,1.0,1.0,3.0,1.0,1.0
18328,1.0,1.0,1.0,3.0,1.0,1.0,1.0,1.0,1.0,4.0,1.0,1.0
18329,1.0,1.0,1.0,3.0,1.0,1.0,1.0,1.0,1.0,4.0,1.0,1.0
18330,1.0,1.0,1.0,3.0,1.0,1.0,1.0,1.0,1.0,4.0,1.0,1.0
18331,1.0,1.0,1.0,3.0,1.0,1.0,1.0,1.0,1.0,5.0,2.0,1.0
18332,1.0,1.0,1.0,3.0,1.0,1.0,1.0,1.0,1.0,3.0,1.0,1.0
18333,1.0,1.0,1.0,3.0,1.0,1.0,1.0,1.0,1.0,4.0,1.0,1.0
18334,1.0,1.0,1.0,3.0,1.0,1.0,1.0,1.0,1.0,5.0,2.0,1.0
18335,1.0,1.0,1.0,3.0,1.0,1.0,1.0,1.0,1.0,4.0,1.0,1.0
18336,1.0,1.0,1.0,3.0,1.0,1.0,1.0,1.0,1.0,3.0,1.0,1.0
18337,1.0,1.0,1.0,3.0,1.0,1.0,1.0,1.0,1.0,3.0,1.0,1.0
18338,1.0,1.0,1.0,3.0,1.0,1.0,1.0,1.0,1.0,5.0,2.0,1.0
18339,1.0,1.0,1.0,3.0,1.0,1.0,1.0,1.0,1.0,3.0,1.0,1.0
18340,1.0,1.0,1.0,3.0,1.0,1.0,1.0,1.0,1.0,5.0,2.0,1.0
18341,1.0,1.0,1.0,3.0,1.0,1.0,1.0,1.0,1.0,3.0,1.0,1.0
18342,1.0,1.0,1.0,3.0,1.0,1.0,1.0,1.0,1.0,4.0,1.0,1.0
18343,1.0,1.0,1.0,3.0,1.0,1.0,1.0,1.0,1.0,3.0,1.0,1.0
18344,1.0,1.0,1.0,3.0,1.0,1.0,1.0,1.0,1.0,4.0,1.0,1.0
18345,1.0,1.0,1.0,3.0,1.0,1.0,1.0,1.0,1.0,3.0,1.0,1.0
18346,1.0,1.0,1.0,3.0,1.0,1.0,1.0,1.0,1.0,5.0,2.0,1.0
18347,1.0,1.0,1.0,3.0,1.0,1.0,1.0,1.0,1.0,5.0,2.0,1.0
18348,1.0,1.0,1.0,3.0,1.0,1.0,1.0,1.0,1.0,5.0,2.0,1.0
18349,1.0,1.0,1.0,3.0,1.0,1.0,1.0,1.0,1.0,3.0,1.0,1.0
18350,1.0,1.0,1.0,3.0,1.0,1.0,1.0,1.0,1.0,5.0,2.0,1.0
18351,1.0,1.0,1.0,3.0,1.0,1.0,1.0,1.0,1.0,5.0,2.0,1.0
18352,1.0,1.0,1.0,3.0,1.0,1.0,1.0,1.0,1.0,4.0,1.0,1.0
18353,1.0,1.0,1.0,3.0,1.0,1.0,1.0,1.0,1.0,5.0,2.0,1.0
18354,1.0,1.0,1.0,3.0,1.0,1.0,1.0,1.0,1.0,3.0,1.0,1.0
18355,1.0,1.0,1.0,3.0,1.0,1.0,1.0,1.0,1.0,4.0,1.0,1.0
18356,1.0,1.0,1.0,3.0,1.0,1.0,1.0,1.0,1.0,3.0,1.0,1.0
18357,1.0,1.0,1.0,3.0,1.0,1.0,1.0,1.0,1.0,5.0,2.0,1.0
18358,1.0,1.0,1.0,3.0,1.0,1.0,1.0,1.0,1.0,4.0,1.0,1.0
18359,1.0,1.0,1.0,3.0,1.0,1.0,1.0,1.0,1.0,3.0,1.0,1.0
18360,1.0,1.0,1.0,3.0,1.0,1.0,1.0,1.0,1.0,5.0,2.0,1.0
18361,1.0,1.0,1.0,3.0,1.0,1.0,1.0,1.0,1.0,3.0,1.0,1.0
18362,1.0,1.0,1.0,3.0,1.0,1.0,1.0,1.0,1.0,3.0,1.0,1.0
18363,1.0,1.0,1.0,3.0,1.0,1.0,1.0,1.0,1.0,4.0,1.0,1.0
18364,1.0,1.0,1.0,3.0,1.0,1.0,1.0,1.0,1.0,4.0,1.0,1.0
18365,1.0,1.0,1.0,3.0,1.0,1.0,1.0,1.0,1.0,3.0,1.0,1.0
18366,1.0,1.0,1.0,3.0,1.0,1.0,1.0,1.0,1.0,3.0,1.0,1.0
18367,1.0,1.0,1.0,3.0,1.0,1.0,1.0,1.0,1.0,4.0,1.0,1.0
18368,1.0,1.0,1.0,3.0,1.0,1.0,1.0,1.0,1.0,3.0,1.0,1.0
18369,1.0,1.0,1.0,3.0,1.0,1.0,1.0,1.0,1.0,3.0,1.0,1.0
18370,1.0,1.0,1.0,3.0,1.0,1.0,1.0,1.0,1.0,5.0,2.0,1.0
18371,1.0,1.0,1.0,3.0,1.0,1.0,1.0,1.0,1.0,3.0,1.0,1.0
18372,1.0,1.0,1.0,3.0,1.0,1.0,1.0,1.0,1.0,3.0,1.0,1.0
18373,1.0,1.0,1.0,3.0,1.0,1.0,1.0,1.0,1.0,3.0,1.0,1.0
18374,1.0,1.0,1.0,3.0,1.0,1.0,1.0,1.0,1.0,3.0,1.0,1.0
18375,1.0,1.0,1.0,3.0,1.0,1.0,1.0,1.0,1.0,4.0,1.0,1.0
18376,1.0,1.0,1.0,3.0,1.0,1.0,1.0,1.0,1.0,3.0,1.0,1.0
18377,1.0,1.0,1.0,3.0,1.0,1.0,1.0,1.0,1.0,5.0,2.0,1.0
18378,1.0,1.0,1.0,3.0,1.0,1.0,1.0,1.0,1.0,4.0,1.0,1.0
18379,1.0,1.0,1.0,3.0,1.0,1.0,1.0,1.0,1.0,3.0,1.0,1.0
18380,1.0,1.0,1.0,3.0,1.0,1.0,1.0,1.0,1.0,4.0,1.0,1.0
18381,1.0,1.0,1.0,3.0,1.0,1.0,1.0,1.0,1.0,3.0,1.0,1.0
18382,1.0,1.0,1.0,3.0,1.0,1.0,1.0,1.0,1.0,3.0,1.0,1.0
18383,1.0,1.0,1.0,3.0,1.0,1.0,1.0,1.0,1.0,3.0,1.0,1.0
18384,1.0,1.0,1.0,3.0,1.0,1.0,1.0,1.0,1.0,4.0,1.0,1.0
18385,1.0,1.0,1.0,3.0,1.0,1.0,1.0,1.0,1.0,3.0,1.0,1.0
18386,1.0,1.0,1.0,3.0,1.0,1.0,1.0,1.0,1.0,3.0,1.0,1.0
18387,1.0,1.0,1.0,3.0,1.0,1.0,1.0,1.0,1.0,3.0,1.0,1.0
18388,1.0,1.0,1.0,3.0,1.0,1.0,1.0,1.0,1.0,3.0,1.0,1.0
18389,1.0,1.0,1.0,3.0,1.0,1.0,1.0,1.0,1.0,3.0,1.0,1.0
18390,1.0,1.0,1.0,3.0,1.0,1.0,1.0,1.0,1.0,4.0,1.0,1.0
18391,1.0,1.0,1.0,3.0,1.0,1.0,1.0,1.0,1.0,3.0,1.0,1.0
18392,1.0,1.0,1.0,3.0,1.0,1.0,1.0,1.0,1.0,5.0,2.0,1.0
18393,1.0,1.0,1.0,3.0,1.0,1.0,1.0,1.0,1.0,3.0,1.0,1.0
18394,1.0,1.0,1.0,3.0,1.0,1.0,1.0,1.0,1.0,5.0,2.0,1.0
18395,1.0,1.0,1.0,3.0,1.0,1.0,1.0,1.0,1.0,4.0,1.0,1.0
18396,1.0,1.0,1.0,3.0,1.0,1.0,1.0,1.0,1.0,3.0,1.0,1.0
18397,1.0,1.0,1.0,3.0,1.0,1.0,1.0,1.0,1.0,5.0,2.0,1.0
18398,1.0,1.0,1.0,3.0,1.0,1.0,1.0,1.0,1.0,5.0,2.0,1.0
18399,1.0,1.0,1.0,3.0,1.0,1.0,1.0,1.0,1.0,5.0,2.0,1.0
18400,1.0,1.0,1.0,3.0,1.0,1.0,1.0,1.0,1.0,3.0,1.0,1.0
18401,1.0,1.0,1.0,3.0,1.0,1.0,1.0,1.0,1.0,5.0,2.0,1.0
18402,1.0,1.0,1.0,3.0,1.0,1.0,1.0,1.0,1.0,5.0,2.0,1.0
18403,1.0,1.0,1.0,3.0,1.0,1.0,1.0,1.0,1.0,5.0,2.0,1.0
18404,1.0,1.0,1.0,3.0,1.0,1.0,1.0,1.0,1.0,5.0,2.0,1.0
18405,1.0,1.0,1.0,3.0,1.0,1.0,1.0,1.0,1.0,4.0,1.0,1.0
18406,1.0,1.0,1.0,3.0,1.0,1.0,1.0,1.0,1.0,3.0,1.0,1.0
18407,1.0,1.0,1.0,3.0,1.0,1.0,1.0,1.0,1.0,4.0,1.0,1.0
18408,1.0,1.0,1.0,3.0,1.0,1.0,1.0,1.0,1.0,3.0,1.0,1.0
18409,1.0,1.0,1.0,3.0,1.0,1.0,1.0,1.0,1.0,5.0,2.0,1.0
18410,1.0,1.0,1.0,3.0,1.0,1.0,1.0,1.0,1.0,4.0,1.0,1.0
18411,1.0,1.0,1.0,3.0,1.0,1.0,1.0,1.0,1.0,3.0,1.0,1.0
18412,1.0,1.0,1.0,3.0,1.0,1.0,1.0,1.0,1.0,5.0,2.0,1.0
18413,1.0,1.0,1.0,3.0,1.0,1.0,1.0,1.0,1.0,5.0,2.0,1.0
18414,1.0,1.0,1.0,3.0,1.0,1.0,1.0,1.0,1.0,4.0,1.0,1.0
18415,1.0,1.0,1.0,3.0,1.0,1.0,1.0,1.0,1.0,3.0,1.0,1.0
18416,1.0,1.0,1.0,3.0,1.0,1.0,1.0,1.0,1.0,3.0,1.0,1.0
18417,1.0,1.0,1.0,3.0,1.0,1.0,1.0,1.0,1.0,4.0,1.0,1.0
18418,1.0,1.0,1.0,3.0,1.0,1.0,1.0,1.0,1.0,5.0,2.0,1.0
18419,1.0,1.0,1.0,3.0,1.0,1.0,1.0,1.0,1.0,3.0,1.0,1.0
18420,1.0,1.0,1.0,3.0,1.0,1.0,1.0,1.0,1.0,4.0,1.0,1.0
18421,1.0,1.0,1.0,3.0,1.0,1.0,1.0,1.0,1.0,3.0,1.0,1.0
18422,1.0,1.0,1.0,3.0,1.0,1.0,1.0,1.0,1.0,3.0,1.0,1.0
18423,1.0,1.0,1.0,3.0,1.0,1.0,1.0,1.0,1.0,5.0,2.0,1.0
18424,1.0,1.0,1.0,3.0,1.0,1.0,1.0,1.0,1.0,3.0,1.0,1.0
18425,1.0,1.0,1.0,3.0,1.0,1.0,1.0,1.0,1.0,3.0,1.0,1.0
18426,1.0,1.0,1.0,3.0,1.0,1.0,1.0,1.0,1.0,4.0,1.0,1.0
18427,1.0,1.0,1.0,3.0,1.0,1.0,1.0,1.0,1.0,4.0,1.0,1.0
18428,1.0,1.0,1.0,3.0,1.0,1.0,1.0,1.0,1.0,5.0,2.0,1.0
18429,1.0,1.0,1.0,3.0,1.0,1.0,1.0,1.0,1.0,3.0,1.0,1.0
18430,1.0,1.0,1.0,3.0,1.0,1.0,1.0,1.0,1.0,3.0,1.0,1.0
18431,1.0,1.0,1.0,3.0,1.0,1.0,1.0,1.0,1.0,3.0,1.0,1.0
18432,1.0,1.0,1.0,3.0,1.0,1.0,1.0,1.0,1.0,3.0,1.0,1.0
18433,1.0,1.0,1.0,3.0,1.0,1.0,1.0,1.0,1.0,3.0,1.0,1.0
18434,1.0,1.0,1.0,3.0,1.0,1.0,1.0,1.0,1.0,3.0,1.0,1.0
18435,1.0,1.0,1.0,3.0,1.0,1.0,1.0,1.0,1.0,4.0,1.0,1.0
18436,1.0,1.0,1.0,3.0,1.0,1.0,1.0,1.0,1.0,3.0,1.0,1.0
18437,1.0,1.0,1.0,3.0,1.0,1.0,1.0,1.0,1.0,3.0,1.0,1.0
18438,1.0,1.0,1.0,3.0,1.0,1.0,1.0,1.0,1.0,5.0,2.0,1.0
18439,1.0,1.0,1.0,3.0,1.0,1.0,1.0,1.0,1.0,5.0,2.0,1.0
18440,1.0,1.0,1.0,3.0,1.0,1.0,1.0,1.0,1.0,5.0,2.0,1.0
18441,1.0,1.0,1.0,3.0,1.0,1.0,1.0,1.0,1.0,4.0,1.0,1.0
18442,1.0,1.0,1.0,3.0,1.0,1.0,1.0,1.0,1.0,5.0,2.0,1.0
18443,1.0,1.0,1.0,3.0,1.0,1.0,1.0,1.0,1.0,5.0,2.0,1.0
18444,1.0,1.0,1.0,3.0,1.0,1.0,1.0,1.0,1.0,5.0,2.0,1.0
18445,1.0,1.0,1.0,3.0,1.0,1.0,1.0,1.0,1.0,3.0,1.0,1.0
18446,1.0,1.0,1.0,3.0,1.0,1.0,1.0,1.0,1.0,5.0,2.0,1.0
18447,1.0,1.0,1.0,3.0,1.0,1.0,1.0,1.0,1.0,4.0,1.0,1.0
18448,1.0,1.0,1.0,3.0,1.0,1.0,1.0,1.0,1.0,4.0,1.0,1.0
18449,1.0,1.0,1.0,3.0,1.0,1.0,1.0,1.0,1.0,5.0,2.0,1.0
18450,1.0,1.0,1.0,3.0,1.0,1.0,1.0,1.0,1.0,5.0,2.0,1.0
18451,1.0,1.0,1.0,3.0,1.0,1.0,1.0,1.0,1.0,5.0,2.0,1.0
18452,1.0,1.0,1.0,3.0,1.0,1.0,1.0,1.0,1.0,3.0,1.0,1.0
18453,1.0,1.0,1.0,3.0,1.0,1.0,1.0,1.0,1.0,3.0,1.0,1.0
18454,1.0,1.0,1.0,3.0,1.0,1.0,1.0,1.0,1.0,3.0,1.0,1.0
18455,1.0,1.0,1.0,3.0,1.0,1.0,1.0,1.0,1.0,5.0,2.0,1.0
18456,1.0,1.0,1.0,3.0,1.0,1.0,1.0,1.0,1.0,5.0,2.0,1.0
18457,1.0,1.0,1.0,3.0,1.0,1.0,1.0,1.0,1.0,5.0,2.0,1.0
18458,1.0,1.0,1.0,3.0,1.0,1.0,1.0,1.0,1.0,3.0,1.0,1.0
18459,1.0,1.0,1.0,3.0,1.0,1.0,1.0,1.0,1.0,4.0,1.0,1.0
18460,1.0,1.0,1.0,3.0,1.0,1.0,1.0,1.0,1.0,5.0,2.0,1.0
18461,1.0,1.0,1.0,3.0,1.0,1.0,1.0,1.0,1.0,3.0,1.0,1.0
18462,1.0,1.0,1.0,3.0,1.0,1.0,1.0,1.0,1.0,5.0,2.0,1.0
18463,1.0,1.0,1.0,3.0,1.0,1.0,1.0,1.0,1.0,4.0,1.0,1.0
18464,1.0,1.0,1.0,3.0,1.0,1.0,1.0,1.0,1.0,3.0,1.0,1.0
18465,1.0,1.0,1.0,3.0,1.0,1.0,1.0,1.0,1.0,4.0,1.0,1.0
18466,1.0,1.0,1.0,3.0,1.0,1.0,1.0,1.0,1.0,5.0,2.0,1.0
18467,1.0,1.0,1.0,3.0,1.0,1.0,1.0,1.0,1.0,4.0,1.0,1.0
18468,1.0,1.0,1.0,3.0,1.0,1.0,1.0,1.0,1.0,4.0,1.0,1.0
18469,1.0,1.0,1.0,3.0,1.0,1.0,1.0,1.0,1.0,3.0,1.0,1.0
18470,1.0,1.0,1.0,3.0,1.0,1.0,1.0,1.0,1.0,3.0,1.0,1.0
18471,1.0,1.0,1.0,3.0,1.0,1.0,1.0,1.0,1.0,4.0,1.0,1.0
18472,1.0,1.0,1.0,3.0,1.0,1.0,1.0,1.0,1.0,4.0,1.0,1.0
18473,1.0,1.0,1.0,3.0,1.0,1.0,1.0,1.0,1.0,5.0,2.0,1.0
18474,1.0,1.0,1.0,3.0,1.0,1.0,1.0,1.0,1.0,3.0,1.0,1.0
18475,1.0,1.0,1.0,3.0,1.0,1.0,1.0,1.0,1.0,3.0,1.0,1.0
18476,1.0,1.0,1.0,3.0,1.0,1.0,1.0,1.0,1.0,3.0,1.0,1.0
18477,1.0,1.0,1.0,3.0,1.0,1.0,1.0,1.0,1.0,5.0,2.0,1.0
18478,1.0,1.0,1.0,3.0,1.0,1.0,1.0,1.0,1.0,5.0,2.0,1.0
18479,1.0,1.0,1.0,3.0,1.0,1.0,1.0,1.0,1.0,3.0,1.0,1.0
18480,1.0,1.0,1.0,3.0,1.0,1.0,1.0,1.0,1.0,4.0,1.0,1.0
18481,1.0,1.0,1.0,3.0,1.0,1.0,1.0,1.0,1.0,3.0,1.0,1.0
18482,1.0,1.0,1.0,3.0,1.0,1.0,1.0,1.0,1.0,4.0,1.0,1.0
18483,1.0,1.0,1.0,3.0,1.0,1.0,1.0,1.0,1.0,4.0,1.0,1.0
18484,1.0,1.0,1.0,3.0,1.0,1.0,1.0,1.0,1.0,5.0,2.0,1.0
18485,1.0,1.0,1.0,3.0,1.0,1.0,1.0,1.0,1.0,4.0,1.0,1.0
18486,1.0,1.0,1.0,3.0,1.0,1.0,1.0,1.0,1.0,5.0,2.0,1.0
18487,1.0,1.0,1.0,3.0,1.0,1.0,1.0,1.0,1.0,3.0,1.0,1.0
18488,1.0,1.0,1.0,3.0,1.0,1.0,1.0,1.0,1.0,3.0,1.0,1.0
18489,1.0,1.0,1.0,3.0,1.0,1.0,1.0,1.0,1.0,3.0,1.0,1.0
18490,1.0,1.0,1.0,3.0,1.0,1.0,1.0,1.0,1.0,3.0,1.0,1.0
18491,1.0,1.0,1.0,3.0,1.0,1.0,1.0,1.0,1.0,5.0,2.0,1.0
18492,1.0,1.0,1.0,3.0,1.0,1.0,1.0,1.0,1.0,3.0,1.0,1.0
18493,1.0,1.0,1.0,3.0,1.0,1.0,1.0,1.0,1.0,3.0,1.0,1.0
18494,1.0,1.0,1.0,3.0,1.0,1.0,1.0,1.0,1.0,3.0,1.0,1.0
18495,1.0,1.0,1.0,3.0,1.0,1.0,1.0,1.0,1.0,5.0,2.0,1.0
18496,1.0,1.0,1.0,3.0,1.0,1.0,1.0,1.0,1.0,3.0,1.0,1.0
18497,1.0,1.0,1.0,3.0,1.0,1.0,1.0,1.0,1.0,5.0,2.0,1.0
18498,1.0,1.0,1.0,3.0,1.0,1.0,1.0,1.0,1.0,5.0,2.0,1.0
18499,1.0,1.0,1.0,3.0,1.0,1.0,1.0,1.0,1.0,3.0,1.0,1.0
18500,1.0,1.0,1.0,3.0,1.0,1.0,1.0,1.0,1.0,3.0,1.0,1.0
18501,1.0,1.0,1.0,3.0,1.0,1.0,1.0,1.0,1.0,5.0,2.0,1.0
18502,1.0,1.0,1.0,3.0,1.0,1.0,1.0,1.0,1.0,5.0,2.0,1.0
18503,1.0,1.0,1.0,3.0,1.0,1.0,1.0,1.0,1.0,3.0,1.0,1.0
18504,1.0,1.0,1.0,3.0,1.0,1.0,1.0,1.0,1.0,3.0,1.0,1.0
18505,1.0,1.0,1.0,3.0,1.0,1.0,1.0,1.0,1.0,4.0,1.0,1.0
18506,1.0,1.0,1.0,3.0,1.0,1.0,1.0,1.0,1.0,3.0,1.0,1.0
18507,1.0,1.0,1.0,3.0,1.0,1.0,1.0,1.0,1.0,4.0,1.0,1.0
18508,1.0,1.0,1.0,3.0,1.0,1.0,1.0,1.0,1.0,5.0,2.0,1.0
18509,1.0,1.0,1.0,3.0,1.0,1.0,1.0,1.0,1.0,5.0,2.0,1.0
18510,1.0,1.0,1.0,3.0,1.0,1.0,1.0,1.0,1.0,3.0,1.0,1.0
18511,1.0,1.0,1.0,3.0,1.0,1.0,1.0,1.0,1.0,3.0,1.0,1.0
18512,1.0,1.0,1.0,3.0,1.0,1.0,1.0,1.0,1.0,3.0,1.0,1.0
18513,1.0,1.0,1.0,3.0,1.0,1.0,1.0,1.0,1.0,3.0,1.0,1.0
18514,1.0,1.0,1.0,3.0,1.0,1.0,1.0,1.0,1.0,5.0,2.0,1.0
18515,1.0,1.0,1.0,3.0,1.0,1.0,1.0,1.0,1.0,3.0,1.0,1.0
18516,1.0,1.0,1.0,3.0,1.0,1.0,1.0,1.0,1.0,3.0,1.0,1.0
18517,1.0,1.0,1.0,3.0,1.0,1.0,1.0,1.0,1.0,3.0,1.0,1.0
18518,1.0,1.0,1.0,3.0,1.0,1.0,1.0,1.0,1.0,3.0,1.0,1.0
18519,1.0,1.0,1.0,3.0,1.0,1.0,1.0,1.0,1.0,3.0,1.0,1.0
18520,1.0,1.0,1.0,3.0,1.0,1.0,1.0,1.0,1.0,4.0,1.0,1.0
18521,1.0,1.0,1.0,3.0,1.0,1.0,1.0,1.0,1.0,3.0,1.0,1.0
18522,1.0,1.0,1.0,3.0,1.0,1.0,1.0,1.0,1.0,4.0,1.0,1.0
18523,1.0,1.0,1.0,3.0,1.0,1.0,1.0,1.0,1.0,3.0,1.0,1.0
18524,1.0,1.0,1.0,3.0,1.0,1.0,1.0,1.0,1.0,3.0,1.0,1.0
18525,1.0,1.0,1.0,3.0,1.0,1.0,1.0,1.0,1.0,3.0,1.0,1.0
18526,1.0,1.0,1.0,3.0,1.0,1.0,1.0,1.0,1.0,4.0,1.0,1.0
18527,1.0,1.0,1.0,3.0,1.0,1.0,1.0,1.0,1.0,4.0,1.0,1.0
18528,1.0,1.0,1.0,3.0,1.0,1.0,1.0,1.0,1.0,5.0,2.0,1.0
18529,1.0,1.0,1.0,3.0,1.0,1.0,1.0,1.0,1.0,3.0,1.0,1.0
18530,1.0,1.0,1.0,3.0,1.0,1.0,1.0,1.0,1.0,4.0,1.0,1.0
18531,1.0,1.0,1.0,3.0,1.0,1.0,1.0,1.0,1.0,3.0,1.0,1.0
18532,1.0,1.0,1.0,3.0,1.0,1.0,1.0,1.0,1.0,3.0,1.0,1.0
18533,1.0,1.0,1.0,3.0,1.0,1.0,1.0,1.0,1.0,4.0,1.0,1.0
18534,1.0,1.0,1.0,3.0,1.0,1.0,1.0,1.0,1.0,4.0,1.0,1.0
18535,1.0,1.0,1.0,3.0,1.0,1.0,1.0,1.0,1.0,4.0,1.0,1.0
18536,1.0,1.0,1.0,3.0,1.0,1.0,1.0,1.0,1.0,5.0,2.0,1.0
18537,1.0,1.0,1.0,3.0,1.0,1.0,1.0,1.0,1.0,4.0,1.0,1.0
18538,1.0,1.0,1.0,3.0,1.0,1.0,1.0,1.0,1.0,4.0,1.0,1.0
18539,1.0,1.0,1.0,3.0,1.0,1.0,1.0,1.0,1.0,3.0,1.0,1.0
18540,1.0,1.0,1.0,3.0,1.0,1.0,1.0,1.0,1.0,3.0,1.0,1.0
18541,1.0,1.0,1.0,3.0,1.0,1.0,1.0,1.0,1.0,5.0,2.0,1.0
18542,1.0,1.0,1.0,3.0,1.0,1.0,1.0,1.0,1.0,5.0,2.0,1.0
18543,1.0,1.0,1.0,3.0,1.0,1.0,1.0,1.0,1.0,3.0,1.0,1.0
18544,1.0,1.0,1.0,3.0,1.0,1.0,1.0,1.0,1.0,3.0,1.0,1.0
18545,1.0,1.0,1.0,3.0,1.0,1.0,1.0,1.0,1.0,3.0,1.0,1.0
18546,1.0,1.0,1.0,3.0,1.0,1.0,1.0,1.0,1.0,5.0,2.0,1.0
18547,1.0,1.0,1.0,3.0,1.0,1.0,1.0,1.0,1.0,3.0,1.0,1.0
18548,1.0,1.0,1.0,3.0,1.0,1.0,1.0,1.0,1.0,3.0,1.0,1.0
18549,1.0,1.0,1.0,3.0,1.0,1.0,1.0,1.0,1.0,4.0,1.0,1.0
18550,1.0,1.0,1.0,3.0,1.0,1.0,1.0,1.0,1.0,4.0,1.0,1.0
18551,1.0,1.0,1.0,3.0,1.0,1.0,1.0,1.0,1.0,3.0,1.0,1.0
18552,1.0,1.0,1.0,3.0,1.0,1.0,1.0,1.0,1.0,5.0,2.0,1.0
18553,1.0,1.0,1.0,3.0,1.0,1.0,1.0,1.0,1.0,3.0,1.0,1.0
18554,1.0,1.0,1.0,3.0,1.0,1.0,1.0,1.0,1.0,3.0,1.0,1.0
18555,1.0,1.0,1.0,3.0,1.0,1.0,1.0,1.0,1.0,3.0,1.0,1.0
18556,1.0,1.0,1.0,3.0,1.0,1.0,1.0,1.0,1.0,5.0,2.0,1.0
18557,1.0,1.0,1.0,3.0,1.0,1.0,1.0,1.0,1.0,5.0,2.0,1.0
18558,1.0,1.0,1.0,3.0,1.0,1.0,1.0,1.0,1.0,3.0,1.0,1.0
18559,1.0,1.0,1.0,3.0,1.0,1.0,1.0,1.0,1.0,5.0,2.0,1.0
18560,1.0,1.0,1.0,3.0,1.0,1.0,1.0,1.0,1.0,5.0,2.0,1.0
18561,1.0,1.0,1.0,3.0,1.0,1.0,1.0,1.0,1.0,3.0,1.0,1.0
18562,1.0,1.0,1.0,3.0,1.0,1.0,1.0,1.0,1.0,5.0,2.0,1.0
18563,1.0,1.0,1.0,3.0,1.0,1.0,1.0,1.0,1.0,5.0,2.0,1.0
18564,1.0,1.0,1.0,3.0,1.0,1.0,1.0,1.0,1.0,3.0,1.0,1.0
18565,1.0,1.0,1.0,3.0,1.0,1.0,1.0,1.0,1.0,3.0,1.0,1.0
18566,1.0,1.0,1.0,3.0,1.0,1.0,1.0,1.0,1.0,3.0,1.0,1.0
18567,1.0,1.0,1.0,3.0,1.0,1.0,1.0,1.0,1.0,5.0,2.0,1.0
18568,1.0,1.0,1.0,3.0,1.0,1.0,1.0,1.0,1.0,3.0,1.0,1.0
18569,1.0,1.0,1.0,3.0,1.0,1.0,1.0,1.0,1.0,4.0,1.0,1.0
18570,1.0,1.0,1.0,3.0,1.0,1.0,1.0,1.0,1.0,4.0,1.0,1.0
18571,1.0,1.0,1.0,3.0,1.0,1.0,1.0,1.0,1.0,3.0,1.0,1.0
18572,1.0,1.0,1.0,3.0,1.0,1.0,1.0,1.0,1.0,5.0,2.0,1.0
18573,1.0,1.0,1.0,3.0,1.0,1.0,1.0,1.0,1.0,3.0,1.0,1.0
18574,1.0,1.0,1.0,3.0,1.0,1.0,1.0,1.0,1.0,5.0,2.0,1.0
18575,1.0,1.0,1.0,3.0,1.0,1.0,1.0,1.0,1.0,3.0,1.0,1.0
18576,1.0,1.0,1.0,3.0,1.0,1.0,1.0,1.0,1.0,3.0,1.0,1.0
18577,1.0,1.0,1.0,3.0,1.0,1.0,1.0,1.0,1.0,5.0,2.0,1.0
18578,1.0,1.0,1.0,3.0,1.0,1.0,1.0,1.0,1.0,4.0,1.0,1.0
18579,1.0,1.0,1.0,3.0,1.0,1.0,1.0,1.0,1.0,5.0,2.0,1.0
18580,1.0,1.0,1.0,3.0,1.0,1.0,1.0,1.0,1.0,3.0,1.0,1.0
18581,1.0,1.0,1.0,3.0,1.0,1.0,1.0,1.0,1.0,4.0,1.0,1.0
18582,1.0,1.0,1.0,3.0,1.0,1.0,1.0,1.0,1.0,5.0,2.0,1.0
18583,1.0,1.0,1.0,3.0,1.0,1.0,1.0,1.0,1.0,5.0,2.0,1.0
18584,1.0,1.0,1.0,3.0,1.0,1.0,1.0,1.0,1.0,5.0,2.0,1.0
18585,1.0,1.0,1.0,3.0,1.0,1.0,1.0,1.0,1.0,4.0,1.0,1.0
18586,1.0,1.0,1.0,3.0,1.0,1.0,1.0,1.0,1.0,4.0,1.0,1.0
18587,1.0,1.0,1.0,3.0,1.0,1.0,1.0,1.0,1.0,4.0,1.0,1.0
18588,1.0,1.0,1.0,3.0,1.0,1.0,1.0,1.0,1.0,3.0,1.0,1.0
18589,1.0,1.0,1.0,3.0,1.0,1.0,1.0,1.0,1.0,5.0,2.0,1.0
18590,1.0,1.0,1.0,3.0,1.0,1.0,1.0,1.0,1.0,4.0,1.0,1.0
18591,1.0,1.0,1.0,3.0,1.0,1.0,1.0,1.0,1.0,5.0,2.0,1.0
18592,1.0,1.0,1.0,3.0,1.0,1.0,1.0,1.0,1.0,5.0,2.0,1.0
18593,1.0,1.0,1.0,3.0,1.0,1.0,1.0,1.0,1.0,3.0,1.0,1.0
18594,1.0,1.0,1.0,3.0,1.0,1.0,1.0,1.0,1.0,3.0,1.0,1.0
18595,1.0,1.0,1.0,3.0,1.0,1.0,1.0,1.0,1.0,3.0,1.0,1.0
18596,1.0,1.0,1.0,3.0,1.0,1.0,1.0,1.0,1.0,3.0,1.0,1.0
18597,1.0,1.0,1.0,3.0,1.0,1.0,1.0,1.0,1.0,4.0,1.0,1.0
18598,1.0,1.0,1.0,3.0,1.0,1.0,1.0,1.0,1.0,3.0,1.0,1.0
18599,1.0,1.0,1.0,3.0,1.0,1.0,1.0,1.0,1.0,3.0,1.0,1.0
18600,1.0,1.0,1.0,3.0,1.0,1.0,1.0,1.0,1.0,3.0,1.0,1.0
18601,1.0,1.0,1.0,3.0,1.0,1.0,1.0,1.0,1.0,5.0,2.0,1.0
18602,1.0,1.0,1.0,3.0,1.0,1.0,1.0,1.0,1.0,3.0,1.0,1.0
18603,1.0,1.0,1.0,3.0,1.0,1.0,1.0,1.0,1.0,3.0,1.0,1.0
18604,1.0,1.0,1.0,3.0,1.0,1.0,1.0,1.0,1.0,4.0,1.0,1.0
18605,1.0,1.0,1.0,3.0,1.0,1.0,1.0,1.0,1.0,3.0,1.0,1.0
18606,1.0,1.0,1.0,3.0,1.0,1.0,1.0,1.0,1.0,5.0,2.0,1.0
18607,1.0,1.0,1.0,3.0,1.0,1.0,1.0,1.0,1.0,3.0,1.0,1.0
18608,1.0,1.0,1.0,3.0,1.0,1.0,1.0,1.0,1.0,5.0,2.0,1.0
18609,1.0,1.0,1.0,3.0,1.0,1.0,1.0,1.0,1.0,5.0,2.0,1.0
18610,1.0,1.0,1.0,3.0,1.0,1.0,1.0,1.0,1.0,3.0,1.0,1.0
18611,1.0,1.0,1.0,3.0,1.0,1.0,1.0,1.0,1.0,4.0,1.0,1.0
18612,1.0,1.0,1.0,3.0,1.0,1.0,1.0,1.0,1.0,4.0,1.0,1.0
18613,1.0,1.0,1.0,3.0,1.0,1.0,1.0,1.0,1.0,5.0,2.0,1.0
18614,1.0,1.0,1.0,3.0,1.0,1.0,1.0,1.0,1.0,4.0,1.0,1.0
18615,1.0,1.0,1.0,3.0,1.0,1.0,1.0,1.0,1.0,5.0,2.0,1.0
18616,1.0,1.0,1.0,3.0,1.0,1.0,1.0,1.0,1.0,3.0,1.0,1.0
18617,1.0,1.0,1.0,3.0,1.0,1.0,1.0,1.0,1.0,3.0,1.0,1.0
18618,1.0,1.0,1.0,3.0,1.0,1.0,1.0,1.0,1.0,3.0,1.0,1.0
18619,1.0,1.0,1.0,3.0,1.0,1.0,1.0,1.0,1.0,3.0,1.0,1.0
18620,1.0,1.0,1.0,3.0,1.0,1.0,1.0,1.0,1.0,3.0,1.0,1.0
18621,1.0,1.0,1.0,3.0,1.0,1.0,1.0,1.0,1.0,5.0,2.0,1.0
18622,1.0,1.0,1.0,3.0,1.0,1.0,1.0,1.0,1.0,4.0,1.0,1.0
18623,1.0,1.0,1.0,3.0,1.0,1.0,1.0,1.0,1.0,5.0,2.0,1.0
18624,1.0,1.0,1.0,3.0,1.0,1.0,1.0,1.0,1.0,5.0,2.0,1.0
18625,1.0,1.0,1.0,3.0,1.0,1.0,1.0,1.0,1.0,5.0,2.0,1.0
18626,1.0,1.0,1.0,3.0,1.0,1.0,1.0,1.0,1.0,3.0,1.0,1.0
18627,1.0,1.0,1.0,3.0,1.0,1.0,1.0,1.0,1.0,5.0,2.0,1.0
18628,1.0,1.0,1.0,3.0,1.0,1.0,1.0,1.0,1.0,5.0,2.0,1.0
18629,1.0,1.0,1.0,3.0,1.0,1.0,1.0,1.0,1.0,3.0,1.0,1.0
18630,1.0,1.0,1.0,3.0,1.0,1.0,1.0,1.0,1.0,3.0,1.0,1.0
18631,1.0,1.0,1.0,3.0,1.0,1.0,1.0,1.0,1.0,3.0,1.0,1.0
18632,1.0,1.0,1.0,3.0,1.0,1.0,1.0,1.0,1.0,3.0,1.0,1.0
18633,1.0,1.0,1.0,3.0,1.0,1.0,1.0,1.0,1.0,5.0,2.0,1.0
18634,1.0,1.0,1.0,3.0,1.0,1.0,1.0,1.0,1.0,3.0,1.0,1.0
18635,1.0,1.0,1.0,3.0,1.0,1.0,1.0,1.0,1.0,3.0,1.0,1.0
18636,1.0,1.0,1.0,3.0,1.0,1.0,1.0,1.0,1.0,5.0,2.0,1.0
18637,1.0,1.0,1.0,3.0,1.0,1.0,1.0,1.0,1.0,4.0,1.0,1.0
18638,1.0,1.0,1.0,3.0,1.0,1.0,1.0,1.0,1.0,3.0,1.0,1.0
18639,1.0,1.0,1.0,3.0,1.0,1.0,1.0,1.0,1.0,4.0,1.0,1.0
18640,1.0,1.0,1.0,3.0,1.0,1.0,1.0,1.0,1.0,4.0,1.0,1.0
18641,1.0,1.0,1.0,3.0,1.0,1.0,1.0,1.0,1.0,3.0,1.0,1.0
18642,1.0,1.0,1.0,3.0,1.0,1.0,1.0,1.0,1.0,3.0,1.0,1.0
18643,1.0,1.0,1.0,3.0,1.0,1.0,1.0,1.0,1.0,4.0,1.0,1.0
18644,1.0,1.0,1.0,3.0,1.0,1.0,1.0,1.0,1.0,3.0,1.0,1.0
18645,1.0,1.0,1.0,3.0,1.0,1.0,1.0,1.0,1.0,5.0,2.0,1.0
18646,1.0,1.0,1.0,3.0,1.0,1.0,1.0,1.0,1.0,3.0,1.0,1.0
18647,1.0,1.0,1.0,3.0,1.0,1.0,1.0,1.0,1.0,3.0,1.0,1.0
18648,1.0,1.0,1.0,3.0,1.0,1.0,1.0,1.0,1.0,5.0,2.0,1.0
18649,1.0,1.0,1.0,3.0,1.0,1.0,1.0,1.0,1.0,3.0,1.0,1.0
18650,1.0,1.0,1.0,3.0,1.0,1.0,1.0,1.0,1.0,3.0,1.0,1.0
18651,1.0,1.0,1.0,3.0,1.0,1.0,1.0,1.0,1.0,5.0,2.0,1.0
18652,1.0,1.0,1.0,3.0,1.0,1.0,1.0,1.0,1.0,5.0,2.0,1.0
18653,1.0,1.0,1.0,3.0,1.0,1.0,1.0,1.0,1.0,4.0,1.0,1.0
18654,1.0,1.0,1.0,3.0,1.0,1.0,1.0,1.0,1.0,3.0,1.0,1.0
18655,1.0,1.0,1.0,3.0,1.0,1.0,1.0,1.0,1.0,3.0,1.0,1.0
18656,1.0,1.0,1.0,3.0,1.0,1.0,1.0,1.0,1.0,4.0,1.0,1.0
18657,1.0,1.0,1.0,3.0,1.0,1.0,1.0,1.0,1.0,4.0,1.0,1.0
18658,1.0,1.0,1.0,3.0,1.0,1.0,1.0,1.0,1.0,3.0,1.0,1.0
18659,1.0,1.0,1.0,3.0,1.0,1.0,1.0,1.0,1.0,5.0,2.0,1.0
18660,1.0,1.0,1.0,3.0,1.0,1.0,1.0,1.0,1.0,5.0,2.0,1.0
18661,1.0,1.0,1.0,3.0,1.0,1.0,1.0,1.0,1.0,3.0,1.0,1.0
18662,1.0,1.0,1.0,3.0,1.0,1.0,1.0,1.0,1.0,3.0,1.0,1.0
18663,1.0,1.0,1.0,3.0,1.0,1.0,1.0,1.0,1.0,4.0,1.0,1.0
18664,1.0,1.0,1.0,3.0,1.0,1.0,1.0,1.0,1.0,3.0,1.0,1.0
18665,1.0,1.0,1.0,3.0,1.0,1.0,1.0,1.0,1.0,4.0,1.0,1.0
18666,1.0,1.0,1.0,3.0,1.0,1.0,1.0,1.0,1.0,3.0,1.0,1.0
18667,1.0,1.0,1.0,3.0,1.0,1.0,1.0,1.0,1.0,4.0,1.0,1.0
18668,1.0,1.0,1.0,3.0,1.0,1.0,1.0,1.0,1.0,4.0,1.0,1.0
18669,1.0,1.0,1.0,3.0,1.0,1.0,1.0,1.0,1.0,3.0,1.0,1.0
18670,1.0,1.0,1.0,3.0,1.0,1.0,1.0,1.0,1.0,3.0,1.0,1.0
18671,1.0,1.0,1.0,3.0,1.0,1.0,1.0,1.0,1.0,3.0,1.0,1.0
18672,1.0,1.0,1.0,3.0,1.0,1.0,1.0,1.0,1.0,3.0,1.0,1.0
18673,1.0,1.0,1.0,3.0,1.0,1.0,1.0,1.0,1.0,3.0,1.0,1.0
18674,1.0,1.0,1.0,3.0,1.0,1.0,1.0,1.0,1.0,3.0,1.0,1.0
18675,1.0,1.0,1.0,3.0,1.0,1.0,1.0,1.0,1.0,3.0,1.0,1.0
18676,1.0,1.0,1.0,3.0,1.0,1.0,1.0,1.0,1.0,3.0,1.0,1.0
18677,1.0,1.0,1.0,3.0,1.0,1.0,1.0,1.0,1.0,3.0,1.0,1.0
18678,1.0,1.0,1.0,3.0,1.0,1.0,1.0,1.0,1.0,4.0,1.0,1.0
18679,1.0,1.0,1.0,3.0,1.0,1.0,1.0,1.0,1.0,5.0,2.0,1.0
18680,1.0,1.0,1.0,3.0,1.0,1.0,1.0,1.0,1.0,5.0,2.0,1.0
18681,1.0,1.0,1.0,3.0,1.0,1.0,1.0,1.0,1.0,3.0,1.0,1.0
18682,1.0,1.0,1.0,3.0,1.0,1.0,1.0,1.0,1.0,3.0,1.0,1.0
18683,1.0,1.0,1.0,3.0,1.0,1.0,1.0,1.0,1.0,5.0,2.0,1.0
18684,1.0,1.0,1.0,3.0,1.0,1.0,1.0,1.0,1.0,4.0,1.0,1.0
18685,1.0,1.0,1.0,3.0,1.0,1.0,1.0,1.0,1.0,4.0,1.0,1.0
18686,1.0,1.0,1.0,3.0,1.0,1.0,1.0,1.0,1.0,4.0,1.0,1.0
18687,1.0,1.0,1.0,3.0,1.0,1.0,1.0,1.0,1.0,3.0,1.0,1.0
18688,1.0,1.0,1.0,3.0,1.0,1.0,1.0,1.0,1.0,5.0,2.0,1.0
18689,1.0,1.0,1.0,3.0,1.0,1.0,1.0,1.0,1.0,3.0,1.0,1.0
18690,1.0,1.0,1.0,3.0,1.0,1.0,1.0,1.0,1.0,3.0,1.0,1.0
18691,1.0,1.0,1.0,3.0,1.0,1.0,1.0,1.0,1.0,5.0,2.0,1.0
18692,1.0,1.0,1.0,3.0,1.0,1.0,1.0,1.0,1.0,3.0,1.0,1.0
18693,1.0,1.0,1.0,3.0,1.0,1.0,1.0,1.0,1.0,4.0,1.0,1.0
18694,1.0,1.0,1.0,3.0,1.0,1.0,1.0,1.0,1.0,5.0,2.0,1.0
18695,1.0,1.0,1.0,3.0,1.0,1.0,1.0,1.0,1.0,5.0,2.0,1.0
18696,1.0,1.0,1.0,3.0,1.0,1.0,1.0,1.0,1.0,3.0,1.0,1.0
18697,1.0,1.0,1.0,3.0,1.0,1.0,1.0,1.0,1.0,4.0,1.0,1.0
18698,1.0,1.0,1.0,3.0,1.0,1.0,1.0,1.0,1.0,4.0,1.0,1.0
18699,1.0,1.0,1.0,3.0,1.0,1.0,1.0,1.0,1.0,3.0,1.0,1.0
18700,1.0,1.0,1.0,3.0,1.0,1.0,1.0,1.0,1.0,4.0,1.0,1.0
18701,1.0,1.0,1.0,3.0,1.0,1.0,1.0,1.0,1.0,3.0,1.0,1.0
18702,1.0,1.0,1.0,3.0,1.0,1.0,1.0,1.0,1.0,3.0,1.0,1.0
18703,1.0,1.0,1.0,3.0,1.0,1.0,1.0,1.0,1.0,3.0,1.0,1.0
18704,1.0,1.0,1.0,3.0,1.0,1.0,1.0,1.0,1.0,3.0,1.0,1.0
18705,1.0,1.0,1.0,3.0,1.0,1.0,1.0,1.0,1.0,3.0,1.0,1.0
18706,1.0,1.0,1.0,3.0,1.0,1.0,1.0,1.0,1.0,3.0,1.0,1.0
18707,1.0,1.0,1.0,3.0,1.0,1.0,1.0,1.0,1.0,3.0,1.0,1.0
18708,1.0,1.0,1.0,3.0,1.0,1.0,1.0,1.0,1.0,3.0,1.0,1.0
18709,1.0,1.0,1.0,3.0,1.0,1.0,1.0,1.0,1.0,4.0,1.0,1.0
18710,1.0,1.0,1.0,3.0,1.0,1.0,1.0,1.0,1.0,5.0,2.0,1.0
18711,1.0,1.0,1.0,3.0,1.0,1.0,1.0,1.0,1.0,3.0,1.0,1.0
18712,1.0,1.0,1.0,3.0,1.0,1.0,1.0,1.0,1.0,3.0,1.0,1.0
18713,1.0,1.0,1.0,3.0,1.0,1.0,1.0,1.0,1.0,4.0,1.0,1.0
18714,1.0,1.0,1.0,3.0,1.0,1.0,1.0,1.0,1.0,3.0,1.0,1.0
18715,1.0,1.0,1.0,3.0,1.0,1.0,1.0,1.0,1.0,5.0,2.0,1.0
18716,1.0,1.0,1.0,3.0,1.0,1.0,1.0,1.0,1.0,3.0,1.0,1.0
18717,1.0,1.0,1.0,3.0,1.0,1.0,1.0,1.0,1.0,4.0,1.0,1.0
18718,1.0,1.0,1.0,3.0,1.0,1.0,1.0,1.0,1.0,3.0,1.0,1.0
18719,1.0,1.0,1.0,3.0,1.0,1.0,1.0,1.0,1.0,4.0,1.0,1.0
18720,1.0,1.0,1.0,3.0,1.0,1.0,1.0,1.0,1.0,4.0,1.0,1.0
18721,1.0,1.0,1.0,3.0,1.0,1.0,1.0,1.0,1.0,5.0,2.0,1.0
18722,1.0,1.0,1.0,3.0,1.0,1.0,1.0,1.0,1.0,4.0,1.0,1.0
18723,1.0,1.0,1.0,3.0,1.0,1.0,1.0,1.0,1.0,5.0,2.0,1.0
18724,1.0,1.0,1.0,3.0,1.0,1.0,1.0,1.0,1.0,4.0,1.0,1.0
18725,1.0,1.0,1.0,3.0,1.0,1.0,1.0,1.0,1.0,4.0,1.0,1.0
18726,1.0,1.0,1.0,3.0,1.0,1.0,1.0,1.0,1.0,3.0,1.0,1.0
18727,1.0,1.0,1.0,3.0,1.0,1.0,1.0,1.0,1.0,3.0,1.0,1.0
18728,1.0,1.0,1.0,3.0,1.0,1.0,1.0,1.0,1.0,3.0,1.0,1.0
18729,1.0,1.0,1.0,3.0,1.0,1.0,1.0,1.0,1.0,4.0,1.0,1.0
18730,1.0,1.0,1.0,3.0,1.0,1.0,1.0,1.0,1.0,3.0,1.0,1.0
18731,1.0,1.0,1.0,3.0,1.0,1.0,1.0,1.0,1.0,4.0,1.0,1.0
18732,1.0,1.0,1.0,3.0,1.0,1.0,1.0,1.0,1.0,5.0,2.0,1.0
18733,1.0,1.0,1.0,3.0,1.0,1.0,1.0,1.0,1.0,3.0,1.0,1.0
18734,1.0,1.0,1.0,3.0,1.0,1.0,1.0,1.0,1.0,3.0,1.0,1.0
18735,1.0,1.0,1.0,3.0,1.0,1.0,1.0,1.0,1.0,3.0,1.0,1.0
18736,1.0,1.0,1.0,3.0,1.0,1.0,1.0,1.0,1.0,4.0,1.0,1.0
18737,1.0,1.0,1.0,3.0,1.0,1.0,1.0,1.0,1.0,3.0,1.0,1.0
18738,1.0,1.0,1.0,3.0,1.0,1.0,1.0,1.0,1.0,3.0,1.0,1.0
18739,1.0,1.0,1.0,3.0,1.0,1.0,1.0,1.0,1.0,5.0,2.0,1.0
18740,1.0,1.0,1.0,3.0,1.0,1.0,1.0,1.0,1.0,3.0,1.0,1.0
18741,1.0,1.0,1.0,3.0,1.0,1.0,1.0,1.0,1.0,3.0,1.0,1.0
18742,1.0,1.0,1.0,3.0,1.0,1.0,1.0,1.0,1.0,5.0,2.0,1.0
18743,1.0,1.0,1.0,3.0,1.0,1.0,1.0,1.0,1.0,5.0,2.0,1.0
18744,1.0,1.0,1.0,3.0,1.0,1.0,1.0,1.0,1.0,3.0,1.0,1.0
18745,1.0,1.0,1.0,3.0,1.0,1.0,1.0,1.0,1.0,3.0,1.0,1.0
18746,1.0,1.0,1.0,3.0,1.0,1.0,1.0,1.0,1.0,3.0,1.0,1.0
18747,1.0,1.0,1.0,3.0,1.0,1.0,1.0,1.0,1.0,3.0,1.0,1.0
18748,1.0,1.0,1.0,3.0,1.0,1.0,1.0,1.0,1.0,3.0,1.0,1.0
18749,1.0,1.0,1.0,3.0,1.0,1.0,1.0,1.0,1.0,4.0,1.0,1.0
18750,1.0,1.0,1.0,3.0,1.0,1.0,1.0,1.0,1.0,3.0,1.0,1.0
18751,1.0,1.0,1.0,3.0,1.0,1.0,1.0,1.0,1.0,3.0,1.0,1.0
18752,1.0,1.0,1.0,3.0,1.0,1.0,1.0,1.0,1.0,4.0,1.0,1.0
18753,1.0,1.0,1.0,3.0,1.0,1.0,1.0,1.0,1.0,3.0,1.0,1.0
18754,1.0,1.0,1.0,3.0,1.0,1.0,1.0,1.0,1.0,4.0,1.0,1.0
18755,1.0,1.0,1.0,3.0,1.0,1.0,1.0,1.0,1.0,5.0,2.0,1.0
18756,1.0,1.0,1.0,3.0,1.0,1.0,1.0,1.0,1.0,5.0,2.0,1.0
18757,1.0,1.0,1.0,3.0,1.0,1.0,1.0,1.0,1.0,5.0,2.0,1.0
18758,1.0,1.0,1.0,3.0,1.0,1.0,1.0,1.0,1.0,3.0,1.0,1.0
18759,1.0,1.0,1.0,3.0,1.0,1.0,1.0,1.0,1.0,5.0,2.0,1.0
18760,1.0,1.0,1.0,3.0,1.0,1.0,1.0,1.0,1.0,5.0,2.0,1.0
18761,1.0,1.0,1.0,3.0,1.0,1.0,1.0,1.0,1.0,5.0,2.0,1.0
18762,1.0,1.0,1.0,3.0,1.0,1.0,1.0,1.0,1.0,3.0,1.0,1.0
18763,1.0,1.0,1.0,3.0,1.0,1.0,1.0,1.0,1.0,5.0,2.0,1.0
18764,1.0,1.0,1.0,3.0,1.0,1.0,1.0,1.0,1.0,3.0,1.0,1.0
18765,1.0,1.0,1.0,3.0,1.0,1.0,1.0,1.0,1.0,4.0,1.0,1.0
18766,1.0,1.0,1.0,3.0,1.0,1.0,1.0,1.0,1.0,3.0,1.0,1.0
18767,1.0,1.0,1.0,3.0,1.0,1.0,1.0,1.0,1.0,3.0,1.0,1.0
18768,1.0,1.0,1.0,3.0,1.0,1.0,1.0,1.0,1.0,3.0,1.0,1.0
18769,1.0,1.0,1.0,3.0,1.0,1.0,1.0,1.0,1.0,3.0,1.0,1.0
18770,1.0,1.0,1.0,3.0,1.0,1.0,1.0,1.0,1.0,3.0,1.0,1.0
18771,1.0,1.0,1.0,3.0,1.0,1.0,1.0,1.0,1.0,5.0,2.0,1.0
18772,1.0,1.0,1.0,3.0,1.0,1.0,1.0,1.0,1.0,3.0,1.0,1.0
18773,1.0,1.0,1.0,3.0,1.0,1.0,1.0,1.0,1.0,4.0,1.0,1.0
18774,1.0,1.0,1.0,3.0,1.0,1.0,1.0,1.0,1.0,3.0,1.0,1.0
18775,1.0,1.0,1.0,3.0,1.0,1.0,1.0,1.0,1.0,5.0,2.0,1.0
18776,1.0,1.0,1.0,3.0,1.0,1.0,1.0,1.0,1.0,3.0,1.0,1.0
18777,1.0,1.0,1.0,3.0,1.0,1.0,1.0,1.0,1.0,3.0,1.0,1.0
18778,1.0,1.0,1.0,3.0,1.0,1.0,1.0,1.0,1.0,5.0,2.0,1.0
18779,1.0,1.0,1.0,3.0,1.0,1.0,1.0,1.0,1.0,4.0,1.0,1.0
18780,1.0,1.0,1.0,3.0,1.0,1.0,1.0,1.0,1.0,3.0,1.0,1.0
18781,1.0,1.0,1.0,3.0,1.0,1.0,1.0,1.0,1.0,3.0,1.0,1.0
18782,1.0,1.0,1.0,3.0,1.0,1.0,1.0,1.0,1.0,3.0,1.0,1.0
18783,1.0,1.0,1.0,3.0,1.0,1.0,1.0,1.0,1.0,3.0,1.0,1.0
18784,1.0,1.0,1.0,3.0,1.0,1.0,1.0,1.0,1.0,4.0,1.0,1.0
18785,1.0,1.0,1.0,3.0,1.0,1.0,1.0,1.0,1.0,3.0,1.0,1.0
18786,1.0,1.0,1.0,3.0,1.0,1.0,1.0,1.0,1.0,3.0,1.0,1.0
18787,1.0,1.0,1.0,3.0,1.0,1.0,1.0,1.0,1.0,3.0,1.0,1.0
18788,1.0,1.0,1.0,3.0,1.0,1.0,1.0,1.0,1.0,5.0,2.0,1.0
18789,1.0,1.0,1.0,3.0,1.0,1.0,1.0,1.0,1.0,3.0,1.0,1.0
18790,1.0,1.0,1.0,3.0,1.0,1.0,1.0,1.0,1.0,5.0,2.0,1.0
18791,1.0,1.0,1.0,3.0,1.0,1.0,1.0,1.0,1.0,4.0,1.0,1.0
18792,1.0,1.0,1.0,3.0,1.0,1.0,1.0,1.0,1.0,3.0,1.0,1.0
18793,1.0,1.0,1.0,3.0,1.0,1.0,1.0,1.0,1.0,3.0,1.0,1.0
18794,1.0,1.0,1.0,3.0,1.0,1.0,1.0,1.0,1.0,3.0,1.0,1.0
18795,1.0,1.0,1.0,3.0,1.0,1.0,1.0,1.0,1.0,5.0,2.0,1.0
18796,1.0,1.0,1.0,3.0,1.0,1.0,1.0,1.0,1.0,4.0,1.0,1.0
18797,1.0,1.0,1.0,3.0,1.0,1.0,1.0,1.0,1.0,3.0,1.0,1.0
18798,1.0,1.0,1.0,3.0,1.0,1.0,1.0,1.0,1.0,4.0,1.0,1.0
18799,1.0,1.0,1.0,3.0,1.0,1.0,1.0,1.0,1.0,3.0,1.0,1.0
18800,1.0,1.0,1.0,3.0,1.0,1.0,1.0,1.0,1.0,3.0,1.0,1.0
18801,1.0,1.0,1.0,3.0,1.0,1.0,1.0,1.0,1.0,5.0,2.0,1.0
18802,1.0,1.0,1.0,3.0,1.0,1.0,1.0,1.0,1.0,5.0,2.0,1.0
18803,1.0,1.0,1.0,3.0,1.0,1.0,1.0,1.0,1.0,3.0,1.0,1.0
18804,1.0,1.0,1.0,3.0,1.0,1.0,1.0,1.0,1.0,5.0,2.0,1.0
18805,1.0,1.0,1.0,3.0,1.0,1.0,1.0,1.0,1.0,3.0,1.0,1.0
18806,1.0,1.0,1.0,3.0,1.0,1.0,1.0,1.0,1.0,5.0,2.0,1.0
18807,1.0,1.0,1.0,3.0,1.0,1.0,1.0,1.0,1.0,3.0,1.0,1.0
18808,1.0,1.0,1.0,3.0,1.0,1.0,1.0,1.0,1.0,3.0,1.0,1.0
18809,1.0,1.0,1.0,3.0,1.0,1.0,1.0,1.0,1.0,3.0,1.0,1.0
18810,1.0,1.0,1.0,3.0,1.0,1.0,1.0,1.0,1.0,3.0,1.0,1.0
18811,1.0,1.0,1.0,3.0,1.0,1.0,1.0,1.0,1.0,3.0,1.0,1.0
18812,1.0,1.0,1.0,3.0,1.0,1.0,1.0,1.0,1.0,5.0,2.0,1.0
18813,1.0,1.0,1.0,3.0,1.0,1.0,1.0,1.0,1.0,3.0,1.0,1.0
18814,1.0,1.0,1.0,3.0,1.0,1.0,1.0,1.0,1.0,5.0,2.0,1.0
18815,1.0,1.0,1.0,3.0,1.0,1.0,1.0,1.0,1.0,4.0,1.0,1.0
18816,1.0,1.0,1.0,3.0,1.0,1.0,1.0,1.0,1.0,5.0,2.0,1.0
18817,1.0,1.0,1.0,3.0,1.0,1.0,1.0,1.0,1.0,5.0,2.0,1.0
18818,1.0,1.0,1.0,3.0,1.0,1.0,1.0,1.0,1.0,4.0,1.0,1.0
18819,1.0,1.0,1.0,3.0,1.0,1.0,1.0,1.0,1.0,3.0,1.0,1.0
18820,1.0,1.0,1.0,3.0,1.0,1.0,1.0,1.0,1.0,3.0,1.0,1.0
18821,1.0,1.0,1.0,3.0,1.0,1.0,1.0,1.0,1.0,5.0,2.0,1.0
18822,1.0,1.0,1.0,3.0,1.0,1.0,1.0,1.0,1.0,3.0,1.0,1.0
18823,1.0,1.0,1.0,3.0,1.0,1.0,1.0,1.0,1.0,3.0,1.0,1.0
18824,1.0,1.0,1.0,3.0,1.0,1.0,1.0,1.0,1.0,3.0,1.0,1.0
18825,1.0,1.0,1.0,3.0,1.0,1.0,1.0,1.0,1.0,3.0,1.0,1.0
18826,1.0,1.0,1.0,3.0,1.0,1.0,1.0,1.0,1.0,4.0,1.0,1.0
18827,1.0,1.0,1.0,3.0,1.0,1.0,1.0,1.0,1.0,3.0,1.0,1.0
18828,1.0,1.0,1.0,3.0,1.0,1.0,1.0,1.0,1.0,3.0,1.0,1.0
18829,1.0,1.0,1.0,3.0,1.0,1.0,1.0,1.0,1.0,4.0,1.0,1.0
18830,1.0,1.0,1.0,3.0,1.0,1.0,1.0,1.0,1.0,3.0,1.0,1.0
18831,1.0,1.0,1.0,3.0,1.0,1.0,1.0,1.0,1.0,3.0,1.0,1.0
18832,1.0,1.0,1.0,3.0,1.0,1.0,1.0,1.0,1.0,3.0,1.0,1.0
18833,1.0,1.0,1.0,3.0,1.0,1.0,1.0,1.0,1.0,4.0,1.0,1.0
18834,1.0,1.0,1.0,3.0,1.0,1.0,1.0,1.0,1.0,3.0,1.0,1.0
18835,1.0,1.0,1.0,3.0,1.0,1.0,1.0,1.0,1.0,4.0,1.0,1.0
18836,1.0,1.0,1.0,3.0,1.0,1.0,1.0,1.0,1.0,3.0,1.0,1.0
18837,1.0,1.0,1.0,3.0,1.0,1.0,1.0,1.0,1.0,3.0,1.0,1.0
18838,1.0,1.0,1.0,3.0,1.0,1.0,1.0,1.0,1.0,3.0,1.0,1.0
18839,1.0,1.0,1.0,3.0,1.0,1.0,1.0,1.0,1.0,5.0,2.0,1.0
18840,1.0,1.0,1.0,3.0,1.0,1.0,1.0,1.0,1.0,4.0,1.0,1.0
18841,1.0,1.0,1.0,3.0,1.0,1.0,1.0,1.0,1.0,4.0,1.0,1.0
18842,1.0,1.0,1.0,3.0,1.0,1.0,1.0,1.0,1.0,3.0,1.0,1.0
18843,1.0,1.0,1.0,3.0,1.0,1.0,1.0,1.0,1.0,5.0,2.0,1.0
18844,1.0,1.0,1.0,3.0,1.0,1.0,1.0,1.0,1.0,3.0,1.0,1.0
18845,1.0,1.0,1.0,3.0,1.0,1.0,1.0,1.0,1.0,4.0,1.0,1.0
18846,1.0,1.0,1.0,3.0,1.0,1.0,1.0,1.0,1.0,4.0,1.0,1.0
18847,1.0,1.0,1.0,3.0,1.0,1.0,1.0,1.0,1.0,4.0,1.0,1.0
18848,1.0,1.0,1.0,3.0,1.0,1.0,1.0,1.0,1.0,4.0,1.0,1.0
18849,1.0,1.0,1.0,3.0,1.0,1.0,1.0,1.0,1.0,3.0,1.0,1.0
18850,1.0,1.0,1.0,3.0,1.0,1.0,1.0,1.0,1.0,3.0,1.0,1.0
18851,1.0,1.0,1.0,3.0,1.0,1.0,1.0,1.0,1.0,5.0,2.0,1.0
18852,1.0,1.0,1.0,3.0,1.0,1.0,1.0,1.0,1.0,3.0,1.0,1.0
18853,1.0,1.0,1.0,3.0,1.0,1.0,1.0,1.0,1.0,3.0,1.0,1.0
18854,1.0,1.0,1.0,3.0,1.0,1.0,1.0,1.0,1.0,4.0,1.0,1.0
18855,1.0,1.0,1.0,3.0,1.0,1.0,1.0,1.0,1.0,4.0,1.0,1.0
18856,1.0,1.0,1.0,3.0,1.0,1.0,1.0,1.0,1.0,3.0,1.0,1.0
18857,1.0,1.0,1.0,3.0,1.0,1.0,1.0,1.0,1.0,3.0,1.0,1.0
18858,1.0,1.0,1.0,3.0,1.0,1.0,1.0,1.0,1.0,4.0,1.0,1.0
18859,1.0,1.0,1.0,3.0,1.0,1.0,1.0,1.0,1.0,4.0,1.0,1.0
18860,1.0,1.0,1.0,3.0,1.0,1.0,1.0,1.0,1.0,4.0,1.0,1.0
18861,1.0,1.0,1.0,3.0,1.0,1.0,1.0,1.0,1.0,3.0,1.0,1.0
18862,1.0,1.0,1.0,3.0,1.0,1.0,1.0,1.0,1.0,3.0,1.0,1.0
18863,1.0,1.0,1.0,3.0,1.0,1.0,1.0,1.0,1.0,3.0,1.0,1.0
18864,1.0,1.0,1.0,3.0,1.0,1.0,1.0,1.0,1.0,5.0,2.0,1.0
18865,1.0,1.0,1.0,3.0,1.0,1.0,1.0,1.0,1.0,3.0,1.0,1.0
18866,1.0,1.0,1.0,3.0,1.0,1.0,1.0,1.0,1.0,3.0,1.0,1.0
18867,1.0,1.0,1.0,3.0,1.0,1.0,1.0,1.0,1.0,3.0,1.0,1.0
18868,1.0,1.0,1.0,3.0,1.0,1.0,1.0,1.0,1.0,5.0,2.0,1.0
18869,1.0,1.0,1.0,3.0,1.0,1.0,1.0,1.0,1.0,5.0,2.0,1.0
18870,1.0,1.0,1.0,3.0,1.0,1.0,1.0,1.0,1.0,5.0,2.0,1.0
18871,1.0,1.0,1.0,3.0,1.0,1.0,1.0,1.0,1.0,4.0,1.0,1.0
18872,1.0,1.0,1.0,3.0,1.0,1.0,1.0,1.0,1.0,3.0,1.0,1.0
18873,1.0,1.0,1.0,3.0,1.0,1.0,1.0,1.0,1.0,3.0,1.0,1.0
18874,1.0,1.0,1.0,3.0,1.0,1.0,1.0,1.0,1.0,3.0,1.0,1.0
18875,1.0,1.0,1.0,3.0,1.0,1.0,1.0,1.0,1.0,3.0,1.0,1.0
18876,1.0,1.0,1.0,3.0,1.0,1.0,1.0,1.0,1.0,5.0,2.0,1.0
18877,1.0,1.0,1.0,3.0,1.0,1.0,1.0,1.0,1.0,4.0,1.0,1.0
18878,1.0,1.0,1.0,3.0,1.0,1.0,1.0,1.0,1.0,4.0,1.0,1.0
18879,1.0,1.0,1.0,3.0,1.0,1.0,1.0,1.0,1.0,3.0,1.0,1.0
18880,1.0,1.0,1.0,3.0,1.0,1.0,1.0,1.0,1.0,3.0,1.0,1.0
18881,1.0,1.0,1.0,3.0,1.0,1.0,1.0,1.0,1.0,3.0,1.0,1.0
18882,1.0,1.0,1.0,3.0,1.0,1.0,1.0,1.0,1.0,5.0,2.0,1.0
18883,1.0,1.0,1.0,3.0,1.0,1.0,1.0,1.0,1.0,3.0,1.0,1.0
18884,1.0,1.0,1.0,3.0,1.0,1.0,1.0,1.0,1.0,3.0,1.0,1.0
18885,1.0,1.0,1.0,3.0,1.0,1.0,1.0,1.0,1.0,5.0,2.0,1.0
18886,1.0,1.0,1.0,3.0,1.0,1.0,1.0,1.0,1.0,3.0,1.0,1.0
18887,1.0,1.0,1.0,3.0,1.0,1.0,1.0,1.0,1.0,3.0,1.0,1.0
18888,1.0,1.0,1.0,3.0,1.0,1.0,1.0,1.0,1.0,3.0,1.0,1.0
18889,1.0,1.0,1.0,3.0,1.0,1.0,1.0,1.0,1.0,5.0,2.0,1.0
18890,1.0,1.0,1.0,3.0,1.0,1.0,1.0,1.0,1.0,5.0,2.0,1.0
18891,1.0,1.0,1.0,3.0,1.0,1.0,1.0,1.0,1.0,4.0,1.0,1.0
18892,1.0,1.0,1.0,3.0,1.0,1.0,1.0,1.0,1.0,3.0,1.0,1.0
18893,1.0,1.0,1.0,3.0,1.0,1.0,1.0,1.0,1.0,3.0,1.0,1.0
18894,1.0,1.0,1.0,3.0,1.0,1.0,1.0,1.0,1.0,5.0,2.0,1.0
18895,1.0,1.0,1.0,3.0,1.0,1.0,1.0,1.0,1.0,5.0,2.0,1.0
18896,1.0,1.0,1.0,3.0,1.0,1.0,1.0,1.0,1.0,5.0,2.0,1.0
18897,1.0,1.0,1.0,3.0,1.0,1.0,1.0,1.0,1.0,5.0,2.0,1.0
18898,1.0,1.0,1.0,3.0,1.0,1.0,1.0,1.0,1.0,3.0,1.0,1.0
18899,1.0,1.0,1.0,3.0,1.0,1.0,1.0,1.0,1.0,3.0,1.0,1.0
18900,1.0,1.0,1.0,3.0,1.0,1.0,1.0,1.0,1.0,3.0,1.0,1.0
18901,1.0,1.0,1.0,3.0,1.0,1.0,1.0,1.0,1.0,3.0,1.0,1.0
18902,1.0,1.0,1.0,3.0,1.0,1.0,1.0,1.0,1.0,3.0,1.0,1.0
18903,1.0,1.0,1.0,3.0,1.0,1.0,1.0,1.0,1.0,3.0,1.0,1.0
18904,1.0,1.0,1.0,3.0,1.0,1.0,1.0,1.0,1.0,3.0,1.0,1.0
18905,1.0,1.0,1.0,3.0,1.0,1.0,1.0,1.0,1.0,3.0,1.0,1.0
18906,1.0,1.0,1.0,3.0,1.0,1.0,1.0,1.0,1.0,5.0,2.0,1.0
18907,1.0,1.0,1.0,3.0,1.0,1.0,1.0,1.0,1.0,3.0,1.0,1.0
18908,1.0,1.0,1.0,3.0,1.0,1.0,1.0,1.0,1.0,4.0,1.0,1.0
18909,1.0,1.0,1.0,3.0,1.0,1.0,1.0,1.0,1.0,5.0,2.0,1.0
18910,1.0,1.0,1.0,3.0,1.0,1.0,1.0,1.0,1.0,5.0,2.0,1.0
18911,1.0,1.0,1.0,3.0,1.0,1.0,1.0,1.0,1.0,3.0,1.0,1.0
18912,1.0,1.0,1.0,3.0,1.0,1.0,1.0,1.0,1.0,3.0,1.0,1.0
18913,1.0,1.0,1.0,3.0,1.0,1.0,1.0,1.0,1.0,3.0,1.0,1.0
18914,1.0,1.0,1.0,3.0,1.0,1.0,1.0,1.0,1.0,5.0,2.0,1.0
18915,1.0,1.0,1.0,3.0,1.0,1.0,1.0,1.0,1.0,5.0,2.0,1.0
18916,1.0,1.0,1.0,3.0,1.0,1.0,1.0,1.0,1.0,3.0,1.0,1.0
18917,1.0,1.0,1.0,3.0,1.0,1.0,1.0,1.0,1.0,5.0,2.0,1.0
18918,1.0,1.0,1.0,3.0,1.0,1.0,1.0,1.0,1.0,4.0,1.0,1.0
18919,1.0,1.0,1.0,3.0,1.0,1.0,1.0,1.0,1.0,3.0,1.0,1.0
18920,1.0,1.0,1.0,3.0,1.0,1.0,1.0,1.0,1.0,4.0,1.0,1.0
18921,1.0,1.0,1.0,3.0,1.0,1.0,1.0,1.0,1.0,5.0,2.0,1.0
18922,1.0,1.0,1.0,3.0,1.0,1.0,1.0,1.0,1.0,4.0,1.0,1.0
18923,1.0,1.0,1.0,3.0,1.0,1.0,1.0,1.0,1.0,3.0,1.0,1.0
18924,1.0,1.0,1.0,3.0,1.0,1.0,1.0,1.0,1.0,4.0,1.0,1.0
18925,1.0,1.0,1.0,3.0,1.0,1.0,1.0,1.0,1.0,4.0,1.0,1.0
18926,1.0,1.0,1.0,3.0,1.0,1.0,1.0,1.0,1.0,3.0,1.0,1.0
18927,1.0,1.0,1.0,3.0,1.0,1.0,1.0,1.0,1.0,3.0,1.0,1.0
18928,1.0,1.0,1.0,3.0,1.0,1.0,1.0,1.0,1.0,5.0,2.0,1.0
18929,1.0,1.0,1.0,3.0,1.0,1.0,1.0,1.0,1.0,5.0,2.0,1.0
18930,1.0,1.0,1.0,3.0,1.0,1.0,1.0,1.0,1.0,4.0,1.0,1.0
18931,1.0,1.0,1.0,3.0,1.0,1.0,1.0,1.0,1.0,5.0,2.0,1.0
18932,1.0,1.0,1.0,3.0,1.0,1.0,1.0,1.0,1.0,4.0,1.0,1.0
18933,1.0,1.0,1.0,3.0,1.0,1.0,1.0,1.0,1.0,4.0,1.0,1.0
18934,1.0,1.0,1.0,3.0,1.0,1.0,1.0,1.0,1.0,5.0,2.0,1.0
18935,1.0,1.0,1.0,3.0,1.0,1.0,1.0,1.0,1.0,4.0,1.0,1.0
18936,1.0,1.0,1.0,3.0,1.0,1.0,1.0,1.0,1.0,3.0,1.0,1.0
18937,1.0,1.0,1.0,3.0,1.0,1.0,1.0,1.0,1.0,3.0,1.0,1.0
18938,1.0,1.0,1.0,3.0,1.0,1.0,1.0,1.0,1.0,3.0,1.0,1.0
18939,1.0,1.0,1.0,3.0,1.0,1.0,1.0,1.0,1.0,5.0,2.0,1.0
18940,1.0,1.0,1.0,3.0,1.0,1.0,1.0,1.0,1.0,4.0,1.0,1.0
18941,1.0,1.0,1.0,3.0,1.0,1.0,1.0,1.0,1.0,3.0,1.0,1.0
18942,1.0,1.0,1.0,3.0,1.0,1.0,1.0,1.0,1.0,5.0,2.0,1.0
18943,1.0,1.0,1.0,3.0,1.0,1.0,1.0,1.0,1.0,3.0,1.0,1.0
18944,1.0,1.0,1.0,3.0,1.0,1.0,1.0,1.0,1.0,3.0,1.0,1.0
18945,1.0,1.0,1.0,3.0,1.0,1.0,1.0,1.0,1.0,5.0,2.0,1.0
18946,1.0,1.0,1.0,3.0,1.0,1.0,1.0,1.0,1.0,3.0,1.0,1.0
18947,1.0,1.0,1.0,3.0,1.0,1.0,1.0,1.0,1.0,3.0,1.0,1.0
18948,1.0,1.0,1.0,3.0,1.0,1.0,1.0,1.0,1.0,3.0,1.0,1.0
18949,1.0,1.0,1.0,3.0,1.0,1.0,1.0,1.0,1.0,3.0,1.0,1.0
18950,1.0,1.0,1.0,3.0,1.0,1.0,1.0,1.0,1.0,5.0,2.0,1.0
18951,1.0,1.0,1.0,3.0,1.0,1.0,1.0,1.0,1.0,5.0,2.0,1.0
18952,1.0,1.0,1.0,3.0,1.0,1.0,1.0,1.0,1.0,5.0,2.0,1.0
18953,1.0,1.0,1.0,3.0,1.0,1.0,1.0,1.0,1.0,3.0,1.0,1.0
18954,1.0,1.0,1.0,3.0,1.0,1.0,1.0,1.0,1.0,5.0,2.0,1.0
18955,1.0,1.0,1.0,3.0,1.0,1.0,1.0,1.0,1.0,5.0,2.0,1.0
18956,1.0,1.0,1.0,3.0,1.0,1.0,1.0,1.0,1.0,3.0,1.0,1.0
18957,1.0,1.0,1.0,3.0,1.0,1.0,1.0,1.0,1.0,5.0,2.0,1.0
18958,1.0,1.0,1.0,3.0,1.0,1.0,1.0,1.0,1.0,3.0,1.0,1.0
18959,1.0,1.0,1.0,3.0,1.0,1.0,1.0,1.0,1.0,3.0,1.0,1.0
18960,1.0,1.0,1.0,3.0,1.0,1.0,1.0,1.0,1.0,3.0,1.0,1.0
18961,1.0,1.0,1.0,3.0,1.0,1.0,1.0,1.0,1.0,3.0,1.0,1.0
18962,1.0,1.0,1.0,3.0,1.0,1.0,1.0,1.0,1.0,3.0,1.0,1.0
18963,1.0,1.0,1.0,3.0,1.0,1.0,1.0,1.0,1.0,3.0,1.0,1.0
18964,1.0,1.0,1.0,3.0,1.0,1.0,1.0,1.0,1.0,5.0,2.0,1.0
18965,1.0,1.0,1.0,3.0,1.0,1.0,1.0,1.0,1.0,4.0,1.0,1.0
18966,1.0,1.0,1.0,3.0,1.0,1.0,1.0,1.0,1.0,3.0,1.0,1.0
18967,1.0,1.0,1.0,3.0,1.0,1.0,1.0,1.0,1.0,4.0,1.0,1.0
18968,1.0,1.0,1.0,3.0,1.0,1.0,1.0,1.0,1.0,3.0,1.0,1.0
18969,1.0,1.0,1.0,3.0,1.0,1.0,1.0,1.0,1.0,5.0,2.0,1.0
18970,1.0,1.0,1.0,3.0,1.0,1.0,1.0,1.0,1.0,5.0,2.0,1.0
18971,1.0,1.0,1.0,3.0,1.0,1.0,1.0,1.0,1.0,4.0,1.0,1.0
18972,1.0,1.0,1.0,3.0,1.0,1.0,1.0,1.0,1.0,3.0,1.0,1.0
18973,1.0,1.0,1.0,3.0,1.0,1.0,1.0,1.0,1.0,3.0,1.0,1.0
18974,1.0,1.0,1.0,3.0,1.0,1.0,1.0,1.0,1.0,4.0,1.0,1.0
18975,1.0,1.0,1.0,3.0,1.0,1.0,1.0,1.0,1.0,3.0,1.0,1.0
18976,1.0,1.0,1.0,3.0,1.0,1.0,1.0,1.0,1.0,3.0,1.0,1.0
18977,1.0,1.0,1.0,3.0,1.0,1.0,1.0,1.0,1.0,3.0,1.0,1.0
18978,1.0,1.0,1.0,3.0,1.0,1.0,1.0,1.0,1.0,5.0,2.0,1.0
18979,1.0,1.0,1.0,3.0,1.0,1.0,1.0,1.0,1.0,5.0,2.0,1.0
18980,1.0,1.0,1.0,3.0,1.0,1.0,1.0,1.0,1.0,3.0,1.0,1.0
18981,1.0,1.0,1.0,3.0,1.0,1.0,1.0,1.0,1.0,5.0,2.0,1.0
18982,1.0,1.0,1.0,3.0,1.0,1.0,1.0,1.0,1.0,3.0,1.0,1.0
18983,1.0,1.0,1.0,3.0,1.0,1.0,1.0,1.0,1.0,3.0,1.0,1.0
18984,1.0,1.0,1.0,3.0,1.0,1.0,1.0,1.0,1.0,4.0,1.0,1.0
18985,1.0,1.0,1.0,3.0,1.0,1.0,1.0,1.0,1.0,5.0,2.0,1.0
18986,1.0,1.0,1.0,3.0,1.0,1.0,1.0,1.0,1.0,3.0,1.0,1.0
18987,1.0,1.0,1.0,3.0,1.0,1.0,1.0,1.0,1.0,3.0,1.0,1.0
18988,1.0,1.0,1.0,3.0,1.0,1.0,1.0,1.0,1.0,5.0,2.0,1.0
18989,1.0,1.0,1.0,3.0,1.0,1.0,1.0,1.0,1.0,3.0,1.0,1.0
18990,1.0,1.0,1.0,3.0,1.0,1.0,1.0,1.0,1.0,3.0,1.0,1.0
18991,1.0,1.0,1.0,3.0,1.0,1.0,1.0,1.0,1.0,4.0,1.0,1.0
18992,1.0,1.0,1.0,3.0,1.0,1.0,1.0,1.0,1.0,4.0,1.0,1.0
18993,1.0,1.0,1.0,3.0,1.0,1.0,1.0,1.0,1.0,3.0,1.0,1.0
18994,1.0,1.0,1.0,3.0,1.0,1.0,1.0,1.0,1.0,5.0,2.0,1.0
18995,1.0,1.0,1.0,3.0,1.0,1.0,1.0,1.0,1.0,5.0,2.0,1.0
18996,1.0,1.0,1.0,3.0,1.0,1.0,1.0,1.0,1.0,3.0,1.0,1.0
18997,1.0,1.0,1.0,3.0,1.0,1.0,1.0,1.0,1.0,5.0,2.0,1.0
18998,1.0,1.0,1.0,3.0,1.0,1.0,1.0,1.0,1.0,3.0,1.0,1.0
18999,1.0,1.0,1.0,3.0,1.0,1.0,1.0,1.0,1.0,3.0,1.0,1.0
19000,1.0,1.0,1.0,3.0,1.0,1.0,1.0,1.0,1.0,5.0,2.0,1.0
19001,1.0,1.0,1.0,3.0,1.0,1.0,1.0,1.0,1.0,3.0,1.0,1.0
19002,1.0,1.0,1.0,3.0,1.0,1.0,1.0,1.0,1.0,3.0,1.0,1.0
19003,1.0,1.0,1.0,3.0,1.0,1.0,1.0,1.0,1.0,3.0,1.0,1.0
19004,1.0,1.0,1.0,3.0,1.0,1.0,1.0,1.0,1.0,3.0,1.0,1.0
19005,1.0,1.0,1.0,3.0,1.0,1.0,1.0,1.0,1.0,4.0,1.0,1.0
19006,1.0,1.0,1.0,3.0,1.0,1.0,1.0,1.0,1.0,5.0,2.0,1.0
19007,1.0,1.0,1.0,3.0,1.0,1.0,1.0,1.0,1.0,3.0,1.0,1.0
19008,1.0,1.0,1.0,3.0,1.0,1.0,1.0,1.0,1.0,3.0,1.0,1.0
19009,1.0,1.0,1.0,3.0,1.0,1.0,1.0,1.0,1.0,3.0,1.0,1.0
19010,1.0,1.0,1.0,3.0,1.0,1.0,1.0,1.0,1.0,3.0,1.0,1.0
19011,1.0,1.0,1.0,3.0,1.0,1.0,1.0,1.0,1.0,5.0,2.0,1.0
19012,1.0,1.0,1.0,3.0,1.0,1.0,1.0,1.0,1.0,3.0,1.0,1.0
19013,1.0,1.0,1.0,3.0,1.0,1.0,1.0,1.0,1.0,3.0,1.0,1.0
19014,1.0,1.0,1.0,3.0,1.0,1.0,1.0,1.0,1.0,3.0,1.0,1.0
19015,1.0,1.0,1.0,3.0,1.0,1.0,1.0,1.0,1.0,3.0,1.0,1.0
19016,1.0,1.0,1.0,3.0,1.0,1.0,1.0,1.0,1.0,3.0,1.0,1.0
19017,1.0,1.0,1.0,3.0,1.0,1.0,1.0,1.0,1.0,3.0,1.0,1.0
19018,1.0,1.0,1.0,3.0,1.0,1.0,1.0,1.0,1.0,4.0,1.0,1.0
19019,1.0,1.0,1.0,3.0,1.0,1.0,1.0,1.0,1.0,5.0,2.0,1.0
19020,1.0,1.0,1.0,3.0,1.0,1.0,1.0,1.0,1.0,4.0,1.0,1.0
19021,1.0,1.0,1.0,3.0,1.0,1.0,1.0,1.0,1.0,3.0,1.0,1.0
19022,1.0,1.0,1.0,3.0,1.0,1.0,1.0,1.0,1.0,3.0,1.0,1.0
19023,1.0,1.0,1.0,3.0,1.0,1.0,1.0,1.0,1.0,4.0,1.0,1.0
19024,1.0,1.0,1.0,3.0,1.0,1.0,1.0,1.0,1.0,3.0,1.0,1.0
19025,1.0,1.0,1.0,3.0,1.0,1.0,1.0,1.0,1.0,3.0,1.0,1.0
19026,1.0,1.0,1.0,3.0,1.0,1.0,1.0,1.0,1.0,3.0,1.0,1.0
19027,1.0,1.0,1.0,3.0,1.0,1.0,1.0,1.0,1.0,3.0,1.0,1.0
19028,1.0,1.0,1.0,3.0,1.0,1.0,1.0,1.0,1.0,4.0,1.0,1.0
19029,1.0,1.0,1.0,3.0,1.0,1.0,1.0,1.0,1.0,3.0,1.0,1.0
19030,1.0,1.0,1.0,3.0,1.0,1.0,1.0,1.0,1.0,4.0,1.0,1.0
19031,1.0,1.0,1.0,3.0,1.0,1.0,1.0,1.0,1.0,3.0,1.0,1.0
19032,1.0,1.0,1.0,3.0,1.0,1.0,1.0,1.0,1.0,3.0,1.0,1.0
19033,1.0,1.0,1.0,3.0,1.0,1.0,1.0,1.0,1.0,5.0,2.0,1.0
19034,1.0,1.0,1.0,3.0,1.0,1.0,1.0,1.0,1.0,3.0,1.0,1.0
19035,1.0,1.0,1.0,3.0,1.0,1.0,1.0,1.0,1.0,3.0,1.0,1.0
19036,1.0,1.0,1.0,3.0,1.0,1.0,1.0,1.0,1.0,5.0,2.0,1.0
19037,1.0,1.0,1.0,3.0,1.0,1.0,1.0,1.0,1.0,4.0,1.0,1.0
19038,1.0,1.0,1.0,3.0,1.0,1.0,1.0,1.0,1.0,3.0,1.0,1.0
19039,1.0,1.0,1.0,3.0,1.0,1.0,1.0,1.0,1.0,3.0,1.0,1.0
19040,1.0,1.0,1.0,3.0,1.0,1.0,1.0,1.0,1.0,3.0,1.0,1.0
19041,1.0,1.0,1.0,3.0,1.0,1.0,1.0,1.0,1.0,4.0,1.0,1.0
19042,1.0,1.0,1.0,3.0,1.0,1.0,1.0,1.0,1.0,4.0,1.0,1.0
19043,1.0,1.0,1.0,3.0,1.0,1.0,1.0,1.0,1.0,5.0,2.0,1.0
19044,1.0,1.0,1.0,3.0,1.0,1.0,1.0,1.0,1.0,3.0,1.0,1.0
19045,1.0,1.0,1.0,3.0,1.0,1.0,1.0,1.0,1.0,4.0,1.0,1.0
19046,1.0,1.0,1.0,3.0,1.0,1.0,1.0,1.0,1.0,3.0,1.0,1.0
19047,1.0,1.0,1.0,3.0,1.0,1.0,1.0,1.0,1.0,3.0,1.0,1.0
19048,1.0,1.0,1.0,3.0,1.0,1.0,1.0,1.0,1.0,5.0,2.0,1.0
19049,1.0,1.0,1.0,3.0,1.0,1.0,1.0,1.0,1.0,3.0,1.0,1.0
19050,1.0,1.0,1.0,3.0,1.0,1.0,1.0,1.0,1.0,3.0,1.0,1.0
19051,1.0,1.0,1.0,3.0,1.0,1.0,1.0,1.0,1.0,5.0,2.0,1.0
19052,1.0,1.0,1.0,3.0,1.0,1.0,1.0,1.0,1.0,3.0,1.0,1.0
19053,1.0,1.0,1.0,3.0,1.0,1.0,1.0,1.0,1.0,5.0,2.0,1.0
19054,1.0,1.0,1.0,3.0,1.0,1.0,1.0,1.0,1.0,3.0,1.0,1.0
19055,1.0,1.0,1.0,3.0,1.0,1.0,1.0,1.0,1.0,5.0,2.0,1.0
19056,1.0,1.0,1.0,3.0,1.0,1.0,1.0,1.0,1.0,5.0,2.0,1.0
19057,1.0,1.0,1.0,3.0,1.0,1.0,1.0,1.0,1.0,3.0,1.0,1.0
19058,1.0,1.0,1.0,3.0,1.0,1.0,1.0,1.0,1.0,3.0,1.0,1.0
19059,1.0,1.0,1.0,3.0,1.0,1.0,1.0,1.0,1.0,3.0,1.0,1.0
19060,1.0,1.0,1.0,3.0,1.0,1.0,1.0,1.0,1.0,3.0,1.0,1.0
19061,1.0,1.0,1.0,3.0,1.0,1.0,1.0,1.0,1.0,3.0,1.0,1.0
19062,1.0,1.0,1.0,3.0,1.0,1.0,1.0,1.0,1.0,4.0,1.0,1.0
19063,1.0,1.0,1.0,3.0,1.0,1.0,1.0,1.0,1.0,3.0,1.0,1.0
19064,1.0,1.0,1.0,3.0,1.0,1.0,1.0,1.0,1.0,3.0,1.0,1.0
19065,1.0,1.0,1.0,3.0,1.0,1.0,1.0,1.0,1.0,3.0,1.0,1.0
19066,1.0,1.0,1.0,3.0,1.0,1.0,1.0,1.0,1.0,3.0,1.0,1.0
19067,1.0,1.0,1.0,3.0,1.0,1.0,1.0,1.0,1.0,4.0,1.0,1.0
19068,1.0,1.0,1.0,3.0,1.0,1.0,1.0,1.0,1.0,5.0,2.0,1.0
19069,1.0,1.0,1.0,3.0,1.0,1.0,1.0,1.0,1.0,5.0,2.0,1.0
19070,1.0,1.0,1.0,3.0,1.0,1.0,1.0,1.0,1.0,4.0,1.0,1.0
19071,1.0,1.0,1.0,3.0,1.0,1.0,1.0,1.0,1.0,4.0,1.0,1.0
19072,1.0,1.0,1.0,3.0,1.0,1.0,1.0,1.0,1.0,3.0,1.0,1.0
19073,1.0,1.0,1.0,3.0,1.0,1.0,1.0,1.0,1.0,4.0,1.0,1.0
19074,1.0,1.0,1.0,3.0,1.0,1.0,1.0,1.0,1.0,3.0,1.0,1.0
19075,1.0,1.0,1.0,3.0,1.0,1.0,1.0,1.0,1.0,4.0,1.0,1.0
19076,1.0,1.0,1.0,3.0,1.0,1.0,1.0,1.0,1.0,3.0,1.0,1.0
19077,1.0,1.0,1.0,3.0,1.0,1.0,1.0,1.0,1.0,3.0,1.0,1.0
19078,1.0,1.0,1.0,3.0,1.0,1.0,1.0,1.0,1.0,4.0,1.0,1.0
19079,1.0,1.0,1.0,3.0,1.0,1.0,1.0,1.0,1.0,3.0,1.0,1.0
19080,1.0,1.0,1.0,3.0,1.0,1.0,1.0,1.0,1.0,5.0,2.0,1.0
19081,1.0,1.0,1.0,3.0,1.0,1.0,1.0,1.0,1.0,4.0,1.0,1.0
19082,1.0,1.0,1.0,3.0,1.0,1.0,1.0,1.0,1.0,4.0,1.0,1.0
19083,1.0,1.0,1.0,3.0,1.0,1.0,1.0,1.0,1.0,3.0,1.0,1.0
19084,1.0,1.0,1.0,3.0,1.0,1.0,1.0,1.0,1.0,3.0,1.0,1.0
19085,1.0,1.0,1.0,3.0,1.0,1.0,1.0,1.0,1.0,3.0,1.0,1.0
19086,1.0,1.0,1.0,3.0,1.0,1.0,1.0,1.0,1.0,3.0,1.0,1.0
19087,1.0,1.0,1.0,3.0,1.0,1.0,1.0,1.0,1.0,4.0,1.0,1.0
19088,1.0,1.0,1.0,3.0,1.0,1.0,1.0,1.0,1.0,5.0,2.0,1.0
19089,1.0,1.0,1.0,3.0,1.0,1.0,1.0,1.0,1.0,3.0,1.0,1.0
19090,1.0,1.0,1.0,3.0,1.0,1.0,1.0,1.0,1.0,4.0,1.0,1.0
19091,1.0,1.0,1.0,3.0,1.0,1.0,1.0,1.0,1.0,3.0,1.0,1.0
19092,1.0,1.0,1.0,3.0,1.0,1.0,1.0,1.0,1.0,4.0,1.0,1.0
19093,1.0,1.0,1.0,3.0,1.0,1.0,1.0,1.0,1.0,5.0,2.0,1.0
19094,1.0,1.0,1.0,3.0,1.0,1.0,1.0,1.0,1.0,4.0,1.0,1.0
19095,1.0,1.0,1.0,3.0,1.0,1.0,1.0,1.0,1.0,3.0,1.0,1.0
19096,1.0,1.0,1.0,3.0,1.0,1.0,1.0,1.0,1.0,3.0,1.0,1.0
19097,1.0,1.0,1.0,3.0,1.0,1.0,1.0,1.0,1.0,5.0,2.0,1.0
19098,1.0,1.0,1.0,3.0,1.0,1.0,1.0,1.0,1.0,5.0,2.0,1.0
19099,1.0,1.0,1.0,3.0,1.0,1.0,1.0,1.0,1.0,5.0,2.0,1.0
19100,1.0,1.0,1.0,3.0,1.0,1.0,1.0,1.0,1.0,5.0,2.0,1.0
19101,1.0,1.0,1.0,3.0,1.0,1.0,1.0,1.0,1.0,3.0,1.0,1.0
19102,1.0,1.0,1.0,3.0,1.0,1.0,1.0,1.0,1.0,5.0,2.0,1.0
19103,1.0,1.0,1.0,3.0,1.0,1.0,1.0,1.0,1.0,3.0,1.0,1.0
19104,1.0,1.0,1.0,3.0,1.0,1.0,1.0,1.0,1.0,5.0,2.0,1.0
19105,1.0,1.0,1.0,3.0,1.0,1.0,1.0,1.0,1.0,4.0,1.0,1.0
19106,1.0,1.0,1.0,3.0,1.0,1.0,1.0,1.0,1.0,3.0,1.0,1.0
19107,1.0,1.0,1.0,3.0,1.0,1.0,1.0,1.0,1.0,3.0,1.0,1.0
19108,1.0,1.0,1.0,3.0,1.0,1.0,1.0,1.0,1.0,3.0,1.0,1.0
19109,1.0,1.0,1.0,3.0,1.0,1.0,1.0,1.0,1.0,3.0,1.0,1.0
19110,1.0,1.0,1.0,3.0,1.0,1.0,1.0,1.0,1.0,3.0,1.0,1.0
19111,1.0,1.0,1.0,3.0,1.0,1.0,1.0,1.0,1.0,3.0,1.0,1.0
19112,1.0,1.0,1.0,3.0,1.0,1.0,1.0,1.0,1.0,3.0,1.0,1.0
19113,1.0,1.0,1.0,3.0,1.0,1.0,1.0,1.0,1.0,4.0,1.0,1.0
19114,1.0,1.0,1.0,3.0,1.0,1.0,1.0,1.0,1.0,3.0,1.0,1.0
19115,1.0,1.0,1.0,3.0,1.0,1.0,1.0,1.0,1.0,3.0,1.0,1.0
19116,1.0,1.0,1.0,3.0,1.0,1.0,1.0,1.0,1.0,3.0,1.0,1.0
19117,1.0,1.0,1.0,3.0,1.0,1.0,1.0,1.0,1.0,3.0,1.0,1.0
19118,1.0,1.0,1.0,3.0,1.0,1.0,1.0,1.0,1.0,3.0,1.0,1.0
19119,1.0,1.0,1.0,3.0,1.0,1.0,1.0,1.0,1.0,3.0,1.0,1.0
19120,1.0,1.0,1.0,3.0,1.0,1.0,1.0,1.0,1.0,4.0,1.0,1.0
19121,1.0,1.0,1.0,3.0,1.0,1.0,1.0,1.0,1.0,4.0,1.0,1.0
19122,1.0,1.0,1.0,3.0,1.0,1.0,1.0,1.0,1.0,4.0,1.0,1.0
19123,1.0,1.0,1.0,3.0,1.0,1.0,1.0,1.0,1.0,3.0,1.0,1.0
19124,1.0,1.0,1.0,3.0,1.0,1.0,1.0,1.0,1.0,3.0,1.0,1.0
19125,1.0,1.0,1.0,3.0,1.0,1.0,1.0,1.0,1.0,4.0,1.0,1.0
19126,1.0,1.0,1.0,3.0,1.0,1.0,1.0,1.0,1.0,3.0,1.0,1.0
19127,1.0,1.0,1.0,3.0,1.0,1.0,1.0,1.0,1.0,3.0,1.0,1.0
19128,1.0,1.0,1.0,3.0,1.0,1.0,1.0,1.0,1.0,3.0,1.0,1.0
19129,1.0,1.0,1.0,3.0,1.0,1.0,1.0,1.0,1.0,3.0,1.0,1.0
19130,1.0,1.0,1.0,3.0,1.0,1.0,1.0,1.0,1.0,3.0,1.0,1.0
19131,1.0,1.0,1.0,3.0,1.0,1.0,1.0,1.0,1.0,3.0,1.0,1.0
19132,1.0,1.0,1.0,3.0,1.0,1.0,1.0,1.0,1.0,5.0,2.0,1.0
19133,1.0,1.0,1.0,3.0,1.0,1.0,1.0,1.0,1.0,5.0,2.0,1.0
19134,1.0,1.0,1.0,3.0,1.0,1.0,1.0,1.0,1.0,3.0,1.0,1.0
19135,1.0,1.0,1.0,3.0,1.0,1.0,1.0,1.0,1.0,5.0,2.0,1.0
19136,1.0,1.0,1.0,3.0,1.0,1.0,1.0,1.0,1.0,3.0,1.0,1.0
19137,1.0,1.0,1.0,3.0,1.0,1.0,1.0,1.0,1.0,5.0,2.0,1.0
19138,1.0,1.0,1.0,3.0,1.0,1.0,1.0,1.0,1.0,3.0,1.0,1.0
19139,1.0,1.0,1.0,3.0,1.0,1.0,1.0,1.0,1.0,3.0,1.0,1.0
19140,1.0,1.0,1.0,3.0,1.0,1.0,1.0,1.0,1.0,3.0,1.0,1.0
19141,1.0,1.0,1.0,3.0,1.0,1.0,1.0,1.0,1.0,4.0,1.0,1.0
19142,1.0,1.0,1.0,3.0,1.0,1.0,1.0,1.0,1.0,3.0,1.0,1.0
19143,1.0,1.0,1.0,3.0,1.0,1.0,1.0,1.0,1.0,3.0,1.0,1.0
19144,1.0,1.0,1.0,3.0,1.0,1.0,1.0,1.0,1.0,5.0,2.0,1.0
19145,1.0,1.0,1.0,3.0,1.0,1.0,1.0,1.0,1.0,5.0,2.0,1.0
19146,1.0,1.0,1.0,3.0,1.0,1.0,1.0,1.0,1.0,3.0,1.0,1.0
19147,1.0,1.0,1.0,3.0,1.0,1.0,1.0,1.0,1.0,5.0,2.0,1.0
19148,1.0,1.0,1.0,3.0,1.0,1.0,1.0,1.0,1.0,5.0,2.0,1.0
19149,1.0,1.0,1.0,3.0,1.0,1.0,1.0,1.0,1.0,3.0,1.0,1.0
19150,1.0,1.0,1.0,3.0,1.0,1.0,1.0,1.0,1.0,5.0,2.0,1.0
19151,1.0,1.0,1.0,3.0,1.0,1.0,1.0,1.0,1.0,3.0,1.0,1.0
19152,1.0,1.0,1.0,3.0,1.0,1.0,1.0,1.0,1.0,3.0,1.0,1.0
19153,1.0,1.0,1.0,3.0,1.0,1.0,1.0,1.0,1.0,3.0,1.0,1.0
19154,1.0,1.0,1.0,3.0,1.0,1.0,1.0,1.0,1.0,5.0,2.0,1.0
19155,1.0,1.0,1.0,3.0,1.0,1.0,1.0,1.0,1.0,4.0,1.0,1.0
19156,1.0,1.0,1.0,3.0,1.0,1.0,1.0,1.0,1.0,3.0,1.0,1.0
19157,1.0,1.0,1.0,3.0,1.0,1.0,1.0,1.0,1.0,5.0,2.0,1.0
19158,1.0,1.0,1.0,3.0,1.0,1.0,1.0,1.0,1.0,3.0,1.0,1.0
19159,1.0,1.0,1.0,3.0,1.0,1.0,1.0,1.0,1.0,5.0,2.0,1.0
19160,1.0,1.0,1.0,3.0,1.0,1.0,1.0,1.0,1.0,3.0,1.0,1.0
19161,1.0,1.0,1.0,3.0,1.0,1.0,1.0,1.0,1.0,3.0,1.0,1.0
19162,1.0,1.0,1.0,3.0,1.0,1.0,1.0,1.0,1.0,3.0,1.0,1.0
19163,1.0,1.0,1.0,3.0,1.0,1.0,1.0,1.0,1.0,3.0,1.0,1.0
19164,1.0,1.0,1.0,3.0,1.0,1.0,1.0,1.0,1.0,3.0,1.0,1.0
19165,1.0,1.0,1.0,3.0,1.0,1.0,1.0,1.0,1.0,3.0,1.0,1.0
19166,1.0,1.0,1.0,3.0,1.0,1.0,1.0,1.0,1.0,5.0,2.0,1.0
19167,1.0,1.0,1.0,3.0,1.0,1.0,1.0,1.0,1.0,3.0,1.0,1.0
19168,1.0,1.0,1.0,3.0,1.0,1.0,1.0,1.0,1.0,3.0,1.0,1.0
19169,1.0,1.0,1.0,3.0,1.0,1.0,1.0,1.0,1.0,5.0,2.0,1.0
19170,1.0,1.0,1.0,3.0,1.0,1.0,1.0,1.0,1.0,3.0,1.0,1.0
19171,1.0,1.0,1.0,3.0,1.0,1.0,1.0,1.0,1.0,3.0,1.0,1.0
19172,1.0,1.0,1.0,3.0,1.0,1.0,1.0,1.0,1.0,4.0,1.0,1.0
19173,1.0,1.0,1.0,3.0,1.0,1.0,1.0,1.0,1.0,5.0,2.0,1.0
19174,1.0,1.0,1.0,3.0,1.0,1.0,1.0,1.0,1.0,3.0,1.0,1.0
19175,1.0,1.0,1.0,3.0,1.0,1.0,1.0,1.0,1.0,4.0,1.0,1.0
19176,1.0,1.0,1.0,3.0,1.0,1.0,1.0,1.0,1.0,4.0,1.0,1.0
19177,1.0,1.0,1.0,3.0,1.0,1.0,1.0,1.0,1.0,3.0,1.0,1.0
19178,1.0,1.0,1.0,3.0,1.0,1.0,1.0,1.0,1.0,3.0,1.0,1.0
19179,1.0,1.0,1.0,3.0,1.0,1.0,1.0,1.0,1.0,3.0,1.0,1.0
19180,1.0,1.0,1.0,3.0,1.0,1.0,1.0,1.0,1.0,4.0,1.0,1.0
19181,1.0,1.0,1.0,3.0,1.0,1.0,1.0,1.0,1.0,3.0,1.0,1.0
19182,1.0,1.0,1.0,3.0,1.0,1.0,1.0,1.0,1.0,5.0,2.0,1.0
19183,1.0,1.0,1.0,3.0,1.0,1.0,1.0,1.0,1.0,5.0,2.0,1.0
19184,1.0,1.0,1.0,3.0,1.0,1.0,1.0,1.0,1.0,3.0,1.0,1.0
19185,1.0,1.0,1.0,3.0,1.0,1.0,1.0,1.0,1.0,5.0,2.0,1.0
19186,1.0,1.0,1.0,3.0,1.0,1.0,1.0,1.0,1.0,3.0,1.0,1.0
19187,1.0,1.0,1.0,3.0,1.0,1.0,1.0,1.0,1.0,3.0,1.0,1.0
19188,1.0,1.0,1.0,3.0,1.0,1.0,1.0,1.0,1.0,3.0,1.0,1.0
19189,1.0,1.0,1.0,3.0,1.0,1.0,1.0,1.0,1.0,3.0,1.0,1.0
19190,1.0,1.0,1.0,3.0,1.0,1.0,1.0,1.0,1.0,3.0,1.0,1.0
19191,1.0,1.0,1.0,3.0,1.0,1.0,1.0,1.0,1.0,5.0,2.0,1.0
19192,1.0,1.0,1.0,3.0,1.0,1.0,1.0,1.0,1.0,5.0,2.0,1.0
19193,1.0,1.0,1.0,3.0,1.0,1.0,1.0,1.0,1.0,3.0,1.0,1.0
19194,1.0,1.0,1.0,3.0,1.0,1.0,1.0,1.0,1.0,5.0,2.0,1.0
19195,1.0,1.0,1.0,3.0,1.0,1.0,1.0,1.0,1.0,4.0,1.0,1.0
19196,1.0,1.0,1.0,3.0,1.0,1.0,1.0,1.0,1.0,4.0,1.0,1.0
19197,1.0,1.0,1.0,3.0,1.0,1.0,1.0,1.0,1.0,4.0,1.0,1.0
19198,1.0,1.0,1.0,3.0,1.0,1.0,1.0,1.0,1.0,3.0,1.0,1.0
19199,1.0,1.0,1.0,3.0,1.0,1.0,1.0,1.0,1.0,3.0,1.0,1.0
19200,1.0,1.0,1.0,3.0,1.0,1.0,1.0,1.0,1.0,3.0,1.0,1.0
19201,1.0,1.0,1.0,3.0,1.0,1.0,1.0,1.0,1.0,3.0,1.0,1.0
19202,1.0,1.0,1.0,3.0,1.0,1.0,1.0,1.0,1.0,3.0,1.0,1.0
19203,1.0,1.0,1.0,3.0,1.0,1.0,1.0,1.0,1.0,3.0,1.0,1.0
19204,1.0,1.0,1.0,3.0,1.0,1.0,1.0,1.0,1.0,5.0,2.0,1.0
19205,1.0,1.0,1.0,3.0,1.0,1.0,1.0,1.0,1.0,4.0,1.0,1.0
19206,1.0,1.0,1.0,3.0,1.0,1.0,1.0,1.0,1.0,3.0,1.0,1.0
19207,1.0,1.0,1.0,3.0,1.0,1.0,1.0,1.0,1.0,5.0,2.0,1.0
19208,1.0,1.0,1.0,3.0,1.0,1.0,1.0,1.0,1.0,3.0,1.0,1.0
19209,1.0,1.0,1.0,3.0,1.0,1.0,1.0,1.0,1.0,5.0,2.0,1.0
19210,1.0,1.0,1.0,3.0,1.0,1.0,1.0,1.0,1.0,5.0,2.0,1.0
19211,1.0,1.0,1.0,3.0,1.0,1.0,1.0,1.0,1.0,5.0,2.0,1.0
19212,1.0,1.0,1.0,3.0,1.0,1.0,1.0,1.0,1.0,3.0,1.0,1.0
19213,1.0,1.0,1.0,3.0,1.0,1.0,1.0,1.0,1.0,3.0,1.0,1.0
19214,1.0,1.0,1.0,3.0,1.0,1.0,1.0,1.0,1.0,3.0,1.0,1.0
19215,1.0,1.0,1.0,3.0,1.0,1.0,1.0,1.0,1.0,3.0,1.0,1.0
19216,1.0,1.0,1.0,3.0,1.0,1.0,1.0,1.0,1.0,3.0,1.0,1.0
19217,1.0,1.0,1.0,3.0,1.0,1.0,1.0,1.0,1.0,3.0,1.0,1.0
19218,1.0,1.0,1.0,3.0,1.0,1.0,1.0,1.0,1.0,3.0,1.0,1.0
19219,1.0,1.0,1.0,3.0,1.0,1.0,1.0,1.0,1.0,4.0,1.0,1.0
19220,1.0,1.0,1.0,3.0,1.0,1.0,1.0,1.0,1.0,5.0,2.0,1.0
19221,1.0,1.0,1.0,3.0,1.0,1.0,1.0,1.0,1.0,4.0,1.0,1.0
19222,1.0,1.0,1.0,3.0,1.0,1.0,1.0,1.0,1.0,3.0,1.0,1.0
19223,1.0,1.0,1.0,3.0,1.0,1.0,1.0,1.0,1.0,3.0,1.0,1.0
19224,1.0,1.0,1.0,3.0,1.0,1.0,1.0,1.0,1.0,3.0,1.0,1.0
19225,1.0,1.0,1.0,3.0,1.0,1.0,1.0,1.0,1.0,5.0,2.0,1.0
19226,1.0,1.0,1.0,3.0,1.0,1.0,1.0,1.0,1.0,3.0,1.0,1.0
19227,1.0,1.0,1.0,3.0,1.0,1.0,1.0,1.0,1.0,3.0,1.0,1.0
19228,1.0,1.0,1.0,3.0,1.0,1.0,1.0,1.0,1.0,4.0,1.0,1.0
19229,1.0,1.0,1.0,3.0,1.0,1.0,1.0,1.0,1.0,4.0,1.0,1.0
19230,1.0,1.0,1.0,3.0,1.0,1.0,1.0,1.0,1.0,3.0,1.0,1.0
19231,1.0,1.0,1.0,3.0,1.0,1.0,1.0,1.0,1.0,5.0,2.0,1.0
19232,1.0,1.0,1.0,3.0,1.0,1.0,1.0,1.0,1.0,4.0,1.0,1.0
19233,1.0,1.0,1.0,3.0,1.0,1.0,1.0,1.0,1.0,5.0,2.0,1.0
19234,1.0,1.0,1.0,3.0,1.0,1.0,1.0,1.0,1.0,3.0,1.0,1.0
19235,1.0,1.0,1.0,3.0,1.0,1.0,1.0,1.0,1.0,5.0,2.0,1.0
19236,1.0,1.0,1.0,3.0,1.0,1.0,1.0,1.0,1.0,5.0,2.0,1.0
19237,1.0,1.0,1.0,3.0,1.0,1.0,1.0,1.0,1.0,4.0,1.0,1.0
19238,1.0,1.0,1.0,3.0,1.0,1.0,1.0,1.0,1.0,5.0,2.0,1.0
19239,1.0,1.0,1.0,3.0,1.0,1.0,1.0,1.0,1.0,4.0,1.0,1.0
19240,1.0,1.0,1.0,3.0,1.0,1.0,1.0,1.0,1.0,3.0,1.0,1.0
19241,1.0,1.0,1.0,3.0,1.0,1.0,1.0,1.0,1.0,3.0,1.0,1.0
19242,1.0,1.0,1.0,3.0,1.0,1.0,1.0,1.0,1.0,3.0,1.0,1.0
19243,1.0,1.0,1.0,3.0,1.0,1.0,1.0,1.0,1.0,5.0,2.0,1.0
19244,1.0,1.0,1.0,3.0,1.0,1.0,1.0,1.0,1.0,3.0,1.0,1.0
19245,1.0,1.0,1.0,3.0,1.0,1.0,1.0,1.0,1.0,3.0,1.0,1.0
19246,1.0,1.0,1.0,3.0,1.0,1.0,1.0,1.0,1.0,5.0,2.0,1.0
19247,1.0,1.0,1.0,3.0,1.0,1.0,1.0,1.0,1.0,3.0,1.0,1.0
19248,1.0,1.0,1.0,3.0,1.0,1.0,1.0,1.0,1.0,4.0,1.0,1.0
19249,1.0,1.0,1.0,3.0,1.0,1.0,1.0,1.0,1.0,3.0,1.0,1.0
19250,1.0,1.0,1.0,3.0,1.0,1.0,1.0,1.0,1.0,3.0,1.0,1.0
19251,1.0,1.0,1.0,3.0,1.0,1.0,1.0,1.0,1.0,3.0,1.0,1.0
19252,1.0,1.0,1.0,3.0,1.0,1.0,1.0,1.0,1.0,4.0,1.0,1.0
19253,1.0,1.0,1.0,3.0,1.0,1.0,1.0,1.0,1.0,5.0,2.0,1.0
19254,1.0,1.0,1.0,3.0,1.0,1.0,1.0,1.0,1.0,4.0,1.0,1.0
19255,1.0,1.0,1.0,3.0,1.0,1.0,1.0,1.0,1.0,4.0,1.0,1.0
19256,1.0,1.0,1.0,3.0,1.0,1.0,1.0,1.0,1.0,4.0,1.0,1.0
19257,1.0,1.0,1.0,3.0,1.0,1.0,1.0,1.0,1.0,5.0,2.0,1.0
19258,1.0,1.0,1.0,3.0,1.0,1.0,1.0,1.0,1.0,3.0,1.0,1.0
19259,1.0,1.0,1.0,3.0,1.0,1.0,1.0,1.0,1.0,3.0,1.0,1.0
19260,1.0,1.0,1.0,3.0,1.0,1.0,1.0,1.0,1.0,3.0,1.0,1.0
19261,1.0,1.0,1.0,3.0,1.0,1.0,1.0,1.0,1.0,3.0,1.0,1.0
19262,1.0,1.0,1.0,3.0,1.0,1.0,1.0,1.0,1.0,5.0,2.0,1.0
19263,1.0,1.0,1.0,3.0,1.0,1.0,1.0,1.0,1.0,3.0,1.0,1.0
19264,1.0,1.0,1.0,3.0,1.0,1.0,1.0,1.0,1.0,5.0,2.0,1.0
19265,1.0,1.0,1.0,3.0,1.0,1.0,1.0,1.0,1.0,4.0,1.0,1.0
19266,1.0,1.0,1.0,3.0,1.0,1.0,1.0,1.0,1.0,4.0,1.0,1.0
19267,1.0,1.0,1.0,3.0,1.0,1.0,1.0,1.0,1.0,5.0,2.0,1.0
19268,1.0,1.0,1.0,3.0,1.0,1.0,1.0,1.0,1.0,3.0,1.0,1.0
19269,1.0,1.0,1.0,3.0,1.0,1.0,1.0,1.0,1.0,5.0,2.0,1.0
19270,1.0,1.0,1.0,3.0,1.0,1.0,1.0,1.0,1.0,3.0,1.0,1.0
19271,1.0,1.0,1.0,3.0,1.0,1.0,1.0,1.0,1.0,5.0,2.0,1.0
19272,1.0,1.0,1.0,3.0,1.0,1.0,1.0,1.0,1.0,5.0,2.0,1.0
19273,1.0,1.0,1.0,3.0,1.0,1.0,1.0,1.0,1.0,4.0,1.0,1.0
19274,1.0,1.0,1.0,3.0,1.0,1.0,1.0,1.0,1.0,4.0,1.0,1.0
19275,1.0,1.0,1.0,3.0,1.0,1.0,1.0,1.0,1.0,3.0,1.0,1.0
19276,1.0,1.0,1.0,3.0,1.0,1.0,1.0,1.0,1.0,3.0,1.0,1.0
19277,1.0,1.0,1.0,3.0,1.0,1.0,1.0,1.0,1.0,3.0,1.0,1.0
19278,1.0,1.0,1.0,3.0,1.0,1.0,1.0,1.0,1.0,3.0,1.0,1.0
19279,1.0,1.0,1.0,3.0,1.0,1.0,1.0,1.0,1.0,5.0,2.0,1.0
19280,1.0,1.0,1.0,3.0,1.0,1.0,1.0,1.0,1.0,3.0,1.0,1.0
19281,1.0,1.0,1.0,3.0,1.0,1.0,1.0,1.0,1.0,4.0,1.0,1.0
19282,1.0,1.0,1.0,3.0,1.0,1.0,1.0,1.0,1.0,4.0,1.0,1.0
19283,1.0,1.0,1.0,3.0,1.0,1.0,1.0,1.0,1.0,3.0,1.0,1.0
19284,1.0,1.0,1.0,3.0,1.0,1.0,1.0,1.0,1.0,3.0,1.0,1.0
19285,1.0,1.0,1.0,3.0,1.0,1.0,1.0,1.0,1.0,3.0,1.0,1.0
19286,1.0,1.0,1.0,3.0,1.0,1.0,1.0,1.0,1.0,5.0,2.0,1.0
19287,1.0,1.0,1.0,3.0,1.0,1.0,1.0,1.0,1.0,5.0,2.0,1.0
19288,1.0,1.0,1.0,3.0,1.0,1.0,1.0,1.0,1.0,4.0,1.0,1.0
19289,1.0,1.0,1.0,3.0,1.0,1.0,1.0,1.0,1.0,3.0,1.0,1.0
19290,1.0,1.0,1.0,3.0,1.0,1.0,1.0,1.0,1.0,5.0,2.0,1.0
19291,1.0,1.0,1.0,3.0,1.0,1.0,1.0,1.0,1.0,3.0,1.0,1.0
19292,1.0,1.0,1.0,3.0,1.0,1.0,1.0,1.0,1.0,3.0,1.0,1.0
19293,1.0,1.0,1.0,3.0,1.0,1.0,1.0,1.0,1.0,3.0,1.0,1.0
19294,1.0,1.0,1.0,3.0,1.0,1.0,1.0,1.0,1.0,4.0,1.0,1.0
19295,1.0,1.0,1.0,3.0,1.0,1.0,1.0,1.0,1.0,5.0,2.0,1.0
19296,1.0,1.0,1.0,3.0,1.0,1.0,1.0,1.0,1.0,3.0,1.0,1.0
19297,1.0,1.0,1.0,3.0,1.0,1.0,1.0,1.0,1.0,5.0,2.0,1.0
19298,1.0,1.0,1.0,3.0,1.0,1.0,1.0,1.0,1.0,4.0,1.0,1.0
19299,1.0,1.0,1.0,3.0,1.0,1.0,1.0,1.0,1.0,3.0,1.0,1.0
19300,1.0,1.0,1.0,3.0,1.0,1.0,1.0,1.0,1.0,3.0,1.0,1.0
19301,1.0,1.0,1.0,3.0,1.0,1.0,1.0,1.0,1.0,3.0,1.0,1.0
19302,1.0,1.0,1.0,3.0,1.0,1.0,1.0,1.0,1.0,3.0,1.0,1.0
19303,1.0,1.0,1.0,3.0,1.0,1.0,1.0,1.0,1.0,3.0,1.0,1.0
19304,1.0,1.0,1.0,3.0,1.0,1.0,1.0,1.0,1.0,5.0,2.0,1.0
19305,1.0,1.0,1.0,3.0,1.0,1.0,1.0,1.0,1.0,3.0,1.0,1.0
19306,1.0,1.0,1.0,3.0,1.0,1.0,1.0,1.0,1.0,3.0,1.0,1.0
19307,1.0,1.0,1.0,3.0,1.0,1.0,1.0,1.0,1.0,3.0,1.0,1.0
19308,1.0,1.0,1.0,3.0,1.0,1.0,1.0,1.0,1.0,5.0,2.0,1.0
19309,1.0,1.0,1.0,3.0,1.0,1.0,1.0,1.0,1.0,4.0,1.0,1.0
19310,1.0,1.0,1.0,3.0,1.0,1.0,1.0,1.0,1.0,3.0,1.0,1.0
19311,1.0,1.0,1.0,3.0,1.0,1.0,1.0,1.0,1.0,3.0,1.0,1.0
19312,1.0,1.0,1.0,3.0,1.0,1.0,1.0,1.0,1.0,3.0,1.0,1.0
19313,1.0,1.0,1.0,3.0,1.0,1.0,1.0,1.0,1.0,3.0,1.0,1.0
19314,1.0,1.0,1.0,3.0,1.0,1.0,1.0,1.0,1.0,5.0,2.0,1.0
19315,1.0,1.0,1.0,3.0,1.0,1.0,1.0,1.0,1.0,3.0,1.0,1.0
19316,1.0,1.0,1.0,3.0,1.0,1.0,1.0,1.0,1.0,3.0,1.0,1.0
19317,1.0,1.0,1.0,3.0,1.0,1.0,1.0,1.0,1.0,5.0,2.0,1.0
19318,1.0,1.0,1.0,3.0,1.0,1.0,1.0,1.0,1.0,3.0,1.0,1.0
19319,1.0,1.0,1.0,3.0,1.0,1.0,1.0,1.0,1.0,3.0,1.0,1.0
19320,1.0,1.0,1.0,3.0,1.0,1.0,1.0,1.0,1.0,4.0,1.0,1.0
19321,1.0,1.0,1.0,3.0,1.0,1.0,1.0,1.0,1.0,5.0,2.0,1.0
19322,1.0,1.0,1.0,3.0,1.0,1.0,1.0,1.0,1.0,3.0,1.0,1.0
19323,1.0,1.0,1.0,3.0,1.0,1.0,1.0,1.0,1.0,5.0,2.0,1.0
19324,1.0,1.0,1.0,3.0,1.0,1.0,1.0,1.0,1.0,3.0,1.0,1.0
19325,1.0,1.0,1.0,3.0,1.0,1.0,1.0,1.0,1.0,4.0,1.0,1.0
19326,1.0,1.0,1.0,3.0,1.0,1.0,1.0,1.0,1.0,3.0,1.0,1.0
19327,1.0,1.0,1.0,3.0,1.0,1.0,1.0,1.0,1.0,3.0,1.0,1.0
19328,1.0,1.0,1.0,3.0,1.0,1.0,1.0,1.0,1.0,4.0,1.0,1.0
19329,1.0,1.0,1.0,3.0,1.0,1.0,1.0,1.0,1.0,5.0,2.0,1.0
19330,1.0,1.0,1.0,3.0,1.0,1.0,1.0,1.0,1.0,5.0,2.0,1.0
19331,1.0,1.0,1.0,3.0,1.0,1.0,1.0,1.0,1.0,4.0,1.0,1.0
19332,1.0,1.0,1.0,3.0,1.0,1.0,1.0,1.0,1.0,3.0,1.0,1.0
19333,1.0,1.0,1.0,3.0,1.0,1.0,1.0,1.0,1.0,3.0,1.0,1.0
19334,1.0,1.0,1.0,3.0,1.0,1.0,1.0,1.0,1.0,4.0,1.0,1.0
19335,1.0,1.0,1.0,3.0,1.0,1.0,1.0,1.0,1.0,3.0,1.0,1.0
19336,1.0,1.0,1.0,3.0,1.0,1.0,1.0,1.0,1.0,4.0,1.0,1.0
19337,1.0,1.0,1.0,3.0,1.0,1.0,1.0,1.0,1.0,5.0,2.0,1.0
19338,1.0,1.0,1.0,3.0,1.0,1.0,1.0,1.0,1.0,5.0,2.0,1.0
19339,1.0,1.0,1.0,3.0,1.0,1.0,1.0,1.0,1.0,4.0,1.0,1.0
19340,1.0,1.0,1.0,3.0,1.0,1.0,1.0,1.0,1.0,5.0,2.0,1.0
19341,1.0,1.0,1.0,3.0,1.0,1.0,1.0,1.0,1.0,3.0,1.0,1.0
19342,1.0,1.0,1.0,3.0,1.0,1.0,1.0,1.0,1.0,4.0,1.0,1.0
19343,1.0,1.0,1.0,3.0,1.0,1.0,1.0,1.0,1.0,3.0,1.0,1.0
19344,1.0,1.0,1.0,3.0,1.0,1.0,1.0,1.0,1.0,3.0,1.0,1.0
19345,1.0,1.0,1.0,3.0,1.0,1.0,1.0,1.0,1.0,3.0,1.0,1.0
19346,1.0,1.0,1.0,3.0,1.0,1.0,1.0,1.0,1.0,5.0,2.0,1.0
19347,1.0,1.0,1.0,3.0,1.0,1.0,1.0,1.0,1.0,4.0,1.0,1.0
19348,1.0,1.0,1.0,3.0,1.0,1.0,1.0,1.0,1.0,3.0,1.0,1.0
19349,1.0,1.0,1.0,3.0,1.0,1.0,1.0,1.0,1.0,3.0,1.0,1.0
19350,1.0,1.0,1.0,3.0,1.0,1.0,1.0,1.0,1.0,3.0,1.0,1.0
19351,1.0,1.0,1.0,3.0,1.0,1.0,1.0,1.0,1.0,3.0,1.0,1.0
19352,1.0,1.0,1.0,3.0,1.0,1.0,1.0,1.0,1.0,3.0,1.0,1.0
19353,1.0,1.0,1.0,3.0,1.0,1.0,1.0,1.0,1.0,3.0,1.0,1.0
19354,1.0,1.0,1.0,3.0,1.0,1.0,1.0,1.0,1.0,3.0,1.0,1.0
19355,1.0,1.0,1.0,3.0,1.0,1.0,1.0,1.0,1.0,3.0,1.0,1.0
19356,1.0,1.0,1.0,3.0,1.0,1.0,1.0,1.0,1.0,5.0,2.0,1.0
19357,1.0,1.0,1.0,3.0,1.0,1.0,1.0,1.0,1.0,3.0,1.0,1.0
19358,1.0,1.0,1.0,3.0,1.0,1.0,1.0,1.0,1.0,3.0,1.0,1.0
19359,1.0,1.0,1.0,3.0,1.0,1.0,1.0,1.0,1.0,5.0,2.0,1.0
19360,1.0,1.0,1.0,3.0,1.0,1.0,1.0,1.0,1.0,3.0,1.0,1.0
19361,1.0,1.0,1.0,3.0,1.0,1.0,1.0,1.0,1.0,5.0,2.0,1.0
19362,1.0,1.0,1.0,3.0,1.0,1.0,1.0,1.0,1.0,3.0,1.0,1.0
19363,1.0,1.0,1.0,3.0,1.0,1.0,1.0,1.0,1.0,5.0,2.0,1.0
19364,1.0,1.0,1.0,3.0,1.0,1.0,1.0,1.0,1.0,4.0,1.0,1.0
19365,1.0,1.0,1.0,3.0,1.0,1.0,1.0,1.0,1.0,5.0,2.0,1.0
19366,1.0,1.0,1.0,3.0,1.0,1.0,1.0,1.0,1.0,3.0,1.0,1.0
19367,1.0,1.0,1.0,3.0,1.0,1.0,1.0,1.0,1.0,4.0,1.0,1.0
19368,1.0,1.0,1.0,3.0,1.0,1.0,1.0,1.0,1.0,3.0,1.0,1.0
19369,1.0,1.0,1.0,3.0,1.0,1.0,1.0,1.0,1.0,3.0,1.0,1.0
19370,1.0,1.0,1.0,3.0,1.0,1.0,1.0,1.0,1.0,3.0,1.0,1.0
19371,1.0,1.0,1.0,3.0,1.0,1.0,1.0,1.0,1.0,4.0,1.0,1.0
19372,1.0,1.0,1.0,3.0,1.0,1.0,1.0,1.0,1.0,5.0,2.0,1.0
19373,1.0,1.0,1.0,3.0,1.0,1.0,1.0,1.0,1.0,3.0,1.0,1.0
19374,1.0,1.0,1.0,3.0,1.0,1.0,1.0,1.0,1.0,3.0,1.0,1.0
19375,1.0,1.0,1.0,3.0,1.0,1.0,1.0,1.0,1.0,5.0,2.0,1.0
19376,1.0,1.0,1.0,3.0,1.0,1.0,1.0,1.0,1.0,5.0,2.0,1.0
19377,1.0,1.0,1.0,3.0,1.0,1.0,1.0,1.0,1.0,4.0,1.0,1.0
19378,1.0,1.0,1.0,3.0,1.0,1.0,1.0,1.0,1.0,3.0,1.0,1.0
19379,1.0,1.0,1.0,3.0,1.0,1.0,1.0,1.0,1.0,3.0,1.0,1.0
19380,1.0,1.0,1.0,3.0,1.0,1.0,1.0,1.0,1.0,3.0,1.0,1.0
19381,1.0,1.0,1.0,3.0,1.0,1.0,1.0,1.0,1.0,3.0,1.0,1.0
19382,1.0,1.0,1.0,3.0,1.0,1.0,1.0,1.0,1.0,5.0,2.0,1.0
19383,1.0,1.0,1.0,3.0,1.0,1.0,1.0,1.0,1.0,3.0,1.0,1.0
19384,1.0,1.0,1.0,3.0,1.0,1.0,1.0,1.0,1.0,4.0,1.0,1.0
19385,1.0,1.0,1.0,3.0,1.0,1.0,1.0,1.0,1.0,5.0,2.0,1.0
19386,1.0,1.0,1.0,3.0,1.0,1.0,1.0,1.0,1.0,5.0,2.0,1.0
19387,1.0,1.0,1.0,3.0,1.0,1.0,1.0,1.0,1.0,4.0,1.0,1.0
19388,1.0,1.0,1.0,3.0,1.0,1.0,1.0,1.0,1.0,3.0,1.0,1.0
19389,1.0,1.0,1.0,3.0,1.0,1.0,1.0,1.0,1.0,5.0,2.0,1.0
19390,1.0,1.0,1.0,3.0,1.0,1.0,1.0,1.0,1.0,3.0,1.0,1.0
19391,1.0,1.0,1.0,3.0,1.0,1.0,1.0,1.0,1.0,3.0,1.0,1.0
19392,1.0,1.0,1.0,3.0,1.0,1.0,1.0,1.0,1.0,5.0,2.0,1.0
19393,1.0,1.0,1.0,3.0,1.0,1.0,1.0,1.0,1.0,3.0,1.0,1.0
19394,1.0,1.0,1.0,3.0,1.0,1.0,1.0,1.0,1.0,3.0,1.0,1.0
19395,1.0,1.0,1.0,3.0,1.0,1.0,1.0,1.0,1.0,5.0,2.0,1.0
19396,1.0,1.0,1.0,3.0,1.0,1.0,1.0,1.0,1.0,3.0,1.0,1.0
19397,1.0,1.0,1.0,3.0,1.0,1.0,1.0,1.0,1.0,5.0,2.0,1.0
19398,1.0,1.0,1.0,3.0,1.0,1.0,1.0,1.0,1.0,3.0,1.0,1.0
19399,1.0,1.0,1.0,3.0,1.0,1.0,1.0,1.0,1.0,4.0,1.0,1.0
19400,1.0,1.0,1.0,3.0,1.0,1.0,1.0,1.0,1.0,5.0,2.0,1.0
19401,1.0,1.0,1.0,3.0,1.0,1.0,1.0,1.0,1.0,3.0,1.0,1.0
19402,1.0,1.0,1.0,3.0,1.0,1.0,1.0,1.0,1.0,3.0,1.0,1.0
19403,1.0,1.0,1.0,3.0,1.0,1.0,1.0,1.0,1.0,5.0,2.0,1.0
19404,1.0,1.0,1.0,3.0,1.0,1.0,1.0,1.0,1.0,3.0,1.0,1.0
19405,1.0,1.0,1.0,3.0,1.0,1.0,1.0,1.0,1.0,3.0,1.0,1.0
19406,1.0,1.0,1.0,3.0,1.0,1.0,1.0,1.0,1.0,3.0,1.0,1.0
19407,1.0,1.0,1.0,3.0,1.0,1.0,1.0,1.0,1.0,3.0,1.0,1.0
19408,1.0,1.0,1.0,3.0,1.0,1.0,1.0,1.0,1.0,3.0,1.0,1.0
19409,1.0,1.0,1.0,3.0,1.0,1.0,1.0,1.0,1.0,3.0,1.0,1.0
19410,1.0,1.0,1.0,3.0,1.0,1.0,1.0,1.0,1.0,3.0,1.0,1.0
19411,1.0,1.0,1.0,3.0,1.0,1.0,1.0,1.0,1.0,3.0,1.0,1.0
19412,1.0,1.0,1.0,3.0,1.0,1.0,1.0,1.0,1.0,4.0,1.0,1.0
19413,1.0,1.0,1.0,3.0,1.0,1.0,1.0,1.0,1.0,3.0,1.0,1.0
19414,1.0,1.0,1.0,3.0,1.0,1.0,1.0,1.0,1.0,3.0,1.0,1.0
19415,1.0,1.0,1.0,3.0,1.0,1.0,1.0,1.0,1.0,5.0,2.0,1.0
19416,1.0,1.0,1.0,3.0,1.0,1.0,1.0,1.0,1.0,4.0,1.0,1.0
19417,1.0,1.0,1.0,3.0,1.0,1.0,1.0,1.0,1.0,5.0,2.0,1.0
19418,1.0,1.0,1.0,3.0,1.0,1.0,1.0,1.0,1.0,5.0,2.0,1.0
19419,1.0,1.0,1.0,3.0,1.0,1.0,1.0,1.0,1.0,3.0,1.0,1.0
19420,1.0,1.0,1.0,3.0,1.0,1.0,1.0,1.0,1.0,5.0,2.0,1.0
19421,1.0,1.0,1.0,3.0,1.0,1.0,1.0,1.0,1.0,4.0,1.0,1.0
19422,1.0,1.0,1.0,3.0,1.0,1.0,1.0,1.0,1.0,3.0,1.0,1.0
19423,1.0,1.0,1.0,3.0,1.0,1.0,1.0,1.0,1.0,5.0,2.0,1.0
19424,1.0,1.0,1.0,3.0,1.0,1.0,1.0,1.0,1.0,3.0,1.0,1.0
19425,1.0,1.0,1.0,3.0,1.0,1.0,1.0,1.0,1.0,3.0,1.0,1.0
19426,1.0,1.0,1.0,3.0,1.0,1.0,1.0,1.0,1.0,4.0,1.0,1.0
19427,1.0,1.0,1.0,3.0,1.0,1.0,1.0,1.0,1.0,3.0,1.0,1.0
19428,1.0,1.0,1.0,3.0,1.0,1.0,1.0,1.0,1.0,5.0,2.0,1.0
19429,1.0,1.0,1.0,3.0,1.0,1.0,1.0,1.0,1.0,4.0,1.0,1.0
19430,1.0,1.0,1.0,3.0,1.0,1.0,1.0,1.0,1.0,3.0,1.0,1.0
19431,1.0,1.0,1.0,3.0,1.0,1.0,1.0,1.0,1.0,5.0,2.0,1.0
19432,1.0,1.0,1.0,3.0,1.0,1.0,1.0,1.0,1.0,5.0,2.0,1.0
19433,1.0,1.0,1.0,3.0,1.0,1.0,1.0,1.0,1.0,3.0,1.0,1.0
19434,1.0,1.0,1.0,3.0,1.0,1.0,1.0,1.0,1.0,3.0,1.0,1.0
19435,1.0,1.0,1.0,3.0,1.0,1.0,1.0,1.0,1.0,4.0,1.0,1.0
19436,1.0,1.0,1.0,3.0,1.0,1.0,1.0,1.0,1.0,3.0,1.0,1.0
19437,1.0,1.0,1.0,3.0,1.0,1.0,1.0,1.0,1.0,3.0,1.0,1.0
19438,1.0,1.0,1.0,3.0,1.0,1.0,1.0,1.0,1.0,4.0,1.0,1.0
19439,1.0,1.0,1.0,3.0,1.0,1.0,1.0,1.0,1.0,3.0,1.0,1.0
19440,1.0,1.0,1.0,3.0,1.0,1.0,1.0,1.0,1.0,3.0,1.0,1.0
19441,1.0,1.0,1.0,3.0,1.0,1.0,1.0,1.0,1.0,3.0,1.0,1.0
19442,1.0,1.0,1.0,3.0,1.0,1.0,1.0,1.0,1.0,3.0,1.0,1.0
19443,1.0,1.0,1.0,3.0,1.0,1.0,1.0,1.0,1.0,4.0,1.0,1.0
19444,1.0,1.0,1.0,3.0,1.0,1.0,1.0,1.0,1.0,5.0,2.0,1.0
19445,1.0,1.0,1.0,3.0,1.0,1.0,1.0,1.0,1.0,3.0,1.0,1.0
19446,1.0,1.0,1.0,3.0,1.0,1.0,1.0,1.0,1.0,5.0,2.0,1.0
19447,1.0,1.0,1.0,3.0,1.0,1.0,1.0,1.0,1.0,4.0,1.0,1.0
19448,1.0,1.0,1.0,3.0,1.0,1.0,1.0,1.0,1.0,4.0,1.0,1.0
19449,1.0,1.0,1.0,3.0,1.0,1.0,1.0,1.0,1.0,5.0,2.0,1.0
19450,1.0,1.0,1.0,3.0,1.0,1.0,1.0,1.0,1.0,3.0,1.0,1.0
19451,1.0,1.0,1.0,3.0,1.0,1.0,1.0,1.0,1.0,4.0,1.0,1.0
19452,1.0,1.0,1.0,3.0,1.0,1.0,1.0,1.0,1.0,3.0,1.0,1.0
19453,1.0,1.0,1.0,3.0,1.0,1.0,1.0,1.0,1.0,3.0,1.0,1.0
19454,1.0,1.0,1.0,3.0,1.0,1.0,1.0,1.0,1.0,4.0,1.0,1.0
19455,1.0,1.0,1.0,3.0,1.0,1.0,1.0,1.0,1.0,3.0,1.0,1.0
19456,1.0,1.0,1.0,3.0,1.0,1.0,1.0,1.0,1.0,4.0,1.0,1.0
19457,1.0,1.0,1.0,3.0,1.0,1.0,1.0,1.0,1.0,3.0,1.0,1.0
19458,1.0,1.0,1.0,3.0,1.0,1.0,1.0,1.0,1.0,3.0,1.0,1.0
19459,1.0,1.0,1.0,3.0,1.0,1.0,1.0,1.0,1.0,3.0,1.0,1.0
19460,1.0,1.0,1.0,3.0,1.0,1.0,1.0,1.0,1.0,3.0,1.0,1.0
19461,1.0,1.0,1.0,3.0,1.0,1.0,1.0,1.0,1.0,3.0,1.0,1.0
19462,1.0,1.0,1.0,3.0,1.0,1.0,1.0,1.0,1.0,3.0,1.0,1.0
19463,1.0,1.0,1.0,3.0,1.0,1.0,1.0,1.0,1.0,4.0,1.0,1.0
19464,1.0,1.0,1.0,3.0,1.0,1.0,1.0,1.0,1.0,3.0,1.0,1.0
19465,1.0,1.0,1.0,3.0,1.0,1.0,1.0,1.0,1.0,3.0,1.0,1.0
19466,1.0,1.0,1.0,3.0,1.0,1.0,1.0,1.0,1.0,3.0,1.0,1.0
19467,1.0,1.0,1.0,3.0,1.0,1.0,1.0,1.0,1.0,4.0,1.0,1.0
19468,1.0,1.0,1.0,3.0,1.0,1.0,1.0,1.0,1.0,4.0,1.0,1.0
19469,1.0,1.0,1.0,3.0,1.0,1.0,1.0,1.0,1.0,3.0,1.0,1.0
19470,1.0,1.0,1.0,3.0,1.0,1.0,1.0,1.0,1.0,5.0,2.0,1.0
19471,1.0,1.0,1.0,3.0,1.0,1.0,1.0,1.0,1.0,4.0,1.0,1.0
19472,1.0,1.0,1.0,3.0,1.0,1.0,1.0,1.0,1.0,4.0,1.0,1.0
19473,1.0,1.0,1.0,3.0,1.0,1.0,1.0,1.0,1.0,3.0,1.0,1.0
19474,1.0,1.0,1.0,3.0,1.0,1.0,1.0,1.0,1.0,3.0,1.0,1.0
19475,1.0,1.0,1.0,3.0,1.0,1.0,1.0,1.0,1.0,4.0,1.0,1.0
19476,1.0,1.0,1.0,3.0,1.0,1.0,1.0,1.0,1.0,3.0,1.0,1.0
19477,1.0,1.0,1.0,3.0,1.0,1.0,1.0,1.0,1.0,3.0,1.0,1.0
19478,1.0,1.0,1.0,3.0,1.0,1.0,1.0,1.0,1.0,5.0,2.0,1.0
19479,1.0,1.0,1.0,3.0,1.0,1.0,1.0,1.0,1.0,4.0,1.0,1.0
19480,1.0,1.0,1.0,3.0,1.0,1.0,1.0,1.0,1.0,4.0,1.0,1.0
19481,1.0,1.0,1.0,3.0,1.0,1.0,1.0,1.0,1.0,3.0,1.0,1.0
19482,1.0,1.0,1.0,3.0,1.0,1.0,1.0,1.0,1.0,3.0,1.0,1.0
19483,1.0,1.0,1.0,3.0,1.0,1.0,1.0,1.0,1.0,3.0,1.0,1.0
19484,1.0,1.0,1.0,3.0,1.0,1.0,1.0,1.0,1.0,3.0,1.0,1.0
19485,1.0,1.0,1.0,3.0,1.0,1.0,1.0,1.0,1.0,5.0,2.0,1.0
19486,1.0,1.0,1.0,3.0,1.0,1.0,1.0,1.0,1.0,3.0,1.0,1.0
19487,1.0,1.0,1.0,3.0,1.0,1.0,1.0,1.0,1.0,4.0,1.0,1.0
19488,1.0,1.0,1.0,3.0,1.0,1.0,1.0,1.0,1.0,5.0,2.0,1.0
19489,1.0,1.0,1.0,3.0,1.0,1.0,1.0,1.0,1.0,5.0,2.0,1.0
19490,1.0,1.0,1.0,3.0,1.0,1.0,1.0,1.0,1.0,5.0,2.0,1.0
19491,1.0,1.0,1.0,3.0,1.0,1.0,1.0,1.0,1.0,3.0,1.0,1.0
19492,1.0,1.0,1.0,3.0,1.0,1.0,1.0,1.0,1.0,3.0,1.0,1.0
19493,1.0,1.0,1.0,3.0,1.0,1.0,1.0,1.0,1.0,3.0,1.0,1.0
19494,1.0,1.0,1.0,3.0,1.0,1.0,1.0,1.0,1.0,3.0,1.0,1.0
19495,1.0,1.0,1.0,3.0,1.0,1.0,1.0,1.0,1.0,3.0,1.0,1.0
19496,1.0,1.0,1.0,3.0,1.0,1.0,1.0,1.0,1.0,4.0,1.0,1.0
19497,1.0,1.0,1.0,3.0,1.0,1.0,1.0,1.0,1.0,3.0,1.0,1.0
19498,1.0,1.0,1.0,3.0,1.0,1.0,1.0,1.0,1.0,3.0,1.0,1.0
19499,1.0,1.0,1.0,3.0,1.0,1.0,1.0,1.0,1.0,4.0,1.0,1.0
19500,1.0,1.0,1.0,3.0,1.0,1.0,1.0,1.0,1.0,3.0,1.0,1.0
19501,1.0,1.0,1.0,3.0,1.0,1.0,1.0,1.0,1.0,3.0,1.0,1.0
19502,1.0,1.0,1.0,3.0,1.0,1.0,1.0,1.0,1.0,4.0,1.0,1.0
19503,1.0,1.0,1.0,3.0,1.0,1.0,1.0,1.0,1.0,5.0,2.0,1.0
19504,1.0,1.0,1.0,3.0,1.0,1.0,1.0,1.0,1.0,3.0,1.0,1.0
19505,1.0,1.0,1.0,3.0,1.0,1.0,1.0,1.0,1.0,3.0,1.0,1.0
19506,1.0,1.0,1.0,3.0,1.0,1.0,1.0,1.0,1.0,3.0,1.0,1.0
19507,1.0,1.0,1.0,3.0,1.0,1.0,1.0,1.0,1.0,5.0,2.0,1.0
19508,1.0,1.0,1.0,3.0,1.0,1.0,1.0,1.0,1.0,4.0,1.0,1.0
19509,1.0,1.0,1.0,3.0,1.0,1.0,1.0,1.0,1.0,3.0,1.0,1.0
19510,1.0,1.0,1.0,3.0,1.0,1.0,1.0,1.0,1.0,3.0,1.0,1.0
19511,1.0,1.0,1.0,3.0,1.0,1.0,1.0,1.0,1.0,3.0,1.0,1.0
19512,1.0,1.0,1.0,3.0,1.0,1.0,1.0,1.0,1.0,5.0,2.0,1.0
19513,1.0,1.0,1.0,3.0,1.0,1.0,1.0,1.0,1.0,4.0,1.0,1.0
19514,1.0,1.0,1.0,3.0,1.0,1.0,1.0,1.0,1.0,3.0,1.0,1.0
19515,1.0,1.0,1.0,3.0,1.0,1.0,1.0,1.0,1.0,5.0,2.0,1.0
19516,1.0,1.0,1.0,3.0,1.0,1.0,1.0,1.0,1.0,3.0,1.0,1.0
19517,1.0,1.0,1.0,3.0,1.0,1.0,1.0,1.0,1.0,3.0,1.0,1.0
19518,1.0,1.0,1.0,3.0,1.0,1.0,1.0,1.0,1.0,3.0,1.0,1.0
19519,1.0,1.0,1.0,3.0,1.0,1.0,1.0,1.0,1.0,3.0,1.0,1.0
19520,1.0,1.0,1.0,3.0,1.0,1.0,1.0,1.0,1.0,3.0,1.0,1.0
19521,1.0,1.0,1.0,3.0,1.0,1.0,1.0,1.0,1.0,3.0,1.0,1.0
19522,1.0,1.0,1.0,3.0,1.0,1.0,1.0,1.0,1.0,5.0,2.0,1.0
19523,1.0,1.0,1.0,3.0,1.0,1.0,1.0,1.0,1.0,3.0,1.0,1.0
19524,1.0,1.0,1.0,3.0,1.0,1.0,1.0,1.0,1.0,3.0,1.0,1.0
19525,1.0,1.0,1.0,3.0,1.0,1.0,1.0,1.0,1.0,3.0,1.0,1.0
19526,1.0,1.0,1.0,3.0,1.0,1.0,1.0,1.0,1.0,3.0,1.0,1.0
19527,1.0,1.0,1.0,3.0,1.0,1.0,1.0,1.0,1.0,5.0,2.0,1.0
19528,1.0,1.0,1.0,3.0,1.0,1.0,1.0,1.0,1.0,4.0,1.0,1.0
19529,1.0,1.0,1.0,3.0,1.0,1.0,1.0,1.0,1.0,4.0,1.0,1.0
19530,1.0,1.0,1.0,3.0,1.0,1.0,1.0,1.0,1.0,3.0,1.0,1.0
19531,1.0,1.0,1.0,3.0,1.0,1.0,1.0,1.0,1.0,4.0,1.0,1.0
19532,1.0,1.0,1.0,3.0,1.0,1.0,1.0,1.0,1.0,4.0,1.0,1.0
19533,1.0,1.0,1.0,3.0,1.0,1.0,1.0,1.0,1.0,3.0,1.0,1.0
19534,1.0,1.0,1.0,3.0,1.0,1.0,1.0,1.0,1.0,5.0,2.0,1.0
19535,1.0,1.0,1.0,3.0,1.0,1.0,1.0,1.0,1.0,3.0,1.0,1.0
19536,1.0,1.0,1.0,3.0,1.0,1.0,1.0,1.0,1.0,5.0,2.0,1.0
19537,1.0,1.0,1.0,3.0,1.0,1.0,1.0,1.0,1.0,3.0,1.0,1.0
19538,1.0,1.0,1.0,3.0,1.0,1.0,1.0,1.0,1.0,5.0,2.0,1.0
19539,1.0,1.0,1.0,3.0,1.0,1.0,1.0,1.0,1.0,3.0,1.0,1.0
19540,1.0,1.0,1.0,3.0,1.0,1.0,1.0,1.0,1.0,4.0,1.0,1.0
19541,1.0,1.0,1.0,3.0,1.0,1.0,1.0,1.0,1.0,5.0,2.0,1.0
19542,1.0,1.0,1.0,3.0,1.0,1.0,1.0,1.0,1.0,3.0,1.0,1.0
19543,1.0,1.0,1.0,3.0,1.0,1.0,1.0,1.0,1.0,3.0,1.0,1.0
19544,1.0,1.0,1.0,3.0,1.0,1.0,1.0,1.0,1.0,4.0,1.0,1.0
19545,1.0,1.0,1.0,3.0,1.0,1.0,1.0,1.0,1.0,4.0,1.0,1.0
19546,1.0,1.0,1.0,3.0,1.0,1.0,1.0,1.0,1.0,3.0,1.0,1.0
19547,1.0,1.0,1.0,3.0,1.0,1.0,1.0,1.0,1.0,5.0,2.0,1.0
19548,1.0,1.0,1.0,3.0,1.0,1.0,1.0,1.0,1.0,3.0,1.0,1.0
19549,1.0,1.0,1.0,3.0,1.0,1.0,1.0,1.0,1.0,5.0,2.0,1.0
19550,1.0,1.0,1.0,3.0,1.0,1.0,1.0,1.0,1.0,5.0,2.0,1.0
19551,1.0,1.0,1.0,3.0,1.0,1.0,1.0,1.0,1.0,3.0,1.0,1.0
19552,1.0,1.0,1.0,3.0,1.0,1.0,1.0,1.0,1.0,3.0,1.0,1.0
19553,1.0,1.0,1.0,3.0,1.0,1.0,1.0,1.0,1.0,4.0,1.0,1.0
19554,1.0,1.0,1.0,3.0,1.0,1.0,1.0,1.0,1.0,5.0,2.0,1.0
19555,1.0,1.0,1.0,3.0,1.0,1.0,1.0,1.0,1.0,3.0,1.0,1.0
19556,1.0,1.0,1.0,3.0,1.0,1.0,1.0,1.0,1.0,4.0,1.0,1.0
19557,1.0,1.0,1.0,3.0,1.0,1.0,1.0,1.0,1.0,4.0,1.0,1.0
19558,1.0,1.0,1.0,3.0,1.0,1.0,1.0,1.0,1.0,5.0,2.0,1.0
19559,1.0,1.0,1.0,3.0,1.0,1.0,1.0,1.0,1.0,5.0,2.0,1.0
19560,1.0,1.0,1.0,3.0,1.0,1.0,1.0,1.0,1.0,3.0,1.0,1.0
19561,1.0,1.0,1.0,3.0,1.0,1.0,1.0,1.0,1.0,4.0,1.0,1.0
19562,1.0,1.0,1.0,3.0,1.0,1.0,1.0,1.0,1.0,5.0,2.0,1.0
19563,1.0,1.0,1.0,3.0,1.0,1.0,1.0,1.0,1.0,3.0,1.0,1.0
19564,1.0,1.0,1.0,3.0,1.0,1.0,1.0,1.0,1.0,5.0,2.0,1.0
19565,1.0,1.0,1.0,3.0,1.0,1.0,1.0,1.0,1.0,4.0,1.0,1.0
19566,1.0,1.0,1.0,3.0,1.0,1.0,1.0,1.0,1.0,5.0,2.0,1.0
19567,1.0,1.0,1.0,3.0,1.0,1.0,1.0,1.0,1.0,3.0,1.0,1.0
19568,1.0,1.0,1.0,3.0,1.0,1.0,1.0,1.0,1.0,5.0,2.0,1.0
19569,1.0,1.0,1.0,3.0,1.0,1.0,1.0,1.0,1.0,3.0,1.0,1.0
19570,1.0,1.0,1.0,3.0,1.0,1.0,1.0,1.0,1.0,3.0,1.0,1.0
19571,1.0,1.0,1.0,3.0,1.0,1.0,1.0,1.0,1.0,4.0,1.0,1.0
19572,1.0,1.0,1.0,3.0,1.0,1.0,1.0,1.0,1.0,3.0,1.0,1.0
19573,1.0,1.0,1.0,3.0,1.0,1.0,1.0,1.0,1.0,3.0,1.0,1.0
19574,1.0,1.0,1.0,3.0,1.0,1.0,1.0,1.0,1.0,4.0,1.0,1.0
19575,1.0,1.0,1.0,3.0,1.0,1.0,1.0,1.0,1.0,3.0,1.0,1.0
19576,1.0,1.0,1.0,3.0,1.0,1.0,1.0,1.0,1.0,4.0,1.0,1.0
19577,1.0,1.0,1.0,3.0,1.0,1.0,1.0,1.0,1.0,4.0,1.0,1.0
19578,1.0,1.0,1.0,3.0,1.0,1.0,1.0,1.0,1.0,5.0,2.0,1.0
19579,1.0,1.0,1.0,3.0,1.0,1.0,1.0,1.0,1.0,3.0,1.0,1.0
19580,1.0,1.0,1.0,3.0,1.0,1.0,1.0,1.0,1.0,3.0,1.0,1.0
19581,1.0,1.0,1.0,3.0,1.0,1.0,1.0,1.0,1.0,3.0,1.0,1.0
19582,1.0,1.0,1.0,3.0,1.0,1.0,1.0,1.0,1.0,4.0,1.0,1.0
19583,1.0,1.0,1.0,3.0,1.0,1.0,1.0,1.0,1.0,3.0,1.0,1.0
19584,1.0,1.0,1.0,3.0,1.0,1.0,1.0,1.0,1.0,4.0,1.0,1.0
19585,1.0,1.0,1.0,3.0,1.0,1.0,1.0,1.0,1.0,5.0,2.0,1.0
19586,1.0,1.0,1.0,3.0,1.0,1.0,1.0,1.0,1.0,3.0,1.0,1.0
19587,1.0,1.0,1.0,3.0,1.0,1.0,1.0,1.0,1.0,3.0,1.0,1.0
19588,1.0,1.0,1.0,3.0,1.0,1.0,1.0,1.0,1.0,3.0,1.0,1.0
19589,1.0,1.0,1.0,3.0,1.0,1.0,1.0,1.0,1.0,4.0,1.0,1.0
19590,1.0,1.0,1.0,3.0,1.0,1.0,1.0,1.0,1.0,5.0,2.0,1.0
19591,1.0,1.0,1.0,3.0,1.0,1.0,1.0,1.0,1.0,5.0,2.0,1.0
19592,1.0,1.0,1.0,3.0,1.0,1.0,1.0,1.0,1.0,4.0,1.0,1.0
19593,1.0,1.0,1.0,3.0,1.0,1.0,1.0,1.0,1.0,3.0,1.0,1.0
19594,1.0,1.0,1.0,3.0,1.0,1.0,1.0,1.0,1.0,3.0,1.0,1.0
19595,1.0,1.0,1.0,3.0,1.0,1.0,1.0,1.0,1.0,3.0,1.0,1.0
19596,1.0,1.0,1.0,3.0,1.0,1.0,1.0,1.0,1.0,3.0,1.0,1.0
19597,1.0,1.0,1.0,3.0,1.0,1.0,1.0,1.0,1.0,3.0,1.0,1.0
19598,1.0,1.0,1.0,3.0,1.0,1.0,1.0,1.0,1.0,4.0,1.0,1.0
19599,1.0,1.0,1.0,3.0,1.0,1.0,1.0,1.0,1.0,3.0,1.0,1.0
19600,1.0,1.0,1.0,3.0,1.0,1.0,1.0,1.0,1.0,5.0,2.0,1.0
19601,1.0,1.0,1.0,3.0,1.0,1.0,1.0,1.0,1.0,5.0,2.0,1.0
19602,1.0,1.0,1.0,3.0,1.0,1.0,1.0,1.0,1.0,3.0,1.0,1.0
19603,1.0,1.0,1.0,3.0,1.0,1.0,1.0,1.0,1.0,3.0,1.0,1.0
19604,1.0,1.0,1.0,3.0,1.0,1.0,1.0,1.0,1.0,3.0,1.0,1.0
19605,1.0,1.0,1.0,3.0,1.0,1.0,1.0,1.0,1.0,3.0,1.0,1.0
19606,1.0,1.0,1.0,3.0,1.0,1.0,1.0,1.0,1.0,5.0,2.0,1.0
19607,1.0,1.0,1.0,3.0,1.0,1.0,1.0,1.0,1.0,5.0,2.0,1.0
19608,1.0,1.0,1.0,3.0,1.0,1.0,1.0,1.0,1.0,5.0,2.0,1.0
19609,1.0,1.0,1.0,3.0,1.0,1.0,1.0,1.0,1.0,5.0,2.0,1.0
19610,1.0,1.0,1.0,3.0,1.0,1.0,1.0,1.0,1.0,3.0,1.0,1.0
19611,1.0,1.0,1.0,3.0,1.0,1.0,1.0,1.0,1.0,3.0,1.0,1.0
19612,1.0,1.0,1.0,3.0,1.0,1.0,1.0,1.0,1.0,3.0,1.0,1.0
19613,1.0,1.0,1.0,3.0,1.0,1.0,1.0,1.0,1.0,5.0,2.0,1.0
19614,1.0,1.0,1.0,3.0,1.0,1.0,1.0,1.0,1.0,4.0,1.0,1.0
19615,1.0,1.0,1.0,3.0,1.0,1.0,1.0,1.0,1.0,3.0,1.0,1.0
19616,1.0,1.0,1.0,3.0,1.0,1.0,1.0,1.0,1.0,4.0,1.0,1.0
19617,1.0,1.0,1.0,3.0,1.0,1.0,1.0,1.0,1.0,5.0,2.0,1.0
19618,1.0,1.0,1.0,3.0,1.0,1.0,1.0,1.0,1.0,3.0,1.0,1.0
19619,1.0,1.0,1.0,3.0,1.0,1.0,1.0,1.0,1.0,4.0,1.0,1.0
19620,1.0,1.0,1.0,3.0,1.0,1.0,1.0,1.0,1.0,5.0,2.0,1.0
19621,1.0,1.0,1.0,3.0,1.0,1.0,1.0,1.0,1.0,5.0,2.0,1.0
19622,1.0,1.0,1.0,3.0,1.0,1.0,1.0,1.0,1.0,3.0,1.0,1.0
19623,1.0,1.0,1.0,3.0,1.0,1.0,1.0,1.0,1.0,3.0,1.0,1.0
19624,1.0,1.0,1.0,3.0,1.0,1.0,1.0,1.0,1.0,5.0,2.0,1.0
19625,1.0,1.0,1.0,3.0,1.0,1.0,1.0,1.0,1.0,3.0,1.0,1.0
19626,1.0,1.0,1.0,3.0,1.0,1.0,1.0,1.0,1.0,5.0,2.0,1.0
19627,1.0,1.0,1.0,3.0,1.0,1.0,1.0,1.0,1.0,3.0,1.0,1.0
19628,1.0,1.0,1.0,3.0,1.0,1.0,1.0,1.0,1.0,3.0,1.0,1.0
19629,1.0,1.0,1.0,3.0,1.0,1.0,1.0,1.0,1.0,3.0,1.0,1.0
19630,1.0,1.0,1.0,3.0,1.0,1.0,1.0,1.0,1.0,3.0,1.0,1.0
19631,1.0,1.0,1.0,3.0,1.0,1.0,1.0,1.0,1.0,3.0,1.0,1.0
19632,1.0,1.0,1.0,3.0,1.0,1.0,1.0,1.0,1.0,5.0,2.0,1.0
19633,1.0,1.0,1.0,3.0,1.0,1.0,1.0,1.0,1.0,3.0,1.0,1.0
19634,1.0,1.0,1.0,3.0,1.0,1.0,1.0,1.0,1.0,3.0,1.0,1.0
19635,1.0,1.0,1.0,3.0,1.0,1.0,1.0,1.0,1.0,5.0,2.0,1.0
19636,1.0,1.0,1.0,3.0,1.0,1.0,1.0,1.0,1.0,5.0,2.0,1.0
19637,1.0,1.0,1.0,3.0,1.0,1.0,1.0,1.0,1.0,3.0,1.0,1.0
19638,1.0,1.0,1.0,3.0,1.0,1.0,1.0,1.0,1.0,3.0,1.0,1.0
19639,1.0,1.0,1.0,3.0,1.0,1.0,1.0,1.0,1.0,3.0,1.0,1.0
19640,1.0,1.0,1.0,3.0,1.0,1.0,1.0,1.0,1.0,3.0,1.0,1.0
19641,1.0,1.0,1.0,3.0,1.0,1.0,1.0,1.0,1.0,5.0,2.0,1.0
19642,1.0,1.0,1.0,3.0,1.0,1.0,1.0,1.0,1.0,3.0,1.0,1.0
19643,1.0,1.0,1.0,3.0,1.0,1.0,1.0,1.0,1.0,4.0,1.0,1.0
19644,1.0,1.0,1.0,3.0,1.0,1.0,1.0,1.0,1.0,5.0,2.0,1.0
19645,1.0,1.0,1.0,3.0,1.0,1.0,1.0,1.0,1.0,3.0,1.0,1.0
19646,1.0,1.0,1.0,3.0,1.0,1.0,1.0,1.0,1.0,3.0,1.0,1.0
19647,1.0,1.0,1.0,3.0,1.0,1.0,1.0,1.0,1.0,3.0,1.0,1.0
19648,1.0,1.0,1.0,3.0,1.0,1.0,1.0,1.0,1.0,4.0,1.0,1.0
19649,1.0,1.0,1.0,3.0,1.0,1.0,1.0,1.0,1.0,3.0,1.0,1.0
19650,1.0,1.0,1.0,3.0,1.0,1.0,1.0,1.0,1.0,4.0,1.0,1.0
19651,1.0,1.0,1.0,3.0,1.0,1.0,1.0,1.0,1.0,3.0,1.0,1.0
19652,1.0,1.0,1.0,3.0,1.0,1.0,1.0,1.0,1.0,4.0,1.0,1.0
19653,1.0,1.0,1.0,3.0,1.0,1.0,1.0,1.0,1.0,3.0,1.0,1.0
19654,1.0,1.0,1.0,3.0,1.0,1.0,1.0,1.0,1.0,3.0,1.0,1.0
19655,1.0,1.0,1.0,3.0,1.0,1.0,1.0,1.0,1.0,5.0,2.0,1.0
19656,1.0,1.0,1.0,3.0,1.0,1.0,1.0,1.0,1.0,3.0,1.0,1.0
19657,1.0,1.0,1.0,3.0,1.0,1.0,1.0,1.0,1.0,5.0,2.0,1.0
19658,1.0,1.0,1.0,3.0,1.0,1.0,1.0,1.0,1.0,3.0,1.0,1.0
19659,1.0,1.0,1.0,3.0,1.0,1.0,1.0,1.0,1.0,3.0,1.0,1.0
19660,1.0,1.0,1.0,3.0,1.0,1.0,1.0,1.0,1.0,4.0,1.0,1.0
19661,1.0,1.0,1.0,3.0,1.0,1.0,1.0,1.0,1.0,5.0,2.0,1.0
19662,1.0,1.0,1.0,3.0,1.0,1.0,1.0,1.0,1.0,5.0,2.0,1.0
19663,1.0,1.0,1.0,3.0,1.0,1.0,1.0,1.0,1.0,3.0,1.0,1.0
19664,1.0,1.0,1.0,3.0,1.0,1.0,1.0,1.0,1.0,3.0,1.0,1.0
19665,1.0,1.0,1.0,3.0,1.0,1.0,1.0,1.0,1.0,4.0,1.0,1.0
19666,1.0,1.0,1.0,3.0,1.0,1.0,1.0,1.0,1.0,3.0,1.0,1.0
19667,1.0,1.0,1.0,3.0,1.0,1.0,1.0,1.0,1.0,3.0,1.0,1.0
19668,1.0,1.0,1.0,3.0,1.0,1.0,1.0,1.0,1.0,5.0,2.0,1.0
19669,1.0,1.0,1.0,3.0,1.0,1.0,1.0,1.0,1.0,3.0,1.0,1.0
19670,1.0,1.0,1.0,3.0,1.0,1.0,1.0,1.0,1.0,3.0,1.0,1.0
19671,1.0,1.0,1.0,3.0,1.0,1.0,1.0,1.0,1.0,3.0,1.0,1.0
19672,1.0,1.0,1.0,3.0,1.0,1.0,1.0,1.0,1.0,5.0,2.0,1.0
19673,1.0,1.0,1.0,3.0,1.0,1.0,1.0,1.0,1.0,3.0,1.0,1.0
19674,1.0,1.0,1.0,3.0,1.0,1.0,1.0,1.0,1.0,3.0,1.0,1.0
19675,1.0,1.0,1.0,3.0,1.0,1.0,1.0,1.0,1.0,3.0,1.0,1.0
19676,1.0,1.0,1.0,3.0,1.0,1.0,1.0,1.0,1.0,5.0,2.0,1.0
19677,1.0,1.0,1.0,3.0,1.0,1.0,1.0,1.0,1.0,4.0,1.0,1.0
19678,1.0,1.0,1.0,3.0,1.0,1.0,1.0,1.0,1.0,5.0,2.0,1.0
19679,1.0,1.0,1.0,3.0,1.0,1.0,1.0,1.0,1.0,4.0,1.0,1.0
19680,1.0,1.0,1.0,3.0,1.0,1.0,1.0,1.0,1.0,3.0,1.0,1.0
19681,1.0,1.0,1.0,3.0,1.0,1.0,1.0,1.0,1.0,3.0,1.0,1.0
19682,1.0,1.0,1.0,3.0,1.0,1.0,1.0,1.0,1.0,3.0,1.0,1.0
19683,1.0,1.0,1.0,3.0,1.0,1.0,1.0,1.0,1.0,5.0,2.0,1.0
19684,1.0,1.0,1.0,3.0,1.0,1.0,1.0,1.0,1.0,3.0,1.0,1.0
19685,1.0,1.0,1.0,3.0,1.0,1.0,1.0,1.0,1.0,3.0,1.0,1.0
19686,1.0,1.0,1.0,3.0,1.0,1.0,1.0,1.0,1.0,5.0,2.0,1.0
19687,1.0,1.0,1.0,3.0,1.0,1.0,1.0,1.0,1.0,4.0,1.0,1.0
19688,1.0,1.0,1.0,3.0,1.0,1.0,1.0,1.0,1.0,5.0,2.0,1.0
19689,1.0,1.0,1.0,3.0,1.0,1.0,1.0,1.0,1.0,3.0,1.0,1.0
19690,1.0,1.0,1.0,3.0,1.0,1.0,1.0,1.0,1.0,4.0,1.0,1.0
19691,1.0,1.0,1.0,3.0,1.0,1.0,1.0,1.0,1.0,4.0,1.0,1.0
19692,1.0,1.0,1.0,3.0,1.0,1.0,1.0,1.0,1.0,5.0,2.0,1.0
19693,1.0,1.0,1.0,3.0,1.0,1.0,1.0,1.0,1.0,3.0,1.0,1.0
19694,1.0,1.0,1.0,3.0,1.0,1.0,1.0,1.0,1.0,3.0,1.0,1.0
19695,1.0,1.0,1.0,3.0,1.0,1.0,1.0,1.0,1.0,3.0,1.0,1.0
19696,1.0,1.0,1.0,3.0,1.0,1.0,1.0,1.0,1.0,5.0,2.0,1.0
19697,1.0,1.0,1.0,3.0,1.0,1.0,1.0,1.0,1.0,5.0,2.0,1.0
19698,1.0,1.0,1.0,3.0,1.0,1.0,1.0,1.0,1.0,3.0,1.0,1.0
19699,1.0,1.0,1.0,3.0,1.0,1.0,1.0,1.0,1.0,5.0,2.0,1.0
19700,1.0,1.0,1.0,3.0,1.0,1.0,1.0,1.0,1.0,3.0,1.0,1.0
19701,1.0,1.0,1.0,3.0,1.0,1.0,1.0,1.0,1.0,3.0,1.0,1.0
19702,1.0,1.0,1.0,3.0,1.0,1.0,1.0,1.0,1.0,3.0,1.0,1.0
19703,1.0,1.0,1.0,3.0,1.0,1.0,1.0,1.0,1.0,3.0,1.0,1.0
19704,1.0,1.0,1.0,3.0,1.0,1.0,1.0,1.0,1.0,5.0,2.0,1.0
19705,1.0,1.0,1.0,3.0,1.0,1.0,1.0,1.0,1.0,4.0,1.0,1.0
19706,1.0,1.0,1.0,3.0,1.0,1.0,1.0,1.0,1.0,3.0,1.0,1.0
19707,1.0,1.0,1.0,3.0,1.0,1.0,1.0,1.0,1.0,5.0,2.0,1.0
19708,1.0,1.0,1.0,3.0,1.0,1.0,1.0,1.0,1.0,5.0,2.0,1.0
19709,1.0,1.0,1.0,3.0,1.0,1.0,1.0,1.0,1.0,4.0,1.0,1.0
19710,1.0,1.0,1.0,3.0,1.0,1.0,1.0,1.0,1.0,3.0,1.0,1.0
19711,1.0,1.0,1.0,3.0,1.0,1.0,1.0,1.0,1.0,3.0,1.0,1.0
19712,1.0,1.0,1.0,3.0,1.0,1.0,1.0,1.0,1.0,3.0,1.0,1.0
19713,1.0,1.0,1.0,3.0,1.0,1.0,1.0,1.0,1.0,5.0,2.0,1.0
19714,1.0,1.0,1.0,3.0,1.0,1.0,1.0,1.0,1.0,4.0,1.0,1.0
19715,1.0,1.0,1.0,3.0,1.0,1.0,1.0,1.0,1.0,4.0,1.0,1.0
19716,1.0,1.0,1.0,3.0,1.0,1.0,1.0,1.0,1.0,3.0,1.0,1.0
19717,1.0,1.0,1.0,3.0,1.0,1.0,1.0,1.0,1.0,3.0,1.0,1.0
19718,1.0,1.0,1.0,3.0,1.0,1.0,1.0,1.0,1.0,3.0,1.0,1.0
19719,1.0,1.0,1.0,3.0,1.0,1.0,1.0,1.0,1.0,3.0,1.0,1.0
19720,1.0,1.0,1.0,3.0,1.0,1.0,1.0,1.0,1.0,3.0,1.0,1.0
19721,1.0,1.0,1.0,3.0,1.0,1.0,1.0,1.0,1.0,5.0,2.0,1.0
19722,1.0,1.0,1.0,3.0,1.0,1.0,1.0,1.0,1.0,5.0,2.0,1.0
19723,1.0,1.0,1.0,3.0,1.0,1.0,1.0,1.0,1.0,3.0,1.0,1.0
19724,1.0,1.0,1.0,3.0,1.0,1.0,1.0,1.0,1.0,4.0,1.0,1.0
19725,1.0,1.0,1.0,3.0,1.0,1.0,1.0,1.0,1.0,5.0,2.0,1.0
19726,1.0,1.0,1.0,3.0,1.0,1.0,1.0,1.0,1.0,3.0,1.0,1.0
19727,1.0,1.0,1.0,3.0,1.0,1.0,1.0,1.0,1.0,3.0,1.0,1.0
19728,1.0,1.0,1.0,3.0,1.0,1.0,1.0,1.0,1.0,3.0,1.0,1.0
19729,1.0,1.0,1.0,3.0,1.0,1.0,1.0,1.0,1.0,3.0,1.0,1.0
19730,1.0,1.0,1.0,3.0,1.0,1.0,1.0,1.0,1.0,3.0,1.0,1.0
19731,1.0,1.0,1.0,3.0,1.0,1.0,1.0,1.0,1.0,3.0,1.0,1.0
19732,1.0,1.0,1.0,3.0,1.0,1.0,1.0,1.0,1.0,3.0,1.0,1.0
19733,1.0,1.0,1.0,3.0,1.0,1.0,1.0,1.0,1.0,3.0,1.0,1.0
19734,1.0,1.0,1.0,3.0,1.0,1.0,1.0,1.0,1.0,3.0,1.0,1.0
19735,1.0,1.0,1.0,3.0,1.0,1.0,1.0,1.0,1.0,3.0,1.0,1.0
19736,1.0,1.0,1.0,3.0,1.0,1.0,1.0,1.0,1.0,5.0,2.0,1.0
19737,1.0,1.0,1.0,3.0,1.0,1.0,1.0,1.0,1.0,3.0,1.0,1.0
19738,1.0,1.0,1.0,3.0,1.0,1.0,1.0,1.0,1.0,4.0,1.0,1.0
19739,1.0,1.0,1.0,3.0,1.0,1.0,1.0,1.0,1.0,4.0,1.0,1.0
19740,1.0,1.0,1.0,3.0,1.0,1.0,1.0,1.0,1.0,3.0,1.0,1.0
19741,1.0,1.0,1.0,3.0,1.0,1.0,1.0,1.0,1.0,4.0,1.0,1.0
19742,1.0,1.0,1.0,3.0,1.0,1.0,1.0,1.0,1.0,3.0,1.0,1.0
19743,1.0,1.0,1.0,3.0,1.0,1.0,1.0,1.0,1.0,3.0,1.0,1.0
19744,1.0,1.0,1.0,3.0,1.0,1.0,1.0,1.0,1.0,5.0,2.0,1.0
19745,1.0,1.0,1.0,3.0,1.0,1.0,1.0,1.0,1.0,4.0,1.0,1.0
19746,1.0,1.0,1.0,3.0,1.0,1.0,1.0,1.0,1.0,4.0,1.0,1.0
19747,1.0,1.0,1.0,3.0,1.0,1.0,1.0,1.0,1.0,5.0,2.0,1.0
19748,1.0,1.0,1.0,3.0,1.0,1.0,1.0,1.0,1.0,3.0,1.0,1.0
19749,1.0,1.0,1.0,3.0,1.0,1.0,1.0,1.0,1.0,3.0,1.0,1.0
19750,1.0,1.0,1.0,3.0,1.0,1.0,1.0,1.0,1.0,3.0,1.0,1.0
19751,1.0,1.0,1.0,3.0,1.0,1.0,1.0,1.0,1.0,4.0,1.0,1.0
19752,1.0,1.0,1.0,3.0,1.0,1.0,1.0,1.0,1.0,5.0,2.0,1.0
19753,1.0,1.0,1.0,3.0,1.0,1.0,1.0,1.0,1.0,3.0,1.0,1.0
19754,1.0,1.0,1.0,3.0,1.0,1.0,1.0,1.0,1.0,5.0,2.0,1.0
19755,1.0,1.0,1.0,3.0,1.0,1.0,1.0,1.0,1.0,3.0,1.0,1.0
19756,1.0,1.0,1.0,3.0,1.0,1.0,1.0,1.0,1.0,3.0,1.0,1.0
19757,1.0,1.0,1.0,3.0,1.0,1.0,1.0,1.0,1.0,3.0,1.0,1.0
19758,1.0,1.0,1.0,3.0,1.0,1.0,1.0,1.0,1.0,3.0,1.0,1.0
19759,1.0,1.0,1.0,3.0,1.0,1.0,1.0,1.0,1.0,3.0,1.0,1.0
19760,1.0,1.0,1.0,3.0,1.0,1.0,1.0,1.0,1.0,3.0,1.0,1.0
19761,1.0,1.0,1.0,3.0,1.0,1.0,1.0,1.0,1.0,4.0,1.0,1.0
19762,1.0,1.0,1.0,3.0,1.0,1.0,1.0,1.0,1.0,3.0,1.0,1.0
19763,1.0,1.0,1.0,3.0,1.0,1.0,1.0,1.0,1.0,3.0,1.0,1.0
19764,1.0,1.0,1.0,3.0,1.0,1.0,1.0,1.0,1.0,5.0,2.0,1.0
19765,1.0,1.0,1.0,3.0,1.0,1.0,1.0,1.0,1.0,5.0,2.0,1.0
19766,1.0,1.0,1.0,3.0,1.0,1.0,1.0,1.0,1.0,3.0,1.0,1.0
19767,1.0,1.0,1.0,3.0,1.0,1.0,1.0,1.0,1.0,5.0,2.0,1.0
19768,1.0,1.0,1.0,3.0,1.0,1.0,1.0,1.0,1.0,4.0,1.0,1.0
19769,1.0,1.0,1.0,3.0,1.0,1.0,1.0,1.0,1.0,3.0,1.0,1.0
19770,1.0,1.0,1.0,3.0,1.0,1.0,1.0,1.0,1.0,3.0,1.0,1.0
19771,1.0,1.0,1.0,3.0,1.0,1.0,1.0,1.0,1.0,3.0,1.0,1.0
19772,1.0,1.0,1.0,3.0,1.0,1.0,1.0,1.0,1.0,3.0,1.0,1.0
19773,1.0,1.0,1.0,3.0,1.0,1.0,1.0,1.0,1.0,3.0,1.0,1.0
19774,1.0,1.0,1.0,3.0,1.0,1.0,1.0,1.0,1.0,4.0,1.0,1.0
19775,1.0,1.0,1.0,3.0,1.0,1.0,1.0,1.0,1.0,3.0,1.0,1.0
19776,1.0,1.0,1.0,3.0,1.0,1.0,1.0,1.0,1.0,3.0,1.0,1.0
19777,1.0,1.0,1.0,3.0,1.0,1.0,1.0,1.0,1.0,5.0,2.0,1.0
19778,1.0,1.0,1.0,3.0,1.0,1.0,1.0,1.0,1.0,4.0,1.0,1.0
19779,1.0,1.0,1.0,3.0,1.0,1.0,1.0,1.0,1.0,4.0,1.0,1.0
19780,1.0,1.0,1.0,3.0,1.0,1.0,1.0,1.0,1.0,4.0,1.0,1.0
19781,1.0,1.0,1.0,3.0,1.0,1.0,1.0,1.0,1.0,4.0,1.0,1.0
19782,1.0,1.0,1.0,3.0,1.0,1.0,1.0,1.0,1.0,3.0,1.0,1.0
19783,1.0,1.0,1.0,3.0,1.0,1.0,1.0,1.0,1.0,4.0,1.0,1.0
19784,1.0,1.0,1.0,3.0,1.0,1.0,1.0,1.0,1.0,4.0,1.0,1.0
19785,1.0,1.0,1.0,3.0,1.0,1.0,1.0,1.0,1.0,3.0,1.0,1.0
19786,1.0,1.0,1.0,3.0,1.0,1.0,1.0,1.0,1.0,3.0,1.0,1.0
19787,1.0,1.0,1.0,3.0,1.0,1.0,1.0,1.0,1.0,3.0,1.0,1.0
19788,1.0,1.0,1.0,3.0,1.0,1.0,1.0,1.0,1.0,3.0,1.0,1.0
19789,1.0,1.0,1.0,3.0,1.0,1.0,1.0,1.0,1.0,3.0,1.0,1.0
19790,1.0,1.0,1.0,3.0,1.0,1.0,1.0,1.0,1.0,4.0,1.0,1.0
19791,1.0,1.0,1.0,3.0,1.0,1.0,1.0,1.0,1.0,5.0,2.0,1.0
19792,1.0,1.0,1.0,3.0,1.0,1.0,1.0,1.0,1.0,5.0,2.0,1.0
19793,1.0,1.0,1.0,3.0,1.0,1.0,1.0,1.0,1.0,3.0,1.0,1.0
19794,1.0,1.0,1.0,3.0,1.0,1.0,1.0,1.0,1.0,3.0,1.0,1.0
19795,1.0,1.0,1.0,3.0,1.0,1.0,1.0,1.0,1.0,5.0,2.0,1.0
19796,1.0,1.0,1.0,3.0,1.0,1.0,1.0,1.0,1.0,3.0,1.0,1.0
19797,1.0,1.0,1.0,3.0,1.0,1.0,1.0,1.0,1.0,3.0,1.0,1.0
19798,1.0,1.0,1.0,3.0,1.0,1.0,1.0,1.0,1.0,4.0,1.0,1.0
19799,1.0,1.0,1.0,3.0,1.0,1.0,1.0,1.0,1.0,3.0,1.0,1.0
19800,1.0,1.0,1.0,3.0,1.0,1.0,1.0,1.0,1.0,5.0,2.0,1.0
19801,1.0,1.0,1.0,3.0,1.0,1.0,1.0,1.0,1.0,4.0,1.0,1.0
19802,1.0,1.0,1.0,3.0,1.0,1.0,1.0,1.0,1.0,4.0,1.0,1.0
19803,1.0,1.0,1.0,3.0,1.0,1.0,1.0,1.0,1.0,4.0,1.0,1.0
19804,1.0,1.0,1.0,3.0,1.0,1.0,1.0,1.0,1.0,4.0,1.0,1.0
19805,1.0,1.0,1.0,3.0,1.0,1.0,1.0,1.0,1.0,3.0,1.0,1.0
19806,1.0,1.0,1.0,3.0,1.0,1.0,1.0,1.0,1.0,4.0,1.0,1.0
19807,1.0,1.0,1.0,3.0,1.0,1.0,1.0,1.0,1.0,4.0,1.0,1.0
19808,1.0,1.0,1.0,3.0,1.0,1.0,1.0,1.0,1.0,4.0,1.0,1.0
19809,1.0,1.0,1.0,3.0,1.0,1.0,1.0,1.0,1.0,3.0,1.0,1.0
19810,1.0,1.0,1.0,3.0,1.0,1.0,1.0,1.0,1.0,3.0,1.0,1.0
19811,1.0,1.0,1.0,3.0,1.0,1.0,1.0,1.0,1.0,5.0,2.0,1.0
19812,1.0,1.0,1.0,3.0,1.0,1.0,1.0,1.0,1.0,4.0,1.0,1.0
19813,1.0,1.0,1.0,3.0,1.0,1.0,1.0,1.0,1.0,3.0,1.0,1.0
19814,1.0,1.0,1.0,3.0,1.0,1.0,1.0,1.0,1.0,5.0,2.0,1.0
19815,1.0,1.0,1.0,3.0,1.0,1.0,1.0,1.0,1.0,4.0,1.0,1.0
19816,1.0,1.0,1.0,3.0,1.0,1.0,1.0,1.0,1.0,4.0,1.0,1.0
19817,1.0,1.0,1.0,3.0,1.0,1.0,1.0,1.0,1.0,3.0,1.0,1.0
19818,1.0,1.0,1.0,3.0,1.0,1.0,1.0,1.0,1.0,3.0,1.0,1.0
19819,1.0,1.0,1.0,3.0,1.0,1.0,1.0,1.0,1.0,3.0,1.0,1.0
19820,1.0,1.0,1.0,3.0,1.0,1.0,1.0,1.0,1.0,3.0,1.0,1.0
19821,1.0,1.0,1.0,3.0,1.0,1.0,1.0,1.0,1.0,5.0,2.0,1.0
19822,1.0,1.0,1.0,3.0,1.0,1.0,1.0,1.0,1.0,3.0,1.0,1.0
19823,1.0,1.0,1.0,3.0,1.0,1.0,1.0,1.0,1.0,5.0,2.0,1.0
19824,1.0,1.0,1.0,3.0,1.0,1.0,1.0,1.0,1.0,3.0,1.0,1.0
19825,1.0,1.0,1.0,3.0,1.0,1.0,1.0,1.0,1.0,4.0,1.0,1.0
19826,1.0,1.0,1.0,3.0,1.0,1.0,1.0,1.0,1.0,4.0,1.0,1.0
19827,1.0,1.0,1.0,3.0,1.0,1.0,1.0,1.0,1.0,5.0,2.0,1.0
19828,1.0,1.0,1.0,3.0,1.0,1.0,1.0,1.0,1.0,3.0,1.0,1.0
19829,1.0,1.0,1.0,3.0,1.0,1.0,1.0,1.0,1.0,5.0,2.0,1.0
19830,1.0,1.0,1.0,3.0,1.0,1.0,1.0,1.0,1.0,3.0,1.0,1.0
19831,1.0,1.0,1.0,3.0,1.0,1.0,1.0,1.0,1.0,3.0,1.0,1.0
19832,1.0,1.0,1.0,3.0,1.0,1.0,1.0,1.0,1.0,5.0,2.0,1.0
19833,1.0,1.0,1.0,3.0,1.0,1.0,1.0,1.0,1.0,5.0,2.0,1.0
19834,1.0,1.0,1.0,3.0,1.0,1.0,1.0,1.0,1.0,5.0,2.0,1.0
19835,1.0,1.0,1.0,3.0,1.0,1.0,1.0,1.0,1.0,3.0,1.0,1.0
19836,1.0,1.0,1.0,3.0,1.0,1.0,1.0,1.0,1.0,5.0,2.0,1.0
19837,1.0,1.0,1.0,3.0,1.0,1.0,1.0,1.0,1.0,4.0,1.0,1.0
19838,1.0,1.0,1.0,3.0,1.0,1.0,1.0,1.0,1.0,4.0,1.0,1.0
19839,1.0,1.0,1.0,3.0,1.0,1.0,1.0,1.0,1.0,3.0,1.0,1.0
19840,1.0,1.0,1.0,3.0,1.0,1.0,1.0,1.0,1.0,3.0,1.0,1.0
19841,1.0,1.0,1.0,3.0,1.0,1.0,1.0,1.0,1.0,4.0,1.0,1.0
19842,1.0,1.0,1.0,3.0,1.0,1.0,1.0,1.0,1.0,5.0,2.0,1.0
19843,1.0,1.0,1.0,3.0,1.0,1.0,1.0,1.0,1.0,5.0,2.0,1.0
19844,1.0,1.0,1.0,3.0,1.0,1.0,1.0,1.0,1.0,3.0,1.0,1.0
19845,1.0,1.0,1.0,3.0,1.0,1.0,1.0,1.0,1.0,3.0,1.0,1.0
19846,1.0,1.0,1.0,3.0,1.0,1.0,1.0,1.0,1.0,5.0,2.0,1.0
19847,1.0,1.0,1.0,3.0,1.0,1.0,1.0,1.0,1.0,3.0,1.0,1.0
19848,1.0,1.0,1.0,3.0,1.0,1.0,1.0,1.0,1.0,5.0,2.0,1.0
19849,1.0,1.0,1.0,3.0,1.0,1.0,1.0,1.0,1.0,3.0,1.0,1.0
19850,1.0,1.0,1.0,3.0,1.0,1.0,1.0,1.0,1.0,3.0,1.0,1.0
19851,1.0,1.0,1.0,3.0,1.0,1.0,1.0,1.0,1.0,3.0,1.0,1.0
19852,1.0,1.0,1.0,3.0,1.0,1.0,1.0,1.0,1.0,3.0,1.0,1.0
19853,1.0,1.0,1.0,3.0,1.0,1.0,1.0,1.0,1.0,3.0,1.0,1.0
19854,1.0,1.0,1.0,3.0,1.0,1.0,1.0,1.0,1.0,4.0,1.0,1.0
19855,1.0,1.0,1.0,3.0,1.0,1.0,1.0,1.0,1.0,3.0,1.0,1.0
19856,1.0,1.0,1.0,3.0,1.0,1.0,1.0,1.0,1.0,4.0,1.0,1.0
19857,1.0,1.0,1.0,3.0,1.0,1.0,1.0,1.0,1.0,4.0,1.0,1.0
19858,1.0,1.0,1.0,3.0,1.0,1.0,1.0,1.0,1.0,3.0,1.0,1.0
19859,1.0,1.0,1.0,3.0,1.0,1.0,1.0,1.0,1.0,3.0,1.0,1.0
19860,1.0,1.0,1.0,3.0,1.0,1.0,1.0,1.0,1.0,3.0,1.0,1.0
19861,1.0,1.0,1.0,3.0,1.0,1.0,1.0,1.0,1.0,3.0,1.0,1.0
19862,1.0,1.0,1.0,3.0,1.0,1.0,1.0,1.0,1.0,3.0,1.0,1.0
19863,1.0,1.0,1.0,3.0,1.0,1.0,1.0,1.0,1.0,5.0,2.0,1.0
19864,1.0,1.0,1.0,3.0,1.0,1.0,1.0,1.0,1.0,3.0,1.0,1.0
19865,1.0,1.0,1.0,3.0,1.0,1.0,1.0,1.0,1.0,3.0,1.0,1.0
19866,1.0,1.0,1.0,3.0,1.0,1.0,1.0,1.0,1.0,4.0,1.0,1.0
19867,1.0,1.0,1.0,3.0,1.0,1.0,1.0,1.0,1.0,5.0,2.0,1.0
19868,1.0,1.0,1.0,3.0,1.0,1.0,1.0,1.0,1.0,5.0,2.0,1.0
19869,1.0,1.0,1.0,3.0,1.0,1.0,1.0,1.0,1.0,3.0,1.0,1.0
19870,1.0,1.0,1.0,3.0,1.0,1.0,1.0,1.0,1.0,5.0,2.0,1.0
19871,1.0,1.0,1.0,3.0,1.0,1.0,1.0,1.0,1.0,4.0,1.0,1.0
19872,1.0,1.0,1.0,3.0,1.0,1.0,1.0,1.0,1.0,3.0,1.0,1.0
19873,1.0,1.0,1.0,3.0,1.0,1.0,1.0,1.0,1.0,3.0,1.0,1.0
19874,1.0,1.0,1.0,3.0,1.0,1.0,1.0,1.0,1.0,3.0,1.0,1.0
19875,1.0,1.0,1.0,3.0,1.0,1.0,1.0,1.0,1.0,5.0,2.0,1.0
19876,1.0,1.0,1.0,3.0,1.0,1.0,1.0,1.0,1.0,4.0,1.0,1.0
19877,1.0,1.0,1.0,3.0,1.0,1.0,1.0,1.0,1.0,3.0,1.0,1.0
19878,1.0,1.0,1.0,3.0,1.0,1.0,1.0,1.0,1.0,5.0,2.0,1.0
19879,1.0,1.0,1.0,3.0,1.0,1.0,1.0,1.0,1.0,3.0,1.0,1.0
19880,1.0,1.0,1.0,3.0,1.0,1.0,1.0,1.0,1.0,5.0,2.0,1.0
19881,1.0,1.0,1.0,3.0,1.0,1.0,1.0,1.0,1.0,3.0,1.0,1.0
19882,1.0,1.0,1.0,3.0,1.0,1.0,1.0,1.0,1.0,4.0,1.0,1.0
19883,1.0,1.0,1.0,3.0,1.0,1.0,1.0,1.0,1.0,4.0,1.0,1.0
19884,1.0,1.0,1.0,3.0,1.0,1.0,1.0,1.0,1.0,5.0,2.0,1.0
19885,1.0,1.0,1.0,3.0,1.0,1.0,1.0,1.0,1.0,5.0,2.0,1.0
19886,1.0,1.0,1.0,3.0,1.0,1.0,1.0,1.0,1.0,4.0,1.0,1.0
19887,1.0,1.0,1.0,3.0,1.0,1.0,1.0,1.0,1.0,3.0,1.0,1.0
19888,1.0,1.0,1.0,3.0,1.0,1.0,1.0,1.0,1.0,5.0,2.0,1.0
19889,1.0,1.0,1.0,3.0,1.0,1.0,1.0,1.0,1.0,5.0,2.0,1.0
19890,1.0,1.0,1.0,3.0,1.0,1.0,1.0,1.0,1.0,5.0,2.0,1.0
19891,1.0,1.0,1.0,3.0,1.0,1.0,1.0,1.0,1.0,3.0,1.0,1.0
19892,1.0,1.0,1.0,3.0,1.0,1.0,1.0,1.0,1.0,5.0,2.0,1.0
19893,1.0,1.0,1.0,3.0,1.0,1.0,1.0,1.0,1.0,3.0,1.0,1.0
19894,1.0,1.0,1.0,3.0,1.0,1.0,1.0,1.0,1.0,3.0,1.0,1.0
19895,1.0,1.0,1.0,3.0,1.0,1.0,1.0,1.0,1.0,3.0,1.0,1.0
19896,1.0,1.0,1.0,3.0,1.0,1.0,1.0,1.0,1.0,4.0,1.0,1.0
19897,1.0,1.0,1.0,3.0,1.0,1.0,1.0,1.0,1.0,3.0,1.0,1.0
19898,1.0,1.0,1.0,3.0,1.0,1.0,1.0,1.0,1.0,3.0,1.0,1.0
19899,1.0,1.0,1.0,3.0,1.0,1.0,1.0,1.0,1.0,5.0,2.0,1.0
19900,1.0,1.0,1.0,3.0,1.0,1.0,1.0,1.0,1.0,4.0,1.0,1.0
19901,1.0,1.0,1.0,3.0,1.0,1.0,1.0,1.0,1.0,5.0,2.0,1.0
19902,1.0,1.0,1.0,3.0,1.0,1.0,1.0,1.0,1.0,5.0,2.0,1.0
19903,1.0,1.0,1.0,3.0,1.0,1.0,1.0,1.0,1.0,3.0,1.0,1.0
19904,1.0,1.0,1.0,3.0,1.0,1.0,1.0,1.0,1.0,5.0,2.0,1.0
19905,1.0,1.0,1.0,3.0,1.0,1.0,1.0,1.0,1.0,4.0,1.0,1.0
19906,1.0,1.0,1.0,3.0,1.0,1.0,1.0,1.0,1.0,5.0,2.0,1.0
19907,1.0,1.0,1.0,3.0,1.0,1.0,1.0,1.0,1.0,3.0,1.0,1.0
19908,1.0,1.0,1.0,3.0,1.0,1.0,1.0,1.0,1.0,3.0,1.0,1.0
19909,1.0,1.0,1.0,3.0,1.0,1.0,1.0,1.0,1.0,3.0,1.0,1.0
19910,1.0,1.0,1.0,3.0,1.0,1.0,1.0,1.0,1.0,3.0,1.0,1.0
19911,1.0,1.0,1.0,3.0,1.0,1.0,1.0,1.0,1.0,3.0,1.0,1.0
19912,1.0,1.0,1.0,3.0,1.0,1.0,1.0,1.0,1.0,3.0,1.0,1.0
19913,1.0,1.0,1.0,3.0,1.0,1.0,1.0,1.0,1.0,3.0,1.0,1.0
19914,1.0,1.0,1.0,3.0,1.0,1.0,1.0,1.0,1.0,3.0,1.0,1.0
19915,1.0,1.0,1.0,3.0,1.0,1.0,1.0,1.0,1.0,5.0,2.0,1.0
19916,1.0,1.0,1.0,3.0,1.0,1.0,1.0,1.0,1.0,5.0,2.0,1.0
19917,1.0,1.0,1.0,3.0,1.0,1.0,1.0,1.0,1.0,3.0,1.0,1.0
19918,1.0,1.0,1.0,3.0,1.0,1.0,1.0,1.0,1.0,3.0,1.0,1.0
19919,1.0,1.0,1.0,3.0,1.0,1.0,1.0,1.0,1.0,3.0,1.0,1.0
19920,1.0,1.0,1.0,3.0,1.0,1.0,1.0,1.0,1.0,5.0,2.0,1.0
19921,1.0,1.0,1.0,3.0,1.0,1.0,1.0,1.0,1.0,4.0,1.0,1.0
19922,1.0,1.0,1.0,3.0,1.0,1.0,1.0,1.0,1.0,5.0,2.0,1.0
19923,1.0,1.0,1.0,3.0,1.0,1.0,1.0,1.0,1.0,4.0,1.0,1.0
19924,1.0,1.0,1.0,3.0,1.0,1.0,1.0,1.0,1.0,5.0,2.0,1.0
19925,1.0,1.0,1.0,3.0,1.0,1.0,1.0,1.0,1.0,5.0,2.0,1.0
19926,1.0,1.0,1.0,3.0,1.0,1.0,1.0,1.0,1.0,3.0,1.0,1.0
19927,1.0,1.0,1.0,3.0,1.0,1.0,1.0,1.0,1.0,3.0,1.0,1.0
19928,1.0,1.0,1.0,3.0,1.0,1.0,1.0,1.0,1.0,5.0,2.0,1.0
19929,1.0,1.0,1.0,3.0,1.0,1.0,1.0,1.0,1.0,5.0,2.0,1.0
19930,1.0,1.0,1.0,3.0,1.0,1.0,1.0,1.0,1.0,3.0,1.0,1.0
19931,1.0,1.0,1.0,3.0,1.0,1.0,1.0,1.0,1.0,4.0,1.0,1.0
19932,1.0,1.0,1.0,3.0,1.0,1.0,1.0,1.0,1.0,3.0,1.0,1.0
19933,1.0,1.0,1.0,3.0,1.0,1.0,1.0,1.0,1.0,3.0,1.0,1.0
19934,1.0,1.0,1.0,3.0,1.0,1.0,1.0,1.0,1.0,3.0,1.0,1.0
19935,1.0,1.0,1.0,3.0,1.0,1.0,1.0,1.0,1.0,3.0,1.0,1.0
19936,1.0,1.0,1.0,3.0,1.0,1.0,1.0,1.0,1.0,5.0,2.0,1.0
19937,1.0,1.0,1.0,3.0,1.0,1.0,1.0,1.0,1.0,3.0,1.0,1.0
19938,1.0,1.0,1.0,3.0,1.0,1.0,1.0,1.0,1.0,5.0,2.0,1.0
19939,1.0,1.0,1.0,3.0,1.0,1.0,1.0,1.0,1.0,3.0,1.0,1.0
19940,1.0,1.0,1.0,3.0,1.0,1.0,1.0,1.0,1.0,5.0,2.0,1.0
19941,1.0,1.0,1.0,3.0,1.0,1.0,1.0,1.0,1.0,3.0,1.0,1.0
19942,1.0,1.0,1.0,3.0,1.0,1.0,1.0,1.0,1.0,3.0,1.0,1.0
19943,1.0,1.0,1.0,3.0,1.0,1.0,1.0,1.0,1.0,5.0,2.0,1.0
19944,1.0,1.0,1.0,3.0,1.0,1.0,1.0,1.0,1.0,3.0,1.0,1.0
19945,1.0,1.0,1.0,3.0,1.0,1.0,1.0,1.0,1.0,3.0,1.0,1.0
19946,1.0,1.0,1.0,3.0,1.0,1.0,1.0,1.0,1.0,3.0,1.0,1.0
19947,1.0,1.0,1.0,3.0,1.0,1.0,1.0,1.0,1.0,3.0,1.0,1.0
19948,1.0,1.0,1.0,3.0,1.0,1.0,1.0,1.0,1.0,3.0,1.0,1.0
19949,1.0,1.0,1.0,3.0,1.0,1.0,1.0,1.0,1.0,3.0,1.0,1.0
19950,1.0,1.0,1.0,3.0,1.0,1.0,1.0,1.0,1.0,4.0,1.0,1.0
19951,1.0,1.0,1.0,3.0,1.0,1.0,1.0,1.0,1.0,4.0,1.0,1.0
19952,1.0,1.0,1.0,3.0,1.0,1.0,1.0,1.0,1.0,5.0,2.0,1.0
19953,1.0,1.0,1.0,3.0,1.0,1.0,1.0,1.0,1.0,3.0,1.0,1.0
19954,1.0,1.0,1.0,3.0,1.0,1.0,1.0,1.0,1.0,5.0,2.0,1.0
19955,1.0,1.0,1.0,3.0,1.0,1.0,1.0,1.0,1.0,3.0,1.0,1.0
19956,1.0,1.0,1.0,3.0,1.0,1.0,1.0,1.0,1.0,4.0,1.0,1.0
19957,1.0,1.0,1.0,3.0,1.0,1.0,1.0,1.0,1.0,3.0,1.0,1.0
19958,1.0,1.0,1.0,3.0,1.0,1.0,1.0,1.0,1.0,3.0,1.0,1.0
19959,1.0,1.0,1.0,3.0,1.0,1.0,1.0,1.0,1.0,5.0,2.0,1.0
19960,1.0,1.0,1.0,3.0,1.0,1.0,1.0,1.0,1.0,3.0,1.0,1.0
19961,1.0,1.0,1.0,3.0,1.0,1.0,1.0,1.0,1.0,3.0,1.0,1.0
19962,1.0,1.0,1.0,3.0,1.0,1.0,1.0,1.0,1.0,4.0,1.0,1.0
19963,1.0,1.0,1.0,3.0,1.0,1.0,1.0,1.0,1.0,4.0,1.0,1.0
19964,1.0,1.0,1.0,3.0,1.0,1.0,1.0,1.0,1.0,4.0,1.0,1.0
19965,1.0,1.0,1.0,3.0,1.0,1.0,1.0,1.0,1.0,3.0,1.0,1.0
19966,1.0,1.0,1.0,3.0,1.0,1.0,1.0,1.0,1.0,3.0,1.0,1.0
19967,1.0,1.0,1.0,3.0,1.0,1.0,1.0,1.0,1.0,5.0,2.0,1.0
19968,1.0,1.0,1.0,3.0,1.0,1.0,1.0,1.0,1.0,3.0,1.0,1.0
19969,1.0,1.0,1.0,3.0,1.0,1.0,1.0,1.0,1.0,5.0,2.0,1.0
19970,1.0,1.0,1.0,3.0,1.0,1.0,1.0,1.0,1.0,5.0,2.0,1.0
19971,1.0,1.0,1.0,3.0,1.0,1.0,1.0,1.0,1.0,3.0,1.0,1.0
19972,1.0,1.0,1.0,3.0,1.0,1.0,1.0,1.0,1.0,3.0,1.0,1.0
19973,1.0,1.0,1.0,3.0,1.0,1.0,1.0,1.0,1.0,3.0,1.0,1.0
19974,1.0,1.0,1.0,3.0,1.0,1.0,1.0,1.0,1.0,3.0,1.0,1.0
19975,1.0,1.0,1.0,3.0,1.0,1.0,1.0,1.0,1.0,3.0,1.0,1.0
19976,1.0,1.0,1.0,3.0,1.0,1.0,1.0,1.0,1.0,3.0,1.0,1.0
19977,1.0,1.0,1.0,3.0,1.0,1.0,1.0,1.0,1.0,4.0,1.0,1.0
19978,1.0,1.0,1.0,3.0,1.0,1.0,1.0,1.0,1.0,3.0,1.0,1.0
19979,1.0,1.0,1.0,3.0,1.0,1.0,1.0,1.0,1.0,4.0,1.0,1.0
19980,1.0,1.0,1.0,3.0,1.0,1.0,1.0,1.0,1.0,3.0,1.0,1.0
19981,1.0,1.0,1.0,3.0,1.0,1.0,1.0,1.0,1.0,4.0,1.0,1.0
19982,1.0,1.0,1.0,3.0,1.0,1.0,1.0,1.0,1.0,5.0,2.0,1.0
19983,1.0,1.0,1.0,3.0,1.0,1.0,1.0,1.0,1.0,5.0,2.0,1.0
19984,1.0,1.0,1.0,3.0,1.0,1.0,1.0,1.0,1.0,5.0,2.0,1.0
19985,1.0,1.0,1.0,3.0,1.0,1.0,1.0,1.0,1.0,5.0,2.0,1.0
19986,1.0,1.0,1.0,3.0,1.0,1.0,1.0,1.0,1.0,3.0,1.0,1.0
19987,1.0,1.0,1.0,3.0,1.0,1.0,1.0,1.0,1.0,3.0,1.0,1.0
19988,1.0,1.0,1.0,3.0,1.0,1.0,1.0,1.0,1.0,3.0,1.0,1.0
19989,1.0,1.0,1.0,3.0,1.0,1.0,1.0,1.0,1.0,5.0,2.0,1.0
19990,1.0,1.0,1.0,3.0,1.0,1.0,1.0,1.0,1.0,5.0,2.0,1.0
19991,1.0,1.0,1.0,3.0,1.0,1.0,1.0,1.0,1.0,5.0,2.0,1.0
19992,1.0,1.0,1.0,3.0,1.0,1.0,1.0,1.0,1.0,3.0,1.0,1.0
19993,1.0,1.0,1.0,3.0,1.0,1.0,1.0,1.0,1.0,5.0,2.0,1.0
19994,1.0,1.0,1.0,3.0,1.0,1.0,1.0,1.0,1.0,3.0,1.0,1.0
19995,1.0,1.0,1.0,3.0,1.0,1.0,1.0,1.0,1.0,5.0,2.0,1.0
19996,1.0,1.0,1.0,3.0,1.0,1.0,1.0,1.0,1.0,3.0,1.0,1.0
19997,1.0,1.0,1.0,3.0,1.0,1.0,1.0,1.0,1.0,3.0,1.0,1.0
19998,1.0,1.0,1.0,3.0,1.0,1.0,1.0,1.0,1.0,4.0,1.0,1.0
19999,1.0,1.0,1.0,3.0,1.0,1.0,1.0,1.0,1.0,4.0,1.0,1.0
20000,1.0,1.0,1.0,3.0,1.0,1.0,1.0,1.0,1.0,5.0,2.0,1.0
20001,1.0,1.0,1.0,3.0,1.0,1.0,1.0,1.0,1.0,5.0,2.0,1.0
20002,1.0,1.0,1.0,3.0,1.0,1.0,1.0,1.0,1.0,3.0,1.0,1.0
20003,1.0,1.0,1.0,3.0,1.0,1.0,1.0,1.0,1.0,3.0,1.0,1.0
20004,1.0,1.0,1.0,3.0,1.0,1.0,1.0,1.0,1.0,4.0,1.0,1.0
20005,1.0,1.0,1.0,3.0,1.0,1.0,1.0,1.0,1.0,5.0,2.0,1.0
20006,1.0,1.0,1.0,3.0,1.0,1.0,1.0,1.0,1.0,3.0,1.0,1.0
20007,1.0,1.0,1.0,3.0,1.0,1.0,1.0,1.0,1.0,3.0,1.0,1.0
20008,1.0,1.0,1.0,3.0,1.0,1.0,1.0,1.0,1.0,4.0,1.0,1.0
20009,1.0,1.0,1.0,3.0,1.0,1.0,1.0,1.0,1.0,5.0,2.0,1.0
20010,1.0,1.0,1.0,3.0,1.0,1.0,1.0,1.0,1.0,3.0,1.0,1.0
20011,1.0,1.0,1.0,3.0,1.0,1.0,1.0,1.0,1.0,5.0,2.0,1.0
20012,1.0,1.0,1.0,3.0,1.0,1.0,1.0,1.0,1.0,3.0,1.0,1.0
20013,1.0,1.0,1.0,3.0,1.0,1.0,1.0,1.0,1.0,3.0,1.0,1.0
20014,1.0,1.0,1.0,3.0,1.0,1.0,1.0,1.0,1.0,3.0,1.0,1.0
20015,1.0,1.0,1.0,3.0,1.0,1.0,1.0,1.0,1.0,3.0,1.0,1.0
20016,1.0,1.0,1.0,3.0,1.0,1.0,1.0,1.0,1.0,4.0,1.0,1.0
20017,1.0,1.0,1.0,3.0,1.0,1.0,1.0,1.0,1.0,3.0,1.0,1.0
20018,1.0,1.0,1.0,3.0,1.0,1.0,1.0,1.0,1.0,3.0,1.0,1.0
20019,1.0,1.0,1.0,3.0,1.0,1.0,1.0,1.0,1.0,3.0,1.0,1.0
20020,1.0,1.0,1.0,3.0,1.0,1.0,1.0,1.0,1.0,4.0,1.0,1.0
20021,1.0,1.0,1.0,3.0,1.0,1.0,1.0,1.0,1.0,3.0,1.0,1.0
20022,1.0,1.0,1.0,3.0,1.0,1.0,1.0,1.0,1.0,5.0,2.0,1.0
20023,1.0,1.0,1.0,3.0,1.0,1.0,1.0,1.0,1.0,5.0,2.0,1.0
20024,1.0,1.0,1.0,3.0,1.0,1.0,1.0,1.0,1.0,3.0,1.0,1.0
20025,1.0,1.0,1.0,3.0,1.0,1.0,1.0,1.0,1.0,4.0,1.0,1.0
20026,1.0,1.0,1.0,3.0,1.0,1.0,1.0,1.0,1.0,3.0,1.0,1.0
20027,1.0,1.0,1.0,3.0,1.0,1.0,1.0,1.0,1.0,5.0,2.0,1.0
20028,1.0,1.0,1.0,3.0,1.0,1.0,1.0,1.0,1.0,4.0,1.0,1.0
20029,1.0,1.0,1.0,3.0,1.0,1.0,1.0,1.0,1.0,3.0,1.0,1.0
20030,1.0,1.0,1.0,3.0,1.0,1.0,1.0,1.0,1.0,4.0,1.0,1.0
20031,1.0,1.0,1.0,3.0,1.0,1.0,1.0,1.0,1.0,3.0,1.0,1.0
20032,1.0,1.0,1.0,3.0,1.0,1.0,1.0,1.0,1.0,4.0,1.0,1.0
20033,1.0,1.0,1.0,3.0,1.0,1.0,1.0,1.0,1.0,4.0,1.0,1.0
20034,1.0,1.0,1.0,3.0,1.0,1.0,1.0,1.0,1.0,3.0,1.0,1.0
20035,1.0,1.0,1.0,3.0,1.0,1.0,1.0,1.0,1.0,4.0,1.0,1.0
20036,1.0,1.0,1.0,3.0,1.0,1.0,1.0,1.0,1.0,4.0,1.0,1.0
20037,1.0,1.0,1.0,3.0,1.0,1.0,1.0,1.0,1.0,4.0,1.0,1.0
20038,1.0,1.0,1.0,3.0,1.0,1.0,1.0,1.0,1.0,5.0,2.0,1.0
20039,1.0,1.0,1.0,3.0,1.0,1.0,1.0,1.0,1.0,3.0,1.0,1.0
20040,1.0,1.0,1.0,3.0,1.0,1.0,1.0,1.0,1.0,3.0,1.0,1.0
20041,1.0,1.0,1.0,3.0,1.0,1.0,1.0,1.0,1.0,3.0,1.0,1.0
20042,1.0,1.0,1.0,3.0,1.0,1.0,1.0,1.0,1.0,3.0,1.0,1.0
20043,1.0,1.0,1.0,3.0,1.0,1.0,1.0,1.0,1.0,3.0,1.0,1.0
20044,1.0,1.0,1.0,3.0,1.0,1.0,1.0,1.0,1.0,3.0,1.0,1.0
20045,1.0,1.0,1.0,3.0,1.0,1.0,1.0,1.0,1.0,3.0,1.0,1.0
20046,1.0,1.0,1.0,3.0,1.0,1.0,1.0,1.0,1.0,3.0,1.0,1.0
20047,1.0,1.0,1.0,3.0,1.0,1.0,1.0,1.0,1.0,3.0,1.0,1.0
20048,1.0,1.0,1.0,3.0,1.0,1.0,1.0,1.0,1.0,4.0,1.0,1.0
20049,1.0,1.0,1.0,3.0,1.0,1.0,1.0,1.0,1.0,3.0,1.0,1.0
20050,1.0,1.0,1.0,3.0,1.0,1.0,1.0,1.0,1.0,3.0,1.0,1.0
20051,1.0,1.0,1.0,3.0,1.0,1.0,1.0,1.0,1.0,4.0,1.0,1.0
20052,1.0,1.0,1.0,3.0,1.0,1.0,1.0,1.0,1.0,4.0,1.0,1.0
20053,1.0,1.0,1.0,3.0,1.0,1.0,1.0,1.0,1.0,3.0,1.0,1.0
20054,1.0,1.0,1.0,3.0,1.0,1.0,1.0,1.0,1.0,3.0,1.0,1.0
20055,1.0,1.0,1.0,3.0,1.0,1.0,1.0,1.0,1.0,5.0,2.0,1.0
20056,1.0,1.0,1.0,3.0,1.0,1.0,1.0,1.0,1.0,3.0,1.0,1.0
20057,1.0,1.0,1.0,3.0,1.0,1.0,1.0,1.0,1.0,3.0,1.0,1.0
20058,1.0,1.0,1.0,3.0,1.0,1.0,1.0,1.0,1.0,3.0,1.0,1.0
20059,1.0,1.0,1.0,3.0,1.0,1.0,1.0,1.0,1.0,3.0,1.0,1.0
20060,1.0,1.0,1.0,3.0,1.0,1.0,1.0,1.0,1.0,3.0,1.0,1.0
20061,1.0,1.0,1.0,3.0,1.0,1.0,1.0,1.0,1.0,3.0,1.0,1.0
20062,1.0,1.0,1.0,3.0,1.0,1.0,1.0,1.0,1.0,5.0,2.0,1.0
20063,1.0,1.0,1.0,3.0,1.0,1.0,1.0,1.0,1.0,3.0,1.0,1.0
20064,1.0,1.0,1.0,3.0,1.0,1.0,1.0,1.0,1.0,5.0,2.0,1.0
20065,1.0,1.0,1.0,3.0,1.0,1.0,1.0,1.0,1.0,3.0,1.0,1.0
20066,1.0,1.0,1.0,3.0,1.0,1.0,1.0,1.0,1.0,3.0,1.0,1.0
20067,1.0,1.0,1.0,3.0,1.0,1.0,1.0,1.0,1.0,5.0,2.0,1.0
20068,1.0,1.0,1.0,3.0,1.0,1.0,1.0,1.0,1.0,3.0,1.0,1.0
20069,1.0,1.0,1.0,3.0,1.0,1.0,1.0,1.0,1.0,4.0,1.0,1.0
20070,1.0,1.0,1.0,3.0,1.0,1.0,1.0,1.0,1.0,5.0,2.0,1.0
20071,1.0,1.0,1.0,3.0,1.0,1.0,1.0,1.0,1.0,5.0,2.0,1.0
20072,1.0,1.0,1.0,3.0,1.0,1.0,1.0,1.0,1.0,3.0,1.0,1.0
20073,1.0,1.0,1.0,3.0,1.0,1.0,1.0,1.0,1.0,3.0,1.0,1.0
20074,1.0,1.0,1.0,3.0,1.0,1.0,1.0,1.0,1.0,4.0,1.0,1.0
20075,1.0,1.0,1.0,3.0,1.0,1.0,1.0,1.0,1.0,5.0,2.0,1.0
20076,1.0,1.0,1.0,3.0,1.0,1.0,1.0,1.0,1.0,3.0,1.0,1.0
20077,1.0,1.0,1.0,3.0,1.0,1.0,1.0,1.0,1.0,3.0,1.0,1.0
20078,1.0,1.0,1.0,3.0,1.0,1.0,1.0,1.0,1.0,3.0,1.0,1.0
20079,1.0,1.0,1.0,3.0,1.0,1.0,1.0,1.0,1.0,3.0,1.0,1.0
20080,1.0,1.0,1.0,3.0,1.0,1.0,1.0,1.0,1.0,4.0,1.0,1.0
20081,1.0,1.0,1.0,3.0,1.0,1.0,1.0,1.0,1.0,3.0,1.0,1.0
20082,1.0,1.0,1.0,3.0,1.0,1.0,1.0,1.0,1.0,3.0,1.0,1.0
20083,1.0,1.0,1.0,3.0,1.0,1.0,1.0,1.0,1.0,3.0,1.0,1.0
20084,1.0,1.0,1.0,3.0,1.0,1.0,1.0,1.0,1.0,3.0,1.0,1.0
20085,1.0,1.0,1.0,3.0,1.0,1.0,1.0,1.0,1.0,3.0,1.0,1.0
20086,1.0,1.0,1.0,3.0,1.0,1.0,1.0,1.0,1.0,5.0,2.0,1.0
20087,1.0,1.0,1.0,3.0,1.0,1.0,1.0,1.0,1.0,3.0,1.0,1.0
20088,1.0,1.0,1.0,3.0,1.0,1.0,1.0,1.0,1.0,5.0,2.0,1.0
20089,1.0,1.0,1.0,3.0,1.0,1.0,1.0,1.0,1.0,3.0,1.0,1.0
20090,1.0,1.0,1.0,3.0,1.0,1.0,1.0,1.0,1.0,3.0,1.0,1.0
20091,1.0,1.0,1.0,3.0,1.0,1.0,1.0,1.0,1.0,3.0,1.0,1.0
20092,1.0,1.0,1.0,3.0,1.0,1.0,1.0,1.0,1.0,4.0,1.0,1.0
20093,1.0,1.0,1.0,3.0,1.0,1.0,1.0,1.0,1.0,5.0,2.0,1.0
20094,1.0,1.0,1.0,3.0,1.0,1.0,1.0,1.0,1.0,5.0,2.0,1.0
20095,1.0,1.0,1.0,3.0,1.0,1.0,1.0,1.0,1.0,5.0,2.0,1.0
20096,1.0,1.0,1.0,3.0,1.0,1.0,1.0,1.0,1.0,5.0,2.0,1.0
20097,1.0,1.0,1.0,3.0,1.0,1.0,1.0,1.0,1.0,4.0,1.0,1.0
20098,1.0,1.0,1.0,3.0,1.0,1.0,1.0,1.0,1.0,5.0,2.0,1.0
20099,1.0,1.0,1.0,3.0,1.0,1.0,1.0,1.0,1.0,3.0,1.0,1.0
20100,1.0,1.0,1.0,3.0,1.0,1.0,1.0,1.0,1.0,3.0,1.0,1.0
20101,1.0,1.0,1.0,3.0,1.0,1.0,1.0,1.0,1.0,4.0,1.0,1.0
20102,1.0,1.0,1.0,3.0,1.0,1.0,1.0,1.0,1.0,4.0,1.0,1.0
20103,1.0,1.0,1.0,3.0,1.0,1.0,1.0,1.0,1.0,3.0,1.0,1.0
20104,1.0,1.0,1.0,3.0,1.0,1.0,1.0,1.0,1.0,4.0,1.0,1.0
20105,1.0,1.0,1.0,3.0,1.0,1.0,1.0,1.0,1.0,3.0,1.0,1.0
20106,1.0,1.0,1.0,3.0,1.0,1.0,1.0,1.0,1.0,3.0,1.0,1.0
20107,1.0,1.0,1.0,3.0,1.0,1.0,1.0,1.0,1.0,5.0,2.0,1.0
20108,1.0,1.0,1.0,3.0,1.0,1.0,1.0,1.0,1.0,5.0,2.0,1.0
20109,1.0,1.0,1.0,3.0,1.0,1.0,1.0,1.0,1.0,4.0,1.0,1.0
20110,1.0,1.0,1.0,3.0,1.0,1.0,1.0,1.0,1.0,3.0,1.0,1.0
20111,1.0,1.0,1.0,3.0,1.0,1.0,1.0,1.0,1.0,3.0,1.0,1.0
20112,1.0,1.0,1.0,3.0,1.0,1.0,1.0,1.0,1.0,4.0,1.0,1.0
20113,1.0,1.0,1.0,3.0,1.0,1.0,1.0,1.0,1.0,3.0,1.0,1.0
20114,1.0,1.0,1.0,3.0,1.0,1.0,1.0,1.0,1.0,3.0,1.0,1.0
20115,1.0,1.0,1.0,3.0,1.0,1.0,1.0,1.0,1.0,4.0,1.0,1.0
20116,1.0,1.0,1.0,3.0,1.0,1.0,1.0,1.0,1.0,5.0,2.0,1.0
20117,1.0,1.0,1.0,3.0,1.0,1.0,1.0,1.0,1.0,5.0,2.0,1.0
20118,1.0,1.0,1.0,3.0,1.0,1.0,1.0,1.0,1.0,3.0,1.0,1.0
20119,1.0,1.0,1.0,3.0,1.0,1.0,1.0,1.0,1.0,4.0,1.0,1.0
20120,1.0,1.0,1.0,3.0,1.0,1.0,1.0,1.0,1.0,3.0,1.0,1.0
20121,1.0,1.0,1.0,3.0,1.0,1.0,1.0,1.0,1.0,3.0,1.0,1.0
20122,1.0,1.0,1.0,3.0,1.0,1.0,1.0,1.0,1.0,3.0,1.0,1.0
20123,1.0,1.0,1.0,3.0,1.0,1.0,1.0,1.0,1.0,4.0,1.0,1.0
20124,1.0,1.0,1.0,3.0,1.0,1.0,1.0,1.0,1.0,5.0,2.0,1.0
20125,1.0,1.0,1.0,3.0,1.0,1.0,1.0,1.0,1.0,3.0,1.0,1.0
20126,1.0,1.0,1.0,3.0,1.0,1.0,1.0,1.0,1.0,3.0,1.0,1.0
20127,1.0,1.0,1.0,3.0,1.0,1.0,1.0,1.0,1.0,3.0,1.0,1.0
20128,1.0,1.0,1.0,3.0,1.0,1.0,1.0,1.0,1.0,3.0,1.0,1.0
20129,1.0,1.0,1.0,3.0,1.0,1.0,1.0,1.0,1.0,5.0,2.0,1.0
20130,1.0,1.0,1.0,3.0,1.0,1.0,1.0,1.0,1.0,3.0,1.0,1.0
20131,1.0,1.0,1.0,3.0,1.0,1.0,1.0,1.0,1.0,5.0,2.0,1.0
20132,1.0,1.0,1.0,3.0,1.0,1.0,1.0,1.0,1.0,3.0,1.0,1.0
20133,1.0,1.0,1.0,3.0,1.0,1.0,1.0,1.0,1.0,3.0,1.0,1.0
20134,1.0,1.0,1.0,3.0,1.0,1.0,1.0,1.0,1.0,3.0,1.0,1.0
20135,1.0,1.0,1.0,3.0,1.0,1.0,1.0,1.0,1.0,4.0,1.0,1.0
20136,1.0,1.0,1.0,3.0,1.0,1.0,1.0,1.0,1.0,4.0,1.0,1.0
20137,1.0,1.0,1.0,3.0,1.0,1.0,1.0,1.0,1.0,5.0,2.0,1.0
20138,1.0,1.0,1.0,3.0,1.0,1.0,1.0,1.0,1.0,3.0,1.0,1.0
20139,1.0,1.0,1.0,3.0,1.0,1.0,1.0,1.0,1.0,3.0,1.0,1.0
20140,1.0,1.0,1.0,3.0,1.0,1.0,1.0,1.0,1.0,3.0,1.0,1.0
20141,1.0,1.0,1.0,3.0,1.0,1.0,1.0,1.0,1.0,5.0,2.0,1.0
20142,1.0,1.0,1.0,3.0,1.0,1.0,1.0,1.0,1.0,5.0,2.0,1.0
20143,1.0,1.0,1.0,3.0,1.0,1.0,1.0,1.0,1.0,3.0,1.0,1.0
20144,1.0,1.0,1.0,3.0,1.0,1.0,1.0,1.0,1.0,3.0,1.0,1.0
20145,1.0,1.0,1.0,3.0,1.0,1.0,1.0,1.0,1.0,3.0,1.0,1.0
20146,1.0,1.0,1.0,3.0,1.0,1.0,1.0,1.0,1.0,4.0,1.0,1.0
20147,1.0,1.0,1.0,3.0,1.0,1.0,1.0,1.0,1.0,5.0,2.0,1.0
20148,1.0,1.0,1.0,3.0,1.0,1.0,1.0,1.0,1.0,3.0,1.0,1.0
20149,1.0,1.0,1.0,3.0,1.0,1.0,1.0,1.0,1.0,3.0,1.0,1.0
20150,1.0,1.0,1.0,3.0,1.0,1.0,1.0,1.0,1.0,4.0,1.0,1.0
20151,1.0,1.0,1.0,3.0,1.0,1.0,1.0,1.0,1.0,3.0,1.0,1.0
20152,1.0,1.0,1.0,3.0,1.0,1.0,1.0,1.0,1.0,5.0,2.0,1.0
20153,1.0,1.0,1.0,3.0,1.0,1.0,1.0,1.0,1.0,3.0,1.0,1.0
20154,1.0,1.0,1.0,3.0,1.0,1.0,1.0,1.0,1.0,3.0,1.0,1.0
20155,1.0,1.0,1.0,3.0,1.0,1.0,1.0,1.0,1.0,3.0,1.0,1.0
20156,1.0,1.0,1.0,3.0,1.0,1.0,1.0,1.0,1.0,4.0,1.0,1.0
20157,1.0,1.0,1.0,3.0,1.0,1.0,1.0,1.0,1.0,3.0,1.0,1.0
20158,1.0,1.0,1.0,3.0,1.0,1.0,1.0,1.0,1.0,3.0,1.0,1.0
20159,1.0,1.0,1.0,3.0,1.0,1.0,1.0,1.0,1.0,3.0,1.0,1.0
20160,1.0,1.0,1.0,3.0,1.0,1.0,1.0,1.0,1.0,3.0,1.0,1.0
20161,1.0,1.0,1.0,3.0,1.0,1.0,1.0,1.0,1.0,5.0,2.0,1.0
20162,1.0,1.0,1.0,3.0,1.0,1.0,1.0,1.0,1.0,4.0,1.0,1.0
20163,1.0,1.0,1.0,3.0,1.0,1.0,1.0,1.0,1.0,3.0,1.0,1.0
20164,1.0,1.0,1.0,3.0,1.0,1.0,1.0,1.0,1.0,3.0,1.0,1.0
20165,1.0,1.0,1.0,3.0,1.0,1.0,1.0,1.0,1.0,5.0,2.0,1.0
20166,1.0,1.0,1.0,3.0,1.0,1.0,1.0,1.0,1.0,4.0,1.0,1.0
20167,1.0,1.0,1.0,3.0,1.0,1.0,1.0,1.0,1.0,3.0,1.0,1.0
20168,1.0,1.0,1.0,3.0,1.0,1.0,1.0,1.0,1.0,5.0,2.0,1.0
20169,1.0,1.0,1.0,3.0,1.0,1.0,1.0,1.0,1.0,5.0,2.0,1.0
20170,1.0,1.0,1.0,3.0,1.0,1.0,1.0,1.0,1.0,4.0,1.0,1.0
20171,1.0,1.0,1.0,3.0,1.0,1.0,1.0,1.0,1.0,3.0,1.0,1.0
20172,1.0,1.0,1.0,3.0,1.0,1.0,1.0,1.0,1.0,3.0,1.0,1.0
20173,1.0,1.0,1.0,3.0,1.0,1.0,1.0,1.0,1.0,3.0,1.0,1.0
20174,1.0,1.0,1.0,3.0,1.0,1.0,1.0,1.0,1.0,3.0,1.0,1.0
20175,1.0,1.0,1.0,3.0,1.0,1.0,1.0,1.0,1.0,5.0,2.0,1.0
20176,1.0,1.0,1.0,3.0,1.0,1.0,1.0,1.0,1.0,3.0,1.0,1.0
20177,1.0,1.0,1.0,3.0,1.0,1.0,1.0,1.0,1.0,3.0,1.0,1.0
20178,1.0,1.0,1.0,3.0,1.0,1.0,1.0,1.0,1.0,3.0,1.0,1.0
20179,1.0,1.0,1.0,3.0,1.0,1.0,1.0,1.0,1.0,5.0,2.0,1.0
20180,1.0,1.0,1.0,3.0,1.0,1.0,1.0,1.0,1.0,3.0,1.0,1.0
20181,1.0,1.0,1.0,3.0,1.0,1.0,1.0,1.0,1.0,4.0,1.0,1.0
20182,1.0,1.0,1.0,3.0,1.0,1.0,1.0,1.0,1.0,4.0,1.0,1.0
20183,1.0,1.0,1.0,3.0,1.0,1.0,1.0,1.0,1.0,5.0,2.0,1.0
20184,1.0,1.0,1.0,3.0,1.0,1.0,1.0,1.0,1.0,3.0,1.0,1.0
20185,1.0,1.0,1.0,3.0,1.0,1.0,1.0,1.0,1.0,4.0,1.0,1.0
20186,1.0,1.0,1.0,3.0,1.0,1.0,1.0,1.0,1.0,4.0,1.0,1.0
20187,1.0,1.0,1.0,3.0,1.0,1.0,1.0,1.0,1.0,5.0,2.0,1.0
20188,1.0,1.0,1.0,3.0,1.0,1.0,1.0,1.0,1.0,3.0,1.0,1.0
20189,1.0,1.0,1.0,3.0,1.0,1.0,1.0,1.0,1.0,4.0,1.0,1.0
20190,1.0,1.0,1.0,3.0,1.0,1.0,1.0,1.0,1.0,5.0,2.0,1.0
20191,1.0,1.0,1.0,3.0,1.0,1.0,1.0,1.0,1.0,5.0,2.0,1.0
20192,1.0,1.0,1.0,3.0,1.0,1.0,1.0,1.0,1.0,3.0,1.0,1.0
20193,1.0,1.0,1.0,3.0,1.0,1.0,1.0,1.0,1.0,5.0,2.0,1.0
20194,1.0,1.0,1.0,3.0,1.0,1.0,1.0,1.0,1.0,5.0,2.0,1.0
20195,1.0,1.0,1.0,3.0,1.0,1.0,1.0,1.0,1.0,3.0,1.0,1.0
20196,1.0,1.0,1.0,3.0,1.0,1.0,1.0,1.0,1.0,4.0,1.0,1.0
20197,1.0,1.0,1.0,3.0,1.0,1.0,1.0,1.0,1.0,5.0,2.0,1.0
20198,1.0,1.0,1.0,3.0,1.0,1.0,1.0,1.0,1.0,3.0,1.0,1.0
20199,1.0,1.0,1.0,3.0,1.0,1.0,1.0,1.0,1.0,3.0,1.0,1.0
20200,1.0,1.0,1.0,3.0,1.0,1.0,1.0,1.0,1.0,3.0,1.0,1.0
20201,1.0,1.0,1.0,3.0,1.0,1.0,1.0,1.0,1.0,3.0,1.0,1.0
20202,1.0,1.0,1.0,3.0,1.0,1.0,1.0,1.0,1.0,5.0,2.0,1.0
20203,1.0,1.0,1.0,3.0,1.0,1.0,1.0,1.0,1.0,3.0,1.0,1.0
20204,1.0,1.0,1.0,3.0,1.0,1.0,1.0,1.0,1.0,3.0,1.0,1.0
20205,1.0,1.0,1.0,3.0,1.0,1.0,1.0,1.0,1.0,4.0,1.0,1.0
20206,1.0,1.0,1.0,3.0,1.0,1.0,1.0,1.0,1.0,3.0,1.0,1.0
20207,1.0,1.0,1.0,3.0,1.0,1.0,1.0,1.0,1.0,3.0,1.0,1.0
20208,1.0,1.0,1.0,3.0,1.0,1.0,1.0,1.0,1.0,3.0,1.0,1.0
20209,1.0,1.0,1.0,3.0,1.0,1.0,1.0,1.0,1.0,3.0,1.0,1.0
20210,1.0,1.0,1.0,3.0,1.0,1.0,1.0,1.0,1.0,3.0,1.0,1.0
20211,1.0,1.0,1.0,3.0,1.0,1.0,1.0,1.0,1.0,3.0,1.0,1.0
20212,1.0,1.0,1.0,3.0,1.0,1.0,1.0,1.0,1.0,3.0,1.0,1.0
20213,1.0,1.0,1.0,3.0,1.0,1.0,1.0,1.0,1.0,5.0,2.0,1.0
20214,1.0,1.0,1.0,3.0,1.0,1.0,1.0,1.0,1.0,5.0,2.0,1.0
20215,1.0,1.0,1.0,3.0,1.0,1.0,1.0,1.0,1.0,3.0,1.0,1.0
20216,1.0,1.0,1.0,3.0,1.0,1.0,1.0,1.0,1.0,4.0,1.0,1.0
20217,1.0,1.0,1.0,3.0,1.0,1.0,1.0,1.0,1.0,3.0,1.0,1.0
20218,1.0,1.0,1.0,3.0,1.0,1.0,1.0,1.0,1.0,3.0,1.0,1.0
20219,1.0,1.0,1.0,3.0,1.0,1.0,1.0,1.0,1.0,4.0,1.0,1.0
20220,1.0,1.0,1.0,3.0,1.0,1.0,1.0,1.0,1.0,3.0,1.0,1.0
20221,1.0,1.0,1.0,3.0,1.0,1.0,1.0,1.0,1.0,5.0,2.0,1.0
20222,1.0,1.0,1.0,3.0,1.0,1.0,1.0,1.0,1.0,4.0,1.0,1.0
20223,1.0,1.0,1.0,3.0,1.0,1.0,1.0,1.0,1.0,3.0,1.0,1.0
20224,1.0,1.0,1.0,3.0,1.0,1.0,1.0,1.0,1.0,4.0,1.0,1.0
20225,1.0,1.0,1.0,3.0,1.0,1.0,1.0,1.0,1.0,5.0,2.0,1.0
20226,1.0,1.0,1.0,3.0,1.0,1.0,1.0,1.0,1.0,3.0,1.0,1.0
20227,1.0,1.0,1.0,3.0,1.0,1.0,1.0,1.0,1.0,4.0,1.0,1.0
20228,1.0,1.0,1.0,3.0,1.0,1.0,1.0,1.0,1.0,5.0,2.0,1.0
20229,1.0,1.0,1.0,3.0,1.0,1.0,1.0,1.0,1.0,3.0,1.0,1.0
20230,1.0,1.0,1.0,3.0,1.0,1.0,1.0,1.0,1.0,4.0,1.0,1.0
20231,1.0,1.0,1.0,3.0,1.0,1.0,1.0,1.0,1.0,4.0,1.0,1.0
20232,1.0,1.0,1.0,3.0,1.0,1.0,1.0,1.0,1.0,3.0,1.0,1.0
20233,1.0,1.0,1.0,3.0,1.0,1.0,1.0,1.0,1.0,4.0,1.0,1.0
20234,1.0,1.0,1.0,3.0,1.0,1.0,1.0,1.0,1.0,3.0,1.0,1.0
20235,1.0,1.0,1.0,3.0,1.0,1.0,1.0,1.0,1.0,3.0,1.0,1.0
20236,1.0,1.0,1.0,3.0,1.0,1.0,1.0,1.0,1.0,3.0,1.0,1.0
20237,1.0,1.0,1.0,3.0,1.0,1.0,1.0,1.0,1.0,4.0,1.0,1.0
20238,1.0,1.0,1.0,3.0,1.0,1.0,1.0,1.0,1.0,5.0,2.0,1.0
20239,1.0,1.0,1.0,3.0,1.0,1.0,1.0,1.0,1.0,5.0,2.0,1.0
20240,1.0,1.0,1.0,3.0,1.0,1.0,1.0,1.0,1.0,3.0,1.0,1.0
20241,1.0,1.0,1.0,3.0,1.0,1.0,1.0,1.0,1.0,3.0,1.0,1.0
20242,1.0,1.0,1.0,3.0,1.0,1.0,1.0,1.0,1.0,4.0,1.0,1.0
20243,1.0,1.0,1.0,3.0,1.0,1.0,1.0,1.0,1.0,5.0,2.0,1.0
20244,1.0,1.0,1.0,3.0,1.0,1.0,1.0,1.0,1.0,3.0,1.0,1.0
20245,1.0,1.0,1.0,3.0,1.0,1.0,1.0,1.0,1.0,4.0,1.0,1.0
20246,1.0,1.0,1.0,3.0,1.0,1.0,1.0,1.0,1.0,4.0,1.0,1.0
20247,1.0,1.0,1.0,3.0,1.0,1.0,1.0,1.0,1.0,5.0,2.0,1.0
20248,1.0,1.0,1.0,3.0,1.0,1.0,1.0,1.0,1.0,3.0,1.0,1.0
20249,1.0,1.0,1.0,3.0,1.0,1.0,1.0,1.0,1.0,5.0,2.0,1.0
20250,1.0,1.0,1.0,3.0,1.0,1.0,1.0,1.0,1.0,3.0,1.0,1.0
20251,1.0,1.0,1.0,3.0,1.0,1.0,1.0,1.0,1.0,3.0,1.0,1.0
20252,1.0,1.0,1.0,3.0,1.0,1.0,1.0,1.0,1.0,3.0,1.0,1.0
20253,1.0,1.0,1.0,3.0,1.0,1.0,1.0,1.0,1.0,5.0,2.0,1.0
20254,1.0,1.0,1.0,3.0,1.0,1.0,1.0,1.0,1.0,3.0,1.0,1.0
20255,1.0,1.0,1.0,3.0,1.0,1.0,1.0,1.0,1.0,5.0,2.0,1.0
20256,1.0,1.0,1.0,3.0,1.0,1.0,1.0,1.0,1.0,5.0,2.0,1.0
20257,1.0,1.0,1.0,3.0,1.0,1.0,1.0,1.0,1.0,4.0,1.0,1.0
20258,1.0,1.0,1.0,3.0,1.0,1.0,1.0,1.0,1.0,5.0,2.0,1.0
20259,1.0,1.0,1.0,3.0,1.0,1.0,1.0,1.0,1.0,3.0,1.0,1.0
20260,1.0,1.0,1.0,3.0,1.0,1.0,1.0,1.0,1.0,3.0,1.0,1.0
20261,1.0,1.0,1.0,3.0,1.0,1.0,1.0,1.0,1.0,3.0,1.0,1.0
20262,1.0,1.0,1.0,3.0,1.0,1.0,1.0,1.0,1.0,5.0,2.0,1.0
20263,1.0,1.0,1.0,3.0,1.0,1.0,1.0,1.0,1.0,3.0,1.0,1.0
20264,1.0,1.0,1.0,3.0,1.0,1.0,1.0,1.0,1.0,3.0,1.0,1.0
20265,1.0,1.0,1.0,3.0,1.0,1.0,1.0,1.0,1.0,5.0,2.0,1.0
20266,1.0,1.0,1.0,3.0,1.0,1.0,1.0,1.0,1.0,5.0,2.0,1.0
20267,1.0,1.0,1.0,3.0,1.0,1.0,1.0,1.0,1.0,5.0,2.0,1.0
20268,1.0,1.0,1.0,3.0,1.0,1.0,1.0,1.0,1.0,3.0,1.0,1.0
20269,1.0,1.0,1.0,3.0,1.0,1.0,1.0,1.0,1.0,5.0,2.0,1.0
20270,1.0,1.0,1.0,3.0,1.0,1.0,1.0,1.0,1.0,3.0,1.0,1.0
20271,1.0,1.0,1.0,3.0,1.0,1.0,1.0,1.0,1.0,5.0,2.0,1.0
20272,1.0,1.0,1.0,3.0,1.0,1.0,1.0,1.0,1.0,3.0,1.0,1.0
20273,1.0,1.0,1.0,3.0,1.0,1.0,1.0,1.0,1.0,4.0,1.0,1.0
20274,1.0,1.0,1.0,3.0,1.0,1.0,1.0,1.0,1.0,3.0,1.0,1.0
20275,1.0,1.0,1.0,3.0,1.0,1.0,1.0,1.0,1.0,3.0,1.0,1.0
20276,1.0,1.0,1.0,3.0,1.0,1.0,1.0,1.0,1.0,3.0,1.0,1.0
20277,1.0,1.0,1.0,3.0,1.0,1.0,1.0,1.0,1.0,4.0,1.0,1.0
20278,1.0,1.0,1.0,3.0,1.0,1.0,1.0,1.0,1.0,3.0,1.0,1.0
20279,1.0,1.0,1.0,3.0,1.0,1.0,1.0,1.0,1.0,5.0,2.0,1.0
20280,1.0,1.0,1.0,3.0,1.0,1.0,1.0,1.0,1.0,5.0,2.0,1.0
20281,1.0,1.0,1.0,3.0,1.0,1.0,1.0,1.0,1.0,3.0,1.0,1.0
20282,1.0,1.0,1.0,3.0,1.0,1.0,1.0,1.0,1.0,3.0,1.0,1.0
20283,1.0,1.0,1.0,3.0,1.0,1.0,1.0,1.0,1.0,3.0,1.0,1.0
20284,1.0,1.0,1.0,3.0,1.0,1.0,1.0,1.0,1.0,3.0,1.0,1.0
20285,1.0,1.0,1.0,3.0,1.0,1.0,1.0,1.0,1.0,4.0,1.0,1.0
20286,1.0,1.0,1.0,3.0,1.0,1.0,1.0,1.0,1.0,3.0,1.0,1.0
20287,1.0,1.0,1.0,3.0,1.0,1.0,1.0,1.0,1.0,3.0,1.0,1.0
20288,1.0,1.0,1.0,3.0,1.0,1.0,1.0,1.0,1.0,3.0,1.0,1.0
20289,1.0,1.0,1.0,3.0,1.0,1.0,1.0,1.0,1.0,3.0,1.0,1.0
20290,1.0,1.0,1.0,3.0,1.0,1.0,1.0,1.0,1.0,3.0,1.0,1.0
20291,1.0,1.0,1.0,3.0,1.0,1.0,1.0,1.0,1.0,3.0,1.0,1.0
20292,1.0,1.0,1.0,3.0,1.0,1.0,1.0,1.0,1.0,3.0,1.0,1.0
20293,1.0,1.0,1.0,3.0,1.0,1.0,1.0,1.0,1.0,5.0,2.0,1.0
20294,1.0,1.0,1.0,3.0,1.0,1.0,1.0,1.0,1.0,3.0,1.0,1.0
20295,1.0,1.0,1.0,3.0,1.0,1.0,1.0,1.0,1.0,5.0,2.0,1.0
20296,1.0,1.0,1.0,3.0,1.0,1.0,1.0,1.0,1.0,5.0,2.0,1.0
20297,1.0,1.0,1.0,3.0,1.0,1.0,1.0,1.0,1.0,3.0,1.0,1.0
20298,1.0,1.0,1.0,3.0,1.0,1.0,1.0,1.0,1.0,5.0,2.0,1.0
20299,1.0,1.0,1.0,3.0,1.0,1.0,1.0,1.0,1.0,4.0,1.0,1.0
20300,1.0,1.0,1.0,3.0,1.0,1.0,1.0,1.0,1.0,3.0,1.0,1.0
20301,1.0,1.0,1.0,3.0,1.0,1.0,1.0,1.0,1.0,3.0,1.0,1.0
20302,1.0,1.0,1.0,3.0,1.0,1.0,1.0,1.0,1.0,3.0,1.0,1.0
20303,1.0,1.0,1.0,3.0,1.0,1.0,1.0,1.0,1.0,3.0,1.0,1.0
20304,1.0,1.0,1.0,3.0,1.0,1.0,1.0,1.0,1.0,3.0,1.0,1.0
20305,1.0,1.0,1.0,3.0,1.0,1.0,1.0,1.0,1.0,5.0,2.0,1.0
20306,1.0,1.0,1.0,3.0,1.0,1.0,1.0,1.0,1.0,4.0,1.0,1.0
20307,1.0,1.0,1.0,3.0,1.0,1.0,1.0,1.0,1.0,4.0,1.0,1.0
20308,1.0,1.0,1.0,3.0,1.0,1.0,1.0,1.0,1.0,3.0,1.0,1.0
20309,1.0,1.0,1.0,3.0,1.0,1.0,1.0,1.0,1.0,4.0,1.0,1.0
20310,1.0,1.0,1.0,3.0,1.0,1.0,1.0,1.0,1.0,3.0,1.0,1.0
20311,1.0,1.0,1.0,3.0,1.0,1.0,1.0,1.0,1.0,3.0,1.0,1.0
20312,1.0,1.0,1.0,3.0,1.0,1.0,1.0,1.0,1.0,5.0,2.0,1.0
20313,1.0,1.0,1.0,3.0,1.0,1.0,1.0,1.0,1.0,3.0,1.0,1.0
20314,1.0,1.0,1.0,3.0,1.0,1.0,1.0,1.0,1.0,4.0,1.0,1.0
20315,1.0,1.0,1.0,3.0,1.0,1.0,1.0,1.0,1.0,3.0,1.0,1.0
20316,1.0,1.0,1.0,3.0,1.0,1.0,1.0,1.0,1.0,3.0,1.0,1.0
20317,1.0,1.0,1.0,3.0,1.0,1.0,1.0,1.0,1.0,5.0,2.0,1.0
20318,1.0,1.0,1.0,3.0,1.0,1.0,1.0,1.0,1.0,5.0,2.0,1.0
20319,1.0,1.0,1.0,3.0,1.0,1.0,1.0,1.0,1.0,4.0,1.0,1.0
20320,1.0,1.0,1.0,3.0,1.0,1.0,1.0,1.0,1.0,4.0,1.0,1.0
20321,1.0,1.0,1.0,3.0,1.0,1.0,1.0,1.0,1.0,4.0,1.0,1.0
20322,1.0,1.0,1.0,3.0,1.0,1.0,1.0,1.0,1.0,4.0,1.0,1.0
20323,1.0,1.0,1.0,3.0,1.0,1.0,1.0,1.0,1.0,5.0,2.0,1.0
20324,1.0,1.0,1.0,3.0,1.0,1.0,1.0,1.0,1.0,3.0,1.0,1.0
20325,1.0,1.0,1.0,3.0,1.0,1.0,1.0,1.0,1.0,5.0,2.0,1.0
20326,1.0,1.0,1.0,3.0,1.0,1.0,1.0,1.0,1.0,5.0,2.0,1.0
20327,1.0,1.0,1.0,3.0,1.0,1.0,1.0,1.0,1.0,5.0,2.0,1.0
20328,1.0,1.0,1.0,3.0,1.0,1.0,1.0,1.0,1.0,3.0,1.0,1.0
20329,1.0,1.0,1.0,3.0,1.0,1.0,1.0,1.0,1.0,3.0,1.0,1.0
20330,1.0,1.0,1.0,3.0,1.0,1.0,1.0,1.0,1.0,3.0,1.0,1.0
20331,1.0,1.0,1.0,3.0,1.0,1.0,1.0,1.0,1.0,3.0,1.0,1.0
20332,1.0,1.0,1.0,3.0,1.0,1.0,1.0,1.0,1.0,3.0,1.0,1.0
20333,1.0,1.0,1.0,3.0,1.0,1.0,1.0,1.0,1.0,4.0,1.0,1.0
20334,1.0,1.0,1.0,3.0,1.0,1.0,1.0,1.0,1.0,3.0,1.0,1.0
20335,1.0,1.0,1.0,3.0,1.0,1.0,1.0,1.0,1.0,3.0,1.0,1.0
20336,1.0,1.0,1.0,3.0,1.0,1.0,1.0,1.0,1.0,3.0,1.0,1.0
20337,1.0,1.0,1.0,3.0,1.0,1.0,1.0,1.0,1.0,3.0,1.0,1.0
20338,1.0,1.0,1.0,3.0,1.0,1.0,1.0,1.0,1.0,3.0,1.0,1.0
20339,1.0,1.0,1.0,3.0,1.0,1.0,1.0,1.0,1.0,5.0,2.0,1.0
20340,1.0,1.0,1.0,3.0,1.0,1.0,1.0,1.0,1.0,5.0,2.0,1.0
20341,1.0,1.0,1.0,3.0,1.0,1.0,1.0,1.0,1.0,4.0,1.0,1.0
20342,1.0,1.0,1.0,3.0,1.0,1.0,1.0,1.0,1.0,4.0,1.0,1.0
20343,1.0,1.0,1.0,3.0,1.0,1.0,1.0,1.0,1.0,3.0,1.0,1.0
20344,1.0,1.0,1.0,3.0,1.0,1.0,1.0,1.0,1.0,3.0,1.0,1.0
20345,1.0,1.0,1.0,3.0,1.0,1.0,1.0,1.0,1.0,3.0,1.0,1.0
20346,1.0,1.0,1.0,3.0,1.0,1.0,1.0,1.0,1.0,4.0,1.0,1.0
20347,1.0,1.0,1.0,3.0,1.0,1.0,1.0,1.0,1.0,5.0,2.0,1.0
20348,1.0,1.0,1.0,3.0,1.0,1.0,1.0,1.0,1.0,3.0,1.0,1.0
20349,1.0,1.0,1.0,3.0,1.0,1.0,1.0,1.0,1.0,3.0,1.0,1.0
20350,1.0,1.0,1.0,3.0,1.0,1.0,1.0,1.0,1.0,4.0,1.0,1.0
20351,1.0,1.0,1.0,3.0,1.0,1.0,1.0,1.0,1.0,4.0,1.0,1.0
20352,1.0,1.0,1.0,3.0,1.0,1.0,1.0,1.0,1.0,5.0,2.0,1.0
20353,1.0,1.0,1.0,3.0,1.0,1.0,1.0,1.0,1.0,3.0,1.0,1.0
20354,1.0,1.0,1.0,3.0,1.0,1.0,1.0,1.0,1.0,3.0,1.0,1.0
20355,1.0,1.0,1.0,3.0,1.0,1.0,1.0,1.0,1.0,5.0,2.0,1.0
20356,1.0,1.0,1.0,3.0,1.0,1.0,1.0,1.0,1.0,4.0,1.0,1.0
20357,1.0,1.0,1.0,3.0,1.0,1.0,1.0,1.0,1.0,3.0,1.0,1.0
20358,1.0,1.0,1.0,3.0,1.0,1.0,1.0,1.0,1.0,3.0,1.0,1.0
20359,1.0,1.0,1.0,3.0,1.0,1.0,1.0,1.0,1.0,4.0,1.0,1.0
20360,1.0,1.0,1.0,3.0,1.0,1.0,1.0,1.0,1.0,5.0,2.0,1.0
20361,1.0,1.0,1.0,3.0,1.0,1.0,1.0,1.0,1.0,4.0,1.0,1.0
20362,1.0,1.0,1.0,3.0,1.0,1.0,1.0,1.0,1.0,3.0,1.0,1.0
20363,1.0,1.0,1.0,3.0,1.0,1.0,1.0,1.0,1.0,5.0,2.0,1.0
20364,1.0,1.0,1.0,3.0,1.0,1.0,1.0,1.0,1.0,3.0,1.0,1.0
20365,1.0,1.0,1.0,3.0,1.0,1.0,1.0,1.0,1.0,3.0,1.0,1.0
20366,1.0,1.0,1.0,3.0,1.0,1.0,1.0,1.0,1.0,3.0,1.0,1.0
20367,1.0,1.0,1.0,3.0,1.0,1.0,1.0,1.0,1.0,3.0,1.0,1.0
20368,1.0,1.0,1.0,3.0,1.0,1.0,1.0,1.0,1.0,5.0,2.0,1.0
20369,1.0,1.0,1.0,3.0,1.0,1.0,1.0,1.0,1.0,5.0,2.0,1.0
20370,1.0,1.0,1.0,3.0,1.0,1.0,1.0,1.0,1.0,3.0,1.0,1.0
20371,1.0,1.0,1.0,3.0,1.0,1.0,1.0,1.0,1.0,5.0,2.0,1.0
20372,1.0,1.0,1.0,3.0,1.0,1.0,1.0,1.0,1.0,3.0,1.0,1.0
20373,1.0,1.0,1.0,3.0,1.0,1.0,1.0,1.0,1.0,3.0,1.0,1.0
20374,1.0,1.0,1.0,3.0,1.0,1.0,1.0,1.0,1.0,5.0,2.0,1.0
20375,1.0,1.0,1.0,3.0,1.0,1.0,1.0,1.0,1.0,3.0,1.0,1.0
20376,1.0,1.0,1.0,3.0,1.0,1.0,1.0,1.0,1.0,3.0,1.0,1.0
20377,1.0,1.0,1.0,3.0,1.0,1.0,1.0,1.0,1.0,4.0,1.0,1.0
20378,1.0,1.0,1.0,3.0,1.0,1.0,1.0,1.0,1.0,5.0,2.0,1.0
20379,1.0,1.0,1.0,3.0,1.0,1.0,1.0,1.0,1.0,3.0,1.0,1.0
20380,1.0,1.0,1.0,3.0,1.0,1.0,1.0,1.0,1.0,3.0,1.0,1.0
20381,1.0,1.0,1.0,3.0,1.0,1.0,1.0,1.0,1.0,4.0,1.0,1.0
20382,1.0,1.0,1.0,3.0,1.0,1.0,1.0,1.0,1.0,3.0,1.0,1.0
20383,1.0,1.0,1.0,3.0,1.0,1.0,1.0,1.0,1.0,5.0,2.0,1.0
20384,1.0,1.0,1.0,3.0,1.0,1.0,1.0,1.0,1.0,5.0,2.0,1.0
20385,1.0,1.0,1.0,3.0,1.0,1.0,1.0,1.0,1.0,3.0,1.0,1.0
20386,1.0,1.0,1.0,3.0,1.0,1.0,1.0,1.0,1.0,4.0,1.0,1.0
20387,1.0,1.0,1.0,3.0,1.0,1.0,1.0,1.0,1.0,5.0,2.0,1.0
20388,1.0,1.0,1.0,3.0,1.0,1.0,1.0,1.0,1.0,5.0,2.0,1.0
20389,1.0,1.0,1.0,3.0,1.0,1.0,1.0,1.0,1.0,3.0,1.0,1.0
20390,1.0,1.0,1.0,3.0,1.0,1.0,1.0,1.0,1.0,4.0,1.0,1.0
20391,1.0,1.0,1.0,3.0,1.0,1.0,1.0,1.0,1.0,5.0,2.0,1.0
20392,1.0,1.0,1.0,3.0,1.0,1.0,1.0,1.0,1.0,3.0,1.0,1.0
20393,1.0,1.0,1.0,3.0,1.0,1.0,1.0,1.0,1.0,3.0,1.0,1.0
20394,1.0,1.0,1.0,3.0,1.0,1.0,1.0,1.0,1.0,3.0,1.0,1.0
20395,1.0,1.0,1.0,3.0,1.0,1.0,1.0,1.0,1.0,5.0,2.0,1.0
20396,1.0,1.0,1.0,3.0,1.0,1.0,1.0,1.0,1.0,3.0,1.0,1.0
20397,1.0,1.0,1.0,3.0,1.0,1.0,1.0,1.0,1.0,4.0,1.0,1.0
20398,1.0,1.0,1.0,3.0,1.0,1.0,1.0,1.0,1.0,3.0,1.0,1.0
20399,1.0,1.0,1.0,3.0,1.0,1.0,1.0,1.0,1.0,5.0,2.0,1.0
20400,1.0,1.0,1.0,3.0,1.0,1.0,1.0,1.0,1.0,3.0,1.0,1.0
20401,1.0,1.0,1.0,3.0,1.0,1.0,1.0,1.0,1.0,4.0,1.0,1.0
20402,1.0,1.0,1.0,3.0,1.0,1.0,1.0,1.0,1.0,3.0,1.0,1.0
20403,1.0,1.0,1.0,3.0,1.0,1.0,1.0,1.0,1.0,3.0,1.0,1.0
20404,1.0,1.0,1.0,3.0,1.0,1.0,1.0,1.0,1.0,3.0,1.0,1.0
20405,1.0,1.0,1.0,3.0,1.0,1.0,1.0,1.0,1.0,5.0,2.0,1.0
20406,1.0,1.0,1.0,3.0,1.0,1.0,1.0,1.0,1.0,3.0,1.0,1.0
20407,1.0,1.0,1.0,3.0,1.0,1.0,1.0,1.0,1.0,3.0,1.0,1.0
20408,1.0,1.0,1.0,3.0,1.0,1.0,1.0,1.0,1.0,4.0,1.0,1.0
20409,1.0,1.0,1.0,3.0,1.0,1.0,1.0,1.0,1.0,5.0,2.0,1.0
20410,1.0,1.0,1.0,3.0,1.0,1.0,1.0,1.0,1.0,3.0,1.0,1.0
20411,1.0,1.0,1.0,3.0,1.0,1.0,1.0,1.0,1.0,3.0,1.0,1.0
20412,1.0,1.0,1.0,3.0,1.0,1.0,1.0,1.0,1.0,4.0,1.0,1.0
20413,1.0,1.0,1.0,3.0,1.0,1.0,1.0,1.0,1.0,5.0,2.0,1.0
20414,1.0,1.0,1.0,3.0,1.0,1.0,1.0,1.0,1.0,3.0,1.0,1.0
20415,1.0,1.0,1.0,3.0,1.0,1.0,1.0,1.0,1.0,4.0,1.0,1.0
20416,1.0,1.0,1.0,3.0,1.0,1.0,1.0,1.0,1.0,3.0,1.0,1.0
20417,1.0,1.0,1.0,3.0,1.0,1.0,1.0,1.0,1.0,5.0,2.0,1.0
20418,1.0,1.0,1.0,3.0,1.0,1.0,1.0,1.0,1.0,3.0,1.0,1.0
20419,1.0,1.0,1.0,3.0,1.0,1.0,1.0,1.0,1.0,3.0,1.0,1.0
20420,1.0,1.0,1.0,3.0,1.0,1.0,1.0,1.0,1.0,5.0,2.0,1.0
20421,1.0,1.0,1.0,3.0,1.0,1.0,1.0,1.0,1.0,3.0,1.0,1.0
20422,1.0,1.0,1.0,3.0,1.0,1.0,1.0,1.0,1.0,5.0,2.0,1.0
20423,1.0,1.0,1.0,3.0,1.0,1.0,1.0,1.0,1.0,5.0,2.0,1.0
20424,1.0,1.0,1.0,3.0,1.0,1.0,1.0,1.0,1.0,3.0,1.0,1.0
20425,1.0,1.0,1.0,3.0,1.0,1.0,1.0,1.0,1.0,3.0,1.0,1.0
20426,1.0,1.0,1.0,3.0,1.0,1.0,1.0,1.0,1.0,4.0,1.0,1.0
20427,1.0,1.0,1.0,3.0,1.0,1.0,1.0,1.0,1.0,4.0,1.0,1.0
20428,1.0,1.0,1.0,3.0,1.0,1.0,1.0,1.0,1.0,3.0,1.0,1.0
20429,1.0,1.0,1.0,3.0,1.0,1.0,1.0,1.0,1.0,3.0,1.0,1.0
20430,1.0,1.0,1.0,3.0,1.0,1.0,1.0,1.0,1.0,4.0,1.0,1.0
20431,1.0,1.0,1.0,3.0,1.0,1.0,1.0,1.0,1.0,3.0,1.0,1.0
20432,1.0,1.0,1.0,3.0,1.0,1.0,1.0,1.0,1.0,5.0,2.0,1.0
20433,1.0,1.0,1.0,3.0,1.0,1.0,1.0,1.0,1.0,3.0,1.0,1.0
20434,1.0,1.0,1.0,3.0,1.0,1.0,1.0,1.0,1.0,3.0,1.0,1.0
20435,1.0,1.0,1.0,3.0,1.0,1.0,1.0,1.0,1.0,5.0,2.0,1.0
20436,1.0,1.0,1.0,3.0,1.0,1.0,1.0,1.0,1.0,5.0,2.0,1.0
20437,1.0,1.0,1.0,3.0,1.0,1.0,1.0,1.0,1.0,4.0,1.0,1.0
20438,1.0,1.0,1.0,3.0,1.0,1.0,1.0,1.0,1.0,3.0,1.0,1.0
20439,1.0,1.0,1.0,3.0,1.0,1.0,1.0,1.0,1.0,3.0,1.0,1.0
20440,1.0,1.0,1.0,3.0,1.0,1.0,1.0,1.0,1.0,4.0,1.0,1.0
20441,1.0,1.0,1.0,3.0,1.0,1.0,1.0,1.0,1.0,3.0,1.0,1.0
20442,1.0,1.0,1.0,3.0,1.0,1.0,1.0,1.0,1.0,5.0,2.0,1.0
20443,1.0,1.0,1.0,3.0,1.0,1.0,1.0,1.0,1.0,3.0,1.0,1.0
20444,1.0,1.0,1.0,3.0,1.0,1.0,1.0,1.0,1.0,3.0,1.0,1.0
20445,1.0,1.0,1.0,3.0,1.0,1.0,1.0,1.0,1.0,5.0,2.0,1.0
20446,1.0,1.0,1.0,3.0,1.0,1.0,1.0,1.0,1.0,4.0,1.0,1.0
20447,1.0,1.0,1.0,3.0,1.0,1.0,1.0,1.0,1.0,3.0,1.0,1.0
20448,1.0,1.0,1.0,3.0,1.0,1.0,1.0,1.0,1.0,3.0,1.0,1.0
20449,1.0,1.0,1.0,3.0,1.0,1.0,1.0,1.0,1.0,3.0,1.0,1.0
20450,1.0,1.0,1.0,3.0,1.0,1.0,1.0,1.0,1.0,3.0,1.0,1.0
20451,1.0,1.0,1.0,3.0,1.0,1.0,1.0,1.0,1.0,4.0,1.0,1.0
20452,1.0,1.0,1.0,3.0,1.0,1.0,1.0,1.0,1.0,4.0,1.0,1.0
20453,1.0,1.0,1.0,3.0,1.0,1.0,1.0,1.0,1.0,5.0,2.0,1.0
20454,1.0,1.0,1.0,3.0,1.0,1.0,1.0,1.0,1.0,5.0,2.0,1.0
20455,1.0,1.0,1.0,3.0,1.0,1.0,1.0,1.0,1.0,4.0,1.0,1.0
20456,1.0,1.0,1.0,3.0,1.0,1.0,1.0,1.0,1.0,5.0,2.0,1.0
20457,1.0,1.0,1.0,3.0,1.0,1.0,1.0,1.0,1.0,3.0,1.0,1.0
20458,1.0,1.0,1.0,3.0,1.0,1.0,1.0,1.0,1.0,3.0,1.0,1.0
20459,1.0,1.0,1.0,3.0,1.0,1.0,1.0,1.0,1.0,3.0,1.0,1.0
20460,1.0,1.0,1.0,3.0,1.0,1.0,1.0,1.0,1.0,3.0,1.0,1.0
20461,1.0,1.0,1.0,3.0,1.0,1.0,1.0,1.0,1.0,3.0,1.0,1.0
20462,1.0,1.0,1.0,3.0,1.0,1.0,1.0,1.0,1.0,3.0,1.0,1.0
20463,1.0,1.0,1.0,3.0,1.0,1.0,1.0,1.0,1.0,4.0,1.0,1.0
20464,1.0,1.0,1.0,3.0,1.0,1.0,1.0,1.0,1.0,3.0,1.0,1.0
20465,1.0,1.0,1.0,3.0,1.0,1.0,1.0,1.0,1.0,5.0,2.0,1.0
20466,1.0,1.0,1.0,3.0,1.0,1.0,1.0,1.0,1.0,4.0,1.0,1.0
20467,1.0,1.0,1.0,3.0,1.0,1.0,1.0,1.0,1.0,3.0,1.0,1.0
20468,1.0,1.0,1.0,3.0,1.0,1.0,1.0,1.0,1.0,3.0,1.0,1.0
20469,1.0,1.0,1.0,3.0,1.0,1.0,1.0,1.0,1.0,3.0,1.0,1.0
20470,1.0,1.0,1.0,3.0,1.0,1.0,1.0,1.0,1.0,3.0,1.0,1.0
20471,1.0,1.0,1.0,3.0,1.0,1.0,1.0,1.0,1.0,3.0,1.0,1.0
20472,1.0,1.0,1.0,3.0,1.0,1.0,1.0,1.0,1.0,3.0,1.0,1.0
20473,1.0,1.0,1.0,3.0,1.0,1.0,1.0,1.0,1.0,4.0,1.0,1.0
20474,1.0,1.0,1.0,3.0,1.0,1.0,1.0,1.0,1.0,3.0,1.0,1.0
20475,1.0,1.0,1.0,3.0,1.0,1.0,1.0,1.0,1.0,3.0,1.0,1.0
20476,1.0,1.0,1.0,3.0,1.0,1.0,1.0,1.0,1.0,5.0,2.0,1.0
20477,1.0,1.0,1.0,3.0,1.0,1.0,1.0,1.0,1.0,5.0,2.0,1.0
20478,1.0,1.0,1.0,3.0,1.0,1.0,1.0,1.0,1.0,3.0,1.0,1.0
20479,1.0,1.0,1.0,3.0,1.0,1.0,1.0,1.0,1.0,4.0,1.0,1.0
