,PANAS.Positive_Predicted,PANAS.Negative_Predicted,PANAS.Positive_Actual,PANAS.Negative_Actual
0,26,39,10,11
1,26,39,12,49
2,26,39,38,38
3,26,39,18,34
4,26,39,26,43
5,26,39,43,44
6,26,39,36,23
7,26,39,17,33
8,26,39,14,49
9,26,39,22,22
10,26,39,44,22
11,26,39,30,20
12,26,39,10,35
13,26,39,41,22
14,26,39,28,40
15,26,39,29,35
16,26,39,48,46
17,26,39,28,19
18,26,39,27,33
19,26,39,37,18
20,26,39,44,27
21,26,39,26,10
22,26,39,27,15
23,26,39,21,44
24,26,39,47,22
25,26,39,44,46
26,26,39,33,22
27,26,39,11,46
28,26,39,44,31
29,26,39,19,38
30,26,39,36,13
31,26,39,49,25
32,26,39,14,30
33,26,39,44,47
34,26,39,48,38
35,26,39,43,15
36,26,39,18,16
37,26,39,16,41
38,26,39,19,46
39,26,39,22,41
40,26,39,46,30
41,26,39,46,29
42,26,39,32,20
43,26,39,14,31
44,26,39,17,45
45,26,39,45,27
46,26,39,14,39
47,26,39,23,38
48,26,39,23,42
49,26,39,49,38
50,26,39,26,48
51,26,39,23,38
52,26,39,36,10
53,26,39,43,10
54,26,39,22,24
55,26,39,32,38
56,26,39,48,17
57,26,39,32,41
58,26,39,30,28
59,26,39,12,27
60,26,39,31,10
61,26,39,26,34
62,26,39,47,30
63,26,39,31,23
64,26,39,44,21
65,26,39,29,37
66,26,39,38,35
67,26,39,14,20
68,26,39,18,36
69,26,39,34,44
70,26,39,26,36
71,26,39,38,30
72,26,39,43,20
73,26,39,39,34
74,26,39,43,44
75,26,39,37,47
76,26,39,34,47
77,26,39,27,17
78,26,39,25,45
79,26,39,10,38
80,26,39,43,33
81,26,39,23,30
82,26,39,15,46
83,26,39,31,23
84,26,39,28,25
85,26,39,35,47
86,26,39,45,21
87,26,39,22,25
88,26,39,18,15
89,26,39,12,36
90,26,39,38,13
91,26,39,43,16
92,26,39,44,18
93,26,39,15,18
94,26,39,39,40
95,26,39,38,30
96,26,39,20,29
97,26,39,21,18
98,26,39,18,31
99,26,39,49,27
100,26,39,10,46
101,26,39,42,43
102,26,39,38,42
103,26,39,28,21
104,26,39,48,42
105,26,39,46,31
106,26,39,29,13
107,26,39,22,27
108,26,39,46,28
109,26,39,36,45
110,26,39,19,33
111,26,39,47,14
112,26,39,37,40
113,26,39,41,20
114,26,39,16,20
115,26,39,40,45
116,26,39,33,10
117,26,39,16,42
118,26,39,20,17
119,26,39,26,38
120,26,39,46,45
121,26,39,30,27
122,26,39,31,34
123,26,39,32,44
124,26,39,40,20
125,26,39,11,35
126,26,39,29,32
127,26,39,17,45
128,26,39,26,30
129,26,39,19,42
130,26,39,17,46
131,26,39,42,28
132,26,39,44,38
133,26,39,22,13
134,26,39,10,25
135,26,39,43,32
136,26,39,36,13
137,26,39,49,26
138,26,39,17,45
139,26,39,11,16
140,26,39,42,35
141,26,39,38,45
142,26,39,33,35
143,26,39,39,16
144,26,39,42,25
145,26,39,40,19
146,26,39,18,45
147,26,39,39,26
148,26,39,46,14
149,26,39,17,10
150,26,39,22,31
151,26,39,41,10
152,26,39,28,11
153,26,39,35,13
154,26,39,27,19
155,26,39,28,45
156,26,39,33,35
157,26,39,19,33
158,26,39,42,49
159,26,39,26,48
160,26,39,26,21
161,26,39,16,29
162,26,39,23,42
163,26,39,36,35
164,26,39,32,28
165,26,39,34,19
166,26,39,14,26
167,26,39,27,35
168,26,39,14,35
169,26,39,12,24
170,26,39,25,30
171,26,39,20,44
172,26,39,19,44
173,26,39,46,34
174,26,39,25,19
175,26,39,24,39
176,26,39,30,16
177,26,39,40,29
178,26,39,30,14
179,26,39,18,11
180,26,39,14,46
181,26,39,28,32
182,26,39,49,17
183,26,39,18,41
184,26,39,45,38
185,26,39,37,46
186,26,39,39,26
187,26,39,17,36
188,26,39,49,35
189,26,39,40,33
190,26,39,25,10
191,26,39,35,33
192,26,39,23,35
193,26,39,43,28
194,26,39,45,27
195,26,39,33,35
196,26,39,43,33
197,26,39,38,14
198,26,39,15,39
199,26,39,30,46
200,26,39,36,19
201,26,39,19,24
202,26,39,26,16
203,26,39,10,14
204,26,39,10,31
205,26,39,36,32
206,26,39,40,37
207,26,39,10,28
208,26,39,43,42
209,26,39,26,11
210,26,39,49,17
211,26,39,35,23
212,26,39,23,46
213,26,39,21,41
214,26,39,35,32
215,26,39,30,33
216,26,39,49,16
217,26,39,36,24
218,26,39,21,37
219,26,39,23,48
220,26,39,21,31
221,26,39,10,48
222,26,39,40,20
223,26,39,21,39
224,26,39,38,27
225,26,39,17,47
226,26,39,11,16
227,26,39,49,13
228,26,39,45,32
229,26,39,30,38
230,26,39,40,40
231,26,39,13,24
232,26,39,34,10
233,26,39,25,29
234,26,39,29,11
235,26,39,20,26
236,26,39,17,37
237,26,39,38,45
238,26,39,44,17
239,26,39,24,26
240,26,39,29,21
241,26,39,30,30
242,26,39,22,12
243,26,39,22,30
244,26,39,27,19
245,26,39,36,23
246,26,39,46,15
247,26,39,23,30
248,26,39,18,37
249,26,39,22,26
250,26,39,17,12
251,26,39,13,24
252,26,39,31,35
253,26,39,17,33
254,26,39,25,48
255,26,39,33,42
256,26,39,16,27
257,26,39,16,35
258,26,39,41,17
259,26,39,24,27
260,26,39,14,33
261,26,39,30,40
262,26,39,11,14
263,26,39,33,39
264,26,39,11,47
265,26,39,29,31
266,26,39,20,27
267,26,39,34,39
268,26,39,27,45
269,26,39,25,44
270,26,39,25,24
271,26,39,17,30
272,26,39,27,31
273,26,39,27,30
274,26,39,20,14
275,26,39,11,40
276,26,39,43,11
277,26,39,43,22
278,26,39,29,49
279,26,39,11,34
280,26,39,45,26
281,26,39,38,42
282,26,39,12,12
283,26,39,16,49
284,26,39,12,40
285,26,39,44,14
286,26,39,25,19
287,26,39,10,39
288,26,39,40,28
289,26,39,35,18
290,26,39,17,45
291,26,39,26,20
292,26,39,32,10
293,26,39,25,47
294,26,39,22,22
295,26,39,14,48
296,26,39,33,27
297,26,39,30,38
298,26,39,19,38
299,26,39,39,22
300,26,39,49,29
301,26,39,14,29
302,26,39,18,40
303,26,39,45,47
304,26,39,43,16
305,26,39,24,42
306,26,39,22,11
307,26,39,30,22
308,26,39,39,47
309,26,39,43,22
310,26,39,48,11
311,26,39,38,31
312,26,39,46,16
313,26,39,47,17
314,26,39,32,21
315,26,39,12,17
316,26,39,49,19
317,26,39,35,18
318,26,39,26,24
319,26,39,35,13
320,26,39,31,30
321,26,39,21,33
322,26,39,30,23
323,26,39,18,20
324,26,39,16,20
325,26,39,30,38
326,26,39,49,17
327,26,39,11,45
328,26,39,31,12
329,26,39,24,39
330,26,39,14,21
331,26,39,45,29
332,26,39,17,16
333,26,39,12,23
334,26,39,34,27
335,26,39,13,12
336,26,39,34,27
337,26,39,42,35
338,26,39,43,39
339,26,39,31,20
340,26,39,24,32
341,26,39,28,14
342,26,39,18,44
343,26,39,21,41
344,26,39,44,39
345,26,39,24,39
346,26,39,24,12
347,26,39,32,37
348,26,39,44,24
349,26,39,31,30
350,26,39,35,42
351,26,39,29,12
352,26,39,28,43
353,26,39,24,20
354,26,39,30,10
355,26,39,28,18
356,26,39,20,17
357,26,39,21,25
358,26,39,37,11
359,26,39,46,37
360,26,39,10,27
361,26,39,30,19
362,26,39,43,41
363,26,39,11,26
364,26,39,18,49
365,26,39,19,31
366,26,39,39,21
367,26,39,19,34
368,26,39,15,26
369,26,39,45,14
370,26,39,12,40
371,26,39,12,33
372,26,39,33,22
373,26,39,21,20
374,26,39,33,34
375,26,39,21,38
376,26,39,39,13
377,26,39,45,31
378,26,39,38,37
379,26,39,34,34
380,26,39,39,43
381,26,39,43,10
382,26,39,17,45
383,26,39,33,47
384,26,39,40,46
385,26,39,37,26
386,26,39,35,36
387,26,39,14,35
388,26,39,45,43
389,26,39,42,44
390,26,39,25,36
391,26,39,46,45
392,26,39,45,29
393,26,39,39,32
394,26,39,11,36
395,26,39,15,45
396,26,39,46,21
397,26,39,21,43
398,26,39,45,18
399,26,39,28,25
400,26,39,23,46
401,26,39,35,39
402,26,39,21,48
403,26,39,38,24
404,26,39,46,31
405,26,39,23,29
406,26,39,37,10
407,26,39,12,47
408,26,39,38,41
409,26,39,27,28
410,26,39,23,43
411,26,39,25,48
412,26,39,41,39
413,26,39,42,20
414,26,39,19,46
415,26,39,26,46
416,26,39,43,19
417,26,39,10,39
418,26,39,13,10
419,26,39,15,38
420,26,39,19,39
421,26,39,34,30
422,26,39,13,40
423,26,39,33,19
424,26,39,48,29
425,26,39,30,27
426,26,39,36,28
427,26,39,22,25
428,26,39,17,36
429,26,39,38,29
430,26,39,32,48
431,26,39,39,35
432,26,39,42,34
433,26,39,46,23
434,26,39,41,42
435,26,39,33,29
436,26,39,47,41
437,26,39,13,25
438,26,39,25,38
439,26,39,34,21
440,26,39,38,38
441,26,39,28,10
442,26,39,30,32
443,26,39,36,33
444,26,39,38,49
445,26,39,11,27
446,26,39,11,30
447,26,39,17,28
448,26,39,17,18
449,26,39,31,35
450,26,39,46,21
451,26,39,27,17
452,26,39,47,30
453,26,39,16,12
454,26,39,25,16
455,26,39,45,33
456,26,39,18,47
457,26,39,20,19
458,26,39,23,14
459,26,39,30,32
460,26,39,14,39
461,26,39,28,20
462,26,39,47,13
463,26,39,14,27
464,26,39,14,47
465,26,39,18,45
466,26,39,27,29
467,26,39,37,45
468,26,39,28,30
469,26,39,32,22
470,26,39,32,27
471,26,39,43,35
472,26,39,35,10
473,26,39,24,40
474,26,39,20,47
475,26,39,11,42
476,26,39,29,48
477,26,39,44,11
478,26,39,37,29
479,26,39,39,37
480,26,39,29,40
481,26,39,24,11
482,26,39,24,23
483,26,39,46,20
484,26,39,29,33
485,26,39,40,47
486,26,39,40,34
487,26,39,29,46
488,26,39,36,27
489,26,39,44,33
490,26,39,42,46
491,26,39,36,45
492,26,39,24,10
493,26,39,38,46
494,26,39,34,37
495,26,39,16,44
496,26,39,29,16
497,26,39,34,38
498,26,39,38,21
499,26,39,36,47
500,26,39,49,33
501,26,39,36,39
502,26,39,49,30
503,26,39,16,18
504,26,39,23,33
505,26,39,21,36
506,26,39,22,20
507,26,39,48,28
508,26,39,38,15
509,26,39,19,41
510,26,39,31,40
511,26,39,24,11
512,26,39,17,20
513,26,39,21,15
514,26,39,48,41
515,26,39,48,31
516,26,39,25,35
517,26,39,23,32
518,26,39,10,33
519,26,39,31,27
520,26,39,22,16
521,26,39,47,22
522,26,39,24,47
523,26,39,49,46
524,26,39,26,43
525,26,39,38,25
526,26,39,23,18
527,26,39,42,32
528,26,39,38,40
529,26,39,48,31
530,26,39,36,21
531,26,39,36,42
532,26,39,30,22
533,26,39,42,19
534,26,39,37,19
535,26,39,28,40
536,26,39,48,48
537,26,39,19,45
538,26,39,22,14
539,26,39,41,38
540,26,39,34,15
541,26,39,32,39
542,26,39,37,17
543,26,39,45,24
544,26,39,25,41
545,26,39,17,11
546,26,39,49,22
547,26,39,37,34
548,26,39,40,25
549,26,39,23,47
550,26,39,31,30
551,26,39,27,39
552,26,39,24,24
553,26,39,42,46
554,26,39,40,18
555,26,39,35,47
556,26,39,31,36
557,26,39,28,19
558,26,39,34,37
559,26,39,49,12
560,26,39,29,29
561,26,39,35,35
562,26,39,35,24
563,26,39,27,36
564,26,39,22,15
565,26,39,18,36
566,26,39,10,27
567,26,39,46,36
568,26,39,40,26
569,26,39,39,10
570,26,39,21,30
571,26,39,43,29
572,26,39,36,20
573,26,39,19,18
574,26,39,34,25
575,26,39,25,37
576,26,39,39,28
577,26,39,16,20
578,26,39,24,22
579,26,39,19,39
580,26,39,39,32
581,26,39,40,45
582,26,39,24,46
583,26,39,38,14
584,26,39,38,27
585,26,39,10,41
586,26,39,12,39
587,26,39,43,22
588,26,39,26,45
589,26,39,49,18
590,26,39,26,22
591,26,39,36,42
592,26,39,25,45
593,26,39,34,39
594,26,39,21,25
595,26,39,48,41
596,26,39,42,17
597,26,39,34,40
598,26,39,49,42
599,26,39,12,24
600,26,39,22,11
601,26,39,16,36
602,26,39,36,38
603,26,39,33,28
604,26,39,42,31
605,26,39,22,22
606,26,39,34,19
607,26,39,24,42
608,26,39,10,42
609,26,39,14,16
610,26,39,10,40
611,26,39,27,41
612,26,39,45,49
613,26,39,46,24
614,26,39,27,40
615,26,39,22,47
616,26,39,33,49
617,26,39,37,42
618,26,39,23,25
619,26,39,46,36
620,26,39,29,36
621,26,39,49,37
622,26,39,49,42
623,26,39,26,45
624,26,39,43,35
625,26,39,37,33
626,26,39,22,41
627,26,39,30,28
628,26,39,21,25
629,26,39,14,16
630,26,39,45,47
631,26,39,34,48
632,26,39,36,10
633,26,39,23,28
634,26,39,33,23
635,26,39,12,28
636,26,39,22,35
637,26,39,20,23
638,26,39,39,26
639,26,39,22,20
640,26,39,24,46
641,26,39,38,11
642,26,39,38,43
643,26,39,28,48
644,26,39,16,39
645,26,39,41,43
646,26,39,31,29
647,26,39,21,16
648,26,39,16,38
649,26,39,45,11
650,26,39,45,17
651,26,39,39,21
652,26,39,38,21
653,26,39,31,48
654,26,39,15,49
655,26,39,26,28
656,26,39,25,44
657,26,39,23,42
658,26,39,17,42
659,26,39,42,37
660,26,39,17,14
661,26,39,25,19
662,26,39,12,10
663,26,39,37,17
664,26,39,33,39
665,26,39,40,17
666,26,39,20,21
667,26,39,15,27
668,26,39,37,24
669,26,39,12,46
670,26,39,43,15
671,26,39,39,15
672,26,39,40,36
673,26,39,23,49
674,26,39,36,47
675,26,39,19,11
676,26,39,32,12
677,26,39,31,13
678,26,39,43,34
679,26,39,19,35
680,26,39,29,19
681,26,39,48,28
682,26,39,32,33
683,26,39,23,16
684,26,39,49,29
685,26,39,42,38
686,26,39,26,48
687,26,39,42,30
688,26,39,38,42
689,26,39,45,37
690,26,39,12,31
691,26,39,24,35
692,26,39,25,21
693,26,39,43,31
694,26,39,17,17
695,26,39,14,36
696,26,39,19,35
697,26,39,36,44
698,26,39,32,39
699,26,39,35,35
700,26,39,29,18
701,26,39,35,32
702,26,39,11,26
703,26,39,40,49
704,26,39,27,19
705,26,39,11,19
706,26,39,32,42
707,26,39,40,35
708,26,39,36,26
709,26,39,31,24
710,26,39,40,46
711,26,39,21,34
712,26,39,37,19
713,26,39,28,10
714,26,39,18,20
715,26,39,42,36
716,26,39,28,19
717,26,39,15,14
718,26,39,40,16
719,26,39,45,35
720,26,39,25,38
721,26,39,49,29
722,26,39,49,13
723,26,39,37,36
724,26,39,38,44
725,26,39,45,11
726,26,39,43,38
727,26,39,16,26
728,26,39,48,34
729,26,39,19,12
730,26,39,14,37
731,26,39,25,24
732,26,39,35,34
733,26,39,24,44
734,26,39,25,33
735,26,39,37,22
736,26,39,41,48
737,26,39,45,10
738,26,39,11,44
739,26,39,34,10
740,26,39,11,44
741,26,39,40,14
742,26,39,47,16
743,26,39,17,34
744,26,39,26,34
745,26,39,24,41
746,26,39,36,16
747,26,39,12,41
748,26,39,12,39
749,26,39,41,32
750,26,39,48,22
751,26,39,11,29
752,26,39,23,29
753,26,39,16,17
754,26,39,18,15
755,26,39,37,26
756,26,39,30,36
757,26,39,22,49
758,26,39,39,19
759,26,39,23,45
760,26,39,10,19
761,26,39,16,15
762,26,39,31,24
763,26,39,36,17
764,26,39,28,15
765,26,39,10,43
766,26,39,29,37
767,26,39,39,19
768,26,39,33,16
769,26,39,15,40
770,26,39,41,41
771,26,39,41,38
772,26,39,36,14
773,26,39,18,29
774,26,39,22,26
775,26,39,16,32
776,26,39,36,46
777,26,39,44,26
778,26,39,37,19
779,26,39,23,13
780,26,39,22,12
781,26,39,49,43
782,26,39,12,45
783,26,39,31,23
784,26,39,34,41
785,26,39,18,10
786,26,39,29,47
787,26,39,31,17
788,26,39,24,34
789,26,39,23,11
790,26,39,19,34
791,26,39,33,31
792,26,39,25,25
793,26,39,40,37
794,26,39,33,44
795,26,39,23,36
796,26,39,17,23
797,26,39,35,23
798,26,39,20,17
799,26,39,22,14
800,26,39,25,17
801,26,39,43,48
802,26,39,43,19
803,26,39,44,14
804,26,39,40,44
805,26,39,38,27
806,26,39,44,36
807,26,39,47,26
808,26,39,20,38
809,26,39,48,31
810,26,39,20,49
811,26,39,40,19
812,26,39,13,48
813,26,39,38,30
814,26,39,17,32
815,26,39,37,45
816,26,39,38,10
817,26,39,48,23
818,26,39,40,11
819,26,39,35,28
820,26,39,43,28
821,26,39,33,32
822,26,39,11,37
823,26,39,27,22
824,26,39,14,45
825,26,39,46,36
826,26,39,23,16
827,26,39,41,39
828,26,39,26,17
829,26,39,20,38
830,26,39,49,23
831,26,39,22,12
832,26,39,46,22
833,26,39,16,19
834,26,39,20,16
835,26,39,15,46
836,26,39,21,17
837,26,39,33,12
838,26,39,37,26
839,26,39,47,13
840,26,39,43,12
841,26,39,10,21
842,26,39,13,13
843,26,39,46,48
844,26,39,42,22
845,26,39,27,27
846,26,39,10,49
847,26,39,24,40
848,26,39,36,31
849,26,39,34,42
850,26,39,39,17
851,26,39,45,36
852,26,39,19,44
853,26,39,23,17
854,26,39,47,23
855,26,39,25,20
856,26,39,16,42
857,26,39,13,15
858,26,39,22,16
859,26,39,40,43
860,26,39,13,25
861,26,39,46,27
862,26,39,11,28
863,26,39,15,34
864,26,39,27,19
865,26,39,38,25
866,26,39,44,39
867,26,39,10,49
868,26,39,18,46
869,26,39,44,21
870,26,39,35,45
871,26,39,45,45
872,26,39,26,35
873,26,39,13,23
874,26,39,12,13
875,26,39,19,24
876,26,39,30,38
877,26,39,30,10
878,26,39,41,11
879,26,39,33,32
880,26,39,17,10
881,26,39,25,39
882,26,39,21,39
883,26,39,21,47
884,26,39,25,28
885,26,39,16,24
886,26,39,42,20
887,26,39,18,19
888,26,39,15,14
889,26,39,16,26
890,26,39,26,15
891,26,39,20,26
892,26,39,11,17
893,26,39,28,13
894,26,39,25,37
895,26,39,23,36
896,26,39,33,15
897,26,39,18,15
898,26,39,29,17
899,26,39,30,12
900,26,39,26,29
901,26,39,27,24
902,26,39,39,34
903,26,39,21,18
904,26,39,37,37
905,26,39,45,14
906,26,39,21,35
907,26,39,30,25
908,26,39,17,14
909,26,39,43,38
910,26,39,40,46
911,26,39,30,38
912,26,39,18,26
913,26,39,39,42
914,26,39,29,14
915,26,39,37,18
916,26,39,15,20
917,26,39,25,31
918,26,39,32,47
919,26,39,29,40
920,26,39,46,23
921,26,39,11,43
922,26,39,43,36
923,26,39,28,28
924,26,39,41,22
925,26,39,46,12
926,26,39,29,25
927,26,39,46,37
928,26,39,10,30
929,26,39,43,23
930,26,39,29,47
931,26,39,43,26
932,26,39,37,17
933,26,39,36,27
934,26,39,12,26
935,26,39,43,11
936,26,39,24,45
937,26,39,48,44
938,26,39,32,35
939,26,39,20,32
940,26,39,24,39
941,26,39,23,38
942,26,39,34,44
943,26,39,48,47
944,26,39,22,21
945,26,39,36,44
946,26,39,22,35
947,26,39,48,31
948,26,39,30,32
949,26,39,37,15
950,26,39,21,41
951,26,39,12,43
952,26,39,40,14
953,26,39,12,36
954,26,39,27,23
955,26,39,22,16
956,26,39,38,35
957,26,39,39,42
958,26,39,39,49
959,26,39,49,21
960,26,39,46,24
961,26,39,36,24
962,26,39,21,11
963,26,39,25,29
964,26,39,21,42
965,26,39,38,35
966,26,39,26,25
967,26,39,12,29
968,26,39,49,42
969,26,39,46,38
970,26,39,17,13
971,26,39,18,33
972,26,39,45,18
973,26,39,34,20
974,26,39,48,41
975,26,39,10,32
976,26,39,27,14
977,26,39,17,18
978,26,39,11,14
979,26,39,22,28
980,26,39,35,13
981,26,39,25,29
982,26,39,47,49
983,26,39,36,44
984,26,39,22,46
985,26,39,37,12
986,26,39,47,31
987,26,39,25,20
988,26,39,25,27
989,26,39,15,24
990,26,39,38,26
991,26,39,32,17
992,26,39,49,44
993,26,39,20,41
994,26,39,26,21
995,26,39,27,34
996,26,39,26,30
997,26,39,27,11
998,26,39,42,40
999,26,39,49,47
1000,26,39,34,37
1001,26,39,31,45
1002,26,39,34,18
1003,26,39,30,29
1004,26,39,39,38
1005,26,39,28,18
1006,26,39,30,49
1007,26,39,21,34
1008,26,39,41,32
1009,26,39,34,42
1010,26,39,32,29
1011,26,39,41,36
1012,26,39,28,34
1013,26,39,24,49
1014,26,39,48,11
1015,26,39,12,21
1016,26,39,22,14
1017,26,39,11,17
1018,26,39,30,45
1019,26,39,15,38
1020,26,39,44,16
1021,26,39,44,49
1022,26,39,46,26
1023,26,39,27,46
1024,26,39,36,24
1025,26,39,46,22
1026,26,39,45,47
1027,26,39,34,21
1028,26,39,19,17
1029,26,39,25,36
1030,26,39,31,27
1031,26,39,41,11
1032,26,39,23,15
1033,26,39,44,37
1034,26,39,48,48
1035,26,39,46,26
1036,26,39,23,24
1037,26,39,45,19
1038,26,39,23,40
1039,26,39,22,49
1040,26,39,38,33
1041,26,39,35,26
1042,26,39,34,11
1043,26,39,21,27
1044,26,39,34,27
1045,26,39,48,30
1046,26,39,25,23
1047,26,39,11,47
1048,26,39,47,28
1049,26,39,21,42
1050,26,39,22,42
1051,26,39,29,39
1052,26,39,48,31
1053,26,39,16,26
1054,26,39,13,17
1055,26,39,19,43
1056,26,39,27,48
1057,26,39,40,47
1058,26,39,48,31
1059,26,39,33,46
1060,26,39,28,15
1061,26,39,39,41
1062,26,39,35,10
1063,26,39,24,12
1064,26,39,37,29
1065,26,39,36,22
1066,26,39,28,25
1067,26,39,22,11
1068,26,39,11,12
1069,26,39,12,36
1070,26,39,36,18
1071,26,39,33,39
1072,26,39,28,29
1073,26,39,26,36
1074,26,39,43,32
1075,26,39,22,47
1076,26,39,34,45
1077,26,39,31,48
1078,26,39,49,48
1079,26,39,23,29
1080,26,39,19,31
1081,26,39,27,18
1082,26,39,40,33
1083,26,39,13,28
1084,26,39,21,43
1085,26,39,17,33
1086,26,39,16,29
1087,26,39,49,11
1088,26,39,49,31
1089,26,39,39,33
1090,26,39,30,22
1091,26,39,21,47
1092,26,39,13,36
1093,26,39,25,10
1094,26,39,27,41
1095,26,39,26,18
1096,26,39,15,14
1097,26,39,26,15
1098,26,39,22,12
1099,26,39,23,36
1100,26,39,13,43
1101,26,39,49,45
1102,26,39,40,47
1103,26,39,15,27
1104,26,39,30,39
1105,26,39,23,36
1106,26,39,49,43
1107,26,39,36,17
1108,26,39,33,12
1109,26,39,23,14
1110,26,39,38,16
1111,26,39,47,48
1112,26,39,41,24
1113,26,39,30,29
1114,26,39,46,40
1115,26,39,12,18
1116,26,39,35,26
1117,26,39,24,13
1118,26,39,34,24
1119,26,39,37,20
1120,26,39,45,35
1121,26,39,43,13
1122,26,39,33,25
1123,26,39,45,21
1124,26,39,29,26
1125,26,39,13,10
1126,26,39,47,30
1127,26,39,30,46
1128,26,39,18,15
1129,26,39,21,21
1130,26,39,31,48
1131,26,39,11,46
1132,26,39,48,30
1133,26,39,22,49
1134,26,39,19,11
1135,26,39,40,12
1136,26,39,46,22
1137,26,39,42,26
1138,26,39,47,21
1139,26,39,19,24
1140,26,39,15,39
1141,26,39,12,31
1142,26,39,15,24
1143,26,39,12,38
1144,26,39,34,14
1145,26,39,14,10
1146,26,39,32,43
1147,26,39,17,40
1148,26,39,19,34
1149,26,39,23,40
1150,26,39,32,18
1151,26,39,42,27
1152,26,39,46,25
1153,26,39,39,11
1154,26,39,12,36
1155,26,39,42,28
1156,26,39,45,37
1157,26,39,38,28
1158,26,39,47,28
1159,26,39,49,27
1160,26,39,26,34
1161,26,39,37,23
1162,26,39,12,49
1163,26,39,32,17
1164,26,39,43,20
1165,26,39,25,34
1166,26,39,30,25
1167,26,39,48,11
1168,26,39,12,39
1169,26,39,25,33
1170,26,39,35,20
1171,26,39,40,22
1172,26,39,11,28
1173,26,39,12,46
1174,26,39,23,10
1175,26,39,20,45
1176,26,39,29,37
1177,26,39,16,34
1178,26,39,11,10
1179,26,39,11,27
1180,26,39,42,32
1181,26,39,34,17
1182,26,39,22,30
1183,26,39,44,49
1184,26,39,26,38
1185,26,39,12,42
1186,26,39,47,25
1187,26,39,17,48
1188,26,39,33,46
1189,26,39,17,26
1190,26,39,11,27
1191,26,39,21,38
1192,26,39,24,49
1193,26,39,46,10
1194,26,39,39,39
1195,26,39,21,25
1196,26,39,16,31
1197,26,39,34,22
1198,26,39,11,40
1199,26,39,16,41
1200,26,39,24,23
1201,26,39,45,23
1202,26,39,15,42
1203,26,39,10,19
1204,26,39,34,27
1205,26,39,20,19
1206,26,39,47,42
1207,26,39,21,17
1208,26,39,18,47
1209,26,39,13,13
1210,26,39,35,45
1211,26,39,25,44
1212,26,39,39,42
1213,26,39,16,45
1214,26,39,28,43
1215,26,39,35,24
1216,26,39,42,37
1217,26,39,24,38
1218,26,39,24,27
1219,26,39,38,33
1220,26,39,45,24
1221,26,39,18,23
1222,26,39,10,40
1223,26,39,29,17
1224,26,39,22,23
1225,26,39,36,13
1226,26,39,21,10
1227,26,39,36,13
1228,26,39,19,30
1229,26,39,12,24
1230,26,39,15,37
1231,26,39,45,30
1232,26,39,42,20
1233,26,39,18,36
1234,26,39,42,48
1235,26,39,24,11
1236,26,39,13,10
1237,26,39,39,45
1238,26,39,21,38
1239,26,39,30,47
1240,26,39,45,10
1241,26,39,32,18
1242,26,39,41,23
1243,26,39,33,11
1244,26,39,26,39
1245,26,39,36,21
1246,26,39,40,21
1247,26,39,31,17
1248,26,39,39,49
1249,26,39,27,13
1250,26,39,32,40
1251,26,39,22,10
1252,26,39,40,16
1253,26,39,21,19
1254,26,39,28,20
1255,26,39,11,10
1256,26,39,23,18
1257,26,39,10,48
1258,26,39,11,16
1259,26,39,40,24
1260,26,39,24,35
1261,26,39,26,40
1262,26,39,43,12
1263,26,39,39,22
1264,26,39,10,32
1265,26,39,44,40
1266,26,39,10,26
1267,26,39,24,25
1268,26,39,48,20
1269,26,39,39,39
1270,26,39,18,46
1271,26,39,10,47
1272,26,39,47,30
1273,26,39,25,29
1274,26,39,16,15
1275,26,39,10,34
1276,26,39,47,36
1277,26,39,21,23
1278,26,39,40,35
1279,26,39,37,41
1280,26,39,16,43
1281,26,39,35,38
1282,26,39,22,46
1283,26,39,37,49
1284,26,39,27,36
1285,26,39,36,34
1286,26,39,26,24
1287,26,39,24,19
1288,26,39,21,35
1289,26,39,21,45
1290,26,39,21,45
1291,26,39,37,12
1292,26,39,49,23
1293,26,39,24,44
1294,26,39,26,33
1295,26,39,34,49
1296,26,39,36,27
1297,26,39,28,32
1298,26,39,45,30
1299,26,39,35,47
1300,26,39,31,26
1301,26,39,48,24
1302,26,39,30,11
1303,26,39,30,31
1304,26,39,18,49
1305,26,39,46,17
1306,26,39,25,36
1307,26,39,46,17
1308,26,39,31,28
1309,26,39,37,16
1310,26,39,17,36
1311,26,39,45,30
1312,26,39,25,18
1313,26,39,37,38
1314,26,39,18,10
1315,26,39,29,13
1316,26,39,30,33
1317,26,39,38,25
1318,26,39,17,36
1319,26,39,23,12
1320,26,39,18,32
1321,26,39,44,43
1322,26,39,37,27
1323,26,39,47,32
1324,26,39,37,10
1325,26,39,15,30
1326,26,39,47,49
1327,26,39,17,22
1328,26,39,12,23
1329,26,39,26,19
1330,26,39,11,42
1331,26,39,38,26
1332,26,39,18,45
1333,26,39,22,42
1334,26,39,33,10
1335,26,39,13,30
1336,26,39,25,35
1337,26,39,44,26
1338,26,39,32,49
1339,26,39,48,38
1340,26,39,44,20
1341,26,39,14,48
1342,26,39,12,38
1343,26,39,23,48
1344,26,39,36,21
1345,26,39,13,40
1346,26,39,42,18
1347,26,39,28,22
1348,26,39,46,28
1349,26,39,11,31
1350,26,39,27,42
1351,26,39,34,14
1352,26,39,38,44
1353,26,39,37,16
1354,26,39,27,44
1355,26,39,27,40
1356,26,39,25,40
1357,26,39,10,27
1358,26,39,44,24
1359,26,39,10,23
1360,26,39,12,36
1361,26,39,35,30
1362,26,39,26,29
1363,26,39,27,45
1364,26,39,29,39
1365,26,39,32,29
1366,26,39,26,38
1367,26,39,36,15
1368,26,39,36,24
1369,26,39,42,39
1370,26,39,23,49
1371,26,39,33,12
1372,26,39,48,46
1373,26,39,16,21
1374,26,39,30,48
1375,26,39,36,16
1376,26,39,44,43
1377,26,39,26,30
1378,26,39,30,30
1379,26,39,25,18
1380,26,39,12,42
1381,26,39,48,20
1382,26,39,31,20
1383,26,39,28,35
1384,26,39,30,38
1385,26,39,33,48
1386,26,39,49,25
1387,26,39,12,43
1388,26,39,29,14
1389,26,39,47,23
1390,26,39,28,29
1391,26,39,42,16
1392,26,39,33,45
1393,26,39,13,10
1394,26,39,19,30
1395,26,39,30,39
1396,26,39,45,49
1397,26,39,34,42
1398,26,39,43,41
1399,26,39,38,11
1400,26,39,22,43
1401,26,39,44,39
1402,26,39,43,49
1403,26,39,28,49
1404,26,39,17,13
1405,26,39,16,32
1406,26,39,29,21
1407,26,39,11,42
1408,26,39,23,14
1409,26,39,45,19
1410,26,39,30,38
1411,26,39,46,25
1412,26,39,17,46
1413,26,39,44,41
1414,26,39,10,10
1415,26,39,34,14
1416,26,39,49,19
1417,26,39,26,33
1418,26,39,10,18
1419,26,39,32,41
1420,26,39,15,32
1421,26,39,45,47
1422,26,39,36,17
1423,26,39,49,27
1424,26,39,33,27
1425,26,39,45,41
1426,26,39,39,17
1427,26,39,23,42
1428,26,39,28,16
1429,26,39,27,32
1430,26,39,12,11
1431,26,39,20,11
1432,26,39,28,37
1433,26,39,18,13
1434,26,39,48,43
1435,26,39,32,49
1436,26,39,47,26
1437,26,39,13,29
1438,26,39,32,44
1439,26,39,21,32
1440,26,39,47,20
1441,26,39,16,10
1442,26,39,37,37
1443,26,39,17,28
1444,26,39,11,28
1445,26,39,34,19
1446,26,39,34,47
1447,26,39,10,34
1448,26,39,24,15
1449,26,39,24,31
1450,26,39,31,17
1451,26,39,13,37
1452,26,39,39,40
1453,26,39,27,37
1454,26,39,49,29
1455,26,39,23,45
1456,26,39,15,13
1457,26,39,46,38
1458,26,39,19,34
1459,26,39,40,16
1460,26,39,45,24
1461,26,39,38,11
1462,26,39,31,31
1463,26,39,43,27
1464,26,39,29,34
1465,26,39,38,32
1466,26,39,18,25
1467,26,39,37,21
1468,26,39,36,22
1469,26,39,32,26
1470,26,39,11,47
1471,26,39,23,44
1472,26,39,13,16
1473,26,39,42,44
1474,26,39,44,47
1475,26,39,20,29
1476,26,39,46,31
1477,26,39,32,23
1478,26,39,34,41
1479,26,39,16,48
1480,26,39,42,38
1481,26,39,33,40
1482,26,39,34,38
1483,26,39,37,41
1484,26,39,16,24
1485,26,39,46,38
1486,26,39,33,37
1487,26,39,47,17
1488,26,39,40,18
1489,26,39,25,42
1490,26,39,11,19
1491,26,39,21,44
1492,26,39,40,44
1493,26,39,20,10
1494,26,39,33,48
1495,26,39,37,39
1496,26,39,37,29
1497,26,39,30,46
1498,26,39,26,16
1499,26,39,12,37
1500,26,39,34,29
1501,26,39,25,27
1502,26,39,18,27
1503,26,39,38,13
1504,26,39,35,27
1505,26,39,22,24
1506,26,39,19,34
1507,26,39,23,27
1508,26,39,30,20
1509,26,39,24,18
1510,26,39,37,35
1511,26,39,36,10
1512,26,39,12,11
1513,26,39,39,28
1514,26,39,38,37
1515,26,39,24,13
1516,26,39,37,36
1517,26,39,24,35
1518,26,39,37,15
1519,26,39,25,27
1520,26,39,15,42
1521,26,39,20,20
1522,26,39,10,26
1523,26,39,23,48
1524,26,39,30,28
1525,26,39,33,23
1526,26,39,41,19
1527,26,39,18,45
1528,26,39,17,10
1529,26,39,24,48
1530,26,39,22,43
1531,26,39,21,23
1532,26,39,31,12
1533,26,39,44,16
1534,26,39,15,17
1535,26,39,40,49
1536,26,39,20,39
1537,26,39,32,33
1538,26,39,12,49
1539,26,39,18,21
1540,26,39,24,22
1541,26,39,36,32
1542,26,39,46,24
1543,26,39,34,19
1544,26,39,40,47
1545,26,39,38,48
1546,26,39,37,11
1547,26,39,22,43
1548,26,39,49,45
1549,26,39,25,41
1550,26,39,15,43
1551,26,39,11,15
1552,26,39,34,14
1553,26,39,38,30
1554,26,39,19,43
1555,26,39,31,37
1556,26,39,32,34
1557,26,39,39,33
1558,26,39,35,22
1559,26,39,42,18
1560,26,39,25,39
1561,26,39,45,38
1562,26,39,11,18
1563,26,39,22,23
1564,26,39,32,17
1565,26,39,46,24
1566,26,39,42,32
1567,26,39,43,39
1568,26,39,42,38
1569,26,39,46,34
1570,26,39,13,36
1571,26,39,47,43
1572,26,39,20,10
1573,26,39,28,47
1574,26,39,40,49
1575,26,39,10,32
1576,26,39,48,41
1577,26,39,12,35
1578,26,39,43,15
1579,26,39,45,20
1580,26,39,27,25
1581,26,39,43,14
1582,26,39,38,13
1583,26,39,45,46
1584,26,39,47,46
1585,26,39,13,23
1586,26,39,33,14
1587,26,39,25,44
1588,26,39,39,35
1589,26,39,23,26
1590,26,39,24,41
1591,26,39,46,12
1592,26,39,49,38
1593,26,39,38,31
1594,26,39,24,35
1595,26,39,34,37
1596,26,39,32,39
1597,26,39,47,42
1598,26,39,28,27
1599,26,39,24,19
1600,26,39,20,11
1601,26,39,23,21
1602,26,39,41,49
1603,26,39,41,25
1604,26,39,29,40
1605,26,39,18,11
1606,26,39,22,40
1607,26,39,41,40
1608,26,39,21,44
1609,26,39,12,17
1610,26,39,39,43
1611,26,39,25,28
1612,26,39,13,37
1613,26,39,46,19
1614,26,39,47,40
1615,26,39,32,36
1616,26,39,30,45
1617,26,39,36,32
1618,26,39,31,15
1619,26,39,32,15
1620,26,39,45,41
1621,26,39,16,32
1622,26,39,14,12
1623,26,39,13,32
1624,26,39,38,14
1625,26,39,18,16
1626,26,39,29,24
1627,26,39,21,15
1628,26,39,49,24
1629,26,39,29,33
1630,26,39,11,12
1631,26,39,29,29
1632,26,39,11,21
1633,26,39,49,28
1634,26,39,42,20
1635,26,39,35,19
1636,26,39,26,48
1637,26,39,29,12
1638,26,39,11,12
1639,26,39,28,28
1640,26,39,21,22
1641,26,39,37,30
1642,26,39,17,11
1643,26,39,29,21
1644,26,39,39,20
1645,26,39,44,33
1646,26,39,28,26
1647,26,39,20,18
1648,26,39,47,39
1649,26,39,40,42
1650,26,39,21,44
1651,26,39,17,40
1652,26,39,16,28
1653,26,39,49,43
1654,26,39,31,43
1655,26,39,10,41
1656,26,39,31,22
1657,26,39,23,37
1658,26,39,29,42
1659,26,39,35,23
1660,26,39,20,21
1661,26,39,20,24
1662,26,39,45,33
1663,26,39,39,45
1664,26,39,15,13
1665,26,39,27,24
1666,26,39,20,44
1667,26,39,30,28
1668,26,39,37,38
1669,26,39,30,49
1670,26,39,36,14
1671,26,39,34,40
1672,26,39,15,47
1673,26,39,39,16
1674,26,39,14,40
1675,26,39,35,20
1676,26,39,37,31
1677,26,39,34,10
1678,26,39,22,32
1679,26,39,20,25
1680,26,39,37,12
1681,26,39,31,26
1682,26,39,17,44
1683,26,39,18,21
1684,26,39,14,34
1685,26,39,33,38
1686,26,39,48,42
1687,26,39,44,30
1688,26,39,26,19
1689,26,39,15,11
1690,26,39,47,26
1691,26,39,40,17
1692,26,39,41,37
1693,26,39,12,46
1694,26,39,43,45
1695,26,39,27,31
1696,26,39,14,25
1697,26,39,44,41
1698,26,39,14,20
1699,26,39,41,22
1700,26,39,33,40
1701,26,39,37,25
1702,26,39,43,16
1703,26,39,21,15
1704,26,39,36,17
1705,26,39,18,48
1706,26,39,26,20
1707,26,39,38,13
1708,26,39,42,42
1709,26,39,40,14
1710,26,39,11,27
1711,26,39,45,44
1712,26,39,49,14
1713,26,39,24,13
1714,26,39,24,47
1715,26,39,13,30
1716,26,39,14,25
1717,26,39,31,44
1718,26,39,45,11
1719,26,39,23,35
1720,26,39,28,33
1721,26,39,47,35
1722,26,39,10,21
1723,26,39,18,33
1724,26,39,24,25
1725,26,39,23,33
1726,26,39,30,38
1727,26,39,36,13
1728,26,39,38,10
1729,26,39,29,17
1730,26,39,10,41
1731,26,39,21,10
1732,26,39,29,27
1733,26,39,47,18
1734,26,39,15,19
1735,26,39,49,44
1736,26,39,15,43
1737,26,39,15,42
1738,26,39,49,37
1739,26,39,14,11
1740,26,39,27,44
1741,26,39,43,16
1742,26,39,43,24
1743,26,39,35,45
1744,26,39,12,36
1745,26,39,28,20
1746,26,39,36,42
1747,26,39,37,32
1748,26,39,39,45
1749,26,39,48,13
1750,26,39,23,47
1751,26,39,10,29
1752,26,39,30,42
1753,26,39,39,17
1754,26,39,31,49
1755,26,39,42,27
1756,26,39,42,19
1757,26,39,10,30
1758,26,39,27,28
1759,26,39,37,28
1760,26,39,10,17
1761,26,39,21,16
1762,26,39,49,32
1763,26,39,21,33
1764,26,39,20,17
1765,26,39,47,48
1766,26,39,30,47
1767,26,39,38,28
1768,26,39,23,44
1769,26,39,16,14
1770,26,39,46,29
1771,26,39,25,33
1772,26,39,18,43
1773,26,39,33,26
1774,26,39,45,10
1775,26,39,16,22
1776,26,39,31,10
1777,26,39,21,10
1778,26,39,22,47
1779,26,39,28,30
1780,26,39,34,10
1781,26,39,42,28
1782,26,39,21,33
1783,26,39,47,20
1784,26,39,49,30
1785,26,39,30,37
1786,26,39,29,13
1787,26,39,38,35
1788,26,39,33,39
1789,26,39,22,11
1790,26,39,20,25
1791,26,39,14,27
1792,26,39,46,12
1793,26,39,45,16
1794,26,39,42,44
1795,26,39,23,28
1796,26,39,19,45
1797,26,39,21,30
1798,26,39,36,46
1799,26,39,12,17
1800,26,39,24,29
1801,26,39,13,29
1802,26,39,32,19
1803,26,39,30,35
1804,26,39,19,37
1805,26,39,48,34
1806,26,39,18,39
1807,26,39,25,25
1808,26,39,29,13
1809,26,39,13,31
1810,26,39,25,19
1811,26,39,35,42
1812,26,39,16,33
1813,26,39,31,34
1814,26,39,14,16
1815,26,39,13,16
1816,26,39,34,30
1817,26,39,27,11
1818,26,39,41,13
1819,26,39,23,40
1820,26,39,28,37
1821,26,39,11,40
1822,26,39,49,43
1823,26,39,40,30
1824,26,39,29,11
1825,26,39,27,36
1826,26,39,28,38
1827,26,39,48,26
1828,26,39,39,10
1829,26,39,11,14
1830,26,39,23,17
1831,26,39,11,41
1832,26,39,30,42
1833,26,39,44,26
1834,26,39,16,35
1835,26,39,26,13
1836,26,39,16,44
1837,26,39,43,48
1838,26,39,36,29
1839,26,39,38,44
1840,26,39,24,43
1841,26,39,31,48
1842,26,39,13,22
1843,26,39,25,17
1844,26,39,37,41
1845,26,39,42,12
1846,26,39,11,40
1847,26,39,41,48
1848,26,39,20,23
1849,26,39,12,15
1850,26,39,21,23
1851,26,39,48,27
1852,26,39,11,31
1853,26,39,18,45
1854,26,39,45,19
1855,26,39,39,34
1856,26,39,14,30
1857,26,39,28,44
1858,26,39,12,26
1859,26,39,25,11
1860,26,39,25,32
1861,26,39,38,35
1862,26,39,42,27
1863,26,39,14,43
1864,26,39,26,37
1865,26,39,23,28
1866,26,39,17,42
1867,26,39,16,14
1868,26,39,11,29
1869,26,39,28,27
1870,26,39,44,44
1871,26,39,35,26
1872,26,39,43,13
1873,26,39,47,26
1874,26,39,10,43
1875,26,39,37,44
1876,26,39,41,39
1877,26,39,34,20
1878,26,39,49,28
1879,26,39,30,41
1880,26,39,14,46
1881,26,39,42,29
1882,26,39,24,35
1883,26,39,43,18
1884,26,39,35,12
1885,26,39,29,13
1886,26,39,47,23
1887,26,39,33,35
1888,26,39,27,28
1889,26,39,22,41
1890,26,39,24,42
1891,26,39,28,44
1892,26,39,24,22
1893,26,39,21,33
1894,26,39,32,17
1895,26,39,25,28
1896,26,39,28,18
1897,26,39,45,35
1898,26,39,41,17
1899,26,39,30,20
1900,26,39,37,18
1901,26,39,19,47
1902,26,39,13,24
1903,26,39,22,45
1904,26,39,11,26
1905,26,39,31,30
1906,26,39,45,36
1907,26,39,21,35
1908,26,39,18,36
1909,26,39,30,24
1910,26,39,11,44
1911,26,39,44,24
1912,26,39,39,26
1913,26,39,15,17
1914,26,39,16,46
1915,26,39,26,10
1916,26,39,43,39
1917,26,39,17,42
1918,26,39,35,22
1919,26,39,16,35
1920,26,39,29,27
1921,26,39,49,33
1922,26,39,41,20
1923,26,39,31,21
1924,26,39,16,47
1925,26,39,33,10
1926,26,39,14,25
1927,26,39,17,31
1928,26,39,18,11
1929,26,39,48,22
1930,26,39,19,27
1931,26,39,37,15
1932,26,39,11,11
1933,26,39,45,22
1934,26,39,32,26
1935,26,39,46,39
1936,26,39,34,37
1937,26,39,12,40
1938,26,39,26,36
1939,26,39,49,13
1940,26,39,36,16
1941,26,39,28,33
1942,26,39,38,11
1943,26,39,37,27
1944,26,39,42,40
1945,26,39,15,26
1946,26,39,29,36
1947,26,39,16,14
1948,26,39,20,22
1949,26,39,20,32
1950,26,39,21,12
1951,26,39,48,22
1952,26,39,45,21
1953,26,39,28,30
1954,26,39,44,29
1955,26,39,43,38
1956,26,39,27,21
1957,26,39,33,31
1958,26,39,25,24
1959,26,39,31,24
1960,26,39,32,10
1961,26,39,22,14
1962,26,39,18,30
1963,26,39,10,22
1964,26,39,48,15
1965,26,39,13,33
1966,26,39,15,29
1967,26,39,20,27
1968,26,39,39,11
1969,26,39,31,21
1970,26,39,28,35
1971,26,39,11,14
1972,26,39,48,31
1973,26,39,49,15
1974,26,39,19,21
1975,26,39,30,49
1976,26,39,23,42
1977,26,39,40,23
1978,26,39,26,46
1979,26,39,29,10
1980,26,39,21,34
1981,26,39,15,18
1982,26,39,48,49
1983,26,39,28,10
1984,26,39,49,19
1985,26,39,31,33
1986,26,39,21,35
1987,26,39,46,24
1988,26,39,26,13
1989,26,39,23,15
1990,26,39,14,37
1991,26,39,41,25
1992,26,39,15,31
1993,26,39,22,23
1994,26,39,41,41
1995,26,39,36,49
1996,26,39,36,29
1997,26,39,10,19
1998,26,39,10,16
1999,26,39,15,30
2000,26,39,36,21
2001,26,39,30,23
2002,26,39,10,25
2003,26,39,15,40
2004,26,39,25,46
2005,26,39,13,37
2006,26,39,13,41
2007,26,39,26,23
2008,26,39,37,19
2009,26,39,16,33
2010,26,39,10,49
2011,26,39,13,17
2012,26,39,48,31
2013,26,39,25,35
2014,26,39,17,45
2015,26,39,49,46
2016,26,39,36,20
2017,26,39,15,20
2018,26,39,28,39
2019,26,39,37,20
2020,26,39,28,23
2021,26,39,33,48
2022,26,39,19,18
2023,26,39,42,10
2024,26,39,49,16
2025,26,39,10,15
2026,26,39,45,10
2027,26,39,27,14
2028,26,39,27,10
2029,26,39,31,19
2030,26,39,14,14
2031,26,39,25,25
2032,26,39,24,16
2033,26,39,18,44
2034,26,39,45,20
2035,26,39,47,46
2036,26,39,37,38
2037,26,39,23,45
2038,26,39,38,28
2039,26,39,22,47
2040,26,39,20,28
2041,26,39,29,17
2042,26,39,11,14
2043,26,39,36,25
2044,26,39,11,42
2045,26,39,34,21
2046,26,39,36,29
2047,26,39,23,16
2048,26,39,10,28
2049,26,39,45,42
2050,26,39,14,13
2051,26,39,37,46
2052,26,39,18,13
2053,26,39,11,42
2054,26,39,26,15
2055,26,39,25,44
2056,26,39,49,48
2057,26,39,30,43
2058,26,39,33,45
2059,26,39,37,12
2060,26,39,27,19
2061,26,39,15,44
2062,26,39,26,23
2063,26,39,43,46
2064,26,39,38,41
2065,26,39,45,23
2066,26,39,47,36
2067,26,39,22,17
2068,26,39,37,18
2069,26,39,14,25
2070,26,39,41,14
2071,26,39,46,42
2072,26,39,19,46
2073,26,39,11,33
2074,26,39,44,22
2075,26,39,30,23
2076,26,39,13,16
2077,26,39,31,45
2078,26,39,23,23
2079,26,39,10,10
2080,26,39,43,34
2081,26,39,31,22
2082,26,39,28,49
2083,26,39,48,39
2084,26,39,34,23
2085,26,39,29,19
2086,26,39,19,24
2087,26,39,28,11
2088,26,39,21,45
2089,26,39,25,15
2090,26,39,14,31
2091,26,39,49,40
2092,26,39,10,36
2093,26,39,45,29
2094,26,39,25,45
2095,26,39,45,29
2096,26,39,44,48
2097,26,39,24,12
2098,26,39,45,38
2099,26,39,43,13
2100,26,39,47,16
2101,26,39,48,18
2102,26,39,17,13
2103,26,39,20,11
2104,26,39,33,46
2105,26,39,28,17
2106,26,39,22,16
2107,26,39,49,26
2108,26,39,30,32
2109,26,39,30,18
2110,26,39,23,20
2111,26,39,48,14
2112,26,39,36,36
2113,26,39,29,11
2114,26,39,29,30
2115,26,39,19,39
2116,26,39,27,12
2117,26,39,30,26
2118,26,39,49,40
2119,26,39,16,32
2120,26,39,26,19
2121,26,39,42,34
2122,26,39,42,24
2123,26,39,47,31
2124,26,39,21,18
2125,26,39,47,40
2126,26,39,48,25
2127,26,39,23,37
2128,26,39,15,28
2129,26,39,17,22
2130,26,39,47,10
2131,26,39,18,20
2132,26,39,12,27
2133,26,39,11,36
2134,26,39,40,33
2135,26,39,48,10
2136,26,39,21,49
2137,26,39,26,32
2138,26,39,47,43
2139,26,39,21,40
2140,26,39,24,43
2141,26,39,27,35
2142,26,39,39,32
2143,26,39,38,12
2144,26,39,19,34
2145,26,39,35,27
2146,26,39,30,49
2147,26,39,42,37
2148,26,39,24,17
2149,26,39,15,45
2150,26,39,21,19
2151,26,39,44,29
2152,26,39,45,26
2153,26,39,17,39
2154,26,39,18,18
2155,26,39,17,37
2156,26,39,39,45
2157,26,39,11,11
2158,26,39,29,23
2159,26,39,37,40
2160,26,39,13,11
2161,26,39,37,39
2162,26,39,11,43
2163,26,39,12,38
2164,26,39,32,17
2165,26,39,39,10
2166,26,39,22,21
2167,26,39,20,43
2168,26,39,43,13
2169,26,39,17,22
2170,26,39,38,22
2171,26,39,15,24
2172,26,39,25,46
2173,26,39,25,31
2174,26,39,49,22
2175,26,39,18,13
2176,26,39,31,16
2177,26,39,37,43
2178,26,39,27,12
2179,26,39,43,38
2180,26,39,38,35
2181,26,39,10,48
2182,26,39,49,26
2183,26,39,33,23
2184,26,39,19,13
2185,26,39,15,40
2186,26,39,44,37
2187,26,39,25,31
2188,26,39,39,29
2189,26,39,22,25
2190,26,39,16,25
2191,26,39,20,28
2192,26,39,47,17
2193,26,39,26,44
2194,26,39,40,13
2195,26,39,38,31
2196,26,39,21,46
2197,26,39,20,12
2198,26,39,37,29
2199,26,39,24,42
2200,26,39,23,14
2201,26,39,12,34
2202,26,39,39,34
2203,26,39,30,49
2204,26,39,11,18
2205,26,39,11,40
2206,26,39,30,16
2207,26,39,16,11
2208,26,39,28,15
2209,26,39,41,10
2210,26,39,41,32
2211,26,39,37,21
2212,26,39,28,33
2213,26,39,22,17
2214,26,39,42,34
2215,26,39,35,30
2216,26,39,44,27
2217,26,39,10,46
2218,26,39,21,48
2219,26,39,21,45
2220,26,39,27,16
2221,26,39,18,31
2222,26,39,21,17
2223,26,39,13,32
2224,26,39,11,49
2225,26,39,45,40
2226,26,39,19,47
2227,26,39,30,17
2228,26,39,28,27
2229,26,39,42,44
2230,26,39,22,22
2231,26,39,29,34
2232,26,39,27,29
2233,26,39,39,40
2234,26,39,39,45
2235,26,39,24,44
2236,26,39,35,28
2237,26,39,21,21
2238,26,39,22,23
2239,26,39,11,20
2240,26,39,41,29
2241,26,39,45,24
2242,26,39,17,42
2243,26,39,27,11
2244,26,39,12,28
2245,26,39,22,21
2246,26,39,25,26
2247,26,39,10,39
2248,26,39,12,29
2249,26,39,41,14
2250,26,39,19,36
2251,26,39,48,27
2252,26,39,24,20
2253,26,39,45,13
2254,26,39,27,43
2255,26,39,45,16
2256,26,39,13,45
2257,26,39,28,22
2258,26,39,10,26
2259,26,39,18,32
2260,26,39,42,39
2261,26,39,48,10
2262,26,39,27,42
2263,26,39,23,44
2264,26,39,10,19
2265,26,39,13,42
2266,26,39,19,47
2267,26,39,33,29
2268,26,39,26,16
2269,26,39,33,33
2270,26,39,20,44
2271,26,39,42,49
2272,26,39,19,29
2273,26,39,41,32
2274,26,39,40,23
2275,26,39,29,12
2276,26,39,40,18
2277,26,39,14,34
2278,26,39,42,27
2279,26,39,14,25
2280,26,39,23,26
2281,26,39,33,27
2282,26,39,35,20
2283,26,39,19,42
2284,26,39,35,35
2285,26,39,35,33
2286,26,39,34,24
2287,26,39,15,37
2288,26,39,37,38
2289,26,39,10,18
2290,26,39,14,26
2291,26,39,18,20
2292,26,39,11,24
2293,26,39,36,11
2294,26,39,45,47
2295,26,39,48,26
2296,26,39,14,29
2297,26,39,26,23
2298,26,39,48,48
2299,26,39,11,34
2300,26,39,37,13
2301,26,39,11,29
2302,26,39,26,36
2303,26,39,21,40
2304,26,39,12,32
2305,26,39,44,10
2306,26,39,13,38
2307,26,39,12,12
2308,26,39,47,15
2309,26,39,19,11
2310,26,39,29,35
2311,26,39,43,41
2312,26,39,11,16
2313,26,39,31,28
2314,26,39,35,38
2315,26,39,13,21
2316,26,39,48,38
2317,26,39,28,28
2318,26,39,13,44
2319,26,39,28,46
2320,26,39,14,37
2321,26,39,30,18
2322,26,39,35,16
2323,26,39,12,39
2324,26,39,46,19
2325,26,39,32,35
2326,26,39,11,49
2327,26,39,26,24
2328,26,39,15,21
2329,26,39,24,40
2330,26,39,23,11
2331,26,39,46,29
2332,26,39,45,31
2333,26,39,10,36
2334,26,39,35,32
2335,26,39,13,27
2336,26,39,30,11
2337,26,39,39,18
2338,26,39,30,11
2339,26,39,43,10
2340,26,39,31,15
2341,26,39,23,30
2342,26,39,12,28
2343,26,39,40,20
2344,26,39,19,33
2345,26,39,22,43
2346,26,39,39,13
2347,26,39,33,13
2348,26,39,49,26
2349,26,39,19,17
2350,26,39,15,46
2351,26,39,15,34
2352,26,39,44,19
2353,26,39,40,32
2354,26,39,25,33
2355,26,39,43,30
2356,26,39,24,22
2357,26,39,23,22
2358,26,39,49,14
2359,26,39,31,13
2360,26,39,18,43
2361,26,39,33,27
2362,26,39,48,38
2363,26,39,24,34
2364,26,39,11,16
2365,26,39,39,23
2366,26,39,36,17
2367,26,39,49,20
2368,26,39,29,20
2369,26,39,36,32
2370,26,39,14,44
2371,26,39,11,38
2372,26,39,13,19
2373,26,39,49,37
2374,26,39,32,31
2375,26,39,26,34
2376,26,39,49,25
2377,26,39,37,42
2378,26,39,37,15
2379,26,39,29,34
2380,26,39,13,20
2381,26,39,46,34
2382,26,39,27,26
2383,26,39,30,17
2384,26,39,26,15
2385,26,39,15,46
2386,26,39,13,33
2387,26,39,12,32
2388,26,39,44,25
2389,26,39,35,10
2390,26,39,35,18
2391,26,39,37,17
2392,26,39,31,48
2393,26,39,13,10
2394,26,39,27,35
2395,26,39,22,35
2396,26,39,33,42
2397,26,39,43,15
2398,26,39,27,26
2399,26,39,33,15
2400,26,39,32,47
2401,26,39,13,38
2402,26,39,10,35
2403,26,39,46,23
2404,26,39,47,36
2405,26,39,46,34
2406,26,39,20,18
2407,26,39,48,47
2408,26,39,15,26
2409,26,39,22,48
2410,26,39,45,43
2411,26,39,35,30
2412,26,39,46,20
2413,26,39,49,11
2414,26,39,35,49
2415,26,39,23,14
2416,26,39,29,15
2417,26,39,33,12
2418,26,39,19,20
2419,26,39,27,47
2420,26,39,31,28
2421,26,39,45,23
2422,26,39,28,41
2423,26,39,41,24
2424,26,39,45,34
2425,26,39,41,37
2426,26,39,37,49
2427,26,39,37,18
2428,26,39,38,10
2429,26,39,14,14
2430,26,39,44,32
2431,26,39,16,16
2432,26,39,18,49
2433,26,39,40,20
2434,26,39,14,20
2435,26,39,36,33
2436,26,39,38,46
2437,26,39,36,41
2438,26,39,17,14
2439,26,39,43,30
2440,26,39,25,35
2441,26,39,46,32
2442,26,39,44,39
2443,26,39,27,23
2444,26,39,10,14
2445,26,39,14,37
2446,26,39,33,15
2447,26,39,13,19
2448,26,39,42,38
2449,26,39,12,32
2450,26,39,44,43
2451,26,39,24,21
2452,26,39,17,49
2453,26,39,23,39
2454,26,39,34,25
2455,26,39,49,15
2456,26,39,11,38
2457,26,39,42,39
2458,26,39,39,48
2459,26,39,30,26
2460,26,39,38,26
2461,26,39,33,37
2462,26,39,27,27
2463,26,39,37,19
2464,26,39,23,36
2465,26,39,31,48
2466,26,39,13,45
2467,26,39,42,42
2468,26,39,22,24
2469,26,39,17,13
2470,26,39,47,27
2471,26,39,25,47
2472,26,39,25,24
2473,26,39,27,43
2474,26,39,29,28
2475,26,39,20,47
2476,26,39,16,25
2477,26,39,22,21
2478,26,39,16,26
2479,26,39,33,12
2480,26,39,16,29
2481,26,39,48,47
2482,26,39,32,35
2483,26,39,46,20
2484,26,39,22,14
2485,26,39,27,38
2486,26,39,22,22
2487,26,39,43,35
2488,26,39,22,34
2489,26,39,45,13
2490,26,39,49,15
2491,26,39,40,16
2492,26,39,27,25
2493,26,39,21,10
2494,26,39,12,32
2495,26,39,33,18
2496,26,39,22,41
2497,26,39,39,37
2498,26,39,30,18
2499,26,39,13,33
2500,26,39,35,48
2501,26,39,44,40
2502,26,39,24,43
2503,26,39,48,40
2504,26,39,33,48
2505,26,39,38,39
2506,26,39,30,20
2507,26,39,11,15
2508,26,39,20,11
2509,26,39,30,29
2510,26,39,45,24
2511,26,39,28,10
2512,26,39,38,19
2513,26,39,33,36
2514,26,39,25,28
2515,26,39,24,49
2516,26,39,19,33
2517,26,39,41,25
2518,26,39,34,12
2519,26,39,47,34
2520,26,39,20,44
2521,26,39,16,26
2522,26,39,48,30
2523,26,39,31,44
2524,26,39,19,35
2525,26,39,10,20
2526,26,39,12,43
2527,26,39,28,12
2528,26,39,30,45
2529,26,39,45,44
2530,26,39,31,36
2531,26,39,45,39
2532,26,39,31,36
2533,26,39,14,31
2534,26,39,24,32
2535,26,39,26,10
2536,26,39,18,18
2537,26,39,18,40
2538,26,39,45,49
2539,26,39,28,32
2540,26,39,48,14
2541,26,39,47,18
2542,26,39,43,24
2543,26,39,10,46
2544,26,39,26,22
2545,26,39,15,24
2546,26,39,46,40
2547,26,39,19,35
2548,26,39,34,42
2549,26,39,30,26
2550,26,39,12,15
2551,26,39,12,19
2552,26,39,13,14
2553,26,39,13,47
2554,26,39,12,20
2555,26,39,42,38
2556,26,39,42,21
2557,26,39,14,37
2558,26,39,38,18
2559,26,39,39,40
2560,26,39,44,20
2561,26,39,47,22
2562,26,39,44,15
2563,26,39,29,44
2564,26,39,26,42
2565,26,39,36,46
2566,26,39,15,18
2567,26,39,13,25
2568,26,39,33,42
2569,26,39,21,16
2570,26,39,27,29
2571,26,39,14,36
2572,26,39,34,21
2573,26,39,28,32
2574,26,39,15,25
2575,26,39,35,34
2576,26,39,34,34
2577,26,39,43,25
2578,26,39,33,25
2579,26,39,13,20
2580,26,39,32,37
2581,26,39,28,24
2582,26,39,31,40
2583,26,39,29,26
2584,26,39,42,20
2585,26,39,14,46
2586,26,39,11,28
2587,26,39,21,15
2588,26,39,25,42
2589,26,39,32,40
2590,26,39,25,23
2591,26,39,47,36
2592,26,39,13,36
2593,26,39,47,44
2594,26,39,29,47
2595,26,39,12,43
2596,26,39,33,10
2597,26,39,14,32
2598,26,39,24,24
2599,26,39,19,23
2600,26,39,35,30
2601,26,39,19,16
2602,26,39,28,37
2603,26,39,47,35
2604,26,39,43,31
2605,26,39,24,19
2606,26,39,32,11
2607,26,39,46,40
2608,26,39,22,41
2609,26,39,30,45
2610,26,39,46,10
2611,26,39,30,39
2612,26,39,33,16
2613,26,39,37,47
2614,26,39,24,39
2615,26,39,30,23
2616,26,39,42,33
2617,26,39,45,35
2618,26,39,30,28
2619,26,39,20,32
2620,26,39,27,13
2621,26,39,27,11
2622,26,39,14,20
2623,26,39,18,20
2624,26,39,34,10
2625,26,39,16,27
2626,26,39,44,41
2627,26,39,38,34
2628,26,39,20,45
2629,26,39,13,16
2630,26,39,29,39
2631,26,39,26,35
2632,26,39,21,27
2633,26,39,42,31
2634,26,39,19,46
2635,26,39,26,18
2636,26,39,33,15
2637,26,39,38,15
2638,26,39,44,33
2639,26,39,31,30
2640,26,39,38,42
2641,26,39,17,10
2642,26,39,38,18
2643,26,39,11,16
2644,26,39,35,27
2645,26,39,48,40
2646,26,39,14,29
2647,26,39,33,47
2648,26,39,32,32
2649,26,39,15,48
2650,26,39,41,37
2651,26,39,44,48
2652,26,39,11,35
2653,26,39,15,37
2654,26,39,29,31
2655,26,39,21,26
2656,26,39,45,39
2657,26,39,28,32
2658,26,39,13,37
2659,26,39,49,41
2660,26,39,45,48
2661,26,39,18,29
2662,26,39,47,14
2663,26,39,15,37
2664,26,39,11,48
2665,26,39,20,15
2666,26,39,19,45
2667,26,39,47,41
2668,26,39,36,25
2669,26,39,11,34
2670,26,39,32,49
2671,26,39,11,10
2672,26,39,32,14
2673,26,39,32,37
2674,26,39,19,10
2675,26,39,48,23
2676,26,39,31,49
2677,26,39,15,49
2678,26,39,37,28
2679,26,39,14,34
2680,26,39,49,44
2681,26,39,49,11
2682,26,39,15,37
2683,26,39,47,44
2684,26,39,44,20
2685,26,39,18,25
2686,26,39,41,25
2687,26,39,35,36
2688,26,39,14,22
2689,26,39,35,30
2690,26,39,39,14
2691,26,39,26,38
2692,26,39,25,18
2693,26,39,22,20
2694,26,39,43,19
2695,26,39,48,19
2696,26,39,23,49
2697,26,39,36,22
2698,26,39,38,30
2699,26,39,12,27
2700,26,39,42,44
2701,26,39,46,20
2702,26,39,32,14
2703,26,39,26,15
2704,26,39,39,40
2705,26,39,37,14
2706,26,39,34,31
2707,26,39,41,20
2708,26,39,38,43
2709,26,39,22,17
2710,26,39,25,15
2711,26,39,35,17
2712,26,39,40,36
2713,26,39,42,23
2714,26,39,15,26
2715,26,39,49,24
2716,26,39,30,16
2717,26,39,47,43
2718,26,39,12,33
2719,26,39,33,35
2720,26,39,20,14
2721,26,39,29,41
2722,26,39,16,32
2723,26,39,12,43
2724,26,39,26,21
2725,26,39,23,37
2726,26,39,29,22
2727,26,39,48,45
2728,26,39,30,31
2729,26,39,17,32
2730,26,39,10,14
2731,26,39,39,20
2732,26,39,31,40
2733,26,39,32,27
2734,26,39,27,34
2735,26,39,17,38
2736,26,39,13,13
2737,26,39,32,28
2738,26,39,34,31
2739,26,39,33,49
2740,26,39,14,11
2741,26,39,41,15
2742,26,39,48,30
2743,26,39,35,44
2744,26,39,16,49
2745,26,39,42,46
2746,26,39,40,43
2747,26,39,46,38
2748,26,39,12,41
2749,26,39,28,31
2750,26,39,34,36
2751,26,39,42,37
2752,26,39,29,40
2753,26,39,46,37
2754,26,39,38,22
2755,26,39,43,32
2756,26,39,49,14
2757,26,39,19,18
2758,26,39,19,26
2759,26,39,30,47
2760,26,39,11,41
2761,26,39,21,32
2762,26,39,19,43
2763,26,39,25,32
2764,26,39,17,44
2765,26,39,13,10
2766,26,39,14,12
2767,26,39,40,24
2768,26,39,24,24
2769,26,39,43,45
2770,26,39,10,49
2771,26,39,28,49
2772,26,39,14,17
2773,26,39,38,16
2774,26,39,26,41
2775,26,39,44,44
2776,26,39,34,12
2777,26,39,36,43
2778,26,39,37,49
2779,26,39,38,37
2780,26,39,32,17
2781,26,39,40,34
2782,26,39,32,14
2783,26,39,28,34
2784,26,39,25,22
2785,26,39,19,23
2786,26,39,31,35
2787,26,39,41,48
2788,26,39,33,16
2789,26,39,16,37
2790,26,39,32,49
2791,26,39,45,28
2792,26,39,43,37
2793,26,39,14,11
2794,26,39,23,35
2795,26,39,15,11
2796,26,39,34,24
2797,26,39,20,42
2798,26,39,25,30
2799,26,39,11,28
2800,26,39,48,11
2801,26,39,45,39
2802,26,39,46,31
2803,26,39,15,46
2804,26,39,42,43
2805,26,39,19,16
2806,26,39,38,31
2807,26,39,43,12
2808,26,39,39,11
2809,26,39,31,46
2810,26,39,48,14
2811,26,39,33,42
2812,26,39,13,27
2813,26,39,47,28
2814,26,39,18,35
2815,26,39,11,34
2816,26,39,26,15
2817,26,39,25,33
2818,26,39,40,26
2819,26,39,43,21
2820,26,39,26,45
2821,26,39,20,13
2822,26,39,40,47
2823,26,39,43,19
2824,26,39,25,47
2825,26,39,22,33
2826,26,39,21,39
2827,26,39,11,41
2828,26,39,14,34
2829,26,39,36,45
2830,26,39,19,19
2831,26,39,28,25
2832,26,39,37,15
2833,26,39,26,37
2834,26,39,25,19
2835,26,39,13,30
2836,26,39,32,26
2837,26,39,33,35
2838,26,39,17,15
2839,26,39,45,39
2840,26,39,37,41
2841,26,39,48,21
2842,26,39,38,33
2843,26,39,22,22
2844,26,39,24,34
2845,26,39,27,10
2846,26,39,35,31
2847,26,39,16,49
2848,26,39,48,36
2849,26,39,30,17
2850,26,39,46,25
2851,26,39,33,48
2852,26,39,48,38
2853,26,39,29,13
2854,26,39,43,13
2855,26,39,38,31
2856,26,39,17,36
2857,26,39,44,44
2858,26,39,47,40
2859,26,39,17,22
2860,26,39,10,48
2861,26,39,26,27
2862,26,39,21,43
2863,26,39,49,49
2864,26,39,37,33
2865,26,39,49,22
2866,26,39,40,32
2867,26,39,36,37
2868,26,39,21,47
2869,26,39,47,46
2870,26,39,22,47
2871,26,39,24,36
2872,26,39,14,16
2873,26,39,40,48
2874,26,39,46,25
2875,26,39,10,30
2876,26,39,20,16
2877,26,39,34,39
2878,26,39,17,40
2879,26,39,11,10
2880,26,39,42,46
2881,26,39,28,37
2882,26,39,34,24
2883,26,39,16,29
2884,26,39,49,28
2885,26,39,11,29
2886,26,39,14,27
2887,26,39,20,40
2888,26,39,40,11
2889,26,39,21,35
2890,26,39,41,34
2891,26,39,47,19
2892,26,39,17,37
2893,26,39,32,45
2894,26,39,17,49
2895,26,39,48,36
2896,26,39,16,18
2897,26,39,18,41
2898,26,39,23,34
2899,26,39,34,28
2900,26,39,19,49
2901,26,39,28,31
2902,26,39,17,26
2903,26,39,29,11
2904,26,39,38,43
2905,26,39,25,27
2906,26,39,34,25
2907,26,39,11,38
2908,26,39,11,11
2909,26,39,10,25
2910,26,39,24,39
2911,26,39,35,21
2912,26,39,19,20
2913,26,39,42,33
2914,26,39,11,14
2915,26,39,27,13
2916,26,39,40,26
2917,26,39,17,23
2918,26,39,23,40
2919,26,39,28,19
2920,26,39,25,41
2921,26,39,40,47
2922,26,39,15,37
2923,26,39,10,26
2924,26,39,31,41
2925,26,39,20,27
2926,26,39,20,44
2927,26,39,15,27
2928,26,39,23,40
2929,26,39,41,48
2930,26,39,26,45
2931,26,39,22,49
2932,26,39,11,10
2933,26,39,14,37
2934,26,39,33,29
2935,26,39,18,32
2936,26,39,20,43
2937,26,39,23,29
2938,26,39,43,27
2939,26,39,44,11
2940,26,39,26,24
2941,26,39,49,46
2942,26,39,11,27
2943,26,39,14,48
2944,26,39,32,14
2945,26,39,37,21
2946,26,39,49,24
2947,26,39,49,18
2948,26,39,10,20
2949,26,39,14,15
2950,26,39,37,38
2951,26,39,27,40
2952,26,39,45,15
2953,26,39,33,31
2954,26,39,25,28
2955,26,39,34,21
2956,26,39,31,21
2957,26,39,14,40
2958,26,39,17,24
2959,26,39,21,13
2960,26,39,29,25
2961,26,39,27,41
2962,26,39,37,27
2963,26,39,48,31
2964,26,39,33,15
2965,26,39,21,16
2966,26,39,33,37
2967,26,39,24,41
2968,26,39,49,48
2969,26,39,47,12
2970,26,39,35,42
2971,26,39,20,45
2972,26,39,23,17
2973,26,39,31,17
2974,26,39,28,27
2975,26,39,45,37
2976,26,39,10,33
2977,26,39,23,33
2978,26,39,14,48
2979,26,39,34,18
2980,26,39,24,13
2981,26,39,36,14
2982,26,39,49,26
2983,26,39,38,43
2984,26,39,27,37
2985,26,39,42,19
2986,26,39,28,17
2987,26,39,32,16
2988,26,39,10,11
2989,26,39,14,24
2990,26,39,31,11
2991,26,39,48,47
2992,26,39,23,25
2993,26,39,22,39
2994,26,39,33,29
2995,26,39,30,13
2996,26,39,14,14
2997,26,39,41,41
2998,26,39,12,39
2999,26,39,11,37
3000,26,39,17,17
3001,26,39,43,26
3002,26,39,36,18
3003,26,39,23,43
3004,26,39,34,42
3005,26,39,15,15
3006,26,39,20,29
3007,26,39,47,32
3008,26,39,36,24
3009,26,39,21,43
3010,26,39,38,24
3011,26,39,34,33
3012,26,39,34,47
3013,26,39,48,46
3014,26,39,40,11
3015,26,39,13,46
3016,26,39,45,29
3017,26,39,11,41
3018,26,39,20,40
3019,26,39,18,36
3020,26,39,10,28
3021,26,39,16,35
3022,26,39,22,44
3023,26,39,37,33
3024,26,39,24,21
3025,26,39,31,25
3026,26,39,23,22
3027,26,39,10,22
3028,26,39,48,15
3029,26,39,29,40
3030,26,39,39,44
3031,26,39,39,11
3032,26,39,23,38
3033,26,39,35,40
3034,26,39,27,23
3035,26,39,18,31
3036,26,39,29,22
3037,26,39,30,37
3038,26,39,45,32
3039,26,39,20,21
3040,26,39,29,36
3041,26,39,19,47
3042,26,39,34,11
3043,26,39,38,46
3044,26,39,30,28
3045,26,39,33,10
3046,26,39,12,37
3047,26,39,45,11
3048,26,39,30,41
3049,26,39,26,29
3050,26,39,21,32
3051,26,39,14,31
3052,26,39,23,39
3053,26,39,46,11
3054,26,39,41,23
3055,26,39,15,39
3056,26,39,21,27
3057,26,39,10,48
3058,26,39,20,49
3059,26,39,48,42
3060,26,39,21,30
3061,26,39,46,22
3062,26,39,17,48
3063,26,39,33,11
3064,26,39,47,20
3065,26,39,48,47
3066,26,39,31,28
3067,26,39,45,39
3068,26,39,25,35
3069,26,39,23,47
3070,26,39,10,33
3071,26,39,36,14
3072,26,39,44,11
3073,26,39,35,39
3074,26,39,37,38
3075,26,39,32,10
3076,26,39,15,16
3077,26,39,33,35
3078,26,39,30,45
3079,26,39,22,20
3080,26,39,11,37
3081,26,39,11,25
3082,26,39,35,28
3083,26,39,15,33
3084,26,39,25,38
3085,26,39,30,36
3086,26,39,39,41
3087,26,39,37,24
3088,26,39,14,15
3089,26,39,16,18
3090,26,39,48,36
3091,26,39,19,26
3092,26,39,35,19
3093,26,39,30,17
3094,26,39,34,29
3095,26,39,36,29
3096,26,39,36,47
3097,26,39,24,34
3098,26,39,47,43
3099,26,39,33,20
3100,26,39,34,10
3101,26,39,40,10
3102,26,39,23,21
3103,26,39,25,49
3104,26,39,17,35
3105,26,39,10,12
3106,26,39,37,48
3107,26,39,18,18
3108,26,39,14,24
3109,26,39,11,14
3110,26,39,20,30
3111,26,39,46,44
3112,26,39,30,31
3113,26,39,13,21
3114,26,39,46,20
3115,26,39,19,24
3116,26,39,47,49
3117,26,39,24,18
3118,26,39,28,20
3119,26,39,39,24
3120,26,39,18,42
3121,26,39,13,16
3122,26,39,21,30
3123,26,39,10,39
3124,26,39,22,32
3125,26,39,38,42
3126,26,39,20,37
3127,26,39,17,40
3128,26,39,33,42
3129,26,39,15,10
3130,26,39,48,45
3131,26,39,33,34
3132,26,39,21,10
3133,26,39,41,37
3134,26,39,31,25
3135,26,39,19,13
3136,26,39,19,45
3137,26,39,22,26
3138,26,39,23,45
3139,26,39,45,30
3140,26,39,21,49
3141,26,39,12,44
3142,26,39,45,33
3143,26,39,36,40
3144,26,39,28,30
3145,26,39,35,40
3146,26,39,47,21
3147,26,39,38,32
3148,26,39,10,40
3149,26,39,46,20
3150,26,39,31,44
3151,26,39,39,19
3152,26,39,49,22
3153,26,39,42,47
3154,26,39,18,17
3155,26,39,28,21
3156,26,39,12,13
3157,26,39,38,48
3158,26,39,36,30
3159,26,39,24,41
3160,26,39,32,32
3161,26,39,44,45
3162,26,39,24,21
3163,26,39,37,20
3164,26,39,21,11
3165,26,39,12,29
3166,26,39,46,47
3167,26,39,44,49
3168,26,39,31,14
3169,26,39,42,34
3170,26,39,11,47
3171,26,39,24,11
3172,26,39,49,14
3173,26,39,21,17
3174,26,39,39,21
3175,26,39,33,33
3176,26,39,21,27
3177,26,39,49,29
3178,26,39,36,12
3179,26,39,25,36
3180,26,39,21,44
3181,26,39,41,42
3182,26,39,36,43
3183,26,39,27,37
3184,26,39,18,30
3185,26,39,44,36
3186,26,39,29,14
3187,26,39,16,17
3188,26,39,33,45
3189,26,39,38,23
3190,26,39,34,17
3191,26,39,33,28
3192,26,39,36,10
3193,26,39,43,21
3194,26,39,16,17
3195,26,39,33,48
3196,26,39,45,44
3197,26,39,33,17
3198,26,39,46,24
3199,26,39,49,48
3200,26,39,47,19
3201,26,39,35,37
3202,26,39,20,18
3203,26,39,47,46
3204,26,39,34,16
3205,26,39,17,34
3206,26,39,46,44
3207,26,39,22,49
3208,26,39,18,36
3209,26,39,42,11
3210,26,39,26,35
3211,26,39,49,11
3212,26,39,25,32
3213,26,39,27,13
3214,26,39,26,20
3215,26,39,20,11
3216,26,39,20,26
3217,26,39,18,13
3218,26,39,11,10
3219,26,39,15,43
3220,26,39,44,43
3221,26,39,23,21
3222,26,39,27,47
3223,26,39,49,21
3224,26,39,27,27
3225,26,39,48,31
3226,26,39,30,12
3227,26,39,37,16
3228,26,39,22,15
3229,26,39,12,26
3230,26,39,24,17
3231,26,39,10,13
3232,26,39,40,31
3233,26,39,44,42
3234,26,39,34,47
3235,26,39,30,30
3236,26,39,10,27
3237,26,39,35,15
3238,26,39,38,27
3239,26,39,13,45
3240,26,39,12,45
3241,26,39,43,11
3242,26,39,30,39
3243,26,39,33,49
3244,26,39,21,39
3245,26,39,13,41
3246,26,39,10,22
3247,26,39,40,47
3248,26,39,36,17
3249,26,39,29,41
3250,26,39,13,47
3251,26,39,31,37
3252,26,39,41,47
3253,26,39,36,34
3254,26,39,45,31
3255,26,39,21,42
3256,26,39,49,17
3257,26,39,14,26
3258,26,39,48,42
3259,26,39,10,41
3260,26,39,18,47
3261,26,39,16,12
3262,26,39,15,48
3263,26,39,39,15
3264,26,39,15,12
3265,26,39,20,11
3266,26,39,36,27
3267,26,39,21,21
3268,26,39,44,49
3269,26,39,32,10
3270,26,39,15,19
3271,26,39,32,33
3272,26,39,44,16
3273,26,39,30,39
3274,26,39,31,21
3275,26,39,15,32
3276,26,39,32,16
3277,26,39,15,41
3278,26,39,32,34
3279,26,39,14,24
3280,26,39,27,20
3281,26,39,35,40
3282,26,39,13,33
3283,26,39,46,32
3284,26,39,37,48
3285,26,39,21,36
3286,26,39,34,27
3287,26,39,39,14
3288,26,39,38,48
3289,26,39,32,16
3290,26,39,22,44
3291,26,39,45,27
3292,26,39,21,42
3293,26,39,48,27
3294,26,39,42,39
3295,26,39,40,22
3296,26,39,24,28
3297,26,39,30,39
3298,26,39,32,30
3299,26,39,16,30
3300,26,39,47,48
3301,26,39,25,40
3302,26,39,10,21
3303,26,39,21,34
3304,26,39,39,34
3305,26,39,13,20
3306,26,39,30,48
3307,26,39,24,33
3308,26,39,41,37
3309,26,39,43,30
3310,26,39,47,16
3311,26,39,39,32
3312,26,39,35,31
3313,26,39,43,38
3314,26,39,12,12
3315,26,39,39,23
3316,26,39,26,35
3317,26,39,39,30
3318,26,39,18,48
3319,26,39,23,35
3320,26,39,37,38
3321,26,39,33,23
3322,26,39,42,29
3323,26,39,30,32
3324,26,39,38,25
3325,26,39,27,20
3326,26,39,28,21
3327,26,39,36,49
3328,26,39,26,45
3329,26,39,31,42
3330,26,39,15,35
3331,26,39,41,11
3332,26,39,21,43
3333,26,39,26,14
3334,26,39,18,18
3335,26,39,22,20
3336,26,39,12,27
3337,26,39,22,15
3338,26,39,16,24
3339,26,39,46,37
3340,26,39,46,42
3341,26,39,23,20
3342,26,39,44,23
3343,26,39,13,27
3344,26,39,37,41
3345,26,39,39,27
3346,26,39,49,10
3347,26,39,18,11
3348,26,39,15,29
3349,26,39,38,35
3350,26,39,20,17
3351,26,39,39,42
3352,26,39,48,40
3353,26,39,11,41
3354,26,39,34,30
3355,26,39,33,18
3356,26,39,33,25
3357,26,39,26,48
3358,26,39,10,13
3359,26,39,18,36
3360,26,39,30,18
3361,26,39,46,40
3362,26,39,15,26
3363,26,39,40,46
3364,26,39,40,29
3365,26,39,39,19
3366,26,39,29,14
3367,26,39,21,45
3368,26,39,46,26
3369,26,39,14,13
3370,26,39,27,17
3371,26,39,21,32
3372,26,39,11,44
3373,26,39,45,41
3374,26,39,19,25
3375,26,39,49,26
3376,26,39,25,38
3377,26,39,33,31
3378,26,39,14,46
3379,26,39,33,48
3380,26,39,47,42
3381,26,39,15,49
3382,26,39,39,47
3383,26,39,45,48
3384,26,39,18,45
3385,26,39,10,43
3386,26,39,30,15
3387,26,39,24,45
3388,26,39,30,14
3389,26,39,24,33
3390,26,39,35,36
3391,26,39,10,11
3392,26,39,25,30
3393,26,39,23,37
3394,26,39,10,37
3395,26,39,32,36
3396,26,39,33,23
3397,26,39,28,19
3398,26,39,15,29
3399,26,39,16,29
3400,26,39,17,36
3401,26,39,15,16
3402,26,39,29,22
3403,26,39,46,20
3404,26,39,49,42
3405,26,39,32,22
3406,26,39,10,14
3407,26,39,22,33
3408,26,39,13,39
3409,26,39,47,36
3410,26,39,43,25
3411,26,39,16,44
3412,26,39,18,43
3413,26,39,36,19
3414,26,39,30,47
3415,26,39,17,45
3416,26,39,36,21
3417,26,39,11,43
3418,26,39,26,33
3419,26,39,22,35
3420,26,39,30,25
3421,26,39,34,35
3422,26,39,25,15
3423,26,39,25,14
3424,26,39,32,36
3425,26,39,35,39
3426,26,39,26,10
3427,26,39,11,10
3428,26,39,34,46
3429,26,39,29,22
3430,26,39,33,26
3431,26,39,13,49
3432,26,39,32,33
3433,26,39,14,12
3434,26,39,19,19
3435,26,39,17,16
3436,26,39,17,31
3437,26,39,38,26
3438,26,39,16,29
3439,26,39,35,44
3440,26,39,37,31
3441,26,39,15,33
3442,26,39,19,28
3443,26,39,29,13
3444,26,39,14,13
3445,26,39,36,36
3446,26,39,23,16
3447,26,39,49,29
3448,26,39,14,32
3449,26,39,44,35
3450,26,39,22,21
3451,26,39,15,47
3452,26,39,49,14
3453,26,39,31,41
3454,26,39,35,15
3455,26,39,11,34
3456,26,39,40,44
3457,26,39,46,40
3458,26,39,14,15
3459,26,39,19,18
3460,26,39,18,16
3461,26,39,48,25
3462,26,39,10,35
3463,26,39,25,16
3464,26,39,44,22
3465,26,39,36,27
3466,26,39,20,33
3467,26,39,26,11
3468,26,39,23,43
3469,26,39,41,45
3470,26,39,12,22
3471,26,39,28,37
3472,26,39,17,16
3473,26,39,34,33
3474,26,39,40,48
3475,26,39,48,44
3476,26,39,18,49
3477,26,39,40,15
3478,26,39,34,37
3479,26,39,38,19
3480,26,39,40,39
3481,26,39,14,14
3482,26,39,26,23
3483,26,39,11,13
3484,26,39,32,30
3485,26,39,20,38
3486,26,39,25,45
3487,26,39,26,46
3488,26,39,37,26
3489,26,39,34,48
3490,26,39,48,32
3491,26,39,17,31
3492,26,39,48,16
3493,26,39,46,30
3494,26,39,40,42
3495,26,39,15,16
3496,26,39,27,43
3497,26,39,13,44
3498,26,39,18,28
3499,26,39,10,17
3500,26,39,46,35
3501,26,39,20,32
3502,26,39,18,48
3503,26,39,29,13
3504,26,39,35,23
3505,26,39,30,32
3506,26,39,27,48
3507,26,39,16,45
3508,26,39,40,42
3509,26,39,35,36
3510,26,39,48,39
3511,26,39,26,17
3512,26,39,16,36
3513,26,39,30,31
3514,26,39,34,49
3515,26,39,35,19
3516,26,39,42,41
3517,26,39,34,10
3518,26,39,27,23
3519,26,39,38,25
3520,26,39,35,37
3521,26,39,34,23
3522,26,39,43,32
3523,26,39,24,48
3524,26,39,25,20
3525,26,39,33,21
3526,26,39,45,36
3527,26,39,25,31
3528,26,39,20,45
3529,26,39,11,26
3530,26,39,27,11
3531,26,39,10,11
3532,26,39,40,18
3533,26,39,37,23
3534,26,39,21,38
3535,26,39,26,29
3536,26,39,40,35
3537,26,39,43,29
3538,26,39,27,15
3539,26,39,45,15
3540,26,39,27,29
3541,26,39,19,12
3542,26,39,48,14
3543,26,39,24,41
3544,26,39,36,32
3545,26,39,14,47
3546,26,39,24,15
3547,26,39,31,13
3548,26,39,20,32
3549,26,39,48,24
3550,26,39,36,41
3551,26,39,38,34
3552,26,39,48,38
3553,26,39,19,48
3554,26,39,31,26
3555,26,39,13,14
3556,26,39,24,45
3557,26,39,46,17
3558,26,39,10,40
3559,26,39,49,26
3560,26,39,16,45
3561,26,39,25,32
3562,26,39,40,40
3563,26,39,22,25
3564,26,39,31,12
3565,26,39,19,10
3566,26,39,35,27
3567,26,39,47,29
3568,26,39,35,32
3569,26,39,32,15
3570,26,39,35,41
3571,26,39,42,27
3572,26,39,19,19
3573,26,39,25,48
3574,26,39,19,16
3575,26,39,15,12
3576,26,39,15,47
3577,26,39,38,21
3578,26,39,32,30
3579,26,39,12,25
3580,26,39,19,32
3581,26,39,42,49
3582,26,39,47,41
3583,26,39,23,48
3584,26,39,20,43
3585,26,39,12,31
3586,26,39,30,46
3587,26,39,22,35
3588,26,39,29,40
3589,26,39,12,33
3590,26,39,29,10
3591,26,39,39,22
3592,26,39,18,37
3593,26,39,33,13
3594,26,39,25,26
3595,26,39,13,13
3596,26,39,15,24
3597,26,39,19,15
3598,26,39,28,49
3599,26,39,46,39
3600,26,39,14,27
3601,26,39,30,19
3602,26,39,14,29
3603,26,39,38,46
3604,26,39,25,27
3605,26,39,47,15
3606,26,39,25,18
3607,26,39,32,37
3608,26,39,21,34
3609,26,39,16,25
3610,26,39,18,49
3611,26,39,11,16
3612,26,39,18,21
3613,26,39,32,29
3614,26,39,42,21
3615,26,39,41,40
3616,26,39,45,47
3617,26,39,14,30
3618,26,39,11,44
3619,26,39,37,23
3620,26,39,38,45
3621,26,39,12,19
3622,26,39,13,31
3623,26,39,13,36
3624,26,39,16,17
3625,26,39,40,34
3626,26,39,34,28
3627,26,39,20,28
3628,26,39,40,16
3629,26,39,38,13
3630,26,39,15,12
3631,26,39,29,25
3632,26,39,45,15
3633,26,39,12,48
3634,26,39,31,25
3635,26,39,41,44
3636,26,39,43,31
3637,26,39,33,18
3638,26,39,15,30
3639,26,39,24,34
3640,26,39,18,39
3641,26,39,32,16
3642,26,39,32,44
3643,26,39,23,23
3644,26,39,25,16
3645,26,39,21,25
3646,26,39,13,46
3647,26,39,38,38
3648,26,39,23,26
3649,26,39,15,20
3650,26,39,47,19
3651,26,39,34,48
3652,26,39,18,18
3653,26,39,45,24
3654,26,39,48,29
3655,26,39,37,10
3656,26,39,31,20
3657,26,39,36,26
3658,26,39,35,31
3659,26,39,34,36
3660,26,39,14,15
3661,26,39,14,35
3662,26,39,40,17
3663,26,39,22,37
3664,26,39,49,48
3665,26,39,25,42
3666,26,39,36,43
3667,26,39,37,37
3668,26,39,31,20
3669,26,39,17,39
3670,26,39,14,21
3671,26,39,22,25
3672,26,39,27,14
3673,26,39,28,46
3674,26,39,13,21
3675,26,39,46,45
3676,26,39,48,10
3677,26,39,45,21
3678,26,39,30,30
3679,26,39,40,27
3680,26,39,30,49
3681,26,39,23,43
3682,26,39,15,13
3683,26,39,38,29
3684,26,39,19,28
3685,26,39,45,37
3686,26,39,33,48
3687,26,39,26,41
3688,26,39,15,25
3689,26,39,37,21
3690,26,39,49,42
3691,26,39,14,15
3692,26,39,46,43
3693,26,39,15,25
3694,26,39,30,49
3695,26,39,28,47
3696,26,39,39,21
3697,26,39,20,45
3698,26,39,12,20
3699,26,39,40,35
3700,26,39,46,42
3701,26,39,30,34
3702,26,39,19,32
3703,26,39,36,20
3704,26,39,12,26
3705,26,39,21,19
3706,26,39,47,23
3707,26,39,35,35
3708,26,39,35,37
3709,26,39,38,48
3710,26,39,45,16
3711,26,39,30,41
3712,26,39,24,23
3713,26,39,31,12
3714,26,39,17,40
3715,26,39,20,11
3716,26,39,49,20
3717,26,39,19,17
3718,26,39,36,21
3719,26,39,45,16
3720,26,39,24,19
3721,26,39,19,14
3722,26,39,26,48
3723,26,39,23,29
3724,26,39,41,41
3725,26,39,12,39
3726,26,39,21,35
3727,26,39,44,39
3728,26,39,49,28
3729,26,39,48,30
3730,26,39,26,21
3731,26,39,32,42
3732,26,39,45,30
3733,26,39,11,10
3734,26,39,14,43
3735,26,39,31,13
3736,26,39,15,43
3737,26,39,34,27
3738,26,39,43,37
3739,26,39,22,13
3740,26,39,47,37
3741,26,39,31,39
3742,26,39,28,23
3743,26,39,39,49
3744,26,39,23,33
3745,26,39,42,20
3746,26,39,22,29
3747,26,39,11,47
3748,26,39,36,21
3749,26,39,24,47
3750,26,39,32,44
3751,26,39,19,38
3752,26,39,18,23
3753,26,39,35,42
3754,26,39,49,28
3755,26,39,46,34
3756,26,39,37,39
3757,26,39,26,21
3758,26,39,44,26
3759,26,39,36,47
3760,26,39,16,23
3761,26,39,16,39
3762,26,39,43,42
3763,26,39,29,36
3764,26,39,21,37
3765,26,39,18,20
3766,26,39,38,32
3767,26,39,21,27
3768,26,39,36,18
3769,26,39,10,38
3770,26,39,45,49
3771,26,39,21,47
3772,26,39,13,35
3773,26,39,19,36
3774,26,39,29,16
3775,26,39,35,46
3776,26,39,40,22
3777,26,39,33,25
3778,26,39,27,27
3779,26,39,27,24
3780,26,39,11,13
3781,26,39,20,29
3782,26,39,43,16
3783,26,39,22,26
3784,26,39,33,14
3785,26,39,39,49
3786,26,39,10,30
3787,26,39,17,42
3788,26,39,29,40
3789,26,39,36,29
3790,26,39,17,25
3791,26,39,42,13
3792,26,39,43,17
3793,26,39,36,34
3794,26,39,14,45
3795,26,39,19,19
3796,26,39,30,16
3797,26,39,41,12
3798,26,39,27,34
3799,26,39,26,42
3800,26,39,24,45
3801,26,39,45,20
3802,26,39,44,39
3803,26,39,40,26
3804,26,39,10,15
3805,26,39,35,15
3806,26,39,23,22
3807,26,39,32,13
3808,26,39,38,23
3809,26,39,38,38
3810,26,39,26,13
3811,26,39,30,10
3812,26,39,46,49
3813,26,39,34,21
3814,26,39,38,26
3815,26,39,13,14
3816,26,39,12,12
3817,26,39,13,10
3818,26,39,44,12
3819,26,39,18,40
3820,26,39,17,27
3821,26,39,16,40
3822,26,39,46,22
3823,26,39,38,26
3824,26,39,28,32
3825,26,39,26,25
3826,26,39,24,30
3827,26,39,49,42
3828,26,39,34,22
3829,26,39,30,16
3830,26,39,10,13
3831,26,39,46,34
3832,26,39,31,30
3833,26,39,35,30
3834,26,39,13,18
3835,26,39,20,10
3836,26,39,13,16
3837,26,39,31,20
3838,26,39,48,27
3839,26,39,28,42
3840,26,39,24,41
3841,26,39,28,10
3842,26,39,31,29
3843,26,39,10,46
3844,26,39,39,19
3845,26,39,17,10
3846,26,39,39,36
3847,26,39,46,17
3848,26,39,22,17
3849,26,39,18,11
3850,26,39,41,30
3851,26,39,28,22
3852,26,39,11,12
3853,26,39,30,33
3854,26,39,40,42
3855,26,39,26,24
3856,26,39,44,29
3857,26,39,37,35
3858,26,39,30,33
3859,26,39,40,17
3860,26,39,38,21
3861,26,39,34,48
3862,26,39,15,33
3863,26,39,37,43
3864,26,39,14,15
3865,26,39,31,16
3866,26,39,17,23
3867,26,39,34,35
3868,26,39,15,34
3869,26,39,28,10
3870,26,39,27,43
3871,26,39,34,49
3872,26,39,22,33
3873,26,39,38,22
3874,26,39,24,36
3875,26,39,12,22
3876,26,39,38,12
3877,26,39,16,36
3878,26,39,43,30
3879,26,39,17,45
3880,26,39,15,18
3881,26,39,18,39
3882,26,39,13,37
3883,26,39,29,40
3884,26,39,29,49
3885,26,39,10,11
3886,26,39,33,42
3887,26,39,32,12
3888,26,39,24,23
3889,26,39,10,20
3890,26,39,24,40
3891,26,39,28,41
3892,26,39,10,17
3893,26,39,12,26
3894,26,39,49,22
3895,26,39,42,46
3896,26,39,10,33
3897,26,39,45,49
3898,26,39,13,37
3899,26,39,32,17
3900,26,39,40,32
3901,26,39,16,20
3902,26,39,34,43
3903,26,39,29,25
3904,26,39,47,41
3905,26,39,44,14
3906,26,39,13,48
3907,26,39,36,18
3908,26,39,48,49
3909,26,39,36,33
3910,26,39,45,27
3911,26,39,23,12
3912,26,39,27,41
3913,26,39,48,38
3914,26,39,17,18
3915,26,39,49,24
3916,26,39,46,24
3917,26,39,38,43
3918,26,39,19,15
3919,26,39,27,42
3920,26,39,10,17
3921,26,39,47,27
3922,26,39,14,29
3923,26,39,31,15
3924,26,39,41,29
3925,26,39,44,32
3926,26,39,38,34
3927,26,39,24,15
3928,26,39,31,33
3929,26,39,20,44
3930,26,39,45,45
3931,26,39,14,34
3932,26,39,23,25
3933,26,39,20,14
3934,26,39,21,41
3935,26,39,30,38
3936,26,39,46,38
3937,26,39,27,16
3938,26,39,21,46
3939,26,39,25,14
3940,26,39,24,26
3941,26,39,25,46
3942,26,39,11,22
3943,26,39,28,22
3944,26,39,36,28
3945,26,39,24,10
3946,26,39,20,30
3947,26,39,20,10
3948,26,39,21,36
3949,26,39,14,22
3950,26,39,26,31
3951,26,39,44,18
3952,26,39,19,33
3953,26,39,31,49
3954,26,39,20,24
3955,26,39,33,29
3956,26,39,48,49
3957,26,39,11,44
3958,26,39,36,24
3959,26,39,20,17
3960,26,39,36,39
3961,26,39,49,41
3962,26,39,15,20
3963,26,39,36,30
3964,26,39,11,29
3965,26,39,44,38
3966,26,39,33,18
3967,26,39,13,30
3968,26,39,20,17
3969,26,39,14,16
3970,26,39,13,21
3971,26,39,18,31
3972,26,39,45,10
3973,26,39,43,42
3974,26,39,11,30
3975,26,39,38,43
3976,26,39,47,16
3977,26,39,14,10
3978,26,39,39,23
3979,26,39,14,23
3980,26,39,12,30
3981,26,39,40,28
3982,26,39,15,46
3983,26,39,41,27
3984,26,39,42,37
3985,26,39,33,12
3986,26,39,40,40
3987,26,39,43,29
3988,26,39,17,16
3989,26,39,44,27
3990,26,39,40,37
3991,26,39,23,34
3992,26,39,35,35
3993,26,39,45,20
3994,26,39,31,25
3995,26,39,31,31
3996,26,39,41,21
3997,26,39,15,12
3998,26,39,22,31
3999,26,39,10,14
4000,26,39,34,16
4001,26,39,31,10
4002,26,39,34,33
4003,26,39,45,35
4004,26,39,49,18
4005,26,39,25,47
4006,26,39,33,20
4007,26,39,10,32
4008,26,39,30,26
4009,26,39,34,47
4010,26,39,12,38
4011,26,39,18,27
4012,26,39,24,21
4013,26,39,11,26
4014,26,39,40,13
4015,26,39,32,23
4016,26,39,34,15
4017,26,39,19,11
4018,26,39,37,28
4019,26,39,39,26
4020,26,39,13,11
4021,26,39,33,25
4022,26,39,32,38
4023,26,39,44,28
4024,26,39,16,39
4025,26,39,40,42
4026,26,39,29,42
4027,26,39,24,40
4028,26,39,36,30
4029,26,39,11,38
4030,26,39,28,33
4031,26,39,30,46
4032,26,39,38,45
4033,26,39,34,26
4034,26,39,47,21
4035,26,39,45,19
4036,26,39,23,44
4037,26,39,20,24
4038,26,39,48,46
4039,26,39,47,46
4040,26,39,13,38
4041,26,39,13,21
4042,26,39,23,29
4043,26,39,45,44
4044,26,39,41,36
4045,26,39,29,38
4046,26,39,15,27
4047,26,39,23,43
4048,26,39,35,41
4049,26,39,29,18
4050,26,39,21,13
4051,26,39,47,36
4052,26,39,33,20
4053,26,39,25,15
4054,26,39,11,40
4055,26,39,11,20
4056,26,39,44,18
4057,26,39,41,49
4058,26,39,17,40
4059,26,39,34,37
4060,26,39,25,42
4061,26,39,28,30
4062,26,39,12,45
4063,26,39,19,28
4064,26,39,38,32
4065,26,39,13,19
4066,26,39,11,17
4067,26,39,26,34
4068,26,39,13,27
4069,26,39,16,19
4070,26,39,12,44
4071,26,39,26,40
4072,26,39,38,27
4073,26,39,17,37
4074,26,39,49,24
4075,26,39,25,39
4076,26,39,20,30
4077,26,39,30,21
4078,26,39,14,26
4079,26,39,11,47
4080,26,39,14,13
4081,26,39,23,27
4082,26,39,16,46
4083,26,39,22,48
4084,26,39,16,19
4085,26,39,24,11
4086,26,39,12,13
4087,26,39,33,26
4088,26,39,10,49
4089,26,39,19,30
4090,26,39,16,34
4091,26,39,17,22
4092,26,39,15,42
4093,26,39,16,39
4094,26,39,44,15
4095,26,39,17,37
4096,26,39,37,14
4097,26,39,24,15
4098,26,39,36,34
4099,26,39,46,18
4100,26,39,21,11
4101,26,39,20,14
4102,26,39,35,19
4103,26,39,22,20
4104,26,39,36,28
4105,26,39,18,12
4106,26,39,49,45
4107,26,39,16,25
4108,26,39,30,14
4109,26,39,45,31
4110,26,39,49,40
4111,26,39,31,44
4112,26,39,22,41
4113,26,39,27,34
4114,26,39,25,24
4115,26,39,32,11
4116,26,39,24,21
4117,26,39,38,46
4118,26,39,36,32
4119,26,39,19,19
4120,26,39,15,37
4121,26,39,44,20
4122,26,39,17,24
4123,26,39,18,49
4124,26,39,21,19
4125,26,39,14,45
4126,26,39,48,29
4127,26,39,10,42
4128,26,39,39,41
4129,26,39,29,16
4130,26,39,24,44
4131,26,39,12,20
4132,26,39,15,49
4133,26,39,16,37
4134,26,39,13,26
4135,26,39,20,23
4136,26,39,33,34
4137,26,39,41,25
4138,26,39,36,35
4139,26,39,16,14
4140,26,39,23,35
4141,26,39,49,31
4142,26,39,20,23
4143,26,39,13,45
4144,26,39,36,41
4145,26,39,15,48
4146,26,39,11,14
4147,26,39,45,31
4148,26,39,49,37
4149,26,39,44,37
4150,26,39,31,10
4151,26,39,14,45
4152,26,39,36,14
4153,26,39,31,25
4154,26,39,13,47
4155,26,39,21,33
4156,26,39,46,48
4157,26,39,23,31
4158,26,39,20,42
4159,26,39,34,29
4160,26,39,24,27
4161,26,39,38,26
4162,26,39,23,23
4163,26,39,27,42
4164,26,39,47,23
4165,26,39,33,40
4166,26,39,22,41
4167,26,39,45,30
4168,26,39,12,38
4169,26,39,45,38
4170,26,39,34,22
4171,26,39,47,45
4172,26,39,18,20
4173,26,39,32,33
4174,26,39,39,36
4175,26,39,33,24
4176,26,39,48,15
4177,26,39,49,43
4178,26,39,16,23
4179,26,39,35,43
4180,26,39,20,23
4181,26,39,26,35
4182,26,39,36,21
4183,26,39,35,45
4184,26,39,17,26
4185,26,39,40,43
4186,26,39,14,45
4187,26,39,40,17
4188,26,39,44,40
4189,26,39,15,14
4190,26,39,48,47
4191,26,39,20,10
4192,26,39,34,47
4193,26,39,47,16
4194,26,39,35,21
4195,26,39,23,47
4196,26,39,17,41
4197,26,39,17,11
4198,26,39,43,15
4199,26,39,31,45
4200,26,39,20,21
4201,26,39,26,44
4202,26,39,11,30
4203,26,39,22,33
4204,26,39,49,17
4205,26,39,37,14
4206,26,39,23,22
4207,26,39,10,27
4208,26,39,45,19
4209,26,39,12,11
4210,26,39,27,11
4211,26,39,19,32
4212,26,39,39,10
4213,26,39,48,10
4214,26,39,42,44
4215,26,39,26,27
4216,26,39,19,40
4217,26,39,35,28
4218,26,39,20,38
4219,26,39,34,38
4220,26,39,24,25
4221,26,39,20,32
4222,26,39,10,42
4223,26,39,12,28
4224,26,39,10,38
4225,26,39,22,34
4226,26,39,48,14
4227,26,39,30,36
4228,26,39,26,27
4229,26,39,44,34
4230,26,39,24,15
4231,26,39,30,48
4232,26,39,20,32
4233,26,39,10,19
4234,26,39,17,31
4235,26,39,38,22
4236,26,39,34,17
4237,26,39,38,22
4238,26,39,40,39
4239,26,39,30,20
4240,26,39,32,47
4241,26,39,15,29
4242,26,39,48,20
4243,26,39,35,49
4244,26,39,22,21
4245,26,39,37,49
4246,26,39,30,13
4247,26,39,36,33
4248,26,39,37,49
4249,26,39,23,24
4250,26,39,12,48
4251,26,39,34,40
4252,26,39,40,24
4253,26,39,16,40
4254,26,39,24,30
4255,26,39,35,23
4256,26,39,32,10
4257,26,39,34,14
4258,26,39,16,10
4259,26,39,31,27
4260,26,39,43,41
4261,26,39,25,22
4262,26,39,31,45
4263,26,39,27,12
4264,26,39,49,46
4265,26,39,32,48
4266,26,39,32,17
4267,26,39,13,26
4268,26,39,25,29
4269,26,39,29,14
4270,26,39,11,11
4271,26,39,46,44
4272,26,39,15,35
4273,26,39,22,13
4274,26,39,48,32
4275,26,39,16,39
4276,26,39,32,34
4277,26,39,42,25
4278,26,39,22,17
4279,26,39,33,35
4280,26,39,31,29
4281,26,39,48,24
4282,26,39,14,19
4283,26,39,40,20
4284,26,39,49,12
4285,26,39,33,22
4286,26,39,32,35
4287,26,39,48,36
4288,26,39,25,21
4289,26,39,21,12
4290,26,39,45,17
4291,26,39,12,34
4292,26,39,48,35
4293,26,39,33,42
4294,26,39,36,12
4295,26,39,37,49
4296,26,39,20,47
4297,26,39,32,28
4298,26,39,11,36
4299,26,39,38,38
4300,26,39,25,32
4301,26,39,41,16
4302,26,39,20,20
4303,26,39,41,27
4304,26,39,16,47
4305,26,39,17,12
4306,26,39,11,21
4307,26,39,40,26
4308,26,39,48,10
4309,26,39,20,28
4310,26,39,21,17
4311,26,39,26,47
4312,26,39,47,25
4313,26,39,44,36
4314,26,39,46,12
4315,26,39,44,44
4316,26,39,43,26
4317,26,39,29,40
4318,26,39,46,42
4319,26,39,47,25
4320,26,39,25,12
4321,26,39,20,46
4322,26,39,41,36
4323,26,39,25,22
4324,26,39,21,18
4325,26,39,18,20
4326,26,39,11,10
4327,26,39,12,39
4328,26,39,29,16
4329,26,39,28,26
4330,26,39,12,14
4331,26,39,15,23
4332,26,39,18,34
4333,26,39,47,11
4334,26,39,12,22
4335,26,39,40,47
4336,26,39,11,43
4337,26,39,18,36
4338,26,39,45,35
4339,26,39,18,36
4340,26,39,24,40
4341,26,39,46,10
4342,26,39,20,13
4343,26,39,27,24
4344,26,39,38,27
4345,26,39,12,14
4346,26,39,20,34
4347,26,39,11,36
4348,26,39,15,46
4349,26,39,27,47
4350,26,39,15,44
4351,26,39,13,33
4352,26,39,18,19
4353,26,39,33,38
4354,26,39,30,10
4355,26,39,13,23
4356,26,39,39,47
4357,26,39,27,25
4358,26,39,15,43
4359,26,39,16,31
4360,26,39,19,48
4361,26,39,30,20
4362,26,39,12,41
4363,26,39,38,31
4364,26,39,23,47
4365,26,39,42,14
4366,26,39,43,29
4367,26,39,23,18
4368,26,39,20,29
4369,26,39,41,40
4370,26,39,17,12
4371,26,39,38,46
4372,26,39,26,19
4373,26,39,33,47
4374,26,39,40,20
4375,26,39,13,24
4376,26,39,39,12
4377,26,39,45,14
4378,26,39,22,39
4379,26,39,19,47
4380,26,39,45,25
4381,26,39,42,45
4382,26,39,46,26
4383,26,39,14,21
4384,26,39,42,26
4385,26,39,12,46
4386,26,39,29,28
4387,26,39,46,48
4388,26,39,44,11
4389,26,39,40,32
4390,26,39,15,36
4391,26,39,13,37
4392,26,39,22,34
4393,26,39,46,20
4394,26,39,26,25
4395,26,39,42,44
4396,26,39,40,27
4397,26,39,28,45
4398,26,39,47,23
4399,26,39,22,49
4400,26,39,20,32
4401,26,39,35,41
4402,26,39,15,20
4403,26,39,21,35
4404,26,39,14,38
4405,26,39,44,42
4406,26,39,44,15
4407,26,39,30,20
4408,26,39,18,19
4409,26,39,38,33
4410,26,39,41,17
4411,26,39,47,20
4412,26,39,19,49
4413,26,39,18,10
4414,26,39,38,41
4415,26,39,13,37
4416,26,39,16,44
4417,26,39,45,18
4418,26,39,42,11
4419,26,39,43,22
4420,26,39,22,14
4421,26,39,44,21
4422,26,39,26,15
4423,26,39,33,33
4424,26,39,29,28
4425,26,39,42,31
4426,26,39,45,24
4427,26,39,30,26
4428,26,39,24,41
4429,26,39,19,48
4430,26,39,10,27
4431,26,39,27,15
4432,26,39,22,15
4433,26,39,28,22
4434,26,39,47,46
4435,26,39,34,38
4436,26,39,21,39
4437,26,39,46,15
4438,26,39,43,36
4439,26,39,27,25
4440,26,39,42,27
4441,26,39,15,35
4442,26,39,37,28
4443,26,39,40,39
4444,26,39,35,44
4445,26,39,20,34
4446,26,39,39,49
4447,26,39,22,48
4448,26,39,26,20
4449,26,39,45,22
4450,26,39,24,14
4451,26,39,23,44
4452,26,39,22,14
4453,26,39,20,17
4454,26,39,20,49
4455,26,39,14,32
4456,26,39,10,14
4457,26,39,46,13
4458,26,39,36,34
4459,26,39,19,18
4460,26,39,20,24
4461,26,39,21,37
4462,26,39,37,30
4463,26,39,15,16
4464,26,39,25,23
4465,26,39,12,36
4466,26,39,30,38
4467,26,39,43,15
4468,26,39,11,17
4469,26,39,42,22
4470,26,39,15,33
4471,26,39,20,32
4472,26,39,40,32
4473,26,39,10,16
4474,26,39,25,15
4475,26,39,48,42
4476,26,39,18,47
4477,26,39,47,33
4478,26,39,26,28
4479,26,39,16,47
4480,26,39,28,15
4481,26,39,26,21
4482,26,39,47,21
4483,26,39,37,35
4484,26,39,45,15
4485,26,39,35,16
4486,26,39,31,17
4487,26,39,22,16
4488,26,39,25,43
4489,26,39,23,43
4490,26,39,32,46
4491,26,39,23,38
4492,26,39,16,42
4493,26,39,11,15
4494,26,39,40,41
4495,26,39,37,42
4496,26,39,33,12
4497,26,39,37,17
4498,26,39,47,19
4499,26,39,31,31
4500,26,39,33,32
4501,26,39,24,11
4502,26,39,24,27
4503,26,39,11,37
4504,26,39,11,13
4505,26,39,28,32
4506,26,39,36,46
4507,26,39,12,17
4508,26,39,43,18
4509,26,39,33,22
4510,26,39,43,13
4511,26,39,20,22
4512,26,39,29,22
4513,26,39,35,34
4514,26,39,45,46
4515,26,39,33,21
4516,26,39,18,32
4517,26,39,18,37
4518,26,39,18,13
4519,26,39,39,20
4520,26,39,35,24
4521,26,39,20,23
4522,26,39,13,10
4523,26,39,25,37
4524,26,39,48,32
4525,26,39,25,15
4526,26,39,36,44
4527,26,39,40,45
4528,26,39,36,40
4529,26,39,28,27
4530,26,39,47,12
4531,26,39,45,28
4532,26,39,11,23
4533,26,39,29,47
4534,26,39,15,25
4535,26,39,34,12
4536,26,39,25,10
4537,26,39,49,48
4538,26,39,49,18
4539,26,39,23,49
4540,26,39,43,44
4541,26,39,47,31
4542,26,39,23,23
4543,26,39,14,14
4544,26,39,15,43
4545,26,39,21,13
4546,26,39,14,37
4547,26,39,33,44
4548,26,39,34,26
4549,26,39,41,35
4550,26,39,40,15
4551,26,39,47,40
4552,26,39,36,45
4553,26,39,36,44
4554,26,39,46,26
4555,26,39,12,46
4556,26,39,38,32
4557,26,39,43,43
4558,26,39,31,16
4559,26,39,32,43
4560,26,39,13,34
4561,26,39,11,16
4562,26,39,29,47
4563,26,39,32,32
4564,26,39,16,11
4565,26,39,30,16
4566,26,39,13,41
4567,26,39,39,10
4568,26,39,21,25
4569,26,39,46,11
4570,26,39,36,11
4571,26,39,22,46
4572,26,39,22,18
4573,26,39,10,26
4574,26,39,33,17
4575,26,39,49,39
4576,26,39,49,24
4577,26,39,41,11
4578,26,39,33,44
4579,26,39,45,36
4580,26,39,44,41
4581,26,39,11,22
4582,26,39,45,35
4583,26,39,49,29
4584,26,39,26,21
4585,26,39,36,48
4586,26,39,48,20
4587,26,39,14,23
4588,26,39,24,31
4589,26,39,13,37
4590,26,39,48,33
4591,26,39,42,31
4592,26,39,37,10
4593,26,39,23,34
4594,26,39,39,36
4595,26,39,49,35
4596,26,39,33,48
4597,26,39,40,39
4598,26,39,49,45
4599,26,39,25,37
4600,26,39,15,15
4601,26,39,28,35
4602,26,39,20,26
4603,26,39,13,34
4604,26,39,12,10
4605,26,39,23,31
4606,26,39,42,46
4607,26,39,38,24
4608,26,39,24,32
4609,26,39,44,12
4610,26,39,48,37
4611,26,39,24,35
4612,26,39,34,14
4613,26,39,48,30
4614,26,39,19,34
4615,26,39,38,21
4616,26,39,35,21
4617,26,39,45,18
4618,26,39,20,31
4619,26,39,18,16
4620,26,39,13,45
4621,26,39,32,42
4622,26,39,28,33
4623,26,39,32,11
4624,26,39,36,15
4625,26,39,19,37
4626,26,39,23,18
4627,26,39,34,32
4628,26,39,44,35
4629,26,39,23,11
4630,26,39,27,15
4631,26,39,42,29
4632,26,39,39,14
4633,26,39,48,11
4634,26,39,16,19
4635,26,39,16,48
4636,26,39,19,15
4637,26,39,29,44
4638,26,39,36,25
4639,26,39,10,21
4640,26,39,36,30
4641,26,39,16,40
4642,26,39,44,35
4643,26,39,17,23
4644,26,39,29,15
4645,26,39,12,37
4646,26,39,24,32
4647,26,39,24,32
4648,26,39,47,43
4649,26,39,11,23
4650,26,39,26,15
4651,26,39,12,37
4652,26,39,16,36
4653,26,39,10,15
4654,26,39,22,13
4655,26,39,35,36
4656,26,39,17,19
4657,26,39,29,29
4658,26,39,22,22
4659,26,39,23,43
4660,26,39,45,42
4661,26,39,33,11
4662,26,39,12,25
4663,26,39,27,32
4664,26,39,18,46
4665,26,39,18,46
4666,26,39,33,36
4667,26,39,11,17
4668,26,39,39,47
4669,26,39,22,17
4670,26,39,42,27
4671,26,39,31,25
4672,26,39,14,49
4673,26,39,29,18
4674,26,39,27,31
4675,26,39,14,21
4676,26,39,20,21
4677,26,39,42,18
4678,26,39,47,44
4679,26,39,20,16
4680,26,39,20,25
4681,26,39,39,34
4682,26,39,32,18
4683,26,39,21,38
4684,26,39,17,35
4685,26,39,41,24
4686,26,39,20,45
4687,26,39,16,21
4688,26,39,14,11
4689,26,39,31,39
4690,26,39,48,21
4691,26,39,33,38
4692,26,39,35,21
4693,26,39,25,45
4694,26,39,27,15
4695,26,39,49,23
4696,26,39,14,28
4697,26,39,10,19
4698,26,39,17,47
4699,26,39,19,10
4700,26,39,11,14
4701,26,39,21,41
4702,26,39,39,21
4703,26,39,33,34
4704,26,39,43,33
4705,26,39,35,34
4706,26,39,33,34
4707,26,39,22,38
4708,26,39,42,49
4709,26,39,14,16
4710,26,39,37,38
4711,26,39,28,13
4712,26,39,47,44
4713,26,39,14,47
4714,26,39,29,37
4715,26,39,43,26
4716,26,39,44,45
4717,26,39,12,38
4718,26,39,26,17
4719,26,39,15,42
4720,26,39,30,19
4721,26,39,41,11
4722,26,39,32,11
4723,26,39,30,44
4724,26,39,17,13
4725,26,39,16,28
4726,26,39,20,37
4727,26,39,39,14
4728,26,39,47,22
4729,26,39,32,20
4730,26,39,28,13
4731,26,39,35,21
4732,26,39,13,26
4733,26,39,46,32
4734,26,39,13,21
4735,26,39,11,37
4736,26,39,14,44
4737,26,39,48,30
4738,26,39,22,43
4739,26,39,40,19
4740,26,39,25,45
4741,26,39,46,42
4742,26,39,31,14
4743,26,39,21,49
4744,26,39,20,17
4745,26,39,48,31
4746,26,39,41,32
4747,26,39,38,24
4748,26,39,40,13
4749,26,39,23,24
4750,26,39,34,22
4751,26,39,42,24
4752,26,39,38,24
4753,26,39,11,13
4754,26,39,23,26
4755,26,39,40,21
4756,26,39,15,38
4757,26,39,39,40
4758,26,39,21,24
4759,26,39,16,19
4760,26,39,49,42
4761,26,39,32,46
4762,26,39,39,41
4763,26,39,32,35
4764,26,39,33,19
4765,26,39,46,44
4766,26,39,21,26
4767,26,39,15,33
4768,26,39,29,47
4769,26,39,18,44
4770,26,39,39,26
4771,26,39,17,10
4772,26,39,18,10
4773,26,39,34,21
4774,26,39,43,12
4775,26,39,11,33
4776,26,39,43,21
4777,26,39,23,24
4778,26,39,47,46
4779,26,39,29,48
4780,26,39,43,32
4781,26,39,25,26
4782,26,39,47,26
4783,26,39,34,33
4784,26,39,21,48
4785,26,39,15,48
4786,26,39,39,17
4787,26,39,12,23
4788,26,39,21,24
4789,26,39,49,46
4790,26,39,12,41
4791,26,39,26,35
4792,26,39,12,48
4793,26,39,13,12
4794,26,39,32,41
4795,26,39,44,19
4796,26,39,40,19
4797,26,39,32,38
4798,26,39,15,29
4799,26,39,24,40
4800,26,39,49,12
4801,26,39,36,11
4802,26,39,17,35
4803,26,39,37,27
4804,26,39,18,41
4805,26,39,15,13
4806,26,39,23,34
4807,26,39,23,28
4808,26,39,19,12
4809,26,39,27,36
4810,26,39,18,10
4811,26,39,30,20
4812,26,39,38,11
4813,26,39,44,24
4814,26,39,26,15
4815,26,39,13,12
4816,26,39,42,11
4817,26,39,19,48
4818,26,39,20,10
4819,26,39,22,33
4820,26,39,45,14
4821,26,39,29,21
4822,26,39,11,15
4823,26,39,41,25
4824,26,39,19,47
4825,26,39,47,18
4826,26,39,45,44
4827,26,39,31,47
4828,26,39,38,18
4829,26,39,41,23
4830,26,39,15,35
4831,26,39,14,10
4832,26,39,33,38
4833,26,39,42,24
4834,26,39,40,30
4835,26,39,29,44
4836,26,39,28,17
4837,26,39,26,19
4838,26,39,49,14
4839,26,39,33,10
4840,26,39,37,29
4841,26,39,37,37
4842,26,39,44,10
4843,26,39,34,48
4844,26,39,11,21
4845,26,39,31,40
4846,26,39,28,27
4847,26,39,26,31
4848,26,39,15,22
4849,26,39,27,17
4850,26,39,28,19
4851,26,39,35,14
4852,26,39,48,17
4853,26,39,45,12
4854,26,39,42,21
4855,26,39,34,39
4856,26,39,34,17
4857,26,39,41,38
4858,26,39,40,41
4859,26,39,10,28
4860,26,39,10,36
4861,26,39,26,30
4862,26,39,49,33
4863,26,39,45,37
4864,26,39,32,33
4865,26,39,48,10
4866,26,39,13,41
4867,26,39,27,48
4868,26,39,45,49
4869,26,39,30,12
4870,26,39,43,41
4871,26,39,29,43
4872,26,39,49,18
4873,26,39,27,29
4874,26,39,44,30
4875,26,39,22,12
4876,26,39,24,16
4877,26,39,17,36
4878,26,39,37,41
4879,26,39,16,49
4880,26,39,20,42
4881,26,39,22,30
4882,26,39,40,25
4883,26,39,12,48
4884,26,39,24,34
4885,26,39,21,41
4886,26,39,26,15
4887,26,39,17,47
4888,26,39,30,45
4889,26,39,11,30
4890,26,39,26,31
4891,26,39,44,26
4892,26,39,39,26
4893,26,39,35,12
4894,26,39,44,19
4895,26,39,31,16
4896,26,39,24,19
4897,26,39,24,30
4898,26,39,41,45
4899,26,39,35,20
4900,26,39,44,40
4901,26,39,31,25
4902,26,39,11,31
4903,26,39,23,36
4904,26,39,42,11
4905,26,39,16,13
4906,26,39,41,27
4907,26,39,18,25
4908,26,39,49,47
4909,26,39,26,26
4910,26,39,35,36
4911,26,39,27,42
4912,26,39,18,41
4913,26,39,21,46
4914,26,39,30,49
4915,26,39,42,24
4916,26,39,21,32
4917,26,39,37,42
4918,26,39,32,10
4919,26,39,17,20
4920,26,39,22,33
4921,26,39,39,38
4922,26,39,32,24
4923,26,39,46,36
4924,26,39,34,33
4925,26,39,16,38
4926,26,39,35,27
4927,26,39,13,47
4928,26,39,10,35
4929,26,39,10,38
4930,26,39,11,12
4931,26,39,12,42
4932,26,39,28,34
4933,26,39,25,19
4934,26,39,16,46
4935,26,39,15,47
4936,26,39,21,43
4937,26,39,15,19
4938,26,39,14,38
4939,26,39,47,43
4940,26,39,24,12
4941,26,39,19,39
4942,26,39,42,24
4943,26,39,31,42
4944,26,39,27,17
4945,26,39,10,27
4946,26,39,13,12
4947,26,39,38,43
4948,26,39,32,47
4949,26,39,14,17
4950,26,39,19,17
4951,26,39,30,12
4952,26,39,18,19
4953,26,39,48,34
4954,26,39,16,27
4955,26,39,12,19
4956,26,39,39,46
4957,26,39,48,28
4958,26,39,19,45
4959,26,39,11,14
4960,26,39,45,19
4961,26,39,42,28
4962,26,39,15,43
4963,26,39,11,15
4964,26,39,19,35
4965,26,39,28,46
4966,26,39,16,46
4967,26,39,22,26
4968,26,39,17,23
4969,26,39,21,38
4970,26,39,47,16
4971,26,39,45,46
4972,26,39,20,44
4973,26,39,45,15
4974,26,39,23,48
4975,26,39,27,21
4976,26,39,49,15
4977,26,39,14,24
4978,26,39,38,41
4979,26,39,31,11
4980,26,39,18,13
4981,26,39,44,36
4982,26,39,31,31
4983,26,39,46,40
4984,26,39,44,35
4985,26,39,13,11
4986,26,39,35,40
4987,26,39,39,44
4988,26,39,36,22
4989,26,39,47,45
4990,26,39,23,36
4991,26,39,41,44
4992,26,39,20,35
4993,26,39,39,22
4994,26,39,43,33
4995,26,39,28,44
4996,26,39,32,30
4997,26,39,22,38
4998,26,39,31,37
4999,26,39,39,11
5000,26,39,15,35
5001,26,39,10,31
5002,26,39,27,22
5003,26,39,13,23
5004,26,39,21,19
5005,26,39,38,37
5006,26,39,34,16
5007,26,39,38,46
5008,26,39,14,17
5009,26,39,31,37
5010,26,39,22,33
5011,26,39,43,35
5012,26,39,46,19
5013,26,39,30,45
5014,26,39,15,44
5015,26,39,42,29
5016,26,39,17,35
5017,26,39,28,22
5018,26,39,36,30
5019,26,39,27,17
5020,26,39,14,33
5021,26,39,31,37
5022,26,39,48,14
5023,26,39,23,23
5024,26,39,41,42
5025,26,39,19,34
5026,26,39,15,45
5027,26,39,34,23
5028,26,39,14,33
5029,26,39,30,21
5030,26,39,10,26
5031,26,39,32,11
5032,26,39,38,39
5033,26,39,32,14
5034,26,39,39,19
5035,26,39,23,26
5036,26,39,30,18
5037,26,39,27,18
5038,26,39,17,42
5039,26,39,48,33
5040,26,39,28,22
5041,26,39,18,28
5042,26,39,39,25
5043,26,39,40,16
5044,26,39,35,16
5045,26,39,16,13
5046,26,39,48,49
5047,26,39,30,10
5048,26,39,43,34
5049,26,39,36,36
5050,26,39,18,33
5051,26,39,15,46
5052,26,39,39,49
5053,26,39,27,16
5054,26,39,13,48
5055,26,39,15,47
5056,26,39,31,23
5057,26,39,38,43
5058,26,39,33,16
5059,26,39,15,12
5060,26,39,32,41
5061,26,39,15,35
5062,26,39,23,45
5063,26,39,31,40
5064,26,39,46,23
5065,26,39,11,39
5066,26,39,25,47
5067,26,39,15,46
5068,26,39,46,18
5069,26,39,46,43
5070,26,39,25,27
5071,26,39,24,18
5072,26,39,31,13
5073,26,39,40,25
5074,26,39,44,10
5075,26,39,31,15
5076,26,39,36,40
5077,26,39,22,42
5078,26,39,33,45
5079,26,39,19,22
5080,26,39,45,16
5081,26,39,16,40
5082,26,39,43,20
5083,26,39,12,21
5084,26,39,16,30
5085,26,39,28,26
5086,26,39,12,11
5087,26,39,48,20
5088,26,39,11,22
5089,26,39,22,24
5090,26,39,16,18
5091,26,39,14,46
5092,26,39,27,11
5093,26,39,49,19
5094,26,39,17,28
5095,26,39,34,34
5096,26,39,28,42
5097,26,39,13,37
5098,26,39,28,30
5099,26,39,45,24
5100,26,39,27,14
5101,26,39,33,30
5102,26,39,27,19
5103,26,39,42,12
5104,26,39,45,22
5105,26,39,20,20
5106,26,39,30,23
5107,26,39,30,34
5108,26,39,30,27
5109,26,39,35,48
5110,26,39,39,14
5111,26,39,29,11
5112,26,39,35,28
5113,26,39,41,38
5114,26,39,26,42
5115,26,39,43,43
5116,26,39,26,27
5117,26,39,15,24
5118,26,39,31,42
5119,26,39,40,10
5120,26,39,34,36
5121,26,39,45,46
5122,26,39,13,44
5123,26,39,18,15
5124,26,39,49,24
5125,26,39,12,42
5126,26,39,14,35
5127,26,39,30,26
5128,26,39,27,32
5129,26,39,10,15
5130,26,39,12,13
5131,26,39,40,19
5132,26,39,40,43
5133,26,39,32,26
5134,26,39,14,34
5135,26,39,41,38
5136,26,39,32,19
5137,26,39,25,13
5138,26,39,15,33
5139,26,39,47,10
5140,26,39,33,20
5141,26,39,45,40
5142,26,39,21,20
5143,26,39,15,33
5144,26,39,12,32
5145,26,39,26,19
5146,26,39,22,41
5147,26,39,15,38
5148,26,39,18,36
5149,26,39,16,47
5150,26,39,22,29
5151,26,39,23,30
5152,26,39,29,36
5153,26,39,31,32
5154,26,39,37,27
5155,26,39,30,41
5156,26,39,17,29
5157,26,39,29,43
5158,26,39,22,31
5159,26,39,13,30
5160,26,39,47,44
5161,26,39,10,27
5162,26,39,30,25
5163,26,39,38,46
5164,26,39,40,31
5165,26,39,36,20
5166,26,39,11,42
5167,26,39,26,45
5168,26,39,14,37
5169,26,39,33,48
5170,26,39,16,41
5171,26,39,29,21
5172,26,39,11,24
5173,26,39,35,47
5174,26,39,19,30
5175,26,39,19,18
5176,26,39,12,35
5177,26,39,30,33
5178,26,39,18,27
5179,26,39,15,22
5180,26,39,22,48
5181,26,39,49,32
5182,26,39,48,31
5183,26,39,15,31
5184,26,39,25,35
5185,26,39,44,43
5186,26,39,31,11
5187,26,39,22,33
5188,26,39,36,40
5189,26,39,30,20
5190,26,39,32,27
5191,26,39,43,41
5192,26,39,10,49
5193,26,39,25,37
5194,26,39,32,28
5195,26,39,28,35
5196,26,39,21,38
5197,26,39,19,48
5198,26,39,28,42
5199,26,39,40,21
5200,26,39,41,34
5201,26,39,38,25
5202,26,39,35,14
5203,26,39,33,19
5204,26,39,20,45
5205,26,39,16,29
5206,26,39,30,11
5207,26,39,36,26
5208,26,39,39,49
5209,26,39,24,49
5210,26,39,12,11
5211,26,39,13,14
5212,26,39,21,41
5213,26,39,48,36
5214,26,39,43,31
5215,26,39,48,22
5216,26,39,24,38
5217,26,39,18,44
5218,26,39,22,32
5219,26,39,44,13
5220,26,39,28,16
5221,26,39,35,14
5222,26,39,41,31
5223,26,39,40,37
5224,26,39,42,11
5225,26,39,34,18
5226,26,39,44,41
5227,26,39,44,22
5228,26,39,15,22
5229,26,39,40,41
5230,26,39,28,36
5231,26,39,30,19
5232,26,39,18,35
5233,26,39,12,46
5234,26,39,17,11
5235,26,39,20,42
5236,26,39,13,16
5237,26,39,39,14
5238,26,39,49,14
5239,26,39,26,14
5240,26,39,44,29
5241,26,39,13,46
5242,26,39,29,13
5243,26,39,16,29
5244,26,39,19,33
5245,26,39,12,33
5246,26,39,38,24
5247,26,39,46,36
5248,26,39,43,18
5249,26,39,36,28
5250,26,39,31,37
5251,26,39,37,12
5252,26,39,32,17
5253,26,39,26,40
5254,26,39,49,16
5255,26,39,13,22
5256,26,39,46,48
5257,26,39,28,11
5258,26,39,32,23
5259,26,39,28,31
5260,26,39,23,30
5261,26,39,13,40
5262,26,39,39,36
5263,26,39,15,40
5264,26,39,24,42
5265,26,39,32,44
5266,26,39,34,17
5267,26,39,18,44
5268,26,39,26,29
5269,26,39,46,46
5270,26,39,35,46
5271,26,39,26,33
5272,26,39,26,39
5273,26,39,12,21
5274,26,39,26,30
5275,26,39,13,48
5276,26,39,14,47
5277,26,39,31,35
5278,26,39,42,24
5279,26,39,14,17
5280,26,39,48,16
5281,26,39,10,30
5282,26,39,38,33
5283,26,39,39,22
5284,26,39,25,19
5285,26,39,28,39
5286,26,39,18,45
5287,26,39,21,43
5288,26,39,47,31
5289,26,39,16,16
5290,26,39,15,35
5291,26,39,23,46
5292,26,39,29,38
5293,26,39,36,45
5294,26,39,33,36
5295,26,39,13,31
5296,26,39,34,16
5297,26,39,10,29
5298,26,39,33,15
5299,26,39,17,12
5300,26,39,15,47
5301,26,39,45,22
5302,26,39,33,14
5303,26,39,21,12
5304,26,39,15,16
5305,26,39,24,24
5306,26,39,48,38
5307,26,39,18,20
5308,26,39,30,45
5309,26,39,24,17
5310,26,39,48,41
5311,26,39,29,35
5312,26,39,34,33
5313,26,39,25,10
5314,26,39,38,15
5315,26,39,47,29
5316,26,39,22,43
5317,26,39,14,49
5318,26,39,47,34
5319,26,39,35,14
5320,26,39,30,33
5321,26,39,25,21
5322,26,39,31,30
5323,26,39,44,34
5324,26,39,45,24
5325,26,39,48,35
5326,26,39,26,10
5327,26,39,17,32
5328,26,39,37,18
5329,26,39,31,31
5330,26,39,43,21
5331,26,39,27,19
5332,26,39,13,36
5333,26,39,48,37
5334,26,39,29,17
5335,26,39,20,15
5336,26,39,40,10
5337,26,39,44,31
5338,26,39,39,47
5339,26,39,16,41
5340,26,39,32,43
5341,26,39,21,17
5342,26,39,45,44
5343,26,39,13,29
5344,26,39,37,11
5345,26,39,27,18
5346,26,39,10,44
5347,26,39,21,44
5348,26,39,23,40
5349,26,39,33,22
5350,26,39,13,43
5351,26,39,48,21
5352,26,39,40,12
5353,26,39,17,10
5354,26,39,21,29
5355,26,39,28,47
5356,26,39,17,40
5357,26,39,25,18
5358,26,39,13,42
5359,26,39,29,38
5360,26,39,25,27
5361,26,39,42,24
5362,26,39,32,39
5363,26,39,48,35
5364,26,39,33,13
5365,26,39,33,25
5366,26,39,22,32
5367,26,39,45,17
5368,26,39,13,49
5369,26,39,11,49
5370,26,39,22,33
5371,26,39,44,24
5372,26,39,26,30
5373,26,39,49,25
5374,26,39,21,20
5375,26,39,25,31
5376,26,39,17,10
5377,26,39,11,33
5378,26,39,13,31
5379,26,39,12,18
5380,26,39,20,42
5381,26,39,40,33
5382,26,39,25,20
5383,26,39,45,34
5384,26,39,31,37
5385,26,39,33,11
5386,26,39,24,19
5387,26,39,42,18
5388,26,39,49,25
5389,26,39,40,23
5390,26,39,29,40
5391,26,39,31,19
5392,26,39,26,46
5393,26,39,16,44
5394,26,39,45,13
5395,26,39,24,40
5396,26,39,33,45
5397,26,39,24,43
5398,26,39,12,20
5399,26,39,38,28
5400,26,39,34,14
5401,26,39,29,46
5402,26,39,38,24
5403,26,39,13,19
5404,26,39,16,27
5405,26,39,49,24
5406,26,39,12,49
5407,26,39,20,38
5408,26,39,30,16
5409,26,39,12,43
5410,26,39,17,41
5411,26,39,11,30
5412,26,39,23,19
5413,26,39,30,15
5414,26,39,29,27
5415,26,39,39,30
5416,26,39,39,33
5417,26,39,40,25
5418,26,39,32,22
5419,26,39,49,10
5420,26,39,45,36
5421,26,39,20,30
5422,26,39,37,11
5423,26,39,16,19
5424,26,39,33,25
5425,26,39,22,25
5426,26,39,22,23
5427,26,39,34,29
5428,26,39,32,17
5429,26,39,14,44
5430,26,39,27,49
5431,26,39,10,21
5432,26,39,47,41
5433,26,39,17,28
5434,26,39,34,48
5435,26,39,49,18
5436,26,39,40,23
5437,26,39,19,43
5438,26,39,26,40
5439,26,39,41,46
5440,26,39,18,48
5441,26,39,32,38
5442,26,39,45,45
5443,26,39,18,44
5444,26,39,28,24
5445,26,39,42,22
5446,26,39,11,14
5447,26,39,34,14
5448,26,39,49,11
5449,26,39,35,35
5450,26,39,38,42
5451,26,39,49,24
5452,26,39,33,49
5453,26,39,10,42
5454,26,39,14,26
5455,26,39,44,35
5456,26,39,10,33
5457,26,39,34,17
5458,26,39,48,27
5459,26,39,23,14
5460,26,39,44,23
5461,26,39,16,43
5462,26,39,30,27
5463,26,39,15,21
5464,26,39,46,36
5465,26,39,20,16
5466,26,39,21,31
5467,26,39,25,38
5468,26,39,30,34
5469,26,39,46,21
5470,26,39,36,25
5471,26,39,49,27
5472,26,39,27,43
5473,26,39,16,31
5474,26,39,14,24
5475,26,39,42,36
5476,26,39,19,47
5477,26,39,16,49
5478,26,39,39,35
5479,26,39,41,43
5480,26,39,17,13
5481,26,39,21,37
5482,26,39,39,16
5483,26,39,32,37
5484,26,39,18,11
5485,26,39,39,45
5486,26,39,13,10
5487,26,39,12,30
5488,26,39,15,41
5489,26,39,40,33
5490,26,39,25,22
5491,26,39,36,32
5492,26,39,41,38
5493,26,39,27,35
5494,26,39,42,37
5495,26,39,10,37
5496,26,39,34,40
5497,26,39,18,43
5498,26,39,41,42
5499,26,39,31,31
5500,26,39,36,22
5501,26,39,25,27
5502,26,39,39,30
5503,26,39,35,25
5504,26,39,36,23
5505,26,39,10,48
5506,26,39,38,46
5507,26,39,44,33
5508,26,39,42,16
5509,26,39,21,40
5510,26,39,29,42
5511,26,39,11,46
5512,26,39,25,21
5513,26,39,45,19
5514,26,39,13,44
5515,26,39,30,29
5516,26,39,20,15
5517,26,39,45,41
5518,26,39,39,29
5519,26,39,46,32
5520,26,39,23,45
5521,26,39,13,23
5522,26,39,47,10
5523,26,39,22,20
5524,26,39,28,24
5525,26,39,33,24
5526,26,39,25,47
5527,26,39,14,22
5528,26,39,41,12
5529,26,39,41,21
5530,26,39,45,25
5531,26,39,37,45
5532,26,39,44,14
5533,26,39,22,27
5534,26,39,31,47
5535,26,39,34,29
5536,26,39,34,42
5537,26,39,45,39
5538,26,39,33,14
5539,26,39,46,37
5540,26,39,24,48
5541,26,39,20,26
5542,26,39,26,40
5543,26,39,18,18
5544,26,39,42,35
5545,26,39,13,36
5546,26,39,46,33
5547,26,39,10,27
5548,26,39,24,18
5549,26,39,37,16
5550,26,39,38,16
5551,26,39,15,43
5552,26,39,25,19
5553,26,39,25,20
5554,26,39,41,21
5555,26,39,49,34
5556,26,39,39,22
5557,26,39,38,13
5558,26,39,19,14
5559,26,39,43,12
5560,26,39,10,18
5561,26,39,32,45
5562,26,39,46,23
5563,26,39,48,35
5564,26,39,43,30
5565,26,39,16,31
5566,26,39,37,30
5567,26,39,38,38
5568,26,39,41,10
5569,26,39,24,13
5570,26,39,11,33
5571,26,39,13,46
5572,26,39,25,29
5573,26,39,17,23
5574,26,39,13,27
5575,26,39,32,13
5576,26,39,40,36
5577,26,39,43,13
5578,26,39,44,19
5579,26,39,27,43
5580,26,39,15,25
5581,26,39,26,20
5582,26,39,31,41
5583,26,39,34,13
5584,26,39,24,28
5585,26,39,42,14
5586,26,39,30,42
5587,26,39,17,45
5588,26,39,14,41
5589,26,39,24,27
5590,26,39,26,40
5591,26,39,44,34
5592,26,39,42,29
5593,26,39,20,32
5594,26,39,38,21
5595,26,39,43,43
5596,26,39,26,43
5597,26,39,46,28
5598,26,39,18,29
5599,26,39,26,16
5600,26,39,41,27
5601,26,39,36,25
5602,26,39,25,22
5603,26,39,10,21
5604,26,39,29,42
5605,26,39,34,17
5606,26,39,37,13
5607,26,39,27,30
5608,26,39,35,10
5609,26,39,28,10
5610,26,39,36,41
5611,26,39,32,37
5612,26,39,36,13
5613,26,39,34,22
5614,26,39,18,28
5615,26,39,31,20
5616,26,39,49,49
5617,26,39,42,24
5618,26,39,12,37
5619,26,39,34,49
5620,26,39,25,11
5621,26,39,14,11
5622,26,39,36,33
5623,26,39,11,39
5624,26,39,26,37
5625,26,39,30,30
5626,26,39,34,11
5627,26,39,41,28
5628,26,39,46,49
5629,26,39,32,14
5630,26,39,14,47
5631,26,39,46,42
5632,26,39,41,43
5633,26,39,21,47
5634,26,39,15,15
5635,26,39,41,40
5636,26,39,22,22
5637,26,39,44,25
5638,26,39,39,11
5639,26,39,48,27
5640,26,39,43,21
5641,26,39,35,13
5642,26,39,12,27
5643,26,39,39,41
5644,26,39,12,10
5645,26,39,39,22
5646,26,39,45,14
5647,26,39,21,36
5648,26,39,46,15
5649,26,39,34,20
5650,26,39,45,45
5651,26,39,26,14
5652,26,39,39,17
5653,26,39,39,16
5654,26,39,39,31
5655,26,39,26,28
5656,26,39,12,26
5657,26,39,48,20
5658,26,39,22,40
5659,26,39,31,13
5660,26,39,33,22
5661,26,39,27,39
5662,26,39,25,32
5663,26,39,16,49
5664,26,39,37,30
5665,26,39,43,27
5666,26,39,18,17
5667,26,39,40,20
5668,26,39,15,40
5669,26,39,24,31
5670,26,39,13,42
5671,26,39,42,13
5672,26,39,46,49
5673,26,39,39,15
5674,26,39,48,48
5675,26,39,27,45
5676,26,39,13,45
5677,26,39,28,37
5678,26,39,17,45
5679,26,39,29,11
5680,26,39,45,29
5681,26,39,34,20
5682,26,39,14,26
5683,26,39,38,32
5684,26,39,28,25
5685,26,39,27,39
5686,26,39,35,40
5687,26,39,16,30
5688,26,39,47,34
5689,26,39,13,23
5690,26,39,10,19
5691,26,39,17,15
5692,26,39,35,30
5693,26,39,13,25
5694,26,39,45,34
5695,26,39,34,43
5696,26,39,35,36
5697,26,39,27,40
5698,26,39,41,24
5699,26,39,37,32
5700,26,39,39,47
5701,26,39,36,46
5702,26,39,35,43
5703,26,39,32,19
5704,26,39,29,37
5705,26,39,18,32
5706,26,39,13,41
5707,26,39,19,26
5708,26,39,21,42
5709,26,39,43,37
5710,26,39,35,35
5711,26,39,32,17
5712,26,39,15,36
5713,26,39,23,47
5714,26,39,15,21
5715,26,39,16,46
5716,26,39,26,21
5717,26,39,35,47
5718,26,39,18,37
5719,26,39,44,32
5720,26,39,47,19
5721,26,39,37,47
5722,26,39,47,11
5723,26,39,46,40
5724,26,39,21,11
5725,26,39,28,32
5726,26,39,38,25
5727,26,39,48,40
5728,26,39,22,17
5729,26,39,18,38
5730,26,39,37,40
5731,26,39,20,41
5732,26,39,45,36
5733,26,39,26,27
5734,26,39,44,12
5735,26,39,47,30
5736,26,39,28,36
5737,26,39,37,16
5738,26,39,23,28
5739,26,39,39,36
5740,26,39,47,32
5741,26,39,39,44
5742,26,39,42,29
5743,26,39,24,31
5744,26,39,48,17
5745,26,39,18,19
5746,26,39,12,47
5747,26,39,10,39
5748,26,39,47,30
5749,26,39,29,43
5750,26,39,23,10
5751,26,39,23,26
5752,26,39,47,26
5753,26,39,20,36
5754,26,39,25,17
5755,26,39,20,27
5756,26,39,43,27
5757,26,39,42,24
5758,26,39,12,39
5759,26,39,25,26
5760,26,39,41,24
5761,26,39,46,11
5762,26,39,26,18
5763,26,39,17,39
5764,26,39,29,37
5765,26,39,12,26
5766,26,39,40,10
5767,26,39,37,42
5768,26,39,33,39
5769,26,39,39,40
5770,26,39,33,33
5771,26,39,23,19
5772,26,39,25,45
5773,26,39,45,49
5774,26,39,12,11
5775,26,39,17,18
5776,26,39,13,43
5777,26,39,10,47
5778,26,39,10,24
5779,26,39,49,19
5780,26,39,12,20
5781,26,39,34,16
5782,26,39,19,41
5783,26,39,29,27
5784,26,39,43,17
5785,26,39,29,14
5786,26,39,26,22
5787,26,39,38,11
5788,26,39,39,25
5789,26,39,39,39
5790,26,39,15,38
5791,26,39,14,22
5792,26,39,17,10
5793,26,39,10,21
5794,26,39,34,30
5795,26,39,14,12
5796,26,39,22,42
5797,26,39,25,31
5798,26,39,22,24
5799,26,39,26,29
5800,26,39,20,26
5801,26,39,34,45
5802,26,39,30,15
5803,26,39,41,14
5804,26,39,27,15
5805,26,39,30,26
5806,26,39,48,22
5807,26,39,29,17
5808,26,39,47,26
5809,26,39,34,28
5810,26,39,28,29
5811,26,39,46,26
5812,26,39,38,22
5813,26,39,21,11
5814,26,39,39,32
5815,26,39,25,32
5816,26,39,26,33
5817,26,39,24,16
5818,26,39,35,12
5819,26,39,18,13
5820,26,39,32,33
5821,26,39,16,16
5822,26,39,26,41
5823,26,39,39,15
5824,26,39,49,26
5825,26,39,11,18
5826,26,39,38,33
5827,26,39,19,42
5828,26,39,11,10
5829,26,39,40,35
5830,26,39,40,34
5831,26,39,28,32
5832,26,39,44,48
5833,26,39,12,25
5834,26,39,15,32
5835,26,39,42,18
5836,26,39,36,23
5837,26,39,41,31
5838,26,39,34,26
5839,26,39,22,26
5840,26,39,19,29
5841,26,39,44,18
5842,26,39,23,21
5843,26,39,34,49
5844,26,39,26,14
5845,26,39,34,17
5846,26,39,44,37
5847,26,39,18,49
5848,26,39,33,30
5849,26,39,45,48
5850,26,39,12,21
5851,26,39,23,42
5852,26,39,30,36
5853,26,39,27,34
5854,26,39,28,38
5855,26,39,16,48
5856,26,39,46,28
5857,26,39,10,22
5858,26,39,40,28
5859,26,39,25,13
5860,26,39,33,15
5861,26,39,40,13
5862,26,39,21,46
5863,26,39,17,47
5864,26,39,49,28
5865,26,39,33,22
5866,26,39,41,31
5867,26,39,15,26
5868,26,39,27,19
5869,26,39,32,37
5870,26,39,40,49
5871,26,39,44,36
5872,26,39,35,24
5873,26,39,36,23
5874,26,39,38,39
5875,26,39,18,31
5876,26,39,43,46
5877,26,39,28,48
5878,26,39,14,29
5879,26,39,29,23
5880,26,39,24,44
5881,26,39,44,16
5882,26,39,21,28
5883,26,39,15,39
5884,26,39,29,39
5885,26,39,22,32
5886,26,39,19,26
5887,26,39,36,38
5888,26,39,11,45
5889,26,39,10,23
5890,26,39,29,16
5891,26,39,10,34
5892,26,39,10,43
5893,26,39,36,22
5894,26,39,35,27
5895,26,39,42,24
5896,26,39,11,38
5897,26,39,37,14
5898,26,39,12,10
5899,26,39,41,18
5900,26,39,26,30
5901,26,39,22,12
5902,26,39,22,29
5903,26,39,35,34
5904,26,39,47,31
5905,26,39,46,19
5906,26,39,41,34
5907,26,39,19,36
5908,26,39,30,37
5909,26,39,48,45
5910,26,39,39,37
5911,26,39,20,11
5912,26,39,16,49
5913,26,39,25,10
5914,26,39,49,46
5915,26,39,19,47
5916,26,39,25,31
5917,26,39,19,15
5918,26,39,20,20
5919,26,39,45,20
5920,26,39,14,14
5921,26,39,21,41
5922,26,39,34,43
5923,26,39,45,40
5924,26,39,43,38
5925,26,39,25,22
5926,26,39,44,41
5927,26,39,18,29
5928,26,39,28,29
5929,26,39,17,20
5930,26,39,32,38
5931,26,39,26,34
5932,26,39,47,46
5933,26,39,49,41
5934,26,39,17,33
5935,26,39,47,42
5936,26,39,12,33
5937,26,39,22,28
5938,26,39,46,47
5939,26,39,29,31
5940,26,39,49,19
5941,26,39,14,43
5942,26,39,25,10
5943,26,39,34,43
5944,26,39,37,25
5945,26,39,23,35
5946,26,39,23,36
5947,26,39,38,37
5948,26,39,40,48
5949,26,39,26,42
5950,26,39,27,40
5951,26,39,16,24
5952,26,39,16,12
5953,26,39,30,28
5954,26,39,27,39
5955,26,39,38,32
5956,26,39,22,26
5957,26,39,24,44
5958,26,39,11,30
5959,26,39,13,28
5960,26,39,47,46
5961,26,39,45,24
5962,26,39,48,41
5963,26,39,26,31
5964,26,39,43,20
5965,26,39,23,23
5966,26,39,46,43
5967,26,39,36,39
5968,26,39,20,27
5969,26,39,35,49
5970,26,39,27,39
5971,26,39,14,18
5972,26,39,32,40
5973,26,39,27,34
5974,26,39,13,41
5975,26,39,22,30
5976,26,39,29,13
5977,26,39,32,37
5978,26,39,40,24
5979,26,39,43,26
5980,26,39,45,30
5981,26,39,20,41
5982,26,39,18,12
5983,26,39,39,25
5984,26,39,36,34
5985,26,39,28,41
5986,26,39,42,17
5987,26,39,36,16
5988,26,39,39,46
5989,26,39,35,41
5990,26,39,38,18
5991,26,39,45,14
5992,26,39,43,33
5993,26,39,31,14
5994,26,39,41,23
5995,26,39,14,45
5996,26,39,47,43
5997,26,39,36,38
5998,26,39,34,11
5999,26,39,27,43
6000,26,39,22,44
6001,26,39,45,44
6002,26,39,26,33
6003,26,39,34,33
6004,26,39,46,34
6005,26,39,48,41
6006,26,39,43,11
6007,26,39,18,38
6008,26,39,14,27
6009,26,39,15,21
6010,26,39,42,14
6011,26,39,39,40
6012,26,39,45,34
6013,26,39,12,30
6014,26,39,44,20
6015,26,39,34,45
6016,26,39,40,45
6017,26,39,16,46
6018,26,39,35,37
6019,26,39,49,45
6020,26,39,29,37
6021,26,39,10,17
6022,26,39,23,13
6023,26,39,47,37
6024,26,39,42,24
6025,26,39,36,18
6026,26,39,16,21
6027,26,39,12,35
6028,26,39,10,31
6029,26,39,16,28
6030,26,39,47,20
6031,26,39,27,20
6032,26,39,14,14
6033,26,39,12,21
6034,26,39,10,28
6035,26,39,47,46
6036,26,39,32,17
6037,26,39,32,14
6038,26,39,43,33
6039,26,39,29,36
6040,26,39,31,47
6041,26,39,11,12
6042,26,39,26,39
6043,26,39,24,27
6044,26,39,15,22
6045,26,39,17,27
6046,26,39,16,26
6047,26,39,24,25
6048,26,39,42,43
6049,26,39,30,28
6050,26,39,20,42
6051,26,39,11,44
6052,26,39,17,27
6053,26,39,41,31
6054,26,39,30,44
6055,26,39,23,44
6056,26,39,32,25
6057,26,39,28,40
6058,26,39,30,10
6059,26,39,11,34
6060,26,39,27,43
6061,26,39,38,37
6062,26,39,24,17
6063,26,39,42,37
6064,26,39,32,42
6065,26,39,48,22
6066,26,39,15,16
6067,26,39,47,22
6068,26,39,48,11
6069,26,39,20,25
6070,26,39,43,23
6071,26,39,16,38
6072,26,39,48,14
6073,26,39,12,40
6074,26,39,45,31
6075,26,39,30,19
6076,26,39,44,13
6077,26,39,10,42
6078,26,39,38,27
6079,26,39,48,33
6080,26,39,34,37
6081,26,39,44,43
6082,26,39,23,47
6083,26,39,25,26
6084,26,39,27,49
6085,26,39,21,26
6086,26,39,20,23
6087,26,39,42,33
6088,26,39,28,43
6089,26,39,28,11
6090,26,39,48,36
6091,26,39,41,13
6092,26,39,21,30
6093,26,39,18,46
6094,26,39,49,21
6095,26,39,18,22
6096,26,39,33,29
6097,26,39,40,19
6098,26,39,11,45
6099,26,39,29,26
6100,26,39,32,34
6101,26,39,25,37
6102,26,39,21,48
6103,26,39,48,10
6104,26,39,22,28
6105,26,39,40,10
6106,26,39,42,24
6107,26,39,34,24
6108,26,39,32,45
6109,26,39,49,39
6110,26,39,21,39
6111,26,39,45,49
6112,26,39,26,36
6113,26,39,17,32
6114,26,39,21,45
6115,26,39,30,20
6116,26,39,16,37
6117,26,39,13,10
6118,26,39,18,11
6119,26,39,49,35
6120,26,39,24,36
6121,26,39,29,19
6122,26,39,40,18
6123,26,39,42,30
6124,26,39,39,13
6125,26,39,35,49
6126,26,39,29,25
6127,26,39,15,10
6128,26,39,40,46
6129,26,39,47,42
6130,26,39,35,28
6131,26,39,22,34
6132,26,39,14,21
6133,26,39,29,46
6134,26,39,33,22
6135,26,39,11,19
6136,26,39,36,44
6137,26,39,35,19
6138,26,39,39,28
6139,26,39,15,37
6140,26,39,28,45
6141,26,39,42,13
6142,26,39,44,10
6143,26,39,15,10
6144,26,39,31,21
6145,26,39,24,38
6146,26,39,15,15
6147,26,39,22,21
6148,26,39,14,39
6149,26,39,40,22
6150,26,39,17,26
6151,26,39,20,16
6152,26,39,38,32
6153,26,39,35,35
6154,26,39,33,19
6155,26,39,13,32
6156,26,39,10,38
6157,26,39,20,37
6158,26,39,47,22
6159,26,39,38,48
6160,26,39,38,37
6161,26,39,35,13
6162,26,39,27,17
6163,26,39,29,30
6164,26,39,35,43
6165,26,39,44,24
6166,26,39,47,48
6167,26,39,35,36
6168,26,39,34,37
6169,26,39,41,39
6170,26,39,16,26
6171,26,39,19,19
6172,26,39,13,13
6173,26,39,32,46
6174,26,39,25,19
6175,26,39,37,20
6176,26,39,20,23
6177,26,39,25,43
6178,26,39,39,40
6179,26,39,14,33
6180,26,39,28,40
6181,26,39,20,21
6182,26,39,35,43
6183,26,39,47,45
6184,26,39,18,10
6185,26,39,47,29
6186,26,39,27,28
6187,26,39,18,21
6188,26,39,13,20
6189,26,39,36,43
6190,26,39,12,17
6191,26,39,33,41
6192,26,39,19,32
6193,26,39,12,40
6194,26,39,21,26
6195,26,39,19,44
6196,26,39,22,42
6197,26,39,14,43
6198,26,39,47,43
6199,26,39,46,31
6200,26,39,37,39
6201,26,39,42,41
6202,26,39,45,38
6203,26,39,38,45
6204,26,39,35,10
6205,26,39,22,38
6206,26,39,30,34
6207,26,39,49,45
6208,26,39,40,39
6209,26,39,21,42
6210,26,39,22,44
6211,26,39,17,16
6212,26,39,29,13
6213,26,39,32,29
6214,26,39,37,16
6215,26,39,32,10
6216,26,39,37,42
6217,26,39,48,20
6218,26,39,13,33
6219,26,39,24,30
6220,26,39,48,14
6221,26,39,13,49
6222,26,39,24,46
6223,26,39,49,35
6224,26,39,41,33
6225,26,39,39,36
6226,26,39,26,26
6227,26,39,47,45
6228,26,39,43,35
6229,26,39,22,16
6230,26,39,26,16
6231,26,39,17,46
6232,26,39,19,29
6233,26,39,18,29
6234,26,39,34,35
6235,26,39,13,20
6236,26,39,19,22
6237,26,39,41,20
6238,26,39,36,37
6239,26,39,41,21
6240,26,39,35,13
6241,26,39,11,15
6242,26,39,42,29
6243,26,39,12,29
6244,26,39,19,37
6245,26,39,26,20
6246,26,39,24,28
6247,26,39,26,24
6248,26,39,34,38
6249,26,39,45,34
6250,26,39,47,10
6251,26,39,46,45
6252,26,39,20,39
6253,26,39,16,17
6254,26,39,35,39
6255,26,39,22,39
6256,26,39,10,45
6257,26,39,18,25
6258,26,39,29,41
6259,26,39,27,44
6260,26,39,17,13
6261,26,39,47,21
6262,26,39,19,16
6263,26,39,39,45
6264,26,39,37,10
6265,26,39,19,35
6266,26,39,40,41
6267,26,39,49,20
6268,26,39,49,21
6269,26,39,29,36
6270,26,39,35,36
6271,26,39,34,13
6272,26,39,31,38
6273,26,39,44,29
6274,26,39,21,13
6275,26,39,27,30
6276,26,39,48,35
6277,26,39,26,23
6278,26,39,23,14
6279,26,39,37,41
6280,26,39,37,48
6281,26,39,42,16
6282,26,39,19,41
6283,26,39,20,18
6284,26,39,31,40
6285,26,39,11,10
6286,26,39,18,45
6287,26,39,11,23
6288,26,39,40,22
6289,26,39,30,37
6290,26,39,34,23
6291,26,39,22,33
6292,26,39,41,18
6293,26,39,25,34
6294,26,39,25,23
6295,26,39,27,19
6296,26,39,45,30
6297,26,39,35,41
6298,26,39,41,10
6299,26,39,42,10
6300,26,39,13,32
6301,26,39,41,45
6302,26,39,16,12
6303,26,39,24,17
6304,26,39,46,18
6305,26,39,19,14
6306,26,39,15,31
6307,26,39,22,21
6308,26,39,46,46
6309,26,39,31,32
6310,26,39,42,46
6311,26,39,45,46
6312,26,39,32,21
6313,26,39,14,30
6314,26,39,34,40
6315,26,39,43,30
6316,26,39,13,19
6317,26,39,45,32
6318,26,39,49,47
6319,26,39,20,42
6320,26,39,49,17
6321,26,39,26,22
6322,26,39,13,25
6323,26,39,31,43
6324,26,39,43,14
6325,26,39,41,45
6326,26,39,47,28
6327,26,39,27,21
6328,26,39,40,13
6329,26,39,17,49
6330,26,39,18,42
6331,26,39,27,18
6332,26,39,36,13
6333,26,39,16,44
6334,26,39,41,48
6335,26,39,48,12
6336,26,39,10,41
6337,26,39,32,12
6338,26,39,41,39
6339,26,39,37,22
6340,26,39,26,10
6341,26,39,36,24
6342,26,39,47,12
6343,26,39,13,25
6344,26,39,15,28
6345,26,39,36,14
6346,26,39,30,25
6347,26,39,29,15
6348,26,39,34,46
6349,26,39,41,20
6350,26,39,20,28
6351,26,39,45,40
6352,26,39,11,14
6353,26,39,30,18
6354,26,39,35,39
6355,26,39,45,21
6356,26,39,46,26
6357,26,39,35,26
6358,26,39,35,18
6359,26,39,16,36
6360,26,39,34,33
6361,26,39,43,15
6362,26,39,25,30
6363,26,39,15,18
6364,26,39,15,29
6365,26,39,46,23
6366,26,39,31,21
6367,26,39,32,29
6368,26,39,10,12
6369,26,39,18,13
6370,26,39,47,31
6371,26,39,49,49
6372,26,39,21,21
6373,26,39,17,11
6374,26,39,32,16
6375,26,39,46,17
6376,26,39,17,25
6377,26,39,14,28
6378,26,39,21,19
6379,26,39,30,23
6380,26,39,16,20
6381,26,39,25,36
6382,26,39,21,21
6383,26,39,30,31
6384,26,39,25,40
6385,26,39,25,14
6386,26,39,31,49
6387,26,39,11,46
6388,26,39,22,13
6389,26,39,37,25
6390,26,39,11,18
6391,26,39,44,46
6392,26,39,25,29
6393,26,39,30,37
6394,26,39,45,29
6395,26,39,46,30
6396,26,39,27,19
6397,26,39,45,19
6398,26,39,23,14
6399,26,39,14,45
6400,26,39,26,31
6401,26,39,42,45
6402,26,39,20,39
6403,26,39,16,18
6404,26,39,26,15
6405,26,39,32,18
6406,26,39,26,15
6407,26,39,45,25
6408,26,39,42,32
6409,26,39,44,30
6410,26,39,43,33
6411,26,39,49,49
6412,26,39,30,15
6413,26,39,11,44
6414,26,39,45,19
6415,26,39,18,18
6416,26,39,40,11
6417,26,39,25,29
6418,26,39,47,48
6419,26,39,31,31
6420,26,39,38,38
6421,26,39,43,30
6422,26,39,36,31
6423,26,39,44,39
6424,26,39,14,14
6425,26,39,33,36
6426,26,39,28,33
6427,26,39,27,24
6428,26,39,11,46
6429,26,39,42,47
6430,26,39,16,36
6431,26,39,40,49
6432,26,39,27,13
6433,26,39,33,17
6434,26,39,25,12
6435,26,39,20,18
6436,26,39,21,24
6437,26,39,44,28
6438,26,39,36,40
6439,26,39,30,41
6440,26,39,11,48
6441,26,39,39,47
6442,26,39,48,22
6443,26,39,39,29
6444,26,39,13,49
6445,26,39,15,49
6446,26,39,40,31
6447,26,39,42,16
6448,26,39,20,18
6449,26,39,47,21
6450,26,39,19,31
6451,26,39,28,47
6452,26,39,24,45
6453,26,39,15,33
6454,26,39,46,29
6455,26,39,37,44
6456,26,39,37,23
6457,26,39,40,16
6458,26,39,41,46
6459,26,39,17,23
6460,26,39,15,39
6461,26,39,46,27
6462,26,39,34,39
6463,26,39,20,32
6464,26,39,19,18
6465,26,39,10,21
6466,26,39,24,13
6467,26,39,41,36
6468,26,39,25,31
6469,26,39,30,41
6470,26,39,25,47
6471,26,39,29,10
6472,26,39,11,48
6473,26,39,21,12
6474,26,39,20,15
6475,26,39,13,23
6476,26,39,29,41
6477,26,39,10,28
6478,26,39,34,39
6479,26,39,43,18
6480,26,39,21,44
6481,26,39,19,25
6482,26,39,12,14
6483,26,39,40,40
6484,26,39,15,34
6485,26,39,44,42
6486,26,39,21,39
6487,26,39,27,11
6488,26,39,47,28
6489,26,39,47,48
6490,26,39,30,18
6491,26,39,13,28
6492,26,39,15,14
6493,26,39,32,11
6494,26,39,38,12
6495,26,39,24,32
6496,26,39,13,11
6497,26,39,20,27
6498,26,39,35,47
6499,26,39,43,12
6500,26,39,38,29
6501,26,39,31,37
6502,26,39,16,24
6503,26,39,21,24
6504,26,39,32,20
6505,26,39,10,34
6506,26,39,37,24
6507,26,39,23,38
6508,26,39,23,36
6509,26,39,45,11
6510,26,39,20,29
6511,26,39,47,10
6512,26,39,42,30
6513,26,39,36,23
6514,26,39,20,46
6515,26,39,43,25
6516,26,39,47,13
6517,26,39,23,42
6518,26,39,42,32
6519,26,39,35,45
6520,26,39,34,23
6521,26,39,41,34
6522,26,39,19,44
6523,26,39,49,40
6524,26,39,47,37
6525,26,39,34,34
6526,26,39,27,10
6527,26,39,31,37
6528,26,39,32,14
6529,26,39,23,44
6530,26,39,31,31
6531,26,39,18,43
6532,26,39,19,11
6533,26,39,15,22
6534,26,39,26,26
6535,26,39,12,13
6536,26,39,28,32
6537,26,39,13,41
6538,26,39,36,32
6539,26,39,22,33
6540,26,39,42,20
6541,26,39,32,48
6542,26,39,18,46
6543,26,39,22,47
6544,26,39,49,12
6545,26,39,43,18
6546,26,39,24,39
6547,26,39,12,14
6548,26,39,47,45
6549,26,39,23,41
6550,26,39,14,33
6551,26,39,43,25
6552,26,39,14,25
6553,26,39,45,13
6554,26,39,45,33
6555,26,39,11,39
6556,26,39,38,11
6557,26,39,12,45
6558,26,39,10,41
6559,26,39,43,22
6560,26,39,13,14
6561,26,39,21,17
6562,26,39,19,49
6563,26,39,45,27
6564,26,39,33,30
6565,26,39,20,43
6566,26,39,34,11
6567,26,39,40,49
6568,26,39,39,26
6569,26,39,44,48
6570,26,39,28,23
6571,26,39,32,34
6572,26,39,15,31
6573,26,39,21,29
6574,26,39,29,26
6575,26,39,43,33
6576,26,39,29,34
6577,26,39,18,42
6578,26,39,11,31
6579,26,39,20,22
6580,26,39,28,46
6581,26,39,17,12
6582,26,39,30,30
6583,26,39,30,12
6584,26,39,33,18
6585,26,39,48,20
6586,26,39,28,24
6587,26,39,27,38
6588,26,39,27,10
6589,26,39,37,14
6590,26,39,43,18
6591,26,39,35,43
6592,26,39,32,25
6593,26,39,32,46
6594,26,39,18,32
6595,26,39,30,26
6596,26,39,40,39
6597,26,39,43,48
6598,26,39,35,20
6599,26,39,25,42
6600,26,39,40,19
6601,26,39,17,39
6602,26,39,40,34
6603,26,39,14,28
6604,26,39,29,22
6605,26,39,40,35
6606,26,39,20,23
6607,26,39,12,49
6608,26,39,33,41
6609,26,39,24,44
6610,26,39,17,39
6611,26,39,25,23
6612,26,39,41,31
6613,26,39,23,46
6614,26,39,17,22
6615,26,39,27,10
6616,26,39,18,17
6617,26,39,38,27
6618,26,39,37,35
6619,26,39,23,45
6620,26,39,45,39
6621,26,39,13,25
6622,26,39,41,19
6623,26,39,39,42
6624,26,39,37,44
6625,26,39,12,43
6626,26,39,29,27
6627,26,39,21,34
6628,26,39,26,12
6629,26,39,20,10
6630,26,39,46,19
6631,26,39,29,45
6632,26,39,35,41
6633,26,39,21,15
6634,26,39,35,27
6635,26,39,33,17
6636,26,39,41,32
6637,26,39,37,23
6638,26,39,46,27
6639,26,39,15,18
6640,26,39,12,33
6641,26,39,32,16
6642,26,39,12,38
6643,26,39,21,17
6644,26,39,40,10
6645,26,39,28,11
6646,26,39,29,32
6647,26,39,37,33
6648,26,39,43,39
6649,26,39,19,17
6650,26,39,13,41
6651,26,39,34,25
6652,26,39,19,17
6653,26,39,44,42
6654,26,39,36,28
6655,26,39,40,45
6656,26,39,19,17
6657,26,39,33,35
6658,26,39,18,10
6659,26,39,37,27
6660,26,39,11,42
6661,26,39,24,32
6662,26,39,49,10
6663,26,39,31,18
6664,26,39,37,18
6665,26,39,35,45
6666,26,39,40,48
6667,26,39,26,42
6668,26,39,24,20
6669,26,39,39,18
6670,26,39,20,18
6671,26,39,36,32
6672,26,39,34,13
6673,26,39,29,39
6674,26,39,15,46
6675,26,39,35,48
6676,26,39,32,38
6677,26,39,36,15
6678,26,39,19,40
6679,26,39,28,14
6680,26,39,12,29
6681,26,39,11,39
6682,26,39,48,16
6683,26,39,36,33
6684,26,39,47,41
6685,26,39,27,26
6686,26,39,32,12
6687,26,39,23,20
6688,26,39,11,11
6689,26,39,46,10
6690,26,39,37,42
6691,26,39,28,18
6692,26,39,18,28
6693,26,39,31,27
6694,26,39,47,31
6695,26,39,16,21
6696,26,39,45,45
6697,26,39,12,44
6698,26,39,13,40
6699,26,39,24,23
6700,26,39,11,49
6701,26,39,12,26
6702,26,39,14,26
6703,26,39,25,19
6704,26,39,47,41
6705,26,39,20,32
6706,26,39,17,28
6707,26,39,17,45
6708,26,39,37,10
6709,26,39,30,48
6710,26,39,12,23
6711,26,39,48,47
6712,26,39,12,48
6713,26,39,45,43
6714,26,39,27,48
6715,26,39,28,43
6716,26,39,21,29
6717,26,39,48,19
6718,26,39,48,41
6719,26,39,23,45
6720,26,39,41,32
6721,26,39,48,44
6722,26,39,33,19
6723,26,39,33,40
6724,26,39,29,11
6725,26,39,41,12
6726,26,39,48,33
6727,26,39,29,48
6728,26,39,33,48
6729,26,39,33,46
6730,26,39,34,30
6731,26,39,30,49
6732,26,39,24,20
6733,26,39,14,30
6734,26,39,17,27
6735,26,39,20,22
6736,26,39,27,21
6737,26,39,18,45
6738,26,39,11,35
6739,26,39,27,40
6740,26,39,18,44
6741,26,39,46,36
6742,26,39,13,23
6743,26,39,33,27
6744,26,39,47,10
6745,26,39,48,32
6746,26,39,42,31
6747,26,39,31,39
6748,26,39,38,26
6749,26,39,41,15
6750,26,39,27,42
6751,26,39,37,26
6752,26,39,29,34
6753,26,39,49,12
6754,26,39,16,15
6755,26,39,42,25
6756,26,39,40,49
6757,26,39,20,17
6758,26,39,15,19
6759,26,39,23,16
6760,26,39,42,27
6761,26,39,42,25
6762,26,39,29,11
6763,26,39,41,34
6764,26,39,24,26
6765,26,39,43,18
6766,26,39,21,16
6767,26,39,13,45
6768,26,39,14,46
6769,26,39,27,36
6770,26,39,49,16
6771,26,39,47,11
6772,26,39,10,22
6773,26,39,28,31
6774,26,39,34,44
6775,26,39,15,27
6776,26,39,33,23
6777,26,39,31,21
6778,26,39,40,33
6779,26,39,44,30
6780,26,39,21,47
6781,26,39,19,45
6782,26,39,24,13
6783,26,39,35,23
6784,26,39,47,37
6785,26,39,41,12
6786,26,39,48,32
6787,26,39,21,14
6788,26,39,20,32
6789,26,39,35,34
6790,26,39,19,46
6791,26,39,45,19
6792,26,39,44,31
6793,26,39,37,30
6794,26,39,10,16
6795,26,39,47,46
6796,26,39,22,49
6797,26,39,39,43
6798,26,39,10,44
6799,26,39,10,48
6800,26,39,37,39
6801,26,39,45,49
6802,26,39,35,39
6803,26,39,28,30
6804,26,39,37,48
6805,26,39,25,45
6806,26,39,34,22
6807,26,39,47,19
6808,26,39,36,36
6809,26,39,38,39
6810,26,39,49,18
6811,26,39,44,43
6812,26,39,38,36
6813,26,39,46,37
6814,26,39,41,43
6815,26,39,44,12
6816,26,39,22,23
6817,26,39,11,25
6818,26,39,25,41
6819,26,39,13,32
6820,26,39,11,14
6821,26,39,29,43
6822,26,39,36,21
6823,26,39,44,24
6824,26,39,32,29
6825,26,39,15,21
6826,26,39,28,31
6827,26,39,48,48
6828,26,39,16,49
6829,26,39,37,46
6830,26,39,25,38
6831,26,39,26,15
6832,26,39,30,16
6833,26,39,24,37
6834,26,39,30,19
6835,26,39,18,36
6836,26,39,14,44
6837,26,39,33,11
6838,26,39,40,39
6839,26,39,28,35
6840,26,39,45,45
6841,26,39,34,45
6842,26,39,14,37
6843,26,39,47,15
6844,26,39,43,17
6845,26,39,27,11
6846,26,39,48,15
6847,26,39,10,37
6848,26,39,24,25
6849,26,39,35,10
6850,26,39,47,44
6851,26,39,47,45
6852,26,39,26,33
6853,26,39,34,39
6854,26,39,34,28
6855,26,39,19,44
6856,26,39,40,28
6857,26,39,36,12
6858,26,39,30,22
6859,26,39,39,40
6860,26,39,48,26
6861,26,39,47,11
6862,26,39,49,34
6863,26,39,36,47
6864,26,39,15,21
6865,26,39,43,38
6866,26,39,40,43
6867,26,39,12,19
6868,26,39,21,23
6869,26,39,17,47
6870,26,39,47,11
6871,26,39,36,31
6872,26,39,39,41
6873,26,39,44,14
6874,26,39,24,32
6875,26,39,16,26
6876,26,39,15,27
6877,26,39,26,36
6878,26,39,37,31
6879,26,39,30,36
6880,26,39,32,13
6881,26,39,34,46
6882,26,39,37,42
6883,26,39,33,45
6884,26,39,31,22
6885,26,39,47,42
6886,26,39,23,12
6887,26,39,22,37
6888,26,39,44,28
6889,26,39,33,33
6890,26,39,35,33
6891,26,39,12,36
6892,26,39,10,17
6893,26,39,46,28
6894,26,39,42,32
6895,26,39,23,40
6896,26,39,31,27
6897,26,39,21,43
6898,26,39,18,20
6899,26,39,44,26
6900,26,39,37,38
6901,26,39,47,14
6902,26,39,39,48
6903,26,39,43,40
6904,26,39,38,34
6905,26,39,22,30
6906,26,39,29,13
6907,26,39,39,35
6908,26,39,26,32
6909,26,39,16,20
6910,26,39,18,18
6911,26,39,22,33
6912,26,39,41,18
6913,26,39,37,27
6914,26,39,10,31
6915,26,39,11,20
6916,26,39,42,43
6917,26,39,44,34
6918,26,39,24,12
6919,26,39,19,10
6920,26,39,10,13
6921,26,39,29,10
6922,26,39,32,32
6923,26,39,31,11
6924,26,39,24,33
6925,26,39,30,31
6926,26,39,40,25
6927,26,39,45,46
6928,26,39,23,39
6929,26,39,36,10
6930,26,39,18,39
6931,26,39,31,21
6932,26,39,43,39
6933,26,39,14,30
6934,26,39,20,49
6935,26,39,27,37
6936,26,39,10,41
6937,26,39,23,30
6938,26,39,26,23
6939,26,39,25,45
6940,26,39,23,38
6941,26,39,42,28
6942,26,39,18,22
6943,26,39,13,27
6944,26,39,15,18
6945,26,39,13,43
6946,26,39,36,20
6947,26,39,17,23
6948,26,39,10,32
6949,26,39,30,48
6950,26,39,41,46
6951,26,39,18,19
6952,26,39,40,43
6953,26,39,16,31
6954,26,39,37,29
6955,26,39,14,25
6956,26,39,21,45
6957,26,39,17,20
6958,26,39,29,20
6959,26,39,27,36
6960,26,39,23,18
6961,26,39,10,10
6962,26,39,35,31
6963,26,39,39,20
6964,26,39,36,19
6965,26,39,21,43
6966,26,39,32,48
6967,26,39,34,27
6968,26,39,44,15
6969,26,39,26,47
6970,26,39,13,18
6971,26,39,27,32
6972,26,39,40,30
6973,26,39,15,25
6974,26,39,26,38
6975,26,39,48,14
6976,26,39,41,36
6977,26,39,48,16
6978,26,39,47,42
6979,26,39,24,46
6980,26,39,32,28
6981,26,39,39,27
6982,26,39,48,33
6983,26,39,26,22
6984,26,39,35,42
6985,26,39,49,23
6986,26,39,28,17
6987,26,39,44,13
6988,26,39,17,26
6989,26,39,25,42
6990,26,39,14,17
6991,26,39,11,21
6992,26,39,31,34
6993,26,39,17,40
6994,26,39,24,42
6995,26,39,14,35
6996,26,39,41,39
6997,26,39,29,35
6998,26,39,16,25
6999,26,39,37,48
7000,26,39,39,35
7001,26,39,18,35
7002,26,39,16,18
7003,26,39,19,40
7004,26,39,15,47
7005,26,39,39,25
7006,26,39,12,22
7007,26,39,25,49
7008,26,39,19,34
7009,26,39,36,37
7010,26,39,27,12
7011,26,39,24,23
7012,26,39,13,35
7013,26,39,47,46
7014,26,39,43,46
7015,26,39,47,33
7016,26,39,18,22
7017,26,39,31,39
7018,26,39,28,19
7019,26,39,11,43
7020,26,39,29,41
7021,26,39,12,25
7022,26,39,48,19
7023,26,39,38,35
7024,26,39,42,45
7025,26,39,27,11
7026,26,39,44,15
7027,26,39,33,13
7028,26,39,37,37
7029,26,39,25,31
7030,26,39,18,48
7031,26,39,42,22
7032,26,39,17,15
7033,26,39,22,38
7034,26,39,34,39
7035,26,39,23,16
7036,26,39,27,25
7037,26,39,21,26
7038,26,39,36,47
7039,26,39,47,11
7040,26,39,13,31
7041,26,39,18,24
7042,26,39,36,45
7043,26,39,28,24
7044,26,39,46,41
7045,26,39,39,37
7046,26,39,16,34
7047,26,39,42,27
7048,26,39,35,38
7049,26,39,18,38
7050,26,39,10,20
7051,26,39,23,25
7052,26,39,49,40
7053,26,39,43,45
7054,26,39,29,13
7055,26,39,49,47
7056,26,39,19,44
7057,26,39,11,19
7058,26,39,15,38
7059,26,39,40,32
7060,26,39,14,48
7061,26,39,45,23
7062,26,39,27,14
7063,26,39,27,14
7064,26,39,45,16
7065,26,39,15,43
7066,26,39,37,49
7067,26,39,33,46
7068,26,39,42,39
7069,26,39,12,29
7070,26,39,37,25
7071,26,39,17,24
7072,26,39,37,43
7073,26,39,46,28
7074,26,39,22,33
7075,26,39,39,27
7076,26,39,14,45
7077,26,39,35,35
7078,26,39,29,30
7079,26,39,30,20
7080,26,39,38,30
7081,26,39,37,23
7082,26,39,23,27
7083,26,39,48,24
7084,26,39,28,42
7085,26,39,38,46
7086,26,39,17,49
7087,26,39,36,46
7088,26,39,33,12
7089,26,39,39,15
7090,26,39,10,38
7091,26,39,18,10
7092,26,39,29,30
7093,26,39,24,40
7094,26,39,44,27
7095,26,39,27,18
7096,26,39,12,30
7097,26,39,36,38
7098,26,39,16,47
7099,26,39,47,28
7100,26,39,36,48
7101,26,39,35,10
7102,26,39,33,31
7103,26,39,38,27
7104,26,39,32,10
7105,26,39,43,30
7106,26,39,35,20
7107,26,39,39,31
7108,26,39,23,25
7109,26,39,26,13
7110,26,39,27,45
7111,26,39,24,13
7112,26,39,45,45
7113,26,39,18,46
7114,26,39,13,38
7115,26,39,25,19
7116,26,39,25,25
7117,26,39,12,16
7118,26,39,41,28
7119,26,39,35,15
7120,26,39,41,47
7121,26,39,13,20
7122,26,39,27,33
7123,26,39,37,10
7124,26,39,15,31
7125,26,39,21,33
7126,26,39,49,16
7127,26,39,11,32
7128,26,39,16,43
7129,26,39,32,43
7130,26,39,42,15
7131,26,39,15,25
7132,26,39,35,49
7133,26,39,37,28
7134,26,39,31,13
7135,26,39,29,42
7136,26,39,33,23
7137,26,39,14,46
7138,26,39,11,16
7139,26,39,23,16
7140,26,39,15,49
7141,26,39,11,13
7142,26,39,27,14
7143,26,39,24,45
7144,26,39,47,45
7145,26,39,21,34
7146,26,39,43,45
7147,26,39,12,41
7148,26,39,40,46
7149,26,39,42,14
7150,26,39,11,27
7151,26,39,24,23
7152,26,39,43,15
7153,26,39,33,44
7154,26,39,40,15
7155,26,39,11,40
7156,26,39,21,24
7157,26,39,49,23
7158,26,39,39,34
7159,26,39,38,34
7160,26,39,35,26
7161,26,39,45,17
7162,26,39,44,40
7163,26,39,46,13
7164,26,39,31,45
7165,26,39,11,20
7166,26,39,26,28
7167,26,39,34,18
7168,26,39,42,44
7169,26,39,19,44
7170,26,39,18,26
7171,26,39,46,28
7172,26,39,25,36
7173,26,39,37,10
7174,26,39,32,18
7175,26,39,42,14
7176,26,39,47,27
7177,26,39,14,23
7178,26,39,10,28
7179,26,39,36,49
7180,26,39,32,31
7181,26,39,42,47
7182,26,39,21,19
7183,26,39,48,44
7184,26,39,18,33
7185,26,39,33,36
7186,26,39,36,38
7187,26,39,47,14
7188,26,39,37,49
7189,26,39,33,18
7190,26,39,17,48
7191,26,39,12,48
7192,26,39,46,45
7193,26,39,45,47
7194,26,39,40,26
7195,26,39,45,37
7196,26,39,33,11
7197,26,39,16,29
7198,26,39,18,30
7199,26,39,25,46
7200,26,39,38,15
7201,26,39,30,39
7202,26,39,34,23
7203,26,39,39,25
7204,26,39,45,48
7205,26,39,35,46
7206,26,39,39,20
7207,26,39,15,33
7208,26,39,15,41
7209,26,39,23,24
7210,26,39,22,39
7211,26,39,20,31
7212,26,39,26,33
7213,26,39,46,44
7214,26,39,21,49
7215,26,39,21,49
7216,26,39,14,25
7217,26,39,17,40
7218,26,39,15,27
7219,26,39,42,33
7220,26,39,27,20
7221,26,39,47,22
7222,26,39,34,29
7223,26,39,10,23
7224,26,39,15,44
7225,26,39,36,18
7226,26,39,43,21
7227,26,39,20,28
7228,26,39,12,20
7229,26,39,38,22
7230,26,39,18,28
7231,26,39,24,36
7232,26,39,18,21
7233,26,39,21,30
7234,26,39,35,22
7235,26,39,12,48
7236,26,39,39,21
7237,26,39,20,19
7238,26,39,33,14
7239,26,39,40,49
7240,26,39,38,46
7241,26,39,27,13
7242,26,39,41,17
7243,26,39,17,24
7244,26,39,31,35
7245,26,39,18,42
7246,26,39,26,22
7247,26,39,43,37
7248,26,39,32,22
7249,26,39,39,21
7250,26,39,46,21
7251,26,39,16,29
7252,26,39,20,36
7253,26,39,32,32
7254,26,39,28,34
7255,26,39,33,17
7256,26,39,29,18
7257,26,39,35,49
7258,26,39,16,46
7259,26,39,11,27
7260,26,39,31,42
7261,26,39,19,24
7262,26,39,30,16
7263,26,39,28,26
7264,26,39,28,40
7265,26,39,18,33
7266,26,39,26,39
7267,26,39,12,27
7268,26,39,26,10
7269,26,39,42,48
7270,26,39,42,25
7271,26,39,20,14
7272,26,39,32,44
7273,26,39,47,32
7274,26,39,36,29
7275,26,39,37,26
7276,26,39,31,27
7277,26,39,14,44
7278,26,39,12,34
7279,26,39,14,18
7280,26,39,44,31
7281,26,39,12,22
7282,26,39,21,34
7283,26,39,43,20
7284,26,39,39,32
7285,26,39,30,28
7286,26,39,14,41
7287,26,39,33,43
7288,26,39,29,39
7289,26,39,10,36
7290,26,39,33,28
7291,26,39,22,29
7292,26,39,23,42
7293,26,39,34,13
7294,26,39,29,15
7295,26,39,12,10
7296,26,39,12,33
7297,26,39,17,34
7298,26,39,18,42
7299,26,39,22,38
7300,26,39,36,42
7301,26,39,35,46
7302,26,39,13,18
7303,26,39,31,10
7304,26,39,26,46
7305,26,39,13,37
7306,26,39,33,27
7307,26,39,13,45
7308,26,39,25,28
7309,26,39,37,19
7310,26,39,27,15
7311,26,39,42,28
7312,26,39,11,25
7313,26,39,26,12
7314,26,39,47,16
7315,26,39,35,18
7316,26,39,20,23
7317,26,39,40,39
7318,26,39,33,28
7319,26,39,38,16
7320,26,39,39,49
7321,26,39,12,14
7322,26,39,46,13
7323,26,39,39,24
7324,26,39,46,37
7325,26,39,21,19
7326,26,39,44,15
7327,26,39,15,22
7328,26,39,11,37
7329,26,39,45,16
7330,26,39,20,41
7331,26,39,15,43
7332,26,39,18,22
7333,26,39,29,15
7334,26,39,36,24
7335,26,39,11,41
7336,26,39,22,16
7337,26,39,12,36
7338,26,39,21,43
7339,26,39,32,20
7340,26,39,27,35
7341,26,39,28,34
7342,26,39,27,37
7343,26,39,25,22
7344,26,39,44,49
7345,26,39,35,20
7346,26,39,39,38
7347,26,39,17,33
7348,26,39,30,31
7349,26,39,34,41
7350,26,39,18,29
7351,26,39,38,47
7352,26,39,16,23
7353,26,39,12,38
7354,26,39,37,29
7355,26,39,27,44
7356,26,39,44,29
7357,26,39,49,38
7358,26,39,45,13
7359,26,39,30,10
7360,26,39,10,11
7361,26,39,19,42
7362,26,39,27,27
7363,26,39,13,28
7364,26,39,15,10
7365,26,39,21,10
7366,26,39,40,32
7367,26,39,17,18
7368,26,39,16,34
7369,26,39,16,15
7370,26,39,20,40
7371,26,39,29,17
7372,26,39,27,45
7373,26,39,37,40
7374,26,39,33,15
7375,26,39,25,37
7376,26,39,14,38
7377,26,39,46,35
7378,26,39,24,48
7379,26,39,29,35
7380,26,39,44,33
7381,26,39,14,27
7382,26,39,32,40
7383,26,39,32,20
7384,26,39,43,14
7385,26,39,47,13
7386,26,39,28,43
7387,26,39,22,17
7388,26,39,38,18
7389,26,39,15,16
7390,26,39,29,18
7391,26,39,11,37
7392,26,39,46,18
7393,26,39,23,18
7394,26,39,31,39
7395,26,39,42,44
7396,26,39,43,17
7397,26,39,39,27
7398,26,39,42,39
7399,26,39,44,40
7400,26,39,28,40
7401,26,39,44,49
7402,26,39,40,33
7403,26,39,28,31
7404,26,39,14,15
7405,26,39,37,40
7406,26,39,38,39
7407,26,39,12,11
7408,26,39,20,23
7409,26,39,16,40
7410,26,39,39,29
7411,26,39,28,49
7412,26,39,17,48
7413,26,39,18,10
7414,26,39,18,34
7415,26,39,24,47
7416,26,39,16,17
7417,26,39,14,34
7418,26,39,15,20
7419,26,39,10,10
7420,26,39,21,39
7421,26,39,18,23
7422,26,39,27,36
7423,26,39,47,12
7424,26,39,26,49
7425,26,39,41,44
7426,26,39,48,12
7427,26,39,16,18
7428,26,39,38,32
7429,26,39,13,14
7430,26,39,20,38
7431,26,39,31,19
7432,26,39,35,32
7433,26,39,23,30
7434,26,39,36,16
7435,26,39,17,30
7436,26,39,14,21
7437,26,39,41,39
7438,26,39,22,22
7439,26,39,40,38
7440,26,39,30,35
7441,26,39,40,48
7442,26,39,40,10
7443,26,39,21,12
7444,26,39,47,35
7445,26,39,38,20
7446,26,39,22,49
7447,26,39,20,35
7448,26,39,26,14
7449,26,39,23,46
7450,26,39,35,41
7451,26,39,41,43
7452,26,39,47,14
7453,26,39,25,32
7454,26,39,46,26
7455,26,39,41,20
7456,26,39,25,16
7457,26,39,43,23
7458,26,39,12,37
7459,26,39,34,32
7460,26,39,33,17
7461,26,39,49,45
7462,26,39,28,45
7463,26,39,26,20
7464,26,39,27,45
7465,26,39,20,25
7466,26,39,11,14
7467,26,39,35,17
7468,26,39,49,41
7469,26,39,29,23
7470,26,39,26,17
7471,26,39,47,13
7472,26,39,42,26
7473,26,39,42,35
7474,26,39,36,12
7475,26,39,30,23
7476,26,39,39,36
7477,26,39,46,12
7478,26,39,44,19
7479,26,39,38,44
7480,26,39,30,37
7481,26,39,28,38
7482,26,39,31,38
7483,26,39,19,49
7484,26,39,25,32
7485,26,39,36,23
7486,26,39,22,34
7487,26,39,21,11
7488,26,39,17,11
7489,26,39,44,22
7490,26,39,30,37
7491,26,39,18,37
7492,26,39,16,12
7493,26,39,13,47
7494,26,39,39,13
7495,26,39,12,22
7496,26,39,35,35
7497,26,39,48,30
7498,26,39,17,40
7499,26,39,19,18
7500,26,39,17,22
7501,26,39,22,11
7502,26,39,43,43
7503,26,39,24,23
7504,26,39,28,48
7505,26,39,37,29
7506,26,39,42,24
7507,26,39,37,22
7508,26,39,16,19
7509,26,39,32,22
7510,26,39,20,23
7511,26,39,25,20
7512,26,39,32,32
7513,26,39,41,28
7514,26,39,20,16
7515,26,39,16,36
7516,26,39,38,47
7517,26,39,16,29
7518,26,39,15,16
7519,26,39,42,43
7520,26,39,39,15
7521,26,39,14,41
7522,26,39,20,36
7523,26,39,17,16
7524,26,39,21,24
7525,26,39,12,27
7526,26,39,19,32
7527,26,39,28,24
7528,26,39,35,47
7529,26,39,47,49
7530,26,39,44,12
7531,26,39,45,17
7532,26,39,14,18
7533,26,39,41,39
7534,26,39,33,41
7535,26,39,46,26
7536,26,39,15,37
7537,26,39,37,22
7538,26,39,31,13
7539,26,39,49,14
7540,26,39,20,21
7541,26,39,19,46
7542,26,39,13,14
7543,26,39,19,23
7544,26,39,43,45
7545,26,39,34,35
7546,26,39,10,34
7547,26,39,39,41
7548,26,39,32,29
7549,26,39,20,30
7550,26,39,36,44
7551,26,39,25,30
7552,26,39,33,11
7553,26,39,46,33
7554,26,39,39,42
7555,26,39,23,45
7556,26,39,46,23
7557,26,39,47,36
7558,26,39,21,46
7559,26,39,14,35
7560,26,39,12,29
7561,26,39,22,49
7562,26,39,17,30
7563,26,39,27,45
7564,26,39,33,49
7565,26,39,46,10
7566,26,39,44,19
7567,26,39,40,38
7568,26,39,11,42
7569,26,39,31,10
7570,26,39,31,33
7571,26,39,43,42
7572,26,39,14,26
7573,26,39,43,49
7574,26,39,32,48
7575,26,39,28,42
7576,26,39,38,23
7577,26,39,13,39
7578,26,39,16,27
7579,26,39,42,41
7580,26,39,32,45
7581,26,39,30,33
7582,26,39,42,31
7583,26,39,45,38
7584,26,39,33,27
7585,26,39,15,30
7586,26,39,18,10
7587,26,39,43,10
7588,26,39,29,26
7589,26,39,26,44
7590,26,39,48,25
7591,26,39,13,34
7592,26,39,43,44
7593,26,39,36,28
7594,26,39,29,46
7595,26,39,13,21
7596,26,39,13,12
7597,26,39,21,43
7598,26,39,14,43
7599,26,39,33,15
7600,26,39,29,14
7601,26,39,24,41
7602,26,39,43,33
7603,26,39,39,26
7604,26,39,13,45
7605,26,39,18,30
7606,26,39,45,33
7607,26,39,29,13
7608,26,39,32,17
7609,26,39,27,44
7610,26,39,45,49
7611,26,39,41,25
7612,26,39,13,48
7613,26,39,37,14
7614,26,39,22,26
7615,26,39,18,49
7616,26,39,30,13
7617,26,39,45,48
7618,26,39,43,47
7619,26,39,26,22
7620,26,39,12,31
7621,26,39,30,30
7622,26,39,36,28
7623,26,39,10,25
7624,26,39,38,13
7625,26,39,38,48
7626,26,39,38,20
7627,26,39,43,27
7628,26,39,44,41
7629,26,39,35,34
7630,26,39,24,44
7631,26,39,12,12
7632,26,39,13,12
7633,26,39,47,41
7634,26,39,30,36
7635,26,39,42,32
7636,26,39,34,47
7637,26,39,24,20
7638,26,39,17,45
7639,26,39,20,42
7640,26,39,48,10
7641,26,39,37,37
7642,26,39,18,17
7643,26,39,16,34
7644,26,39,42,37
7645,26,39,35,49
7646,26,39,48,26
7647,26,39,31,42
7648,26,39,45,30
7649,26,39,10,31
7650,26,39,29,39
7651,26,39,35,28
7652,26,39,40,27
7653,26,39,33,14
7654,26,39,31,15
7655,26,39,17,22
7656,26,39,49,27
7657,26,39,15,40
7658,26,39,38,11
7659,26,39,22,38
7660,26,39,18,19
7661,26,39,34,36
7662,26,39,26,21
7663,26,39,33,16
7664,26,39,21,14
7665,26,39,30,19
7666,26,39,45,10
7667,26,39,22,38
7668,26,39,41,15
7669,26,39,27,34
7670,26,39,19,42
7671,26,39,46,23
7672,26,39,38,14
7673,26,39,20,40
7674,26,39,23,46
7675,26,39,39,16
7676,26,39,42,10
7677,26,39,34,25
7678,26,39,23,14
7679,26,39,28,27
7680,26,39,39,16
7681,26,39,49,37
7682,26,39,24,14
7683,26,39,47,29
7684,26,39,49,25
7685,26,39,13,48
7686,26,39,10,42
7687,26,39,21,26
7688,26,39,19,28
7689,26,39,35,18
7690,26,39,48,41
7691,26,39,29,15
7692,26,39,19,36
7693,26,39,45,18
7694,26,39,38,29
7695,26,39,28,45
7696,26,39,41,31
7697,26,39,24,21
7698,26,39,43,37
7699,26,39,45,38
7700,26,39,37,38
7701,26,39,18,33
7702,26,39,44,23
7703,26,39,13,26
7704,26,39,31,37
7705,26,39,42,48
7706,26,39,14,42
7707,26,39,29,23
7708,26,39,32,17
7709,26,39,46,30
7710,26,39,36,34
7711,26,39,21,18
7712,26,39,40,19
7713,26,39,15,49
7714,26,39,37,31
7715,26,39,14,44
7716,26,39,10,43
7717,26,39,49,20
7718,26,39,16,15
7719,26,39,13,49
7720,26,39,31,20
7721,26,39,49,14
7722,26,39,30,37
7723,26,39,12,38
7724,26,39,43,21
7725,26,39,13,24
7726,26,39,26,25
7727,26,39,10,12
7728,26,39,33,23
7729,26,39,17,34
7730,26,39,32,39
7731,26,39,39,11
7732,26,39,23,16
7733,26,39,23,37
7734,26,39,47,48
7735,26,39,12,16
7736,26,39,44,48
7737,26,39,12,46
7738,26,39,16,41
7739,26,39,41,44
7740,26,39,25,15
7741,26,39,47,15
7742,26,39,39,21
7743,26,39,14,24
7744,26,39,47,26
7745,26,39,40,16
7746,26,39,47,23
7747,26,39,10,31
7748,26,39,25,20
7749,26,39,42,42
7750,26,39,30,23
7751,26,39,28,34
7752,26,39,37,18
7753,26,39,19,16
7754,26,39,34,16
7755,26,39,10,13
7756,26,39,30,15
7757,26,39,15,31
7758,26,39,40,14
7759,26,39,25,18
7760,26,39,25,10
7761,26,39,40,40
7762,26,39,42,11
7763,26,39,48,31
7764,26,39,39,49
7765,26,39,40,45
7766,26,39,38,10
7767,26,39,22,13
7768,26,39,31,12
7769,26,39,46,43
7770,26,39,23,32
7771,26,39,18,12
7772,26,39,38,18
7773,26,39,17,21
7774,26,39,43,23
7775,26,39,21,29
7776,26,39,11,35
7777,26,39,35,23
7778,26,39,11,33
7779,26,39,36,39
7780,26,39,39,38
7781,26,39,26,19
7782,26,39,17,19
7783,26,39,45,35
7784,26,39,24,25
7785,26,39,36,48
7786,26,39,37,41
7787,26,39,45,47
7788,26,39,39,39
7789,26,39,10,33
7790,26,39,32,32
7791,26,39,36,41
7792,26,39,14,20
7793,26,39,25,16
7794,26,39,41,43
7795,26,39,40,49
7796,26,39,42,10
7797,26,39,12,41
7798,26,39,39,46
7799,26,39,33,38
7800,26,39,10,32
7801,26,39,34,33
7802,26,39,39,11
7803,26,39,45,22
7804,26,39,33,35
7805,26,39,49,21
7806,26,39,48,13
7807,26,39,47,11
7808,26,39,14,17
7809,26,39,28,30
7810,26,39,35,32
7811,26,39,20,10
7812,26,39,31,32
7813,26,39,12,40
7814,26,39,14,29
7815,26,39,32,13
7816,26,39,45,48
7817,26,39,33,49
7818,26,39,36,45
7819,26,39,38,41
7820,26,39,16,32
7821,26,39,30,38
7822,26,39,19,32
7823,26,39,36,35
7824,26,39,29,13
7825,26,39,32,17
7826,26,39,41,48
7827,26,39,36,10
7828,26,39,24,45
7829,26,39,29,44
7830,26,39,39,45
7831,26,39,22,29
7832,26,39,37,10
7833,26,39,38,33
7834,26,39,14,15
7835,26,39,10,18
7836,26,39,17,43
7837,26,39,14,16
7838,26,39,29,49
7839,26,39,44,28
7840,26,39,31,34
7841,26,39,46,41
7842,26,39,46,32
7843,26,39,12,17
7844,26,39,42,29
7845,26,39,47,30
7846,26,39,15,13
7847,26,39,25,45
7848,26,39,12,44
7849,26,39,26,31
7850,26,39,26,40
7851,26,39,44,45
7852,26,39,47,21
7853,26,39,43,30
7854,26,39,10,14
7855,26,39,19,30
7856,26,39,22,32
7857,26,39,34,11
7858,26,39,19,47
7859,26,39,30,39
7860,26,39,48,41
7861,26,39,28,35
7862,26,39,32,33
7863,26,39,15,41
7864,26,39,39,44
7865,26,39,36,48
7866,26,39,22,49
7867,26,39,19,13
7868,26,39,20,46
7869,26,39,12,35
7870,26,39,27,20
7871,26,39,42,42
7872,26,39,24,12
7873,26,39,13,15
7874,26,39,38,25
7875,26,39,23,45
7876,26,39,12,15
7877,26,39,32,43
7878,26,39,20,16
7879,26,39,32,42
7880,26,39,31,33
7881,26,39,42,20
7882,26,39,29,37
7883,26,39,39,23
7884,26,39,30,12
7885,26,39,27,15
7886,26,39,37,15
7887,26,39,31,11
7888,26,39,41,22
7889,26,39,27,46
7890,26,39,48,30
7891,26,39,31,23
7892,26,39,27,17
7893,26,39,24,35
7894,26,39,29,34
7895,26,39,29,49
7896,26,39,36,32
7897,26,39,25,44
7898,26,39,26,33
7899,26,39,40,49
7900,26,39,12,43
7901,26,39,12,36
7902,26,39,22,28
7903,26,39,35,39
7904,26,39,28,25
7905,26,39,41,35
7906,26,39,15,14
7907,26,39,11,21
7908,26,39,33,28
7909,26,39,12,40
7910,26,39,35,38
7911,26,39,14,46
7912,26,39,40,46
7913,26,39,48,42
7914,26,39,10,14
7915,26,39,19,18
7916,26,39,12,41
7917,26,39,25,31
7918,26,39,38,47
7919,26,39,13,11
7920,26,39,13,12
7921,26,39,35,16
7922,26,39,40,33
7923,26,39,31,33
7924,26,39,30,31
7925,26,39,43,35
7926,26,39,23,32
7927,26,39,30,32
7928,26,39,19,33
7929,26,39,38,11
7930,26,39,43,18
7931,26,39,35,44
7932,26,39,28,44
7933,26,39,40,48
7934,26,39,14,30
7935,26,39,25,16
7936,26,39,24,23
7937,26,39,27,23
7938,26,39,37,49
7939,26,39,13,47
7940,26,39,11,21
7941,26,39,26,11
7942,26,39,22,23
7943,26,39,17,29
7944,26,39,22,36
7945,26,39,11,48
7946,26,39,46,12
7947,26,39,20,13
7948,26,39,23,43
7949,26,39,32,24
7950,26,39,29,41
7951,26,39,17,36
7952,26,39,17,19
7953,26,39,43,43
7954,26,39,36,22
7955,26,39,43,22
7956,26,39,32,44
7957,26,39,11,17
7958,26,39,18,16
7959,26,39,16,17
7960,26,39,19,38
7961,26,39,25,36
7962,26,39,35,34
7963,26,39,40,38
7964,26,39,46,39
7965,26,39,23,38
7966,26,39,37,37
7967,26,39,15,14
7968,26,39,16,35
7969,26,39,42,36
7970,26,39,39,44
7971,26,39,41,11
7972,26,39,11,35
7973,26,39,48,49
7974,26,39,30,13
7975,26,39,33,21
7976,26,39,23,15
7977,26,39,15,22
7978,26,39,28,48
7979,26,39,38,21
7980,26,39,23,18
7981,26,39,27,10
7982,26,39,10,44
7983,26,39,15,44
7984,26,39,27,46
7985,26,39,15,15
7986,26,39,34,24
7987,26,39,33,27
7988,26,39,46,13
7989,26,39,34,29
7990,26,39,43,43
7991,26,39,41,32
7992,26,39,43,24
7993,26,39,31,34
7994,26,39,20,31
7995,26,39,23,32
7996,26,39,45,49
7997,26,39,33,22
7998,26,39,39,37
7999,26,39,17,29
8000,26,39,42,20
8001,26,39,12,18
8002,26,39,43,14
8003,26,39,20,29
8004,26,39,32,47
8005,26,39,15,23
8006,26,39,20,40
8007,26,39,14,43
8008,26,39,22,19
8009,26,39,39,25
8010,26,39,41,24
8011,26,39,44,12
8012,26,39,42,17
8013,26,39,13,20
8014,26,39,45,38
8015,26,39,42,13
8016,26,39,23,33
8017,26,39,39,18
8018,26,39,28,22
8019,26,39,36,41
8020,26,39,35,10
8021,26,39,11,14
8022,26,39,30,23
8023,26,39,37,31
8024,26,39,27,40
8025,26,39,18,35
8026,26,39,48,20
8027,26,39,34,28
8028,26,39,48,39
8029,26,39,12,18
8030,26,39,14,34
8031,26,39,40,34
8032,26,39,32,33
8033,26,39,15,42
8034,26,39,27,21
8035,26,39,17,13
8036,26,39,19,24
8037,26,39,24,48
8038,26,39,12,29
8039,26,39,39,31
8040,26,39,42,29
8041,26,39,27,21
8042,26,39,22,17
8043,26,39,40,22
8044,26,39,44,23
8045,26,39,14,44
8046,26,39,32,17
8047,26,39,23,10
8048,26,39,47,28
8049,26,39,27,18
8050,26,39,12,22
8051,26,39,48,38
8052,26,39,43,19
8053,26,39,33,47
8054,26,39,17,25
8055,26,39,21,48
8056,26,39,16,18
8057,26,39,36,35
8058,26,39,10,47
8059,26,39,43,20
8060,26,39,32,39
8061,26,39,18,47
8062,26,39,31,48
8063,26,39,47,10
8064,26,39,19,22
8065,26,39,30,22
8066,26,39,18,45
8067,26,39,41,16
8068,26,39,48,14
8069,26,39,21,47
8070,26,39,14,13
8071,26,39,28,20
8072,26,39,20,48
8073,26,39,45,21
8074,26,39,33,41
8075,26,39,44,28
8076,26,39,32,27
8077,26,39,17,36
8078,26,39,36,17
8079,26,39,22,27
8080,26,39,20,28
8081,26,39,43,22
8082,26,39,42,19
8083,26,39,20,16
8084,26,39,22,31
8085,26,39,35,15
8086,26,39,23,41
8087,26,39,23,11
8088,26,39,28,44
8089,26,39,40,30
8090,26,39,43,41
8091,26,39,36,31
8092,26,39,36,20
8093,26,39,27,33
8094,26,39,43,48
8095,26,39,15,29
8096,26,39,35,24
8097,26,39,31,15
8098,26,39,29,32
8099,26,39,44,46
8100,26,39,17,28
8101,26,39,35,41
8102,26,39,36,36
8103,26,39,35,12
8104,26,39,43,30
8105,26,39,17,14
8106,26,39,12,30
8107,26,39,49,43
8108,26,39,14,10
8109,26,39,40,16
8110,26,39,29,32
8111,26,39,22,47
8112,26,39,26,11
8113,26,39,28,40
8114,26,39,39,43
8115,26,39,43,45
8116,26,39,21,34
8117,26,39,15,18
8118,26,39,47,27
8119,26,39,42,46
8120,26,39,22,24
8121,26,39,31,26
8122,26,39,45,39
8123,26,39,43,16
8124,26,39,19,39
8125,26,39,24,22
8126,26,39,16,43
8127,26,39,34,11
8128,26,39,28,20
8129,26,39,41,18
8130,26,39,14,29
8131,26,39,49,38
8132,26,39,27,24
8133,26,39,30,11
8134,26,39,45,46
8135,26,39,45,17
8136,26,39,15,17
8137,26,39,36,37
8138,26,39,30,27
8139,26,39,11,48
8140,26,39,33,11
8141,26,39,44,35
8142,26,39,32,24
8143,26,39,48,19
8144,26,39,43,40
8145,26,39,28,33
8146,26,39,38,25
8147,26,39,31,19
8148,26,39,39,19
8149,26,39,14,23
8150,26,39,38,29
8151,26,39,36,29
8152,26,39,22,40
8153,26,39,18,19
8154,26,39,41,19
8155,26,39,22,18
8156,26,39,40,33
8157,26,39,24,16
8158,26,39,21,47
8159,26,39,27,30
8160,26,39,11,31
8161,26,39,39,39
8162,26,39,16,15
8163,26,39,49,11
8164,26,39,33,29
8165,26,39,40,20
8166,26,39,23,31
8167,26,39,39,38
8168,26,39,33,36
8169,26,39,37,46
8170,26,39,39,28
8171,26,39,48,27
8172,26,39,46,27
8173,26,39,12,21
8174,26,39,21,15
8175,26,39,40,29
8176,26,39,42,38
8177,26,39,28,39
8178,26,39,19,47
8179,26,39,46,34
8180,26,39,43,30
8181,26,39,49,26
8182,26,39,45,41
8183,26,39,20,15
8184,26,39,42,29
8185,26,39,45,22
8186,26,39,32,31
8187,26,39,15,24
8188,26,39,42,20
8189,26,39,34,34
8190,26,39,48,16
8191,26,39,47,12
8192,26,39,45,11
8193,26,39,21,12
8194,26,39,29,32
8195,26,39,48,31
8196,26,39,29,42
8197,26,39,44,41
8198,26,39,39,47
8199,26,39,27,41
8200,26,39,44,34
8201,26,39,48,17
8202,26,39,13,20
8203,26,39,18,40
8204,26,39,36,20
8205,26,39,36,35
8206,26,39,25,23
8207,26,39,36,28
8208,26,39,17,31
8209,26,39,29,42
8210,26,39,28,43
8211,26,39,32,26
8212,26,39,49,45
8213,26,39,11,11
8214,26,39,17,24
8215,26,39,32,25
8216,26,39,33,16
8217,26,39,27,17
8218,26,39,11,38
8219,26,39,23,30
8220,26,39,11,42
8221,26,39,21,26
8222,26,39,16,34
8223,26,39,17,29
8224,26,39,32,17
8225,26,39,13,40
8226,26,39,34,32
8227,26,39,40,30
8228,26,39,25,30
8229,26,39,21,17
8230,26,39,27,16
8231,26,39,29,38
8232,26,39,29,19
8233,26,39,42,38
8234,26,39,17,38
8235,26,39,49,19
8236,26,39,42,13
8237,26,39,40,49
8238,26,39,15,14
8239,26,39,26,35
8240,26,39,17,23
8241,26,39,16,15
8242,26,39,27,21
8243,26,39,41,22
8244,26,39,47,32
8245,26,39,12,42
8246,26,39,33,13
8247,26,39,43,42
8248,26,39,22,23
8249,26,39,31,11
8250,26,39,38,18
8251,26,39,35,18
8252,26,39,41,13
8253,26,39,13,27
8254,26,39,13,39
8255,26,39,28,11
8256,26,39,23,19
8257,26,39,15,25
8258,26,39,36,29
8259,26,39,26,17
8260,26,39,41,15
8261,26,39,11,44
8262,26,39,34,38
8263,26,39,15,15
8264,26,39,35,44
8265,26,39,24,25
8266,26,39,28,33
8267,26,39,34,41
8268,26,39,38,30
8269,26,39,18,36
8270,26,39,14,36
8271,26,39,10,36
8272,26,39,33,26
8273,26,39,32,21
8274,26,39,28,14
8275,26,39,49,29
8276,26,39,33,20
8277,26,39,11,38
8278,26,39,21,46
8279,26,39,46,32
8280,26,39,15,32
8281,26,39,23,16
8282,26,39,32,36
8283,26,39,24,25
8284,26,39,43,25
8285,26,39,13,30
8286,26,39,14,44
8287,26,39,32,31
8288,26,39,19,43
8289,26,39,14,44
8290,26,39,10,23
8291,26,39,26,21
8292,26,39,25,36
8293,26,39,27,17
8294,26,39,38,41
8295,26,39,29,11
8296,26,39,49,45
8297,26,39,48,41
8298,26,39,29,26
8299,26,39,26,14
8300,26,39,32,43
8301,26,39,45,40
8302,26,39,47,44
8303,26,39,29,34
8304,26,39,33,14
8305,26,39,39,17
8306,26,39,31,12
8307,26,39,43,28
8308,26,39,22,26
8309,26,39,13,24
8310,26,39,40,11
8311,26,39,19,43
8312,26,39,24,27
8313,26,39,45,37
8314,26,39,16,20
8315,26,39,35,18
8316,26,39,45,39
8317,26,39,11,20
8318,26,39,16,49
8319,26,39,16,43
8320,26,39,23,19
8321,26,39,11,33
8322,26,39,29,45
8323,26,39,32,24
8324,26,39,35,14
8325,26,39,38,43
8326,26,39,26,29
8327,26,39,25,45
8328,26,39,49,40
8329,26,39,26,42
8330,26,39,43,13
8331,26,39,33,42
8332,26,39,28,22
8333,26,39,10,16
8334,26,39,29,12
8335,26,39,33,40
8336,26,39,32,38
8337,26,39,27,45
8338,26,39,12,13
8339,26,39,35,21
8340,26,39,11,20
8341,26,39,37,35
8342,26,39,28,18
8343,26,39,17,46
8344,26,39,15,40
8345,26,39,15,12
8346,26,39,18,28
8347,26,39,46,47
8348,26,39,17,35
8349,26,39,18,48
8350,26,39,15,16
8351,26,39,25,47
8352,26,39,19,31
8353,26,39,28,19
8354,26,39,18,39
8355,26,39,46,11
8356,26,39,12,33
8357,26,39,15,42
8358,26,39,31,30
8359,26,39,36,38
8360,26,39,37,37
8361,26,39,47,42
8362,26,39,18,44
8363,26,39,25,34
8364,26,39,17,13
8365,26,39,13,19
8366,26,39,47,49
8367,26,39,43,13
8368,26,39,17,16
8369,26,39,43,16
8370,26,39,30,21
8371,26,39,28,20
8372,26,39,27,18
8373,26,39,46,44
8374,26,39,15,31
8375,26,39,37,21
8376,26,39,18,42
8377,26,39,46,16
8378,26,39,35,45
8379,26,39,11,38
8380,26,39,12,39
8381,26,39,29,23
8382,26,39,20,30
8383,26,39,32,32
8384,26,39,27,16
8385,26,39,12,45
8386,26,39,37,35
8387,26,39,20,47
8388,26,39,37,23
8389,26,39,27,21
8390,26,39,43,27
8391,26,39,47,17
8392,26,39,12,32
8393,26,39,33,28
8394,26,39,19,40
8395,26,39,46,36
8396,26,39,30,40
8397,26,39,22,39
8398,26,39,25,19
8399,26,39,16,49
8400,26,39,49,26
8401,26,39,31,10
8402,26,39,47,49
8403,26,39,46,33
8404,26,39,24,18
8405,26,39,11,42
8406,26,39,21,30
8407,26,39,36,39
8408,26,39,40,21
8409,26,39,36,29
8410,26,39,34,48
8411,26,39,47,30
8412,26,39,41,35
8413,26,39,28,41
8414,26,39,42,16
8415,26,39,24,19
8416,26,39,18,46
8417,26,39,14,12
8418,26,39,11,48
8419,26,39,20,24
8420,26,39,20,41
8421,26,39,45,10
8422,26,39,30,22
8423,26,39,45,26
8424,26,39,27,17
8425,26,39,30,25
8426,26,39,37,23
8427,26,39,16,20
8428,26,39,42,44
8429,26,39,39,18
8430,26,39,19,14
8431,26,39,19,49
8432,26,39,34,42
8433,26,39,21,20
8434,26,39,28,25
8435,26,39,17,37
8436,26,39,32,30
8437,26,39,37,16
8438,26,39,21,10
8439,26,39,28,32
8440,26,39,15,45
8441,26,39,34,43
8442,26,39,12,31
8443,26,39,34,13
8444,26,39,20,21
8445,26,39,18,49
8446,26,39,49,29
8447,26,39,16,20
8448,26,39,22,28
8449,26,39,29,25
8450,26,39,35,33
8451,26,39,48,26
8452,26,39,33,13
8453,26,39,24,27
8454,26,39,41,12
8455,26,39,35,14
8456,26,39,27,17
8457,26,39,14,11
8458,26,39,20,32
8459,26,39,24,11
8460,26,39,30,41
8461,26,39,14,21
8462,26,39,36,14
8463,26,39,13,32
8464,26,39,17,25
8465,26,39,26,44
8466,26,39,46,24
8467,26,39,38,47
8468,26,39,31,34
8469,26,39,22,18
8470,26,39,17,17
8471,26,39,29,22
8472,26,39,15,48
8473,26,39,17,15
8474,26,39,44,45
8475,26,39,39,12
8476,26,39,21,37
8477,26,39,17,17
8478,26,39,45,16
8479,26,39,37,41
8480,26,39,33,34
8481,26,39,11,23
8482,26,39,29,14
8483,26,39,27,46
8484,26,39,33,44
8485,26,39,16,41
8486,26,39,19,44
8487,26,39,21,10
8488,26,39,16,36
8489,26,39,42,38
8490,26,39,39,15
8491,26,39,37,20
8492,26,39,21,11
8493,26,39,26,37
8494,26,39,33,49
8495,26,39,29,31
8496,26,39,17,48
8497,26,39,31,12
8498,26,39,17,47
8499,26,39,13,17
8500,26,39,28,45
8501,26,39,21,16
8502,26,39,13,27
8503,26,39,18,12
8504,26,39,18,25
8505,26,39,44,33
8506,26,39,10,27
8507,26,39,15,15
8508,26,39,28,13
8509,26,39,24,42
8510,26,39,34,30
8511,26,39,11,15
8512,26,39,14,26
8513,26,39,48,23
8514,26,39,13,36
8515,26,39,47,20
8516,26,39,31,31
8517,26,39,22,37
8518,26,39,49,31
8519,26,39,40,36
8520,26,39,38,39
8521,26,39,23,47
8522,26,39,21,34
8523,26,39,46,30
8524,26,39,10,23
8525,26,39,26,36
8526,26,39,19,18
8527,26,39,36,40
8528,26,39,19,42
8529,26,39,20,18
8530,26,39,37,17
8531,26,39,24,43
8532,26,39,29,45
8533,26,39,34,41
8534,26,39,20,43
8535,26,39,24,19
8536,26,39,47,44
8537,26,39,42,45
8538,26,39,46,15
8539,26,39,29,24
8540,26,39,36,46
8541,26,39,33,19
8542,26,39,21,18
8543,26,39,17,44
8544,26,39,27,41
8545,26,39,39,11
8546,26,39,32,10
8547,26,39,44,18
8548,26,39,34,31
8549,26,39,28,26
8550,26,39,31,23
8551,26,39,48,40
8552,26,39,31,13
8553,26,39,33,24
8554,26,39,22,20
8555,26,39,16,12
8556,26,39,44,43
8557,26,39,32,18
8558,26,39,40,42
8559,26,39,37,40
8560,26,39,42,43
8561,26,39,31,24
8562,26,39,36,35
8563,26,39,40,22
8564,26,39,44,34
8565,26,39,17,37
8566,26,39,36,46
8567,26,39,43,37
8568,26,39,22,12
8569,26,39,19,46
8570,26,39,19,18
8571,26,39,21,14
8572,26,39,21,24
8573,26,39,49,25
8574,26,39,14,49
8575,26,39,15,30
8576,26,39,12,11
8577,26,39,47,10
8578,26,39,40,28
8579,26,39,35,41
8580,26,39,47,38
8581,26,39,11,13
8582,26,39,34,20
8583,26,39,11,37
8584,26,39,31,15
8585,26,39,34,31
8586,26,39,47,38
8587,26,39,21,29
8588,26,39,14,31
8589,26,39,39,26
8590,26,39,30,30
8591,26,39,12,16
8592,26,39,30,40
8593,26,39,42,17
8594,26,39,43,11
8595,26,39,38,39
8596,26,39,37,36
8597,26,39,12,36
8598,26,39,26,42
8599,26,39,49,11
8600,26,39,48,11
8601,26,39,49,33
8602,26,39,16,28
8603,26,39,18,33
8604,26,39,11,27
8605,26,39,34,47
8606,26,39,12,22
8607,26,39,26,32
8608,26,39,48,46
8609,26,39,38,28
8610,26,39,44,23
8611,26,39,11,24
8612,26,39,44,46
8613,26,39,45,23
8614,26,39,35,12
8615,26,39,28,14
8616,26,39,18,38
8617,26,39,23,36
8618,26,39,46,23
8619,26,39,15,44
8620,26,39,38,12
8621,26,39,45,25
8622,26,39,11,28
8623,26,39,34,23
8624,26,39,12,38
8625,26,39,16,33
8626,26,39,24,36
8627,26,39,22,19
8628,26,39,20,28
8629,26,39,43,45
8630,26,39,23,16
8631,26,39,47,20
8632,26,39,43,34
8633,26,39,15,44
8634,26,39,26,37
8635,26,39,19,28
8636,26,39,15,11
8637,26,39,29,34
8638,26,39,35,29
8639,26,39,13,35
8640,26,39,14,45
8641,26,39,43,16
8642,26,39,30,26
8643,26,39,22,40
8644,26,39,27,29
8645,26,39,26,48
8646,26,39,24,24
8647,26,39,25,27
8648,26,39,48,17
8649,26,39,31,14
8650,26,39,10,25
8651,26,39,17,27
8652,26,39,10,37
8653,26,39,46,37
8654,26,39,45,45
8655,26,39,17,24
8656,26,39,17,45
8657,26,39,14,42
8658,26,39,46,38
8659,26,39,14,22
8660,26,39,21,39
8661,26,39,44,35
8662,26,39,45,37
8663,26,39,20,25
8664,26,39,12,42
8665,26,39,42,46
8666,26,39,22,10
8667,26,39,29,29
8668,26,39,31,28
8669,26,39,29,26
8670,26,39,36,19
8671,26,39,28,41
8672,26,39,26,39
8673,26,39,49,16
8674,26,39,22,33
8675,26,39,46,29
8676,26,39,24,47
8677,26,39,34,40
8678,26,39,15,23
8679,26,39,41,24
8680,26,39,32,39
8681,26,39,25,30
8682,26,39,15,15
8683,26,39,25,31
8684,26,39,28,49
8685,26,39,11,18
8686,26,39,13,18
8687,26,39,11,49
8688,26,39,11,18
8689,26,39,27,20
8690,26,39,35,22
8691,26,39,23,42
8692,26,39,30,22
8693,26,39,21,49
8694,26,39,46,12
8695,26,39,27,19
8696,26,39,25,38
8697,26,39,11,32
8698,26,39,31,48
8699,26,39,43,46
8700,26,39,45,40
8701,26,39,44,25
8702,26,39,19,36
8703,26,39,44,24
8704,26,39,31,48
8705,26,39,33,10
8706,26,39,35,16
8707,26,39,19,26
8708,26,39,31,32
8709,26,39,19,28
8710,26,39,45,10
8711,26,39,48,36
8712,26,39,38,27
8713,26,39,30,26
8714,26,39,18,41
8715,26,39,42,11
8716,26,39,20,36
8717,26,39,17,45
8718,26,39,15,33
8719,26,39,26,24
8720,26,39,14,43
8721,26,39,34,46
8722,26,39,49,15
8723,26,39,10,17
8724,26,39,47,11
8725,26,39,15,30
8726,26,39,10,29
8727,26,39,10,30
8728,26,39,25,48
8729,26,39,21,40
8730,26,39,34,21
8731,26,39,48,21
8732,26,39,43,13
8733,26,39,33,26
8734,26,39,14,28
8735,26,39,19,12
8736,26,39,27,18
8737,26,39,11,10
8738,26,39,20,41
8739,26,39,20,35
8740,26,39,48,44
8741,26,39,45,34
8742,26,39,21,46
8743,26,39,39,48
8744,26,39,46,44
8745,26,39,17,13
8746,26,39,47,47
8747,26,39,25,32
8748,26,39,11,42
8749,26,39,23,41
8750,26,39,41,18
8751,26,39,13,28
8752,26,39,22,36
8753,26,39,22,35
8754,26,39,44,20
8755,26,39,43,49
8756,26,39,23,12
8757,26,39,16,22
8758,26,39,21,36
8759,26,39,23,36
8760,26,39,49,49
8761,26,39,12,47
8762,26,39,13,47
8763,26,39,38,47
8764,26,39,37,11
8765,26,39,46,19
8766,26,39,42,19
8767,26,39,49,34
8768,26,39,19,46
8769,26,39,36,42
8770,26,39,49,44
8771,26,39,34,16
8772,26,39,40,43
8773,26,39,42,34
8774,26,39,14,39
8775,26,39,30,22
8776,26,39,27,17
8777,26,39,43,10
8778,26,39,18,39
8779,26,39,28,31
8780,26,39,22,26
8781,26,39,49,26
8782,26,39,32,31
8783,26,39,21,49
8784,26,39,13,14
8785,26,39,29,18
8786,26,39,21,37
8787,26,39,10,40
8788,26,39,46,27
8789,26,39,49,16
8790,26,39,39,43
8791,26,39,29,26
8792,26,39,23,44
8793,26,39,43,24
8794,26,39,41,26
8795,26,39,22,37
8796,26,39,40,22
8797,26,39,18,41
8798,26,39,10,46
8799,26,39,41,42
8800,26,39,18,46
8801,26,39,26,36
8802,26,39,35,44
8803,26,39,11,25
8804,26,39,28,28
8805,26,39,49,17
8806,26,39,22,24
8807,26,39,32,11
8808,26,39,41,32
8809,26,39,22,47
8810,26,39,23,46
8811,26,39,35,36
8812,26,39,14,29
8813,26,39,31,16
8814,26,39,22,46
8815,26,39,33,31
8816,26,39,27,35
8817,26,39,24,39
8818,26,39,14,24
8819,26,39,22,30
8820,26,39,28,28
8821,26,39,44,13
8822,26,39,34,17
8823,26,39,11,14
8824,26,39,27,32
8825,26,39,35,32
8826,26,39,29,24
8827,26,39,39,28
8828,26,39,38,42
8829,26,39,33,10
8830,26,39,19,24
8831,26,39,32,42
8832,26,39,12,38
8833,26,39,30,23
8834,26,39,44,49
8835,26,39,49,34
8836,26,39,44,26
8837,26,39,27,49
8838,26,39,16,19
8839,26,39,18,33
8840,26,39,39,11
8841,26,39,17,42
8842,26,39,22,32
8843,26,39,37,28
8844,26,39,13,34
8845,26,39,30,25
8846,26,39,21,40
8847,26,39,49,45
8848,26,39,38,48
8849,26,39,28,30
8850,26,39,25,28
8851,26,39,46,35
8852,26,39,45,19
8853,26,39,11,29
8854,26,39,38,12
8855,26,39,42,47
8856,26,39,25,41
8857,26,39,28,46
8858,26,39,19,10
8859,26,39,41,22
8860,26,39,23,48
8861,26,39,40,41
8862,26,39,21,42
8863,26,39,33,14
8864,26,39,38,28
8865,26,39,19,16
8866,26,39,24,43
8867,26,39,14,15
8868,26,39,48,16
8869,26,39,37,43
8870,26,39,17,10
8871,26,39,49,18
8872,26,39,12,15
8873,26,39,11,14
8874,26,39,28,14
8875,26,39,22,39
8876,26,39,11,11
8877,26,39,32,12
8878,26,39,39,12
8879,26,39,44,25
8880,26,39,13,28
8881,26,39,44,37
8882,26,39,10,33
8883,26,39,41,42
8884,26,39,29,13
8885,26,39,22,44
8886,26,39,16,14
8887,26,39,42,36
8888,26,39,10,43
8889,26,39,11,32
8890,26,39,37,43
8891,26,39,22,12
8892,26,39,21,26
8893,26,39,43,39
8894,26,39,35,25
8895,26,39,26,49
8896,26,39,43,11
8897,26,39,49,39
8898,26,39,30,21
8899,26,39,48,44
8900,26,39,19,28
8901,26,39,32,46
8902,26,39,32,23
8903,26,39,38,37
8904,26,39,31,35
8905,26,39,44,43
8906,26,39,16,37
8907,26,39,19,30
8908,26,39,14,20
8909,26,39,27,37
8910,26,39,38,30
8911,26,39,36,40
8912,26,39,23,36
8913,26,39,39,46
8914,26,39,35,10
8915,26,39,30,45
8916,26,39,41,22
8917,26,39,36,45
8918,26,39,33,47
8919,26,39,10,33
8920,26,39,49,42
8921,26,39,13,12
8922,26,39,21,38
8923,26,39,34,15
8924,26,39,27,38
8925,26,39,43,39
8926,26,39,18,15
8927,26,39,17,41
8928,26,39,34,25
8929,26,39,40,22
8930,26,39,12,17
8931,26,39,49,20
8932,26,39,40,18
8933,26,39,25,13
8934,26,39,41,21
8935,26,39,16,41
8936,26,39,47,45
8937,26,39,49,26
8938,26,39,36,13
8939,26,39,40,29
8940,26,39,31,10
8941,26,39,35,11
8942,26,39,40,42
8943,26,39,16,14
8944,26,39,26,31
8945,26,39,13,11
8946,26,39,48,44
8947,26,39,19,20
8948,26,39,40,27
8949,26,39,21,48
8950,26,39,23,30
8951,26,39,46,46
8952,26,39,49,43
8953,26,39,30,21
8954,26,39,49,17
8955,26,39,36,15
8956,26,39,43,19
8957,26,39,32,10
8958,26,39,20,23
8959,26,39,46,44
8960,26,39,19,26
8961,26,39,30,31
8962,26,39,25,49
8963,26,39,22,20
8964,26,39,41,30
8965,26,39,22,26
8966,26,39,31,22
8967,26,39,25,28
8968,26,39,27,14
8969,26,39,37,13
8970,26,39,19,41
8971,26,39,11,39
8972,26,39,27,27
8973,26,39,45,29
8974,26,39,23,41
8975,26,39,34,32
8976,26,39,10,39
8977,26,39,25,27
8978,26,39,22,10
8979,26,39,17,46
8980,26,39,13,33
8981,26,39,43,45
8982,26,39,28,31
8983,26,39,11,10
8984,26,39,41,10
8985,26,39,28,28
8986,26,39,41,16
8987,26,39,19,15
8988,26,39,43,38
8989,26,39,36,41
8990,26,39,30,43
8991,26,39,42,13
8992,26,39,20,43
8993,26,39,42,26
8994,26,39,29,40
8995,26,39,28,39
8996,26,39,19,48
8997,26,39,24,14
8998,26,39,43,22
8999,26,39,48,18
9000,26,39,26,22
9001,26,39,43,39
9002,26,39,34,25
9003,26,39,24,24
9004,26,39,42,14
9005,26,39,25,25
9006,26,39,48,38
9007,26,39,17,45
9008,26,39,22,49
9009,26,39,26,40
9010,26,39,28,14
9011,26,39,42,34
9012,26,39,30,36
9013,26,39,40,46
9014,26,39,40,44
9015,26,39,46,23
9016,26,39,33,25
9017,26,39,30,44
9018,26,39,43,24
9019,26,39,43,41
9020,26,39,48,23
9021,26,39,36,37
9022,26,39,15,27
9023,26,39,30,14
9024,26,39,49,36
9025,26,39,16,15
9026,26,39,30,27
9027,26,39,36,13
9028,26,39,22,12
9029,26,39,45,26
9030,26,39,36,35
9031,26,39,42,24
9032,26,39,25,10
9033,26,39,48,48
9034,26,39,20,35
9035,26,39,29,47
9036,26,39,14,46
9037,26,39,11,45
9038,26,39,28,19
9039,26,39,20,16
9040,26,39,30,18
9041,26,39,17,48
9042,26,39,28,13
9043,26,39,16,40
9044,26,39,21,26
9045,26,39,41,10
9046,26,39,35,11
9047,26,39,47,45
9048,26,39,49,34
9049,26,39,40,39
9050,26,39,36,10
9051,26,39,14,42
9052,26,39,40,20
9053,26,39,18,23
9054,26,39,18,28
9055,26,39,11,30
9056,26,39,41,38
9057,26,39,11,35
9058,26,39,33,34
9059,26,39,15,19
9060,26,39,40,31
9061,26,39,38,27
9062,26,39,46,43
9063,26,39,33,29
9064,26,39,36,30
9065,26,39,38,42
9066,26,39,38,37
9067,26,39,18,29
9068,26,39,15,23
9069,26,39,48,25
9070,26,39,16,13
9071,26,39,19,17
9072,26,39,42,16
9073,26,39,35,26
9074,26,39,35,31
9075,26,39,15,16
9076,26,39,13,22
9077,26,39,12,22
9078,26,39,16,35
9079,26,39,24,10
9080,26,39,17,25
9081,26,39,27,14
9082,26,39,49,35
9083,26,39,19,32
9084,26,39,46,39
9085,26,39,33,30
9086,26,39,44,43
9087,26,39,42,10
9088,26,39,40,21
9089,26,39,33,32
9090,26,39,25,40
9091,26,39,16,19
9092,26,39,17,25
9093,26,39,37,44
9094,26,39,18,25
9095,26,39,40,44
9096,26,39,46,28
9097,26,39,15,15
9098,26,39,34,30
9099,26,39,24,21
9100,26,39,37,29
9101,26,39,16,17
9102,26,39,37,22
9103,26,39,10,28
9104,26,39,30,10
9105,26,39,29,29
9106,26,39,31,18
9107,26,39,23,32
9108,26,39,40,25
9109,26,39,28,37
9110,26,39,39,21
9111,26,39,22,45
9112,26,39,16,41
9113,26,39,35,24
9114,26,39,44,23
9115,26,39,16,46
9116,26,39,41,20
9117,26,39,37,28
9118,26,39,22,28
9119,26,39,36,29
9120,26,39,12,39
9121,26,39,39,42
9122,26,39,15,15
9123,26,39,29,18
9124,26,39,17,29
9125,26,39,28,12
9126,26,39,47,40
9127,26,39,27,32
9128,26,39,35,11
9129,26,39,22,30
9130,26,39,10,24
9131,26,39,33,43
9132,26,39,38,44
9133,26,39,30,40
9134,26,39,44,45
9135,26,39,20,46
9136,26,39,48,28
9137,26,39,47,40
9138,26,39,42,46
9139,26,39,12,10
9140,26,39,19,29
9141,26,39,20,44
9142,26,39,36,10
9143,26,39,33,28
9144,26,39,21,40
9145,26,39,41,42
9146,26,39,30,19
9147,26,39,47,30
9148,26,39,21,28
9149,26,39,49,42
9150,26,39,12,11
9151,26,39,16,19
9152,26,39,38,42
9153,26,39,41,32
9154,26,39,49,41
9155,26,39,48,32
9156,26,39,46,19
9157,26,39,20,12
9158,26,39,41,40
9159,26,39,49,38
9160,26,39,32,40
9161,26,39,19,22
9162,26,39,14,12
9163,26,39,40,13
9164,26,39,14,20
9165,26,39,22,18
9166,26,39,30,22
9167,26,39,31,48
9168,26,39,34,16
9169,26,39,45,31
9170,26,39,30,16
9171,26,39,41,10
9172,26,39,27,44
9173,26,39,29,41
9174,26,39,35,18
9175,26,39,17,23
9176,26,39,33,40
9177,26,39,17,36
9178,26,39,23,12
9179,26,39,29,18
9180,26,39,25,12
9181,26,39,20,47
9182,26,39,13,36
9183,26,39,29,10
9184,26,39,39,31
9185,26,39,28,49
9186,26,39,27,28
9187,26,39,20,29
9188,26,39,30,30
9189,26,39,25,35
9190,26,39,31,42
9191,26,39,48,14
9192,26,39,33,17
9193,26,39,17,44
9194,26,39,48,49
9195,26,39,17,12
9196,26,39,41,17
9197,26,39,49,46
9198,26,39,26,33
9199,26,39,14,15
9200,26,39,43,34
9201,26,39,10,20
9202,26,39,37,25
9203,26,39,19,35
9204,26,39,43,33
9205,26,39,17,32
9206,26,39,44,47
9207,26,39,41,38
9208,26,39,33,15
9209,26,39,25,16
9210,26,39,34,28
9211,26,39,40,11
9212,26,39,27,49
9213,26,39,27,48
9214,26,39,41,33
9215,26,39,49,36
9216,26,39,14,17
9217,26,39,19,29
9218,26,39,30,12
9219,26,39,10,20
9220,26,39,25,43
9221,26,39,27,34
9222,26,39,15,44
9223,26,39,13,23
9224,26,39,41,24
9225,26,39,49,10
9226,26,39,26,34
9227,26,39,18,24
9228,26,39,25,46
9229,26,39,19,28
9230,26,39,22,39
9231,26,39,20,29
9232,26,39,19,39
9233,26,39,10,11
9234,26,39,17,11
9235,26,39,24,21
9236,26,39,46,39
9237,26,39,18,17
9238,26,39,30,41
9239,26,39,22,35
9240,26,39,23,32
9241,26,39,26,46
9242,26,39,35,19
9243,26,39,44,42
9244,26,39,38,24
9245,26,39,29,22
9246,26,39,44,21
9247,26,39,36,43
9248,26,39,19,46
9249,26,39,38,25
9250,26,39,46,32
9251,26,39,13,30
9252,26,39,20,17
9253,26,39,18,31
9254,26,39,17,44
9255,26,39,17,32
9256,26,39,30,37
9257,26,39,12,27
9258,26,39,49,25
9259,26,39,24,26
9260,26,39,29,15
9261,26,39,34,14
9262,26,39,14,39
9263,26,39,16,22
9264,26,39,33,18
9265,26,39,26,22
9266,26,39,42,41
9267,26,39,39,49
9268,26,39,24,22
9269,26,39,42,41
9270,26,39,32,44
9271,26,39,23,24
9272,26,39,42,28
9273,26,39,13,20
9274,26,39,38,32
9275,26,39,32,11
9276,26,39,21,45
9277,26,39,31,34
9278,26,39,40,32
9279,26,39,39,40
9280,26,39,13,46
9281,26,39,15,38
9282,26,39,10,18
9283,26,39,28,13
9284,26,39,18,18
9285,26,39,21,27
9286,26,39,24,37
9287,26,39,42,16
9288,26,39,43,38
9289,26,39,24,18
9290,26,39,39,49
9291,26,39,15,38
9292,26,39,36,49
9293,26,39,45,33
9294,26,39,22,22
9295,26,39,12,13
9296,26,39,49,33
9297,26,39,28,41
9298,26,39,25,31
9299,26,39,23,15
9300,26,39,44,47
9301,26,39,26,28
9302,26,39,22,16
9303,26,39,33,32
9304,26,39,34,11
9305,26,39,25,20
9306,26,39,13,30
9307,26,39,42,28
9308,26,39,48,21
9309,26,39,49,29
9310,26,39,25,19
9311,26,39,20,41
9312,26,39,46,23
9313,26,39,11,47
9314,26,39,46,15
9315,26,39,21,34
9316,26,39,49,45
9317,26,39,22,27
9318,26,39,19,35
9319,26,39,27,41
9320,26,39,39,46
9321,26,39,14,46
9322,26,39,33,11
9323,26,39,10,37
9324,26,39,14,43
9325,26,39,49,38
9326,26,39,38,35
9327,26,39,15,44
9328,26,39,23,26
9329,26,39,21,41
9330,26,39,23,28
9331,26,39,12,16
9332,26,39,33,13
9333,26,39,32,13
9334,26,39,33,36
9335,26,39,42,11
9336,26,39,44,48
9337,26,39,46,18
9338,26,39,35,20
9339,26,39,13,34
9340,26,39,38,42
9341,26,39,41,37
9342,26,39,37,29
9343,26,39,29,19
9344,26,39,36,26
9345,26,39,41,34
9346,26,39,31,24
9347,26,39,28,15
9348,26,39,13,42
9349,26,39,41,27
9350,26,39,25,33
9351,26,39,16,38
9352,26,39,26,18
9353,26,39,41,21
9354,26,39,11,11
9355,26,39,46,32
9356,26,39,11,35
9357,26,39,48,39
9358,26,39,32,28
9359,26,39,49,35
9360,26,39,27,28
9361,26,39,33,44
9362,26,39,13,33
9363,26,39,38,17
9364,26,39,27,39
9365,26,39,49,46
9366,26,39,21,12
9367,26,39,32,44
9368,26,39,45,36
9369,26,39,35,46
9370,26,39,31,37
9371,26,39,28,39
9372,26,39,35,39
9373,26,39,34,44
9374,26,39,42,47
9375,26,39,43,17
9376,26,39,17,22
9377,26,39,17,14
9378,26,39,36,42
9379,26,39,28,36
9380,26,39,13,40
9381,26,39,42,33
9382,26,39,35,42
9383,26,39,24,25
9384,26,39,19,38
9385,26,39,16,47
9386,26,39,21,36
9387,26,39,47,35
9388,26,39,24,27
9389,26,39,37,17
9390,26,39,38,45
9391,26,39,29,30
9392,26,39,23,41
9393,26,39,38,47
9394,26,39,14,39
9395,26,39,13,28
9396,26,39,26,16
9397,26,39,30,39
9398,26,39,48,43
9399,26,39,43,49
9400,26,39,44,23
9401,26,39,42,18
9402,26,39,14,28
9403,26,39,32,26
9404,26,39,22,32
9405,26,39,44,14
9406,26,39,13,16
9407,26,39,11,43
9408,26,39,29,22
9409,26,39,17,42
9410,26,39,21,48
9411,26,39,40,32
9412,26,39,43,11
9413,26,39,14,16
9414,26,39,22,34
9415,26,39,38,10
9416,26,39,21,23
9417,26,39,23,30
9418,26,39,24,20
9419,26,39,38,12
9420,26,39,28,37
9421,26,39,41,22
9422,26,39,10,17
9423,26,39,47,37
9424,26,39,39,35
9425,26,39,33,19
9426,26,39,10,43
9427,26,39,34,31
9428,26,39,28,23
9429,26,39,37,47
9430,26,39,43,32
9431,26,39,33,44
9432,26,39,40,45
9433,26,39,48,49
9434,26,39,13,35
9435,26,39,11,27
9436,26,39,14,11
9437,26,39,37,43
9438,26,39,30,30
9439,26,39,10,10
9440,26,39,49,14
9441,26,39,14,16
9442,26,39,36,37
9443,26,39,28,40
9444,26,39,32,30
9445,26,39,25,16
9446,26,39,19,34
9447,26,39,15,38
9448,26,39,32,10
9449,26,39,28,25
9450,26,39,10,49
9451,26,39,10,30
9452,26,39,20,15
9453,26,39,42,25
9454,26,39,47,26
9455,26,39,41,36
9456,26,39,40,23
9457,26,39,28,36
9458,26,39,49,43
9459,26,39,35,21
9460,26,39,42,14
9461,26,39,18,32
9462,26,39,39,13
9463,26,39,44,12
9464,26,39,11,43
9465,26,39,45,43
9466,26,39,11,11
9467,26,39,38,47
9468,26,39,19,44
9469,26,39,24,19
9470,26,39,31,14
9471,26,39,14,23
9472,26,39,40,33
9473,26,39,29,49
9474,26,39,34,45
9475,26,39,22,21
9476,26,39,46,32
9477,26,39,14,25
9478,26,39,37,15
9479,26,39,43,30
9480,26,39,12,47
9481,26,39,13,11
9482,26,39,42,33
9483,26,39,15,10
9484,26,39,23,24
9485,26,39,15,24
9486,26,39,13,14
9487,26,39,19,42
9488,26,39,27,41
9489,26,39,41,16
9490,26,39,25,23
9491,26,39,30,22
9492,26,39,14,36
9493,26,39,26,30
9494,26,39,40,44
9495,26,39,10,11
9496,26,39,19,19
9497,26,39,32,12
9498,26,39,35,27
9499,26,39,35,40
9500,26,39,45,25
9501,26,39,33,14
9502,26,39,23,42
9503,26,39,22,45
9504,26,39,46,23
9505,26,39,38,48
9506,26,39,30,34
9507,26,39,14,32
9508,26,39,21,24
9509,26,39,21,10
9510,26,39,18,29
9511,26,39,28,15
9512,26,39,42,49
9513,26,39,28,35
9514,26,39,16,19
9515,26,39,16,22
9516,26,39,37,37
9517,26,39,40,29
9518,26,39,37,41
9519,26,39,23,42
9520,26,39,15,22
9521,26,39,41,41
9522,26,39,49,45
9523,26,39,10,38
9524,26,39,23,14
9525,26,39,48,24
9526,26,39,31,14
9527,26,39,36,22
9528,26,39,16,43
9529,26,39,18,15
9530,26,39,44,23
9531,26,39,30,16
9532,26,39,40,21
9533,26,39,10,18
9534,26,39,29,35
9535,26,39,36,20
9536,26,39,23,44
9537,26,39,34,37
9538,26,39,42,17
9539,26,39,21,11
9540,26,39,39,48
9541,26,39,39,19
9542,26,39,28,16
9543,26,39,41,39
9544,26,39,40,40
9545,26,39,49,38
9546,26,39,27,27
9547,26,39,24,35
9548,26,39,40,30
9549,26,39,29,12
9550,26,39,27,29
9551,26,39,18,14
9552,26,39,34,16
9553,26,39,48,22
9554,26,39,45,19
9555,26,39,49,35
9556,26,39,23,38
9557,26,39,21,14
9558,26,39,26,34
9559,26,39,25,36
9560,26,39,36,47
9561,26,39,18,26
9562,26,39,26,15
9563,26,39,15,12
9564,26,39,40,40
9565,26,39,39,19
9566,26,39,23,47
9567,26,39,16,10
9568,26,39,45,27
9569,26,39,18,17
9570,26,39,43,25
9571,26,39,14,49
9572,26,39,18,22
9573,26,39,34,42
9574,26,39,38,15
9575,26,39,48,38
9576,26,39,15,27
9577,26,39,14,19
9578,26,39,22,31
9579,26,39,45,28
9580,26,39,33,15
9581,26,39,39,41
9582,26,39,27,41
9583,26,39,49,36
9584,26,39,33,25
9585,26,39,16,37
9586,26,39,47,13
9587,26,39,33,11
9588,26,39,24,30
9589,26,39,24,12
9590,26,39,11,34
9591,26,39,31,24
9592,26,39,40,20
9593,26,39,13,21
9594,26,39,14,22
9595,26,39,38,42
9596,26,39,14,18
9597,26,39,43,15
9598,26,39,15,13
9599,26,39,28,37
9600,26,39,12,23
9601,26,39,32,26
9602,26,39,24,45
9603,26,39,39,27
9604,26,39,47,40
9605,26,39,26,43
9606,26,39,34,46
9607,26,39,46,28
9608,26,39,38,11
9609,26,39,32,35
9610,26,39,49,27
9611,26,39,24,47
9612,26,39,25,26
9613,26,39,46,39
9614,26,39,29,21
9615,26,39,39,14
9616,26,39,14,46
9617,26,39,26,36
9618,26,39,14,26
9619,26,39,46,49
9620,26,39,39,36
9621,26,39,33,28
9622,26,39,24,25
9623,26,39,44,16
9624,26,39,21,38
9625,26,39,39,18
9626,26,39,34,11
9627,26,39,39,31
9628,26,39,36,33
9629,26,39,23,25
9630,26,39,30,48
9631,26,39,12,13
9632,26,39,37,28
9633,26,39,28,19
9634,26,39,44,25
9635,26,39,15,44
9636,26,39,23,33
9637,26,39,12,15
9638,26,39,22,31
9639,26,39,10,22
9640,26,39,36,38
9641,26,39,49,39
9642,26,39,34,36
9643,26,39,38,45
9644,26,39,27,21
9645,26,39,27,15
9646,26,39,19,13
9647,26,39,12,17
9648,26,39,44,29
9649,26,39,12,19
9650,26,39,45,45
9651,26,39,25,23
9652,26,39,30,40
9653,26,39,26,25
9654,26,39,23,39
9655,26,39,44,43
9656,26,39,35,48
9657,26,39,37,44
9658,26,39,16,22
9659,26,39,20,28
9660,26,39,43,39
9661,26,39,16,11
9662,26,39,27,43
9663,26,39,44,49
9664,26,39,19,21
9665,26,39,47,45
9666,26,39,43,34
9667,26,39,48,16
9668,26,39,32,14
9669,26,39,27,24
9670,26,39,37,10
9671,26,39,35,18
9672,26,39,27,38
9673,26,39,47,17
9674,26,39,21,49
9675,26,39,34,26
9676,26,39,41,40
9677,26,39,48,21
9678,26,39,26,11
9679,26,39,16,24
9680,26,39,32,34
9681,26,39,23,48
9682,26,39,26,40
9683,26,39,18,21
9684,26,39,46,16
9685,26,39,31,11
9686,26,39,14,27
9687,26,39,39,25
9688,26,39,18,25
9689,26,39,46,14
9690,26,39,32,29
9691,26,39,28,20
9692,26,39,11,23
9693,26,39,12,32
9694,26,39,18,46
9695,26,39,41,29
9696,26,39,40,35
9697,26,39,21,32
9698,26,39,47,31
9699,26,39,28,27
9700,26,39,15,15
9701,26,39,23,34
9702,26,39,40,40
9703,26,39,38,22
9704,26,39,21,25
9705,26,39,33,46
9706,26,39,45,21
9707,26,39,35,32
9708,26,39,16,18
9709,26,39,12,48
9710,26,39,14,47
9711,26,39,27,33
9712,26,39,27,29
9713,26,39,12,29
9714,26,39,24,12
9715,26,39,35,30
9716,26,39,22,15
9717,26,39,37,16
9718,26,39,39,11
9719,26,39,36,26
9720,26,39,11,28
9721,26,39,47,45
9722,26,39,36,32
9723,26,39,38,40
9724,26,39,10,33
9725,26,39,23,43
9726,26,39,22,48
9727,26,39,21,43
9728,26,39,29,17
9729,26,39,35,18
9730,26,39,42,17
9731,26,39,13,44
9732,26,39,48,24
9733,26,39,22,48
9734,26,39,11,42
9735,26,39,33,38
9736,26,39,21,28
9737,26,39,38,41
9738,26,39,40,21
9739,26,39,11,32
9740,26,39,20,49
9741,26,39,33,12
9742,26,39,12,16
9743,26,39,44,33
9744,26,39,47,14
9745,26,39,15,22
9746,26,39,47,20
9747,26,39,33,31
9748,26,39,25,12
9749,26,39,30,39
9750,26,39,27,39
9751,26,39,20,25
9752,26,39,12,31
9753,26,39,13,38
9754,26,39,31,41
9755,26,39,25,35
9756,26,39,47,16
9757,26,39,28,12
9758,26,39,29,17
9759,26,39,13,36
9760,26,39,36,24
9761,26,39,13,19
9762,26,39,18,15
9763,26,39,42,37
9764,26,39,27,31
9765,26,39,20,37
9766,26,39,40,48
9767,26,39,23,24
9768,26,39,31,47
9769,26,39,43,39
9770,26,39,30,17
9771,26,39,48,47
9772,26,39,29,46
9773,26,39,38,35
9774,26,39,47,27
9775,26,39,18,12
9776,26,39,38,29
9777,26,39,47,19
9778,26,39,31,37
9779,26,39,43,29
9780,26,39,17,12
9781,26,39,37,42
9782,26,39,21,27
9783,26,39,14,41
9784,26,39,10,19
9785,26,39,18,31
9786,26,39,37,23
9787,26,39,49,19
9788,26,39,28,24
9789,26,39,23,43
9790,26,39,38,29
9791,26,39,45,33
9792,26,39,11,26
9793,26,39,27,29
9794,26,39,12,31
9795,26,39,44,23
9796,26,39,26,30
9797,26,39,18,27
9798,26,39,49,12
9799,26,39,46,38
9800,26,39,21,21
9801,26,39,34,27
9802,26,39,45,44
9803,26,39,27,48
9804,26,39,21,34
9805,26,39,33,45
9806,26,39,44,43
9807,26,39,24,38
9808,26,39,13,28
9809,26,39,31,14
9810,26,39,41,34
9811,26,39,41,13
9812,26,39,40,27
9813,26,39,45,24
9814,26,39,37,43
9815,26,39,17,40
9816,26,39,20,45
9817,26,39,16,24
9818,26,39,17,20
9819,26,39,19,10
9820,26,39,22,15
9821,26,39,27,24
9822,26,39,37,27
9823,26,39,25,49
9824,26,39,48,19
9825,26,39,19,37
9826,26,39,23,44
9827,26,39,15,12
9828,26,39,18,25
9829,26,39,17,10
9830,26,39,15,17
9831,26,39,20,26
9832,26,39,18,49
9833,26,39,15,33
9834,26,39,29,34
9835,26,39,25,22
9836,26,39,49,17
9837,26,39,47,29
9838,26,39,13,14
9839,26,39,25,41
9840,26,39,33,29
9841,26,39,22,18
9842,26,39,35,32
9843,26,39,46,36
9844,26,39,40,21
9845,26,39,18,22
9846,26,39,16,29
9847,26,39,30,17
9848,26,39,40,41
9849,26,39,34,16
9850,26,39,21,36
9851,26,39,37,15
9852,26,39,21,23
9853,26,39,47,22
9854,26,39,25,27
9855,26,39,34,43
9856,26,39,43,36
9857,26,39,34,11
9858,26,39,23,23
9859,26,39,38,17
9860,26,39,38,12
9861,26,39,32,28
9862,26,39,19,23
9863,26,39,12,16
9864,26,39,18,20
9865,26,39,17,48
9866,26,39,11,16
9867,26,39,16,38
9868,26,39,38,42
9869,26,39,15,16
9870,26,39,13,45
9871,26,39,14,29
9872,26,39,18,16
9873,26,39,22,17
9874,26,39,41,44
9875,26,39,41,21
9876,26,39,15,47
9877,26,39,39,29
9878,26,39,41,31
9879,26,39,26,34
9880,26,39,37,31
9881,26,39,16,40
9882,26,39,27,15
9883,26,39,48,36
9884,26,39,43,43
9885,26,39,44,29
9886,26,39,23,39
9887,26,39,44,43
9888,26,39,39,48
9889,26,39,13,47
9890,26,39,18,48
9891,26,39,25,28
9892,26,39,11,47
9893,26,39,14,47
9894,26,39,49,41
9895,26,39,35,47
9896,26,39,27,42
9897,26,39,23,35
9898,26,39,46,26
9899,26,39,38,47
9900,26,39,12,46
9901,26,39,36,38
9902,26,39,28,24
9903,26,39,20,48
9904,26,39,48,47
9905,26,39,29,16
9906,26,39,47,32
9907,26,39,29,31
9908,26,39,46,35
9909,26,39,29,26
9910,26,39,38,33
9911,26,39,22,46
9912,26,39,13,33
9913,26,39,34,42
9914,26,39,49,12
9915,26,39,34,10
9916,26,39,41,15
9917,26,39,49,16
9918,26,39,23,29
9919,26,39,28,42
9920,26,39,27,47
9921,26,39,26,14
9922,26,39,13,30
9923,26,39,49,16
9924,26,39,38,25
9925,26,39,27,17
9926,26,39,31,47
9927,26,39,48,33
9928,26,39,41,17
9929,26,39,40,30
9930,26,39,13,39
9931,26,39,21,36
9932,26,39,17,12
9933,26,39,19,10
9934,26,39,25,38
9935,26,39,33,19
9936,26,39,19,46
9937,26,39,43,15
9938,26,39,30,37
9939,26,39,33,30
9940,26,39,23,29
9941,26,39,22,37
9942,26,39,49,43
9943,26,39,41,48
9944,26,39,48,38
9945,26,39,46,34
9946,26,39,25,43
9947,26,39,38,27
9948,26,39,48,17
9949,26,39,10,36
9950,26,39,34,30
9951,26,39,20,21
9952,26,39,39,23
9953,26,39,27,27
9954,26,39,48,32
9955,26,39,40,48
9956,26,39,40,15
9957,26,39,49,16
9958,26,39,49,27
9959,26,39,31,30
9960,26,39,48,30
9961,26,39,37,48
9962,26,39,18,37
9963,26,39,36,39
9964,26,39,47,47
9965,26,39,43,25
9966,26,39,35,21
9967,26,39,37,25
9968,26,39,19,45
9969,26,39,48,28
9970,26,39,13,41
9971,26,39,48,42
9972,26,39,28,18
9973,26,39,25,45
9974,26,39,13,42
9975,26,39,31,33
9976,26,39,29,24
9977,26,39,49,37
9978,26,39,36,16
9979,26,39,10,44
9980,26,39,13,34
9981,26,39,24,25
9982,26,39,14,23
9983,26,39,19,31
9984,26,39,30,39
9985,26,39,35,46
9986,26,39,12,23
9987,26,39,10,48
9988,26,39,39,36
9989,26,39,13,31
9990,26,39,11,49
9991,26,39,44,14
9992,26,39,27,27
9993,26,39,36,38
9994,26,39,43,38
9995,26,39,44,37
9996,26,39,45,32
9997,26,39,14,33
9998,26,39,41,35
9999,26,39,22,34
10000,26,39,40,45
10001,26,39,45,49
10002,26,39,18,11
10003,26,39,34,33
10004,26,39,45,48
10005,26,39,37,20
10006,26,39,46,48
10007,26,39,16,29
10008,26,39,15,47
10009,26,39,39,27
10010,26,39,13,20
10011,26,39,27,44
10012,26,39,49,31
10013,26,39,28,31
10014,26,39,35,17
10015,26,39,18,13
10016,26,39,45,27
10017,26,39,10,35
10018,26,39,23,45
10019,26,39,46,29
10020,26,39,10,21
10021,26,39,21,36
10022,26,39,33,39
10023,26,39,30,34
10024,26,39,46,41
10025,26,39,39,48
10026,26,39,42,33
10027,26,39,19,44
10028,26,39,34,20
10029,26,39,14,34
10030,26,39,45,44
10031,26,39,44,48
10032,26,39,16,14
10033,26,39,17,11
10034,26,39,29,31
10035,26,39,44,35
10036,26,39,13,17
10037,26,39,37,20
10038,26,39,43,22
10039,26,39,40,37
10040,26,39,40,21
10041,26,39,24,41
10042,26,39,33,17
10043,26,39,42,36
10044,26,39,10,11
10045,26,39,41,48
10046,26,39,22,23
10047,26,39,11,17
10048,26,39,30,14
10049,26,39,11,10
10050,26,39,43,13
10051,26,39,46,15
10052,26,39,13,48
10053,26,39,28,34
10054,26,39,40,24
10055,26,39,26,40
10056,26,39,21,45
10057,26,39,37,35
10058,26,39,44,18
10059,26,39,27,20
10060,26,39,48,43
10061,26,39,35,35
10062,26,39,39,22
10063,26,39,32,49
10064,26,39,24,39
10065,26,39,43,35
10066,26,39,23,41
10067,26,39,12,43
10068,26,39,32,19
10069,26,39,45,35
10070,26,39,49,29
10071,26,39,19,19
10072,26,39,10,46
10073,26,39,32,20
10074,26,39,15,15
10075,26,39,39,20
10076,26,39,11,15
10077,26,39,41,11
10078,26,39,28,39
10079,26,39,49,21
10080,26,39,13,24
10081,26,39,46,42
10082,26,39,40,21
10083,26,39,21,37
10084,26,39,12,22
10085,26,39,17,10
10086,26,39,13,23
10087,26,39,21,42
10088,26,39,46,22
10089,26,39,20,49
10090,26,39,49,46
10091,26,39,15,32
10092,26,39,21,46
10093,26,39,22,37
10094,26,39,35,22
10095,26,39,20,15
10096,26,39,38,39
10097,26,39,25,34
10098,26,39,47,48
10099,26,39,35,11
10100,26,39,47,43
10101,26,39,13,16
10102,26,39,13,15
10103,26,39,36,24
10104,26,39,37,19
10105,26,39,49,22
10106,26,39,45,20
10107,26,39,26,47
10108,26,39,12,30
10109,26,39,19,42
10110,26,39,32,35
10111,26,39,28,48
10112,26,39,35,24
10113,26,39,14,37
10114,26,39,20,20
10115,26,39,20,12
10116,26,39,39,17
10117,26,39,41,35
10118,26,39,38,45
10119,26,39,45,35
10120,26,39,14,16
10121,26,39,44,37
10122,26,39,22,15
10123,26,39,17,34
10124,26,39,31,29
10125,26,39,39,43
10126,26,39,44,42
10127,26,39,28,47
10128,26,39,18,41
10129,26,39,25,14
10130,26,39,10,47
10131,26,39,28,10
10132,26,39,40,39
10133,26,39,27,31
10134,26,39,39,47
10135,26,39,42,38
10136,26,39,28,18
10137,26,39,11,27
10138,26,39,44,32
10139,26,39,48,13
10140,26,39,15,21
10141,26,39,29,39
10142,26,39,29,20
10143,26,39,15,40
10144,26,39,35,33
10145,26,39,33,49
10146,26,39,15,11
10147,26,39,11,31
10148,26,39,43,21
10149,26,39,28,11
10150,26,39,12,42
10151,26,39,48,40
10152,26,39,31,43
10153,26,39,44,28
10154,26,39,42,42
10155,26,39,44,17
10156,26,39,31,30
10157,26,39,46,34
10158,26,39,38,17
10159,26,39,40,44
10160,26,39,49,13
10161,26,39,45,27
10162,26,39,14,18
10163,26,39,44,41
10164,26,39,20,37
10165,26,39,25,23
10166,26,39,32,22
10167,26,39,34,14
10168,26,39,46,36
10169,26,39,28,30
10170,26,39,25,42
10171,26,39,19,10
10172,26,39,13,16
10173,26,39,16,21
10174,26,39,24,31
10175,26,39,41,10
10176,26,39,45,44
10177,26,39,31,27
10178,26,39,16,11
10179,26,39,39,29
10180,26,39,11,49
10181,26,39,10,15
10182,26,39,48,38
10183,26,39,26,40
10184,26,39,18,48
10185,26,39,19,40
10186,26,39,40,25
10187,26,39,48,26
10188,26,39,25,46
10189,26,39,18,25
10190,26,39,30,14
10191,26,39,19,37
10192,26,39,34,23
10193,26,39,37,34
10194,26,39,10,42
10195,26,39,17,10
10196,26,39,33,26
10197,26,39,14,29
10198,26,39,11,16
10199,26,39,39,12
10200,26,39,17,24
10201,26,39,24,46
10202,26,39,24,19
10203,26,39,17,49
10204,26,39,16,43
10205,26,39,40,22
10206,26,39,21,17
10207,26,39,22,12
10208,26,39,39,10
10209,26,39,36,21
10210,26,39,32,22
10211,26,39,32,31
10212,26,39,18,37
10213,26,39,18,20
10214,26,39,23,42
10215,26,39,47,33
10216,26,39,32,13
10217,26,39,43,30
10218,26,39,39,11
10219,26,39,49,15
10220,26,39,20,45
10221,26,39,28,37
10222,26,39,19,20
10223,26,39,46,27
10224,26,39,13,32
10225,26,39,42,48
10226,26,39,33,42
10227,26,39,12,22
10228,26,39,24,20
10229,26,39,25,28
10230,26,39,13,40
10231,26,39,12,29
10232,26,39,42,31
10233,26,39,23,45
10234,26,39,26,21
10235,26,39,43,48
10236,26,39,48,40
10237,26,39,22,40
10238,26,39,14,47
10239,26,39,19,25
10240,26,39,39,33
10241,26,39,18,20
10242,26,39,36,39
10243,26,39,13,47
10244,26,39,42,46
10245,26,39,43,38
10246,26,39,43,32
10247,26,39,32,11
10248,26,39,42,34
10249,26,39,29,19
10250,26,39,46,23
10251,26,39,21,42
10252,26,39,45,26
10253,26,39,44,34
10254,26,39,34,39
10255,26,39,40,16
10256,26,39,46,36
10257,26,39,18,25
10258,26,39,34,43
10259,26,39,14,40
10260,26,39,31,25
10261,26,39,32,48
10262,26,39,19,12
10263,26,39,40,46
10264,26,39,35,31
10265,26,39,39,48
10266,26,39,49,45
10267,26,39,20,11
10268,26,39,35,27
10269,26,39,36,16
10270,26,39,46,12
10271,26,39,25,43
10272,26,39,27,32
10273,26,39,21,39
10274,26,39,13,23
10275,26,39,17,24
10276,26,39,30,25
10277,26,39,24,30
10278,26,39,42,21
10279,26,39,36,41
10280,26,39,26,29
10281,26,39,25,48
10282,26,39,19,19
10283,26,39,12,14
10284,26,39,43,23
10285,26,39,15,10
10286,26,39,15,43
10287,26,39,43,34
10288,26,39,23,43
10289,26,39,46,37
10290,26,39,20,21
10291,26,39,16,21
10292,26,39,47,16
10293,26,39,27,46
10294,26,39,40,42
10295,26,39,29,17
10296,26,39,26,47
10297,26,39,27,27
10298,26,39,13,16
10299,26,39,49,37
10300,26,39,18,25
10301,26,39,23,41
10302,26,39,42,49
10303,26,39,28,28
10304,26,39,13,39
10305,26,39,29,49
10306,26,39,16,43
10307,26,39,39,20
10308,26,39,28,39
10309,26,39,10,29
10310,26,39,11,12
10311,26,39,22,47
10312,26,39,48,41
10313,26,39,42,24
10314,26,39,31,43
10315,26,39,27,32
10316,26,39,49,27
10317,26,39,27,13
10318,26,39,31,26
10319,26,39,12,19
10320,26,39,17,13
10321,26,39,24,34
10322,26,39,16,40
10323,26,39,44,16
10324,26,39,39,22
10325,26,39,24,33
10326,26,39,16,32
10327,26,39,20,16
10328,26,39,34,29
10329,26,39,18,46
10330,26,39,18,46
10331,26,39,44,44
10332,26,39,36,17
10333,26,39,25,31
10334,26,39,23,27
10335,26,39,29,18
10336,26,39,17,22
10337,26,39,33,42
10338,26,39,16,39
10339,26,39,48,42
10340,26,39,26,45
10341,26,39,27,39
10342,26,39,32,33
10343,26,39,18,49
10344,26,39,28,37
10345,26,39,21,39
10346,26,39,15,15
10347,26,39,48,17
10348,26,39,40,45
10349,26,39,32,19
10350,26,39,17,35
10351,26,39,30,38
10352,26,39,21,14
10353,26,39,39,49
10354,26,39,26,34
10355,26,39,19,40
10356,26,39,43,35
10357,26,39,41,47
10358,26,39,17,47
10359,26,39,37,21
10360,26,39,47,37
10361,26,39,16,20
10362,26,39,13,15
10363,26,39,30,25
10364,26,39,25,18
10365,26,39,34,31
10366,26,39,41,27
10367,26,39,45,12
10368,26,39,36,10
10369,26,39,47,16
10370,26,39,44,15
10371,26,39,33,39
10372,26,39,10,13
10373,26,39,26,35
10374,26,39,11,43
10375,26,39,19,10
10376,26,39,46,26
10377,26,39,34,22
10378,26,39,44,24
10379,26,39,33,36
10380,26,39,40,42
10381,26,39,18,20
10382,26,39,32,35
10383,26,39,31,30
10384,26,39,32,47
10385,26,39,38,45
10386,26,39,37,10
10387,26,39,21,42
10388,26,39,13,13
10389,26,39,13,29
10390,26,39,45,38
10391,26,39,44,46
10392,26,39,35,13
10393,26,39,37,33
10394,26,39,12,23
10395,26,39,49,37
10396,26,39,17,10
10397,26,39,35,19
10398,26,39,14,13
10399,26,39,10,36
10400,26,39,29,39
10401,26,39,19,13
10402,26,39,44,44
10403,26,39,30,39
10404,26,39,41,38
10405,26,39,10,40
10406,26,39,28,20
10407,26,39,28,43
10408,26,39,15,34
10409,26,39,37,43
10410,26,39,35,42
10411,26,39,49,46
10412,26,39,29,36
10413,26,39,39,44
10414,26,39,16,10
10415,26,39,23,18
10416,26,39,31,49
10417,26,39,34,14
10418,26,39,25,47
10419,26,39,31,33
10420,26,39,45,17
10421,26,39,43,12
10422,26,39,13,41
10423,26,39,43,46
10424,26,39,45,16
10425,26,39,44,10
10426,26,39,10,43
10427,26,39,28,37
10428,26,39,22,47
10429,26,39,26,25
10430,26,39,18,16
10431,26,39,14,11
10432,26,39,13,48
10433,26,39,22,32
10434,26,39,48,32
10435,26,39,38,23
10436,26,39,19,25
10437,26,39,26,26
10438,26,39,10,24
10439,26,39,38,13
10440,26,39,19,40
10441,26,39,39,21
10442,26,39,27,21
10443,26,39,48,33
10444,26,39,31,47
10445,26,39,46,38
10446,26,39,17,38
10447,26,39,13,35
10448,26,39,34,17
10449,26,39,25,35
10450,26,39,39,44
10451,26,39,11,42
10452,26,39,40,44
10453,26,39,41,26
10454,26,39,15,24
10455,26,39,14,14
10456,26,39,39,36
10457,26,39,15,24
10458,26,39,36,31
10459,26,39,42,38
10460,26,39,14,42
10461,26,39,21,26
10462,26,39,37,45
10463,26,39,14,49
10464,26,39,27,40
10465,26,39,44,26
10466,26,39,48,22
10467,26,39,11,32
10468,26,39,12,25
10469,26,39,20,48
10470,26,39,12,12
10471,26,39,43,37
10472,26,39,31,49
10473,26,39,17,35
10474,26,39,49,46
10475,26,39,10,46
10476,26,39,37,18
10477,26,39,19,10
10478,26,39,43,27
10479,26,39,32,15
10480,26,39,48,32
10481,26,39,20,32
10482,26,39,36,21
10483,26,39,16,20
10484,26,39,21,16
10485,26,39,36,31
10486,26,39,26,13
10487,26,39,38,35
10488,26,39,20,36
10489,26,39,24,41
10490,26,39,25,46
10491,26,39,37,34
10492,26,39,46,14
10493,26,39,49,19
10494,26,39,14,43
10495,26,39,41,19
10496,26,39,12,48
10497,26,39,43,36
10498,26,39,18,35
10499,26,39,28,17
10500,26,39,24,31
10501,26,39,49,42
10502,26,39,42,40
10503,26,39,45,43
10504,26,39,14,19
10505,26,39,14,14
10506,26,39,31,49
10507,26,39,27,26
10508,26,39,11,15
10509,26,39,33,42
10510,26,39,38,45
10511,26,39,39,39
10512,26,39,25,46
10513,26,39,21,49
10514,26,39,28,18
10515,26,39,37,35
10516,26,39,27,31
10517,26,39,13,16
10518,26,39,34,19
10519,26,39,44,31
10520,26,39,15,44
10521,26,39,46,12
10522,26,39,28,35
10523,26,39,49,43
10524,26,39,20,33
10525,26,39,17,42
10526,26,39,31,13
10527,26,39,25,44
10528,26,39,28,18
10529,26,39,29,19
10530,26,39,15,11
10531,26,39,16,34
10532,26,39,19,35
10533,26,39,13,40
10534,26,39,33,23
10535,26,39,24,36
10536,26,39,35,44
10537,26,39,25,21
10538,26,39,10,37
10539,26,39,44,28
10540,26,39,24,28
10541,26,39,11,19
10542,26,39,12,42
10543,26,39,43,15
10544,26,39,24,30
10545,26,39,45,31
10546,26,39,15,26
10547,26,39,12,17
10548,26,39,20,40
10549,26,39,14,47
10550,26,39,46,12
10551,26,39,21,42
10552,26,39,21,35
10553,26,39,45,48
10554,26,39,21,41
10555,26,39,20,21
10556,26,39,39,37
10557,26,39,13,44
10558,26,39,13,40
10559,26,39,32,17
10560,26,39,42,21
10561,26,39,45,42
10562,26,39,35,28
10563,26,39,47,39
10564,26,39,12,17
10565,26,39,17,10
10566,26,39,15,16
10567,26,39,43,19
10568,26,39,38,45
10569,26,39,40,40
10570,26,39,38,20
10571,26,39,37,19
10572,26,39,40,46
10573,26,39,15,32
10574,26,39,26,15
10575,26,39,41,32
10576,26,39,42,31
10577,26,39,49,24
10578,26,39,25,11
10579,26,39,32,35
10580,26,39,36,30
10581,26,39,35,46
10582,26,39,43,32
10583,26,39,33,18
10584,26,39,29,11
10585,26,39,13,36
10586,26,39,18,22
10587,26,39,36,15
10588,26,39,31,33
10589,26,39,12,32
10590,26,39,22,15
10591,26,39,11,32
10592,26,39,21,30
10593,26,39,46,42
10594,26,39,28,15
10595,26,39,36,47
10596,26,39,24,15
10597,26,39,37,15
10598,26,39,46,40
10599,26,39,46,10
10600,26,39,40,30
10601,26,39,48,17
10602,26,39,18,47
10603,26,39,32,23
10604,26,39,19,10
10605,26,39,20,14
10606,26,39,48,10
10607,26,39,44,35
10608,26,39,49,22
10609,26,39,37,19
10610,26,39,45,38
10611,26,39,24,37
10612,26,39,18,37
10613,26,39,18,22
10614,26,39,25,22
10615,26,39,23,32
10616,26,39,25,39
10617,26,39,20,42
10618,26,39,18,15
10619,26,39,16,45
10620,26,39,13,43
10621,26,39,18,41
10622,26,39,12,46
10623,26,39,15,31
10624,26,39,25,30
10625,26,39,40,47
10626,26,39,26,45
10627,26,39,27,35
10628,26,39,24,14
10629,26,39,25,20
10630,26,39,30,47
10631,26,39,29,21
10632,26,39,38,11
10633,26,39,44,37
10634,26,39,40,29
10635,26,39,39,34
10636,26,39,16,31
10637,26,39,33,36
10638,26,39,18,15
10639,26,39,45,35
10640,26,39,33,15
10641,26,39,34,27
10642,26,39,35,28
10643,26,39,21,39
10644,26,39,46,27
10645,26,39,30,14
10646,26,39,40,38
10647,26,39,41,44
10648,26,39,28,38
10649,26,39,25,25
10650,26,39,41,34
10651,26,39,25,11
10652,26,39,48,22
10653,26,39,35,49
10654,26,39,33,28
10655,26,39,46,40
10656,26,39,33,33
10657,26,39,14,35
10658,26,39,45,16
10659,26,39,16,35
10660,26,39,46,40
10661,26,39,33,40
10662,26,39,33,38
10663,26,39,31,36
10664,26,39,15,17
10665,26,39,33,18
10666,26,39,44,10
10667,26,39,16,41
10668,26,39,18,20
10669,26,39,49,38
10670,26,39,34,10
10671,26,39,20,15
10672,26,39,12,38
10673,26,39,43,48
10674,26,39,16,30
10675,26,39,11,39
10676,26,39,23,40
10677,26,39,27,48
10678,26,39,34,14
10679,26,39,13,29
10680,26,39,35,49
10681,26,39,21,37
10682,26,39,40,11
10683,26,39,11,40
10684,26,39,38,28
10685,26,39,45,29
10686,26,39,18,20
10687,26,39,17,13
10688,26,39,38,18
10689,26,39,32,41
10690,26,39,16,36
10691,26,39,45,43
10692,26,39,14,49
10693,26,39,33,48
10694,26,39,21,43
10695,26,39,32,30
10696,26,39,31,11
10697,26,39,48,24
10698,26,39,33,25
10699,26,39,45,18
10700,26,39,10,44
10701,26,39,36,45
10702,26,39,22,37
10703,26,39,21,25
10704,26,39,20,15
10705,26,39,16,36
10706,26,39,45,15
10707,26,39,35,40
10708,26,39,36,49
10709,26,39,38,32
10710,26,39,18,42
10711,26,39,10,41
10712,26,39,43,31
10713,26,39,15,43
10714,26,39,10,23
10715,26,39,37,39
10716,26,39,17,43
10717,26,39,30,49
10718,26,39,49,18
10719,26,39,31,27
10720,26,39,41,44
10721,26,39,19,42
10722,26,39,19,27
10723,26,39,40,19
10724,26,39,12,11
10725,26,39,38,21
10726,26,39,24,17
10727,26,39,13,10
10728,26,39,33,17
10729,26,39,26,34
10730,26,39,26,24
10731,26,39,41,47
10732,26,39,28,48
10733,26,39,44,12
10734,26,39,40,39
10735,26,39,23,16
10736,26,39,45,33
10737,26,39,46,10
10738,26,39,40,35
10739,26,39,25,22
10740,26,39,45,47
10741,26,39,18,34
10742,26,39,33,36
10743,26,39,38,23
10744,26,39,21,35
10745,26,39,48,45
10746,26,39,15,15
10747,26,39,13,26
10748,26,39,26,27
10749,26,39,31,21
10750,26,39,29,25
10751,26,39,35,26
10752,26,39,36,29
10753,26,39,46,30
10754,26,39,46,45
10755,26,39,40,32
10756,26,39,24,13
10757,26,39,45,45
10758,26,39,10,26
10759,26,39,38,16
10760,26,39,30,17
10761,26,39,17,17
10762,26,39,16,46
10763,26,39,25,26
10764,26,39,31,27
10765,26,39,26,47
10766,26,39,29,28
10767,26,39,18,43
10768,26,39,34,32
10769,26,39,47,49
10770,26,39,49,16
10771,26,39,13,40
10772,26,39,16,32
10773,26,39,42,37
10774,26,39,11,18
10775,26,39,37,23
10776,26,39,48,44
10777,26,39,32,17
10778,26,39,12,23
10779,26,39,31,27
10780,26,39,45,42
10781,26,39,27,20
10782,26,39,14,37
10783,26,39,17,41
10784,26,39,46,19
10785,26,39,24,42
10786,26,39,33,24
10787,26,39,22,32
10788,26,39,49,23
10789,26,39,10,45
10790,26,39,47,29
10791,26,39,16,47
10792,26,39,25,29
10793,26,39,23,22
10794,26,39,10,48
10795,26,39,40,10
10796,26,39,21,22
10797,26,39,13,19
10798,26,39,39,24
10799,26,39,30,23
10800,26,39,10,30
10801,26,39,43,32
10802,26,39,45,39
10803,26,39,20,34
10804,26,39,23,39
10805,26,39,42,38
10806,26,39,28,26
10807,26,39,47,19
10808,26,39,39,23
10809,26,39,35,10
10810,26,39,10,38
10811,26,39,16,31
10812,26,39,12,39
10813,26,39,48,27
10814,26,39,41,34
10815,26,39,21,46
10816,26,39,48,31
10817,26,39,29,43
10818,26,39,41,21
10819,26,39,23,11
10820,26,39,22,27
10821,26,39,49,49
10822,26,39,32,47
10823,26,39,49,24
10824,26,39,10,46
10825,26,39,29,16
10826,26,39,33,43
10827,26,39,23,36
10828,26,39,26,42
10829,26,39,23,44
10830,26,39,20,27
10831,26,39,30,47
10832,26,39,32,21
10833,26,39,37,19
10834,26,39,49,47
10835,26,39,26,15
10836,26,39,22,27
10837,26,39,13,41
10838,26,39,14,27
10839,26,39,15,22
10840,26,39,46,41
10841,26,39,17,46
10842,26,39,39,10
10843,26,39,18,18
10844,26,39,17,21
10845,26,39,34,13
10846,26,39,45,18
10847,26,39,37,42
10848,26,39,17,39
10849,26,39,29,44
10850,26,39,26,11
10851,26,39,33,20
10852,26,39,12,29
10853,26,39,15,20
10854,26,39,42,15
10855,26,39,30,37
10856,26,39,24,35
10857,26,39,41,43
10858,26,39,39,39
10859,26,39,31,14
10860,26,39,20,22
10861,26,39,37,22
10862,26,39,36,38
10863,26,39,13,17
10864,26,39,47,36
10865,26,39,36,33
10866,26,39,34,19
10867,26,39,37,47
10868,26,39,24,47
10869,26,39,14,30
10870,26,39,34,49
10871,26,39,46,44
10872,26,39,26,47
10873,26,39,18,33
10874,26,39,29,31
10875,26,39,49,49
10876,26,39,41,18
10877,26,39,13,15
10878,26,39,33,15
10879,26,39,14,32
10880,26,39,23,12
10881,26,39,45,45
10882,26,39,49,46
10883,26,39,34,30
10884,26,39,43,31
10885,26,39,19,26
10886,26,39,29,46
10887,26,39,39,26
10888,26,39,18,12
10889,26,39,40,17
10890,26,39,25,49
10891,26,39,10,43
10892,26,39,16,34
10893,26,39,26,39
10894,26,39,49,15
10895,26,39,29,37
10896,26,39,20,32
10897,26,39,23,38
10898,26,39,28,46
10899,26,39,14,22
10900,26,39,26,45
10901,26,39,29,38
10902,26,39,25,29
10903,26,39,41,31
10904,26,39,39,25
10905,26,39,24,15
10906,26,39,39,44
10907,26,39,34,17
10908,26,39,34,36
10909,26,39,24,33
10910,26,39,31,38
10911,26,39,40,30
10912,26,39,46,41
10913,26,39,18,16
10914,26,39,43,29
10915,26,39,16,32
10916,26,39,10,15
10917,26,39,11,37
10918,26,39,35,40
10919,26,39,41,45
10920,26,39,32,20
10921,26,39,23,44
10922,26,39,15,25
10923,26,39,37,14
10924,26,39,41,29
10925,26,39,10,25
10926,26,39,45,34
10927,26,39,10,11
10928,26,39,28,35
10929,26,39,37,46
10930,26,39,22,42
10931,26,39,46,25
10932,26,39,47,18
10933,26,39,13,15
10934,26,39,35,24
10935,26,39,40,33
10936,26,39,10,37
10937,26,39,12,13
10938,26,39,17,43
10939,26,39,18,19
10940,26,39,17,34
10941,26,39,17,17
10942,26,39,15,21
10943,26,39,22,17
10944,26,39,19,14
10945,26,39,34,39
10946,26,39,18,39
10947,26,39,44,45
10948,26,39,16,41
10949,26,39,25,26
10950,26,39,37,40
10951,26,39,20,35
10952,26,39,40,42
10953,26,39,40,19
10954,26,39,25,32
10955,26,39,28,31
10956,26,39,48,14
10957,26,39,15,27
10958,26,39,25,49
10959,26,39,13,15
10960,26,39,29,17
10961,26,39,31,29
10962,26,39,45,26
10963,26,39,37,38
10964,26,39,42,25
10965,26,39,16,47
10966,26,39,12,48
10967,26,39,33,23
10968,26,39,47,13
10969,26,39,40,26
10970,26,39,33,16
10971,26,39,25,45
10972,26,39,14,24
10973,26,39,37,11
10974,26,39,33,25
10975,26,39,28,37
10976,26,39,33,31
10977,26,39,13,29
10978,26,39,31,27
10979,26,39,41,24
10980,26,39,28,43
10981,26,39,18,41
10982,26,39,13,45
10983,26,39,49,15
10984,26,39,44,23
10985,26,39,36,38
10986,26,39,14,16
10987,26,39,14,22
10988,26,39,17,29
10989,26,39,21,35
10990,26,39,18,27
10991,26,39,27,41
10992,26,39,30,22
10993,26,39,49,35
10994,26,39,28,29
10995,26,39,32,16
10996,26,39,39,14
10997,26,39,30,26
10998,26,39,20,23
10999,26,39,21,29
11000,26,39,23,32
11001,26,39,18,11
11002,26,39,43,15
11003,26,39,15,17
11004,26,39,33,23
11005,26,39,26,44
11006,26,39,15,37
11007,26,39,37,20
11008,26,39,37,22
11009,26,39,23,34
11010,26,39,36,11
11011,26,39,33,18
11012,26,39,33,24
11013,26,39,48,24
11014,26,39,45,42
11015,26,39,48,11
11016,26,39,17,47
11017,26,39,28,32
11018,26,39,14,12
11019,26,39,30,13
11020,26,39,11,33
11021,26,39,33,42
11022,26,39,13,12
11023,26,39,10,40
11024,26,39,19,42
11025,26,39,22,27
11026,26,39,38,37
11027,26,39,28,43
11028,26,39,25,19
11029,26,39,41,32
11030,26,39,45,18
11031,26,39,45,23
11032,26,39,18,21
11033,26,39,18,36
11034,26,39,46,19
11035,26,39,26,30
11036,26,39,22,23
11037,26,39,27,13
11038,26,39,45,28
11039,26,39,39,17
11040,26,39,27,15
11041,26,39,12,39
11042,26,39,44,34
11043,26,39,17,25
11044,26,39,44,24
11045,26,39,32,22
11046,26,39,47,41
11047,26,39,39,34
11048,26,39,15,28
11049,26,39,28,34
11050,26,39,44,49
11051,26,39,17,11
11052,26,39,34,10
11053,26,39,22,28
11054,26,39,15,20
11055,26,39,18,20
11056,26,39,18,10
11057,26,39,22,17
11058,26,39,19,29
11059,26,39,30,20
11060,26,39,32,31
11061,26,39,29,28
11062,26,39,44,17
11063,26,39,17,20
11064,26,39,13,48
11065,26,39,18,27
11066,26,39,27,20
11067,26,39,28,16
11068,26,39,43,35
11069,26,39,15,34
11070,26,39,27,12
11071,26,39,44,46
11072,26,39,41,20
11073,26,39,47,20
11074,26,39,19,39
11075,26,39,24,48
11076,26,39,30,42
11077,26,39,40,36
11078,26,39,41,45
11079,26,39,28,36
11080,26,39,21,24
11081,26,39,18,29
11082,26,39,45,39
11083,26,39,35,36
11084,26,39,41,24
11085,26,39,45,25
11086,26,39,36,12
11087,26,39,22,10
11088,26,39,11,32
11089,26,39,47,35
11090,26,39,38,17
11091,26,39,46,27
11092,26,39,49,34
11093,26,39,43,10
11094,26,39,40,16
11095,26,39,48,21
11096,26,39,15,16
11097,26,39,36,41
11098,26,39,14,34
11099,26,39,32,33
11100,26,39,31,40
11101,26,39,10,26
11102,26,39,15,39
11103,26,39,33,25
11104,26,39,30,21
11105,26,39,25,31
11106,26,39,17,15
11107,26,39,28,19
11108,26,39,14,39
11109,26,39,47,27
11110,26,39,38,41
11111,26,39,24,41
11112,26,39,40,45
11113,26,39,34,18
11114,26,39,32,23
11115,26,39,46,47
11116,26,39,41,39
11117,26,39,48,49
11118,26,39,18,45
11119,26,39,34,30
11120,26,39,14,43
11121,26,39,24,42
11122,26,39,26,48
11123,26,39,45,26
11124,26,39,11,44
11125,26,39,26,29
11126,26,39,16,19
11127,26,39,24,42
11128,26,39,39,36
11129,26,39,29,18
11130,26,39,47,33
11131,26,39,33,26
11132,26,39,10,31
11133,26,39,31,36
11134,26,39,45,34
11135,26,39,31,26
11136,26,39,46,12
11137,26,39,16,18
11138,26,39,29,44
11139,26,39,39,13
11140,26,39,21,42
11141,26,39,32,22
11142,26,39,14,10
11143,26,39,26,20
11144,26,39,45,41
11145,26,39,38,41
11146,26,39,21,15
11147,26,39,21,39
11148,26,39,41,38
11149,26,39,15,44
11150,26,39,49,37
11151,26,39,31,40
11152,26,39,35,32
11153,26,39,45,15
11154,26,39,49,29
11155,26,39,33,42
11156,26,39,34,17
11157,26,39,13,36
11158,26,39,43,33
11159,26,39,30,30
11160,26,39,43,31
11161,26,39,20,47
11162,26,39,48,49
11163,26,39,25,22
11164,26,39,12,36
11165,26,39,34,33
11166,26,39,49,23
11167,26,39,44,18
11168,26,39,45,20
11169,26,39,34,42
11170,26,39,19,20
11171,26,39,12,12
11172,26,39,45,25
11173,26,39,44,49
11174,26,39,30,38
11175,26,39,22,12
11176,26,39,30,37
11177,26,39,31,11
11178,26,39,13,48
11179,26,39,26,46
11180,26,39,32,41
11181,26,39,44,39
11182,26,39,28,24
11183,26,39,11,21
11184,26,39,19,16
11185,26,39,22,30
11186,26,39,38,41
11187,26,39,37,29
11188,26,39,38,18
11189,26,39,44,44
11190,26,39,24,14
11191,26,39,35,30
11192,26,39,48,31
11193,26,39,18,49
11194,26,39,25,49
11195,26,39,27,21
11196,26,39,47,49
11197,26,39,12,21
11198,26,39,27,35
11199,26,39,40,35
11200,26,39,10,25
11201,26,39,31,45
11202,26,39,40,15
11203,26,39,12,27
11204,26,39,42,41
11205,26,39,25,27
11206,26,39,43,41
11207,26,39,29,32
11208,26,39,28,48
11209,26,39,10,20
11210,26,39,45,45
11211,26,39,15,49
11212,26,39,48,49
11213,26,39,41,49
11214,26,39,13,26
11215,26,39,20,49
11216,26,39,33,21
11217,26,39,27,19
11218,26,39,19,48
11219,26,39,14,14
11220,26,39,21,38
11221,26,39,32,41
11222,26,39,41,30
11223,26,39,48,21
11224,26,39,17,49
11225,26,39,33,44
11226,26,39,48,46
11227,26,39,12,36
11228,26,39,30,11
11229,26,39,36,16
11230,26,39,40,33
11231,26,39,49,29
11232,26,39,44,29
11233,26,39,48,39
11234,26,39,36,20
11235,26,39,26,13
11236,26,39,30,20
11237,26,39,21,49
11238,26,39,42,18
11239,26,39,22,30
11240,26,39,29,43
11241,26,39,19,16
11242,26,39,21,43
11243,26,39,43,27
11244,26,39,26,36
11245,26,39,34,18
11246,26,39,17,49
11247,26,39,35,27
11248,26,39,36,17
11249,26,39,22,13
11250,26,39,34,36
11251,26,39,17,31
11252,26,39,14,18
11253,26,39,10,24
11254,26,39,13,44
11255,26,39,38,27
11256,26,39,20,30
11257,26,39,34,26
11258,26,39,41,47
11259,26,39,44,33
11260,26,39,40,16
11261,26,39,16,18
11262,26,39,12,42
11263,26,39,27,13
11264,26,39,10,20
11265,26,39,39,38
11266,26,39,20,16
11267,26,39,41,16
11268,26,39,23,32
11269,26,39,22,19
11270,26,39,20,12
11271,26,39,13,23
11272,26,39,46,31
11273,26,39,22,28
11274,26,39,23,27
11275,26,39,39,21
11276,26,39,41,32
11277,26,39,38,28
11278,26,39,27,30
11279,26,39,46,31
11280,26,39,22,11
11281,26,39,36,43
11282,26,39,13,25
11283,26,39,16,23
11284,26,39,14,29
11285,26,39,43,21
11286,26,39,12,47
11287,26,39,49,32
11288,26,39,36,33
11289,26,39,45,30
11290,26,39,34,22
11291,26,39,33,15
11292,26,39,23,25
11293,26,39,30,29
11294,26,39,15,16
11295,26,39,29,42
11296,26,39,38,32
11297,26,39,47,32
11298,26,39,13,24
11299,26,39,12,37
11300,26,39,42,48
11301,26,39,35,20
11302,26,39,31,35
11303,26,39,37,46
11304,26,39,38,22
11305,26,39,32,17
11306,26,39,38,11
11307,26,39,37,38
11308,26,39,48,47
11309,26,39,29,41
11310,26,39,10,39
11311,26,39,17,43
11312,26,39,39,48
11313,26,39,39,29
11314,26,39,31,38
11315,26,39,21,37
11316,26,39,49,10
11317,26,39,49,35
11318,26,39,12,40
11319,26,39,24,22
11320,26,39,43,26
11321,26,39,30,12
11322,26,39,35,43
11323,26,39,17,14
11324,26,39,25,23
11325,26,39,16,47
11326,26,39,38,22
11327,26,39,28,46
11328,26,39,35,26
11329,26,39,48,20
11330,26,39,30,13
11331,26,39,13,46
11332,26,39,20,24
11333,26,39,11,43
11334,26,39,46,10
11335,26,39,15,17
11336,26,39,46,13
11337,26,39,31,17
11338,26,39,14,49
11339,26,39,46,41
11340,26,39,21,29
11341,26,39,40,17
11342,26,39,14,31
11343,26,39,43,32
11344,26,39,17,32
11345,26,39,42,48
11346,26,39,17,31
11347,26,39,38,22
11348,26,39,31,13
11349,26,39,11,32
11350,26,39,45,49
11351,26,39,47,21
11352,26,39,41,25
11353,26,39,24,37
11354,26,39,41,38
11355,26,39,42,34
11356,26,39,38,48
11357,26,39,49,20
11358,26,39,42,41
11359,26,39,26,30
11360,26,39,20,26
11361,26,39,17,35
11362,26,39,13,38
11363,26,39,21,20
11364,26,39,40,24
11365,26,39,20,37
11366,26,39,47,14
11367,26,39,19,14
11368,26,39,13,29
11369,26,39,45,28
11370,26,39,46,16
11371,26,39,41,45
11372,26,39,15,17
11373,26,39,44,25
11374,26,39,15,25
11375,26,39,40,40
11376,26,39,30,36
11377,26,39,23,35
11378,26,39,40,42
11379,26,39,10,16
11380,26,39,35,48
11381,26,39,28,20
11382,26,39,48,28
11383,26,39,30,18
11384,26,39,16,32
11385,26,39,42,29
11386,26,39,45,16
11387,26,39,28,48
11388,26,39,31,11
11389,26,39,27,37
11390,26,39,46,17
11391,26,39,47,44
11392,26,39,21,28
11393,26,39,24,13
11394,26,39,20,21
11395,26,39,45,27
11396,26,39,14,13
11397,26,39,48,49
11398,26,39,33,49
11399,26,39,33,17
11400,26,39,49,40
11401,26,39,47,32
11402,26,39,28,20
11403,26,39,19,36
11404,26,39,49,24
11405,26,39,15,20
11406,26,39,29,41
11407,26,39,17,33
11408,26,39,36,44
11409,26,39,10,12
11410,26,39,30,31
11411,26,39,21,43
11412,26,39,19,16
11413,26,39,46,19
11414,26,39,42,37
11415,26,39,43,44
11416,26,39,25,45
11417,26,39,24,18
11418,26,39,28,31
11419,26,39,47,16
11420,26,39,27,22
11421,26,39,28,48
11422,26,39,23,35
11423,26,39,16,43
11424,26,39,32,24
11425,26,39,28,21
11426,26,39,16,22
11427,26,39,25,22
11428,26,39,18,32
11429,26,39,27,39
11430,26,39,11,48
11431,26,39,12,46
11432,26,39,49,38
11433,26,39,24,22
11434,26,39,29,49
11435,26,39,42,37
11436,26,39,42,32
11437,26,39,17,41
11438,26,39,22,28
11439,26,39,45,20
11440,26,39,46,33
11441,26,39,11,44
11442,26,39,39,48
11443,26,39,17,32
11444,26,39,36,16
11445,26,39,18,29
11446,26,39,29,38
11447,26,39,11,18
11448,26,39,37,48
11449,26,39,43,31
11450,26,39,20,18
11451,26,39,48,28
11452,26,39,29,27
11453,26,39,40,23
11454,26,39,13,31
11455,26,39,46,37
11456,26,39,21,26
11457,26,39,34,18
11458,26,39,32,47
11459,26,39,32,32
11460,26,39,18,19
11461,26,39,19,28
11462,26,39,38,29
11463,26,39,17,24
11464,26,39,46,48
11465,26,39,20,14
11466,26,39,20,44
11467,26,39,28,25
11468,26,39,40,47
11469,26,39,13,21
11470,26,39,43,15
11471,26,39,10,33
11472,26,39,49,28
11473,26,39,46,39
11474,26,39,28,49
11475,26,39,46,37
11476,26,39,45,23
11477,26,39,29,44
11478,26,39,29,17
11479,26,39,15,41
11480,26,39,28,12
11481,26,39,22,39
11482,26,39,11,32
11483,26,39,37,26
11484,26,39,44,18
11485,26,39,40,15
11486,26,39,17,11
11487,26,39,14,15
11488,26,39,34,26
11489,26,39,44,46
11490,26,39,25,39
11491,26,39,47,10
11492,26,39,25,48
11493,26,39,10,44
11494,26,39,13,13
11495,26,39,12,11
11496,26,39,45,16
11497,26,39,45,22
11498,26,39,14,39
11499,26,39,18,26
11500,26,39,16,28
11501,26,39,25,17
11502,26,39,29,44
11503,26,39,27,42
11504,26,39,30,24
11505,26,39,26,24
11506,26,39,17,27
11507,26,39,18,24
11508,26,39,18,25
11509,26,39,45,18
11510,26,39,10,42
11511,26,39,27,27
11512,26,39,14,32
11513,26,39,29,25
11514,26,39,34,19
11515,26,39,49,39
11516,26,39,21,48
11517,26,39,18,41
11518,26,39,28,42
11519,26,39,41,29
11520,26,39,43,33
11521,26,39,22,32
11522,26,39,21,25
11523,26,39,37,37
11524,26,39,28,13
11525,26,39,46,14
11526,26,39,31,22
11527,26,39,49,40
11528,26,39,13,14
11529,26,39,25,27
11530,26,39,28,46
11531,26,39,10,24
11532,26,39,40,36
11533,26,39,31,27
11534,26,39,49,21
11535,26,39,28,20
11536,26,39,19,29
11537,26,39,32,49
11538,26,39,16,30
11539,26,39,45,49
11540,26,39,14,39
11541,26,39,15,40
11542,26,39,36,49
11543,26,39,34,32
11544,26,39,17,12
11545,26,39,48,17
11546,26,39,17,30
11547,26,39,11,48
11548,26,39,33,36
11549,26,39,14,10
11550,26,39,48,43
11551,26,39,24,43
11552,26,39,23,43
11553,26,39,41,14
11554,26,39,45,15
11555,26,39,31,46
11556,26,39,42,46
11557,26,39,39,26
11558,26,39,22,12
11559,26,39,45,21
11560,26,39,30,21
11561,26,39,26,16
11562,26,39,35,26
11563,26,39,26,47
11564,26,39,39,11
11565,26,39,24,49
11566,26,39,25,10
11567,26,39,46,28
11568,26,39,39,41
11569,26,39,32,40
11570,26,39,10,49
11571,26,39,23,38
11572,26,39,45,12
11573,26,39,38,24
11574,26,39,19,24
11575,26,39,10,21
11576,26,39,30,12
11577,26,39,42,29
11578,26,39,14,35
11579,26,39,22,42
11580,26,39,22,46
11581,26,39,41,17
11582,26,39,22,30
11583,26,39,31,18
11584,26,39,39,30
11585,26,39,40,29
11586,26,39,30,43
11587,26,39,23,29
11588,26,39,32,27
11589,26,39,35,29
11590,26,39,43,32
11591,26,39,46,15
11592,26,39,45,21
11593,26,39,31,13
11594,26,39,29,39
11595,26,39,22,16
11596,26,39,33,23
11597,26,39,39,21
11598,26,39,33,35
11599,26,39,43,26
11600,26,39,47,26
11601,26,39,34,23
11602,26,39,46,27
11603,26,39,44,29
11604,26,39,25,46
11605,26,39,13,47
11606,26,39,12,41
11607,26,39,27,38
11608,26,39,29,26
11609,26,39,16,46
11610,26,39,15,35
11611,26,39,36,14
11612,26,39,37,29
11613,26,39,31,40
11614,26,39,37,48
11615,26,39,12,30
11616,26,39,23,20
11617,26,39,18,47
11618,26,39,37,20
11619,26,39,23,20
11620,26,39,37,38
11621,26,39,31,26
11622,26,39,19,20
11623,26,39,40,11
11624,26,39,24,32
11625,26,39,24,30
11626,26,39,44,16
11627,26,39,26,45
11628,26,39,21,13
11629,26,39,22,45
11630,26,39,25,42
11631,26,39,34,14
11632,26,39,29,21
11633,26,39,31,14
11634,26,39,33,19
11635,26,39,18,37
11636,26,39,22,46
11637,26,39,33,12
11638,26,39,27,32
11639,26,39,11,19
11640,26,39,30,35
11641,26,39,41,47
11642,26,39,43,31
11643,26,39,28,19
11644,26,39,33,47
11645,26,39,20,32
11646,26,39,43,35
11647,26,39,28,10
11648,26,39,40,36
11649,26,39,13,17
11650,26,39,39,29
11651,26,39,32,44
11652,26,39,47,36
11653,26,39,18,43
11654,26,39,47,44
11655,26,39,45,42
11656,26,39,37,17
11657,26,39,14,10
11658,26,39,27,12
11659,26,39,25,36
11660,26,39,43,35
11661,26,39,24,27
11662,26,39,27,10
11663,26,39,31,49
11664,26,39,23,24
11665,26,39,27,36
11666,26,39,40,34
11667,26,39,41,28
11668,26,39,41,13
11669,26,39,34,28
11670,26,39,30,11
11671,26,39,36,42
11672,26,39,26,28
11673,26,39,31,39
11674,26,39,40,26
11675,26,39,11,28
11676,26,39,18,19
11677,26,39,20,15
11678,26,39,29,24
11679,26,39,13,35
11680,26,39,17,20
11681,26,39,37,15
11682,26,39,39,41
11683,26,39,32,48
11684,26,39,32,45
11685,26,39,42,21
11686,26,39,36,26
11687,26,39,28,42
11688,26,39,13,25
11689,26,39,31,10
11690,26,39,11,15
11691,26,39,27,29
11692,26,39,11,18
11693,26,39,25,14
11694,26,39,12,49
11695,26,39,35,36
11696,26,39,45,10
11697,26,39,16,16
11698,26,39,34,28
11699,26,39,22,46
11700,26,39,45,45
11701,26,39,43,13
11702,26,39,16,18
11703,26,39,49,24
11704,26,39,49,41
11705,26,39,42,25
11706,26,39,18,36
11707,26,39,12,16
11708,26,39,36,49
11709,26,39,49,12
11710,26,39,14,16
11711,26,39,29,17
11712,26,39,38,17
11713,26,39,49,38
11714,26,39,18,43
11715,26,39,36,20
11716,26,39,18,29
11717,26,39,14,28
11718,26,39,37,13
11719,26,39,13,30
11720,26,39,37,20
11721,26,39,42,43
11722,26,39,18,18
11723,26,39,38,28
11724,26,39,46,41
11725,26,39,16,27
11726,26,39,23,22
11727,26,39,19,18
11728,26,39,47,36
11729,26,39,16,28
11730,26,39,33,49
11731,26,39,18,36
11732,26,39,48,16
11733,26,39,19,21
11734,26,39,35,26
11735,26,39,38,27
11736,26,39,31,45
11737,26,39,47,20
11738,26,39,41,42
11739,26,39,42,47
11740,26,39,36,18
11741,26,39,20,37
11742,26,39,47,18
11743,26,39,36,22
11744,26,39,15,29
11745,26,39,49,47
11746,26,39,31,33
11747,26,39,20,30
11748,26,39,23,30
11749,26,39,25,30
11750,26,39,43,28
11751,26,39,39,33
11752,26,39,44,35
11753,26,39,35,33
11754,26,39,21,29
11755,26,39,45,10
11756,26,39,20,44
11757,26,39,21,22
11758,26,39,47,19
11759,26,39,38,11
11760,26,39,43,44
11761,26,39,18,24
11762,26,39,14,46
11763,26,39,25,19
11764,26,39,27,41
11765,26,39,49,29
11766,26,39,25,23
11767,26,39,38,24
11768,26,39,15,43
11769,26,39,40,31
11770,26,39,24,30
11771,26,39,43,15
11772,26,39,42,28
11773,26,39,32,47
11774,26,39,16,22
11775,26,39,29,38
11776,26,39,25,26
11777,26,39,48,41
11778,26,39,32,42
11779,26,39,15,27
11780,26,39,17,42
11781,26,39,12,41
11782,26,39,17,44
11783,26,39,12,22
11784,26,39,13,33
11785,26,39,12,37
11786,26,39,35,15
11787,26,39,33,37
11788,26,39,12,12
11789,26,39,10,48
11790,26,39,26,29
11791,26,39,40,22
11792,26,39,39,24
11793,26,39,24,31
11794,26,39,30,22
11795,26,39,39,31
11796,26,39,48,35
11797,26,39,25,13
11798,26,39,10,10
11799,26,39,46,34
11800,26,39,15,29
11801,26,39,25,33
11802,26,39,35,44
11803,26,39,34,11
11804,26,39,11,34
11805,26,39,29,47
11806,26,39,14,23
11807,26,39,43,16
11808,26,39,45,20
11809,26,39,46,43
11810,26,39,32,44
11811,26,39,34,23
11812,26,39,37,15
11813,26,39,31,25
11814,26,39,28,33
11815,26,39,43,26
11816,26,39,33,48
11817,26,39,31,23
11818,26,39,19,35
11819,26,39,20,32
11820,26,39,37,13
11821,26,39,39,24
11822,26,39,27,22
11823,26,39,16,10
11824,26,39,32,34
11825,26,39,18,41
11826,26,39,12,26
11827,26,39,39,16
11828,26,39,47,43
11829,26,39,20,21
11830,26,39,40,13
11831,26,39,12,41
11832,26,39,25,14
11833,26,39,40,40
11834,26,39,37,34
11835,26,39,35,39
11836,26,39,44,32
11837,26,39,32,21
11838,26,39,34,22
11839,26,39,38,33
11840,26,39,24,22
11841,26,39,27,15
11842,26,39,23,27
11843,26,39,25,17
11844,26,39,34,11
11845,26,39,20,39
11846,26,39,15,33
11847,26,39,49,47
11848,26,39,41,33
11849,26,39,12,42
11850,26,39,21,48
11851,26,39,11,19
11852,26,39,40,15
11853,26,39,12,34
11854,26,39,28,15
11855,26,39,46,33
11856,26,39,37,11
11857,26,39,36,20
11858,26,39,46,30
11859,26,39,23,48
11860,26,39,32,20
11861,26,39,33,10
11862,26,39,45,47
11863,26,39,44,34
11864,26,39,46,34
11865,26,39,49,28
11866,26,39,45,17
11867,26,39,12,18
11868,26,39,18,37
11869,26,39,27,15
11870,26,39,31,18
11871,26,39,22,44
11872,26,39,30,11
11873,26,39,16,35
11874,26,39,17,15
11875,26,39,22,42
11876,26,39,41,46
11877,26,39,13,28
11878,26,39,47,17
11879,26,39,15,38
11880,26,39,44,32
11881,26,39,15,22
11882,26,39,27,20
11883,26,39,16,15
11884,26,39,43,34
11885,26,39,42,28
11886,26,39,22,21
11887,26,39,46,33
11888,26,39,27,37
11889,26,39,26,12
11890,26,39,44,33
11891,26,39,16,47
11892,26,39,49,28
11893,26,39,26,26
11894,26,39,35,44
11895,26,39,45,40
11896,26,39,46,26
11897,26,39,24,33
11898,26,39,27,23
11899,26,39,29,14
11900,26,39,10,31
11901,26,39,42,31
11902,26,39,17,31
11903,26,39,38,46
11904,26,39,34,30
11905,26,39,31,37
11906,26,39,12,29
11907,26,39,46,49
11908,26,39,10,38
11909,26,39,13,45
11910,26,39,41,25
11911,26,39,21,44
11912,26,39,45,12
11913,26,39,47,17
11914,26,39,35,21
11915,26,39,34,43
11916,26,39,25,42
11917,26,39,44,40
11918,26,39,21,44
11919,26,39,13,23
11920,26,39,30,34
11921,26,39,17,49
11922,26,39,12,44
11923,26,39,39,21
11924,26,39,27,10
11925,26,39,21,48
11926,26,39,46,39
11927,26,39,23,20
11928,26,39,18,23
11929,26,39,34,47
11930,26,39,47,39
11931,26,39,26,34
11932,26,39,11,16
11933,26,39,11,16
11934,26,39,33,16
11935,26,39,11,45
11936,26,39,37,21
11937,26,39,22,11
11938,26,39,42,28
11939,26,39,42,17
11940,26,39,29,23
11941,26,39,43,27
11942,26,39,15,18
11943,26,39,37,33
11944,26,39,20,15
11945,26,39,17,46
11946,26,39,15,39
11947,26,39,23,20
11948,26,39,26,35
11949,26,39,47,23
11950,26,39,14,26
11951,26,39,47,21
11952,26,39,20,32
11953,26,39,40,39
11954,26,39,43,40
11955,26,39,20,30
11956,26,39,43,23
11957,26,39,27,29
11958,26,39,26,18
11959,26,39,43,37
11960,26,39,40,20
11961,26,39,37,47
11962,26,39,37,20
11963,26,39,23,18
11964,26,39,29,37
11965,26,39,49,31
11966,26,39,27,20
11967,26,39,49,32
11968,26,39,38,46
11969,26,39,49,44
11970,26,39,29,41
11971,26,39,10,27
11972,26,39,35,23
11973,26,39,43,40
11974,26,39,41,34
11975,26,39,29,49
11976,26,39,49,15
11977,26,39,17,32
11978,26,39,16,36
11979,26,39,27,40
11980,26,39,21,29
11981,26,39,27,32
11982,26,39,48,45
11983,26,39,15,30
11984,26,39,30,17
11985,26,39,43,47
11986,26,39,33,14
11987,26,39,22,34
11988,26,39,20,25
11989,26,39,49,46
11990,26,39,44,14
11991,26,39,10,11
11992,26,39,22,18
11993,26,39,43,23
11994,26,39,16,23
11995,26,39,38,17
11996,26,39,35,29
11997,26,39,28,36
11998,26,39,17,15
11999,26,39,23,36
12000,26,39,21,44
12001,26,39,24,47
12002,26,39,27,28
12003,26,39,36,27
12004,26,39,28,28
12005,26,39,35,40
12006,26,39,42,22
12007,26,39,11,47
12008,26,39,46,42
12009,26,39,46,34
12010,26,39,11,30
12011,26,39,12,22
12012,26,39,43,49
12013,26,39,47,39
12014,26,39,32,13
12015,26,39,44,39
12016,26,39,48,38
12017,26,39,13,23
12018,26,39,43,37
12019,26,39,39,13
12020,26,39,41,29
12021,26,39,14,23
12022,26,39,48,19
12023,26,39,13,48
12024,26,39,42,47
12025,26,39,38,26
12026,26,39,40,25
12027,26,39,12,32
12028,26,39,33,15
12029,26,39,24,35
12030,26,39,24,47
12031,26,39,17,38
12032,26,39,47,33
12033,26,39,43,42
12034,26,39,28,41
12035,26,39,22,47
12036,26,39,20,14
12037,26,39,21,47
12038,26,39,11,28
12039,26,39,35,35
12040,26,39,29,46
12041,26,39,43,10
12042,26,39,39,44
12043,26,39,46,16
12044,26,39,18,22
12045,26,39,23,36
12046,26,39,42,11
12047,26,39,28,48
12048,26,39,17,19
12049,26,39,14,46
12050,26,39,33,11
12051,26,39,39,12
12052,26,39,31,29
12053,26,39,28,33
12054,26,39,18,47
12055,26,39,27,46
12056,26,39,36,45
12057,26,39,38,47
12058,26,39,34,12
12059,26,39,43,18
12060,26,39,21,35
12061,26,39,45,34
12062,26,39,19,47
12063,26,39,43,12
12064,26,39,18,46
12065,26,39,18,27
12066,26,39,13,12
12067,26,39,19,11
12068,26,39,19,49
12069,26,39,23,36
12070,26,39,31,28
12071,26,39,30,17
12072,26,39,10,35
12073,26,39,22,15
12074,26,39,40,46
12075,26,39,47,31
12076,26,39,27,39
12077,26,39,13,32
12078,26,39,26,28
12079,26,39,34,16
12080,26,39,18,27
12081,26,39,32,12
12082,26,39,21,47
12083,26,39,45,15
12084,26,39,19,15
12085,26,39,10,36
12086,26,39,42,25
12087,26,39,43,23
12088,26,39,43,39
12089,26,39,13,19
12090,26,39,42,36
12091,26,39,44,30
12092,26,39,40,12
12093,26,39,37,22
12094,26,39,38,11
12095,26,39,37,49
12096,26,39,43,21
12097,26,39,31,36
12098,26,39,45,17
12099,26,39,14,40
12100,26,39,42,48
12101,26,39,21,13
12102,26,39,21,32
12103,26,39,48,33
12104,26,39,23,28
12105,26,39,44,18
12106,26,39,41,13
12107,26,39,32,11
12108,26,39,36,45
12109,26,39,18,26
12110,26,39,40,20
12111,26,39,49,29
12112,26,39,45,42
12113,26,39,20,35
12114,26,39,15,15
12115,26,39,28,12
12116,26,39,13,17
12117,26,39,27,37
12118,26,39,39,32
12119,26,39,31,26
12120,26,39,20,21
12121,26,39,44,32
12122,26,39,19,42
12123,26,39,34,47
12124,26,39,12,20
12125,26,39,43,23
12126,26,39,37,14
12127,26,39,21,26
12128,26,39,40,10
12129,26,39,18,38
12130,26,39,13,33
12131,26,39,29,36
12132,26,39,19,25
12133,26,39,14,46
12134,26,39,29,11
12135,26,39,39,11
12136,26,39,35,18
12137,26,39,13,30
12138,26,39,49,11
12139,26,39,18,39
12140,26,39,49,42
12141,26,39,40,39
12142,26,39,17,33
12143,26,39,35,35
12144,26,39,25,21
12145,26,39,38,28
12146,26,39,19,44
12147,26,39,13,49
12148,26,39,30,41
12149,26,39,23,32
12150,26,39,41,48
12151,26,39,37,11
12152,26,39,48,36
12153,26,39,43,18
12154,26,39,35,42
12155,26,39,23,36
12156,26,39,24,14
12157,26,39,45,16
12158,26,39,18,19
12159,26,39,38,40
12160,26,39,17,45
12161,26,39,49,27
12162,26,39,21,40
12163,26,39,43,31
12164,26,39,32,33
12165,26,39,25,14
12166,26,39,39,21
12167,26,39,26,31
12168,26,39,26,28
12169,26,39,34,37
12170,26,39,23,17
12171,26,39,47,30
12172,26,39,22,29
12173,26,39,44,36
12174,26,39,19,18
12175,26,39,35,10
12176,26,39,26,24
12177,26,39,33,48
12178,26,39,21,12
12179,26,39,12,12
12180,26,39,36,23
12181,26,39,29,45
12182,26,39,24,14
12183,26,39,38,44
12184,26,39,39,39
12185,26,39,23,34
12186,26,39,20,25
12187,26,39,18,44
12188,26,39,38,24
12189,26,39,16,43
12190,26,39,41,31
12191,26,39,27,32
12192,26,39,42,41
12193,26,39,39,10
12194,26,39,42,14
12195,26,39,13,33
12196,26,39,46,46
12197,26,39,45,23
12198,26,39,32,15
12199,26,39,28,42
12200,26,39,15,18
12201,26,39,49,30
12202,26,39,10,29
12203,26,39,36,29
12204,26,39,42,10
12205,26,39,31,43
12206,26,39,10,38
12207,26,39,23,28
12208,26,39,42,18
12209,26,39,34,30
12210,26,39,42,36
12211,26,39,23,32
12212,26,39,31,35
12213,26,39,30,28
12214,26,39,17,45
12215,26,39,24,47
12216,26,39,24,49
12217,26,39,29,23
12218,26,39,24,32
12219,26,39,37,10
12220,26,39,33,37
12221,26,39,28,21
12222,26,39,36,32
12223,26,39,23,29
12224,26,39,37,46
12225,26,39,10,26
12226,26,39,16,36
12227,26,39,28,10
12228,26,39,36,39
12229,26,39,15,11
12230,26,39,30,18
12231,26,39,43,38
12232,26,39,45,11
12233,26,39,13,32
12234,26,39,14,40
12235,26,39,37,28
12236,26,39,11,43
12237,26,39,39,25
12238,26,39,45,35
12239,26,39,31,30
12240,26,39,10,26
12241,26,39,37,28
12242,26,39,36,22
12243,26,39,34,45
12244,26,39,35,10
12245,26,39,41,21
12246,26,39,38,42
12247,26,39,38,49
12248,26,39,19,22
12249,26,39,19,30
12250,26,39,14,26
12251,26,39,36,13
12252,26,39,48,36
12253,26,39,48,49
12254,26,39,13,28
12255,26,39,18,23
12256,26,39,33,13
12257,26,39,14,28
12258,26,39,12,14
12259,26,39,28,37
12260,26,39,14,22
12261,26,39,41,46
12262,26,39,45,11
12263,26,39,17,13
12264,26,39,40,42
12265,26,39,36,11
12266,26,39,15,11
12267,26,39,26,44
12268,26,39,13,32
12269,26,39,38,24
12270,26,39,47,32
12271,26,39,28,32
12272,26,39,43,26
12273,26,39,14,21
12274,26,39,23,21
12275,26,39,40,48
12276,26,39,39,46
12277,26,39,25,41
12278,26,39,14,42
12279,26,39,48,30
12280,26,39,15,21
12281,26,39,26,29
12282,26,39,16,16
12283,26,39,22,26
12284,26,39,29,35
12285,26,39,11,41
12286,26,39,47,28
12287,26,39,38,35
12288,26,39,20,33
12289,26,39,18,13
12290,26,39,12,27
12291,26,39,33,41
12292,26,39,47,20
12293,26,39,40,13
12294,26,39,16,32
12295,26,39,13,18
12296,26,39,10,22
12297,26,39,18,21
12298,26,39,28,21
12299,26,39,10,21
12300,26,39,30,15
12301,26,39,16,38
12302,26,39,28,49
12303,26,39,30,34
12304,26,39,31,24
12305,26,39,14,17
12306,26,39,33,12
12307,26,39,13,20
12308,26,39,27,21
12309,26,39,24,49
12310,26,39,38,42
12311,26,39,10,42
12312,26,39,17,10
12313,26,39,24,24
12314,26,39,22,23
12315,26,39,37,29
12316,26,39,35,49
12317,26,39,19,16
12318,26,39,37,12
12319,26,39,43,34
12320,26,39,26,10
12321,26,39,22,28
12322,26,39,28,33
12323,26,39,23,22
12324,26,39,21,19
12325,26,39,24,42
12326,26,39,23,30
12327,26,39,11,45
12328,26,39,36,39
12329,26,39,47,42
12330,26,39,24,36
12331,26,39,43,29
12332,26,39,27,36
12333,26,39,41,21
12334,26,39,32,42
12335,26,39,43,26
12336,26,39,36,10
12337,26,39,25,41
12338,26,39,42,47
12339,26,39,40,37
12340,26,39,20,26
12341,26,39,15,47
12342,26,39,15,48
12343,26,39,32,19
12344,26,39,46,35
12345,26,39,39,32
12346,26,39,39,21
12347,26,39,40,22
12348,26,39,44,36
12349,26,39,17,12
12350,26,39,28,30
12351,26,39,48,30
12352,26,39,31,18
12353,26,39,25,38
12354,26,39,11,46
12355,26,39,12,49
12356,26,39,21,32
12357,26,39,46,42
12358,26,39,21,30
12359,26,39,44,40
12360,26,39,29,15
12361,26,39,21,18
12362,26,39,46,27
12363,26,39,23,23
12364,26,39,11,21
12365,26,39,32,47
12366,26,39,18,25
12367,26,39,46,48
12368,26,39,21,27
12369,26,39,39,16
12370,26,39,35,18
12371,26,39,38,27
12372,26,39,34,28
12373,26,39,20,33
12374,26,39,40,15
12375,26,39,30,48
12376,26,39,38,29
12377,26,39,29,45
12378,26,39,22,24
12379,26,39,37,42
12380,26,39,34,26
12381,26,39,44,26
12382,26,39,17,47
12383,26,39,40,34
12384,26,39,25,23
12385,26,39,42,19
12386,26,39,41,16
12387,26,39,29,11
12388,26,39,37,32
12389,26,39,28,22
12390,26,39,22,17
12391,26,39,19,25
12392,26,39,32,45
12393,26,39,48,29
12394,26,39,21,39
12395,26,39,33,14
12396,26,39,41,42
12397,26,39,44,48
12398,26,39,25,41
12399,26,39,24,31
12400,26,39,20,18
12401,26,39,32,46
12402,26,39,23,12
12403,26,39,42,47
12404,26,39,32,14
12405,26,39,33,14
12406,26,39,44,23
12407,26,39,25,28
12408,26,39,22,33
12409,26,39,25,13
12410,26,39,35,32
12411,26,39,30,17
12412,26,39,42,32
12413,26,39,26,44
12414,26,39,32,25
12415,26,39,28,18
12416,26,39,30,25
12417,26,39,34,35
12418,26,39,39,27
12419,26,39,32,14
12420,26,39,37,40
12421,26,39,39,49
12422,26,39,32,30
12423,26,39,40,34
12424,26,39,35,10
12425,26,39,28,10
12426,26,39,10,22
12427,26,39,38,47
12428,26,39,48,42
12429,26,39,24,46
12430,26,39,23,36
12431,26,39,27,42
12432,26,39,28,47
12433,26,39,34,31
12434,26,39,29,30
12435,26,39,43,27
12436,26,39,13,32
12437,26,39,27,11
12438,26,39,11,29
12439,26,39,46,30
12440,26,39,48,46
12441,26,39,43,22
12442,26,39,34,11
12443,26,39,15,48
12444,26,39,10,26
12445,26,39,46,45
12446,26,39,27,41
12447,26,39,33,14
12448,26,39,35,20
12449,26,39,11,37
12450,26,39,45,49
12451,26,39,37,26
12452,26,39,33,28
12453,26,39,45,44
12454,26,39,30,37
12455,26,39,30,30
12456,26,39,37,21
12457,26,39,19,25
12458,26,39,17,30
12459,26,39,46,13
12460,26,39,10,13
12461,26,39,48,22
12462,26,39,20,14
12463,26,39,18,24
12464,26,39,41,46
12465,26,39,24,32
12466,26,39,40,43
12467,26,39,12,44
12468,26,39,14,33
12469,26,39,35,19
12470,26,39,47,15
12471,26,39,14,10
12472,26,39,24,13
12473,26,39,25,30
12474,26,39,27,28
12475,26,39,39,14
12476,26,39,14,22
12477,26,39,28,22
12478,26,39,22,16
12479,26,39,45,13
12480,26,39,44,12
12481,26,39,32,13
12482,26,39,42,46
12483,26,39,33,16
12484,26,39,39,37
12485,26,39,16,38
12486,26,39,19,15
12487,26,39,44,22
12488,26,39,38,40
12489,26,39,44,48
12490,26,39,16,31
12491,26,39,13,20
12492,26,39,15,12
12493,26,39,30,36
12494,26,39,21,37
12495,26,39,26,29
12496,26,39,15,22
12497,26,39,44,43
12498,26,39,48,24
12499,26,39,41,47
12500,26,39,18,43
12501,26,39,17,38
12502,26,39,14,22
12503,26,39,41,49
12504,26,39,25,33
12505,26,39,39,28
12506,26,39,15,13
12507,26,39,18,13
12508,26,39,33,42
12509,26,39,14,43
12510,26,39,15,43
12511,26,39,17,13
12512,26,39,47,24
12513,26,39,33,15
12514,26,39,17,31
12515,26,39,41,29
12516,26,39,27,44
12517,26,39,18,18
12518,26,39,10,15
12519,26,39,22,23
12520,26,39,37,21
12521,26,39,45,33
12522,26,39,49,26
12523,26,39,12,25
12524,26,39,24,28
12525,26,39,42,25
12526,26,39,26,36
12527,26,39,27,26
12528,26,39,20,13
12529,26,39,29,28
12530,26,39,12,19
12531,26,39,21,23
12532,26,39,38,16
12533,26,39,15,35
12534,26,39,48,41
12535,26,39,21,14
12536,26,39,41,25
12537,26,39,39,12
12538,26,39,46,24
12539,26,39,11,30
12540,26,39,42,44
12541,26,39,13,30
12542,26,39,17,18
12543,26,39,19,45
12544,26,39,11,35
12545,26,39,31,45
12546,26,39,12,32
12547,26,39,18,48
12548,26,39,18,12
12549,26,39,29,47
12550,26,39,13,17
12551,26,39,46,35
12552,26,39,33,44
12553,26,39,41,38
12554,26,39,29,37
12555,26,39,48,28
12556,26,39,34,38
12557,26,39,12,45
12558,26,39,10,41
12559,26,39,37,44
12560,26,39,18,43
12561,26,39,11,26
12562,26,39,14,33
12563,26,39,14,39
12564,26,39,36,15
12565,26,39,31,33
12566,26,39,38,43
12567,26,39,28,11
12568,26,39,37,32
12569,26,39,48,28
12570,26,39,48,10
12571,26,39,10,31
12572,26,39,15,38
12573,26,39,32,49
12574,26,39,13,14
12575,26,39,30,41
12576,26,39,31,28
12577,26,39,31,19
12578,26,39,21,46
12579,26,39,47,38
12580,26,39,16,48
12581,26,39,13,21
12582,26,39,21,26
12583,26,39,49,31
12584,26,39,18,39
12585,26,39,10,44
12586,26,39,43,44
12587,26,39,28,27
12588,26,39,33,22
12589,26,39,44,19
12590,26,39,45,14
12591,26,39,46,24
12592,26,39,30,36
12593,26,39,27,43
12594,26,39,32,14
12595,26,39,43,40
12596,26,39,24,38
12597,26,39,36,18
12598,26,39,28,29
12599,26,39,37,38
12600,26,39,46,13
12601,26,39,41,21
12602,26,39,46,20
12603,26,39,41,23
12604,26,39,42,19
12605,26,39,40,26
12606,26,39,25,48
12607,26,39,40,11
12608,26,39,23,45
12609,26,39,30,47
12610,26,39,11,31
12611,26,39,37,13
12612,26,39,10,25
12613,26,39,23,39
12614,26,39,36,35
12615,26,39,19,22
12616,26,39,22,20
12617,26,39,32,34
12618,26,39,44,22
12619,26,39,11,42
12620,26,39,12,22
12621,26,39,19,30
12622,26,39,22,40
12623,26,39,37,36
12624,26,39,32,12
12625,26,39,15,44
12626,26,39,21,44
12627,26,39,47,45
12628,26,39,48,45
12629,26,39,36,14
12630,26,39,24,20
12631,26,39,42,48
12632,26,39,12,13
12633,26,39,47,47
12634,26,39,11,15
12635,26,39,31,16
12636,26,39,44,26
12637,26,39,30,11
12638,26,39,31,42
12639,26,39,22,37
12640,26,39,41,33
12641,26,39,44,21
12642,26,39,14,33
12643,26,39,39,20
12644,26,39,25,25
12645,26,39,16,24
12646,26,39,26,16
12647,26,39,34,36
12648,26,39,24,45
12649,26,39,26,20
12650,26,39,36,49
12651,26,39,17,28
12652,26,39,11,44
12653,26,39,12,28
12654,26,39,36,14
12655,26,39,29,43
12656,26,39,27,45
12657,26,39,48,32
12658,26,39,13,48
12659,26,39,30,30
12660,26,39,30,30
12661,26,39,17,19
12662,26,39,17,44
12663,26,39,40,45
12664,26,39,38,48
12665,26,39,28,32
12666,26,39,31,35
12667,26,39,16,26
12668,26,39,31,41
12669,26,39,20,12
12670,26,39,14,17
12671,26,39,15,17
12672,26,39,34,43
12673,26,39,12,16
12674,26,39,12,38
12675,26,39,30,10
12676,26,39,35,39
12677,26,39,43,42
12678,26,39,42,16
12679,26,39,34,11
12680,26,39,21,12
12681,26,39,42,11
12682,26,39,23,22
12683,26,39,37,25
12684,26,39,16,15
12685,26,39,39,11
12686,26,39,18,35
12687,26,39,12,27
12688,26,39,25,43
12689,26,39,32,36
12690,26,39,12,27
12691,26,39,43,20
12692,26,39,37,18
12693,26,39,17,30
12694,26,39,24,23
12695,26,39,43,16
12696,26,39,42,39
12697,26,39,38,33
12698,26,39,19,28
12699,26,39,29,41
12700,26,39,48,35
12701,26,39,21,24
12702,26,39,20,22
12703,26,39,48,44
12704,26,39,31,39
12705,26,39,40,36
12706,26,39,13,35
12707,26,39,12,32
12708,26,39,24,20
12709,26,39,24,48
12710,26,39,45,15
12711,26,39,41,13
12712,26,39,36,38
12713,26,39,28,49
12714,26,39,11,13
12715,26,39,33,14
12716,26,39,32,33
12717,26,39,14,14
12718,26,39,41,42
12719,26,39,16,18
12720,26,39,35,18
12721,26,39,36,28
12722,26,39,22,33
12723,26,39,31,18
12724,26,39,11,31
12725,26,39,25,18
12726,26,39,30,13
12727,26,39,10,22
12728,26,39,20,23
12729,26,39,40,15
12730,26,39,17,34
12731,26,39,14,39
12732,26,39,40,43
12733,26,39,12,34
12734,26,39,48,26
12735,26,39,33,47
12736,26,39,25,36
12737,26,39,45,49
12738,26,39,48,16
12739,26,39,46,40
12740,26,39,40,29
12741,26,39,26,49
12742,26,39,20,16
12743,26,39,22,36
12744,26,39,39,13
12745,26,39,37,16
12746,26,39,16,38
12747,26,39,47,47
12748,26,39,20,25
12749,26,39,30,31
12750,26,39,43,47
12751,26,39,21,45
12752,26,39,38,38
12753,26,39,17,48
12754,26,39,17,13
12755,26,39,31,29
12756,26,39,44,41
12757,26,39,38,21
12758,26,39,23,15
12759,26,39,10,14
12760,26,39,39,39
12761,26,39,39,25
12762,26,39,31,44
12763,26,39,12,44
12764,26,39,23,27
12765,26,39,17,41
12766,26,39,31,30
12767,26,39,49,20
12768,26,39,38,18
12769,26,39,22,10
12770,26,39,30,27
12771,26,39,24,35
12772,26,39,26,35
12773,26,39,15,25
12774,26,39,32,33
12775,26,39,14,20
12776,26,39,13,20
12777,26,39,40,34
12778,26,39,15,31
12779,26,39,44,42
12780,26,39,10,11
12781,26,39,32,30
12782,26,39,22,47
12783,26,39,20,25
12784,26,39,24,31
12785,26,39,30,39
12786,26,39,28,10
12787,26,39,43,37
12788,26,39,40,32
12789,26,39,20,39
12790,26,39,41,30
12791,26,39,45,30
12792,26,39,10,27
12793,26,39,11,47
12794,26,39,16,13
12795,26,39,22,41
12796,26,39,16,35
12797,26,39,47,25
12798,26,39,37,28
12799,26,39,43,41
12800,26,39,44,37
12801,26,39,39,31
12802,26,39,45,37
12803,26,39,45,20
12804,26,39,12,25
12805,26,39,34,32
12806,26,39,17,37
12807,26,39,16,24
12808,26,39,42,37
12809,26,39,38,36
12810,26,39,35,12
12811,26,39,35,39
12812,26,39,45,37
12813,26,39,30,38
12814,26,39,30,14
12815,26,39,11,25
12816,26,39,37,37
12817,26,39,26,12
12818,26,39,33,28
12819,26,39,25,14
12820,26,39,48,33
12821,26,39,28,10
12822,26,39,47,14
12823,26,39,41,25
12824,26,39,39,31
12825,26,39,44,25
12826,26,39,34,36
12827,26,39,22,44
12828,26,39,11,23
12829,26,39,31,29
12830,26,39,29,38
12831,26,39,43,14
12832,26,39,46,19
12833,26,39,25,41
12834,26,39,13,29
12835,26,39,43,34
12836,26,39,25,18
12837,26,39,38,36
12838,26,39,46,18
12839,26,39,27,14
12840,26,39,26,46
12841,26,39,22,23
12842,26,39,16,11
12843,26,39,33,28
12844,26,39,43,44
12845,26,39,46,12
12846,26,39,26,46
12847,26,39,21,18
12848,26,39,31,41
12849,26,39,34,26
12850,26,39,37,15
12851,26,39,16,43
12852,26,39,27,49
12853,26,39,14,47
12854,26,39,48,22
12855,26,39,37,28
12856,26,39,32,10
12857,26,39,15,25
12858,26,39,10,47
12859,26,39,27,36
12860,26,39,21,13
12861,26,39,27,21
12862,26,39,17,27
12863,26,39,39,48
12864,26,39,10,25
12865,26,39,32,17
12866,26,39,23,48
12867,26,39,19,13
12868,26,39,34,40
12869,26,39,40,37
12870,26,39,16,24
12871,26,39,11,39
12872,26,39,25,11
12873,26,39,23,46
12874,26,39,21,44
12875,26,39,23,43
12876,26,39,17,36
12877,26,39,47,35
12878,26,39,31,31
12879,26,39,37,37
12880,26,39,43,37
12881,26,39,31,41
12882,26,39,37,21
12883,26,39,44,32
12884,26,39,26,49
12885,26,39,47,40
12886,26,39,30,20
12887,26,39,14,22
12888,26,39,20,17
12889,26,39,12,37
12890,26,39,21,23
12891,26,39,27,13
12892,26,39,27,46
12893,26,39,29,29
12894,26,39,14,37
12895,26,39,35,21
12896,26,39,42,10
12897,26,39,18,11
12898,26,39,12,28
12899,26,39,22,49
12900,26,39,44,23
12901,26,39,23,40
12902,26,39,18,35
12903,26,39,18,13
12904,26,39,39,47
12905,26,39,36,32
12906,26,39,36,34
12907,26,39,37,21
12908,26,39,10,31
12909,26,39,17,22
12910,26,39,19,22
12911,26,39,36,23
12912,26,39,10,11
12913,26,39,42,21
12914,26,39,12,16
12915,26,39,31,49
12916,26,39,43,42
12917,26,39,19,17
12918,26,39,35,42
12919,26,39,40,28
12920,26,39,19,42
12921,26,39,28,33
12922,26,39,10,32
12923,26,39,45,45
12924,26,39,28,49
12925,26,39,10,35
12926,26,39,20,44
12927,26,39,25,34
12928,26,39,42,20
12929,26,39,44,43
12930,26,39,35,27
12931,26,39,17,14
12932,26,39,25,31
12933,26,39,12,25
12934,26,39,40,27
12935,26,39,11,37
12936,26,39,17,45
12937,26,39,44,11
12938,26,39,43,47
12939,26,39,10,46
12940,26,39,35,12
12941,26,39,17,39
12942,26,39,39,25
12943,26,39,35,46
12944,26,39,14,40
12945,26,39,16,35
12946,26,39,43,41
12947,26,39,10,22
12948,26,39,43,32
12949,26,39,36,12
12950,26,39,48,11
12951,26,39,23,33
12952,26,39,45,22
12953,26,39,22,11
12954,26,39,30,29
12955,26,39,25,48
12956,26,39,47,43
12957,26,39,34,24
12958,26,39,23,36
12959,26,39,41,19
12960,26,39,35,18
12961,26,39,35,17
12962,26,39,17,24
12963,26,39,41,14
12964,26,39,35,48
12965,26,39,33,19
12966,26,39,10,22
12967,26,39,38,26
12968,26,39,13,14
12969,26,39,47,28
12970,26,39,19,37
12971,26,39,21,49
12972,26,39,16,47
12973,26,39,29,12
12974,26,39,31,21
12975,26,39,17,49
12976,26,39,28,42
12977,26,39,21,38
12978,26,39,34,43
12979,26,39,46,41
12980,26,39,22,23
12981,26,39,27,46
12982,26,39,47,20
12983,26,39,37,39
12984,26,39,13,22
12985,26,39,38,22
12986,26,39,31,43
12987,26,39,22,14
12988,26,39,21,43
12989,26,39,47,43
12990,26,39,17,25
12991,26,39,10,38
12992,26,39,33,48
12993,26,39,49,32
12994,26,39,15,47
12995,26,39,44,32
12996,26,39,47,49
12997,26,39,31,22
12998,26,39,18,26
12999,26,39,22,43
13000,26,39,44,30
13001,26,39,28,40
13002,26,39,18,42
13003,26,39,28,47
13004,26,39,41,35
13005,26,39,28,47
13006,26,39,22,42
13007,26,39,43,40
13008,26,39,27,12
13009,26,39,32,29
13010,26,39,11,33
13011,26,39,38,46
13012,26,39,28,44
13013,26,39,16,19
13014,26,39,36,42
13015,26,39,25,21
13016,26,39,47,19
13017,26,39,30,40
13018,26,39,35,48
13019,26,39,37,15
13020,26,39,44,17
13021,26,39,12,33
13022,26,39,14,43
13023,26,39,14,11
13024,26,39,47,24
13025,26,39,33,21
13026,26,39,40,48
13027,26,39,46,33
13028,26,39,10,19
13029,26,39,37,39
13030,26,39,19,35
13031,26,39,13,33
13032,26,39,27,11
13033,26,39,37,32
13034,26,39,27,32
13035,26,39,47,21
13036,26,39,13,22
13037,26,39,27,40
13038,26,39,16,45
13039,26,39,34,28
13040,26,39,45,21
13041,26,39,42,10
13042,26,39,44,37
13043,26,39,49,44
13044,26,39,21,19
13045,26,39,24,33
13046,26,39,37,33
13047,26,39,31,10
13048,26,39,15,20
13049,26,39,34,33
13050,26,39,29,22
13051,26,39,23,23
13052,26,39,11,15
13053,26,39,33,31
13054,26,39,36,24
13055,26,39,37,38
13056,26,39,14,35
13057,26,39,34,27
13058,26,39,20,43
13059,26,39,26,37
13060,26,39,40,15
13061,26,39,40,49
13062,26,39,47,41
13063,26,39,24,49
13064,26,39,29,40
13065,26,39,14,24
13066,26,39,33,38
13067,26,39,15,41
13068,26,39,13,43
13069,26,39,18,26
13070,26,39,34,34
13071,26,39,10,34
13072,26,39,18,18
13073,26,39,30,39
13074,26,39,14,27
13075,26,39,47,16
13076,26,39,19,31
13077,26,39,12,11
13078,26,39,11,12
13079,26,39,38,16
13080,26,39,24,20
13081,26,39,12,13
13082,26,39,30,47
13083,26,39,22,13
13084,26,39,13,21
13085,26,39,43,15
13086,26,39,10,43
13087,26,39,49,27
13088,26,39,27,30
13089,26,39,11,11
13090,26,39,15,30
13091,26,39,23,38
13092,26,39,39,31
13093,26,39,27,10
13094,26,39,16,24
13095,26,39,47,32
13096,26,39,31,16
13097,26,39,13,14
13098,26,39,48,44
13099,26,39,10,49
13100,26,39,41,15
13101,26,39,26,35
13102,26,39,24,31
13103,26,39,37,49
13104,26,39,42,39
13105,26,39,35,25
13106,26,39,12,46
13107,26,39,46,14
13108,26,39,46,24
13109,26,39,16,37
13110,26,39,21,33
13111,26,39,46,31
13112,26,39,11,49
13113,26,39,49,23
13114,26,39,45,47
13115,26,39,25,12
13116,26,39,41,44
13117,26,39,43,33
13118,26,39,12,48
13119,26,39,30,24
13120,26,39,32,17
13121,26,39,27,25
13122,26,39,25,40
13123,26,39,23,33
13124,26,39,38,47
13125,26,39,26,46
13126,26,39,25,26
13127,26,39,36,45
13128,26,39,31,27
13129,26,39,23,12
13130,26,39,49,40
13131,26,39,42,22
13132,26,39,32,48
13133,26,39,19,32
13134,26,39,25,22
13135,26,39,48,40
13136,26,39,48,24
13137,26,39,24,15
13138,26,39,31,33
13139,26,39,36,44
13140,26,39,26,30
13141,26,39,22,47
13142,26,39,18,34
13143,26,39,31,36
13144,26,39,36,36
13145,26,39,43,35
13146,26,39,30,47
13147,26,39,43,18
13148,26,39,14,36
13149,26,39,40,15
13150,26,39,25,39
13151,26,39,14,27
13152,26,39,22,48
13153,26,39,20,33
13154,26,39,29,15
13155,26,39,14,40
13156,26,39,30,23
13157,26,39,26,11
13158,26,39,20,13
13159,26,39,16,35
13160,26,39,48,13
13161,26,39,22,31
13162,26,39,27,29
13163,26,39,42,46
13164,26,39,19,12
13165,26,39,43,35
13166,26,39,24,35
13167,26,39,46,18
13168,26,39,22,32
13169,26,39,32,17
13170,26,39,19,11
13171,26,39,45,21
13172,26,39,28,20
13173,26,39,30,41
13174,26,39,39,15
13175,26,39,32,12
13176,26,39,24,13
13177,26,39,18,14
13178,26,39,44,29
13179,26,39,33,29
13180,26,39,37,31
13181,26,39,30,24
13182,26,39,24,24
13183,26,39,40,12
13184,26,39,42,26
13185,26,39,26,41
13186,26,39,22,39
13187,26,39,25,10
13188,26,39,11,34
13189,26,39,42,36
13190,26,39,15,23
13191,26,39,25,47
13192,26,39,21,32
13193,26,39,46,15
13194,26,39,10,32
13195,26,39,45,48
13196,26,39,33,29
13197,26,39,14,47
13198,26,39,37,12
13199,26,39,38,41
13200,26,39,18,11
13201,26,39,46,15
13202,26,39,11,31
13203,26,39,19,29
13204,26,39,32,39
13205,26,39,38,38
13206,26,39,30,12
13207,26,39,29,46
13208,26,39,33,12
13209,26,39,33,43
13210,26,39,13,12
13211,26,39,47,20
13212,26,39,24,28
13213,26,39,22,32
13214,26,39,13,31
13215,26,39,37,25
13216,26,39,46,36
13217,26,39,44,43
13218,26,39,27,42
13219,26,39,16,21
13220,26,39,48,28
13221,26,39,44,15
13222,26,39,34,40
13223,26,39,44,20
13224,26,39,49,44
13225,26,39,16,19
13226,26,39,39,16
13227,26,39,18,31
13228,26,39,13,32
13229,26,39,12,19
13230,26,39,47,47
13231,26,39,28,27
13232,26,39,14,40
13233,26,39,27,43
13234,26,39,21,12
13235,26,39,46,17
13236,26,39,21,34
13237,26,39,32,49
13238,26,39,11,37
13239,26,39,47,24
13240,26,39,12,48
13241,26,39,46,34
13242,26,39,43,45
13243,26,39,47,44
13244,26,39,18,42
13245,26,39,16,35
13246,26,39,30,45
13247,26,39,36,26
13248,26,39,29,36
13249,26,39,44,24
13250,26,39,32,39
13251,26,39,24,21
13252,26,39,29,36
13253,26,39,17,15
13254,26,39,23,16
13255,26,39,30,16
13256,26,39,43,46
13257,26,39,12,26
13258,26,39,26,34
13259,26,39,37,38
13260,26,39,35,35
13261,26,39,13,44
13262,26,39,24,22
13263,26,39,20,17
13264,26,39,30,36
13265,26,39,46,46
13266,26,39,37,45
13267,26,39,12,35
13268,26,39,33,17
13269,26,39,48,18
13270,26,39,42,28
13271,26,39,40,18
13272,26,39,21,23
13273,26,39,46,38
13274,26,39,36,45
13275,26,39,18,22
13276,26,39,14,42
13277,26,39,48,21
13278,26,39,48,21
13279,26,39,44,17
13280,26,39,44,36
13281,26,39,21,43
13282,26,39,16,34
13283,26,39,19,31
13284,26,39,11,39
13285,26,39,36,14
13286,26,39,38,32
13287,26,39,16,19
13288,26,39,22,44
13289,26,39,48,29
13290,26,39,28,12
13291,26,39,40,48
13292,26,39,17,43
13293,26,39,49,45
13294,26,39,24,15
13295,26,39,42,33
13296,26,39,13,13
13297,26,39,23,31
13298,26,39,16,46
13299,26,39,35,24
13300,26,39,31,23
13301,26,39,39,33
13302,26,39,19,43
13303,26,39,40,29
13304,26,39,45,43
13305,26,39,22,15
13306,26,39,29,25
13307,26,39,14,28
13308,26,39,20,32
13309,26,39,40,35
13310,26,39,47,11
13311,26,39,40,33
13312,26,39,15,29
13313,26,39,37,40
13314,26,39,33,37
13315,26,39,21,39
13316,26,39,49,32
13317,26,39,10,28
13318,26,39,35,38
13319,26,39,45,11
13320,26,39,38,19
13321,26,39,10,28
13322,26,39,46,35
13323,26,39,22,40
13324,26,39,26,27
13325,26,39,16,26
13326,26,39,11,41
13327,26,39,10,38
13328,26,39,42,29
13329,26,39,31,21
13330,26,39,42,38
13331,26,39,34,16
13332,26,39,22,36
13333,26,39,31,20
13334,26,39,44,24
13335,26,39,12,45
13336,26,39,41,30
13337,26,39,31,42
13338,26,39,39,19
13339,26,39,19,39
13340,26,39,39,43
13341,26,39,13,12
13342,26,39,10,44
13343,26,39,13,46
13344,26,39,17,44
13345,26,39,14,27
13346,26,39,34,27
13347,26,39,48,47
13348,26,39,22,49
13349,26,39,47,39
13350,26,39,18,12
13351,26,39,24,19
13352,26,39,30,43
13353,26,39,44,36
13354,26,39,25,28
13355,26,39,47,26
13356,26,39,23,13
13357,26,39,44,41
13358,26,39,38,19
13359,26,39,22,24
13360,26,39,23,41
13361,26,39,46,46
13362,26,39,47,37
13363,26,39,47,41
13364,26,39,49,20
13365,26,39,30,25
13366,26,39,33,44
13367,26,39,22,31
13368,26,39,12,40
13369,26,39,31,19
13370,26,39,14,27
13371,26,39,23,17
13372,26,39,16,14
13373,26,39,33,20
13374,26,39,47,42
13375,26,39,23,18
13376,26,39,39,38
13377,26,39,29,16
13378,26,39,28,39
13379,26,39,31,10
13380,26,39,35,44
13381,26,39,25,21
13382,26,39,26,25
13383,26,39,32,32
13384,26,39,40,21
13385,26,39,24,42
13386,26,39,15,20
13387,26,39,21,36
13388,26,39,49,19
13389,26,39,45,45
13390,26,39,38,46
13391,26,39,31,21
13392,26,39,18,33
13393,26,39,19,16
13394,26,39,18,37
13395,26,39,31,27
13396,26,39,15,12
13397,26,39,46,13
13398,26,39,45,44
13399,26,39,21,25
13400,26,39,14,46
13401,26,39,45,43
13402,26,39,22,28
13403,26,39,35,41
13404,26,39,20,33
13405,26,39,44,40
13406,26,39,23,35
13407,26,39,13,37
13408,26,39,13,38
13409,26,39,10,25
13410,26,39,18,19
13411,26,39,44,47
13412,26,39,20,23
13413,26,39,30,15
13414,26,39,36,41
13415,26,39,40,23
13416,26,39,27,12
13417,26,39,47,17
13418,26,39,26,13
13419,26,39,11,18
13420,26,39,16,23
13421,26,39,27,29
13422,26,39,28,28
13423,26,39,45,36
13424,26,39,35,43
13425,26,39,14,24
13426,26,39,40,23
13427,26,39,39,28
13428,26,39,12,29
13429,26,39,10,44
13430,26,39,21,26
13431,26,39,22,39
13432,26,39,31,18
13433,26,39,43,32
13434,26,39,23,27
13435,26,39,20,45
13436,26,39,11,27
13437,26,39,26,41
13438,26,39,14,42
13439,26,39,40,36
13440,26,39,22,32
13441,26,39,47,15
13442,26,39,23,44
13443,26,39,27,36
13444,26,39,45,46
13445,26,39,23,15
13446,26,39,47,20
13447,26,39,12,45
13448,26,39,47,45
13449,26,39,21,30
13450,26,39,22,22
13451,26,39,34,18
13452,26,39,43,24
13453,26,39,39,46
13454,26,39,41,46
13455,26,39,41,44
13456,26,39,43,43
13457,26,39,28,24
13458,26,39,41,21
13459,26,39,23,39
13460,26,39,13,32
13461,26,39,41,38
13462,26,39,41,34
13463,26,39,30,18
13464,26,39,32,17
13465,26,39,26,17
13466,26,39,25,34
13467,26,39,48,18
13468,26,39,47,20
13469,26,39,24,48
13470,26,39,20,19
13471,26,39,44,27
13472,26,39,39,33
13473,26,39,40,40
13474,26,39,25,27
13475,26,39,44,28
13476,26,39,13,42
13477,26,39,34,13
13478,26,39,23,19
13479,26,39,14,22
13480,26,39,11,33
13481,26,39,30,49
13482,26,39,29,40
13483,26,39,27,16
13484,26,39,22,21
13485,26,39,20,36
13486,26,39,14,14
13487,26,39,15,35
13488,26,39,15,49
13489,26,39,37,11
13490,26,39,14,17
13491,26,39,33,33
13492,26,39,39,34
13493,26,39,29,36
13494,26,39,35,44
13495,26,39,22,43
13496,26,39,31,33
13497,26,39,47,44
13498,26,39,41,10
13499,26,39,44,29
13500,26,39,36,12
13501,26,39,41,24
13502,26,39,30,23
13503,26,39,19,38
13504,26,39,20,17
13505,26,39,27,19
13506,26,39,30,25
13507,26,39,18,30
13508,26,39,24,26
13509,26,39,43,47
13510,26,39,34,38
13511,26,39,37,12
13512,26,39,25,40
13513,26,39,10,35
13514,26,39,22,31
13515,26,39,23,39
13516,26,39,41,33
13517,26,39,34,23
13518,26,39,43,42
13519,26,39,23,14
13520,26,39,21,10
13521,26,39,27,20
13522,26,39,43,13
13523,26,39,15,48
13524,26,39,19,40
13525,26,39,44,46
13526,26,39,16,16
13527,26,39,15,48
13528,26,39,13,47
13529,26,39,31,10
13530,26,39,40,22
13531,26,39,10,48
13532,26,39,49,15
13533,26,39,28,32
13534,26,39,20,38
13535,26,39,45,14
13536,26,39,43,10
13537,26,39,29,21
13538,26,39,44,46
13539,26,39,18,12
13540,26,39,20,41
13541,26,39,12,20
13542,26,39,29,18
13543,26,39,39,31
13544,26,39,47,46
13545,26,39,25,20
13546,26,39,10,46
13547,26,39,40,40
13548,26,39,43,30
13549,26,39,42,12
13550,26,39,27,27
13551,26,39,24,32
13552,26,39,48,38
13553,26,39,48,25
13554,26,39,27,35
13555,26,39,12,13
13556,26,39,31,27
13557,26,39,29,40
13558,26,39,23,24
13559,26,39,13,22
13560,26,39,12,23
13561,26,39,22,15
13562,26,39,24,41
13563,26,39,27,31
13564,26,39,49,37
13565,26,39,25,32
13566,26,39,38,10
13567,26,39,12,15
13568,26,39,47,33
13569,26,39,28,21
13570,26,39,13,34
13571,26,39,17,49
13572,26,39,45,17
13573,26,39,21,14
13574,26,39,43,35
13575,26,39,22,35
13576,26,39,40,32
13577,26,39,40,30
13578,26,39,25,34
13579,26,39,40,10
13580,26,39,11,16
13581,26,39,38,38
13582,26,39,17,48
13583,26,39,16,44
13584,26,39,17,14
13585,26,39,33,14
13586,26,39,13,48
13587,26,39,26,32
13588,26,39,38,13
13589,26,39,44,40
13590,26,39,13,28
13591,26,39,29,11
13592,26,39,32,35
13593,26,39,25,38
13594,26,39,12,39
13595,26,39,29,28
13596,26,39,35,19
13597,26,39,18,35
13598,26,39,18,37
13599,26,39,21,36
13600,26,39,16,18
13601,26,39,13,45
13602,26,39,44,14
13603,26,39,26,20
13604,26,39,42,34
13605,26,39,36,39
13606,26,39,26,15
13607,26,39,27,16
13608,26,39,25,35
13609,26,39,30,43
13610,26,39,11,18
13611,26,39,43,22
13612,26,39,31,30
13613,26,39,12,20
13614,26,39,39,23
13615,26,39,46,13
13616,26,39,15,26
13617,26,39,35,25
13618,26,39,33,45
13619,26,39,45,41
13620,26,39,24,18
13621,26,39,40,23
13622,26,39,32,33
13623,26,39,24,22
13624,26,39,25,39
13625,26,39,41,40
13626,26,39,49,26
13627,26,39,13,47
13628,26,39,45,28
13629,26,39,34,18
13630,26,39,48,40
13631,26,39,21,38
13632,26,39,37,16
13633,26,39,23,13
13634,26,39,28,26
13635,26,39,47,39
13636,26,39,35,29
13637,26,39,38,39
13638,26,39,44,20
13639,26,39,29,26
13640,26,39,13,31
13641,26,39,47,28
13642,26,39,43,13
13643,26,39,40,25
13644,26,39,11,23
13645,26,39,34,16
13646,26,39,14,18
13647,26,39,44,15
13648,26,39,42,36
13649,26,39,26,21
13650,26,39,43,39
13651,26,39,18,19
13652,26,39,39,27
13653,26,39,42,13
13654,26,39,42,35
13655,26,39,30,38
13656,26,39,30,23
13657,26,39,28,24
13658,26,39,28,49
13659,26,39,46,31
13660,26,39,33,10
13661,26,39,15,20
13662,26,39,44,29
13663,26,39,29,43
13664,26,39,15,41
13665,26,39,40,38
13666,26,39,41,38
13667,26,39,16,27
13668,26,39,17,15
13669,26,39,44,23
13670,26,39,22,15
13671,26,39,40,41
13672,26,39,29,19
13673,26,39,15,32
13674,26,39,24,24
13675,26,39,39,46
13676,26,39,12,25
13677,26,39,39,44
13678,26,39,41,46
13679,26,39,21,35
13680,26,39,32,26
13681,26,39,29,27
13682,26,39,15,37
13683,26,39,35,26
13684,26,39,45,14
13685,26,39,28,37
13686,26,39,27,47
13687,26,39,38,21
13688,26,39,34,49
13689,26,39,42,33
13690,26,39,12,13
13691,26,39,35,30
13692,26,39,29,48
13693,26,39,15,20
13694,26,39,31,31
13695,26,39,42,10
13696,26,39,45,46
13697,26,39,18,45
13698,26,39,23,29
13699,26,39,49,26
13700,26,39,26,20
13701,26,39,18,37
13702,26,39,48,23
13703,26,39,47,46
13704,26,39,43,25
13705,26,39,20,26
13706,26,39,12,34
13707,26,39,32,13
13708,26,39,33,37
13709,26,39,32,27
13710,26,39,28,44
13711,26,39,21,49
13712,26,39,40,34
13713,26,39,42,32
13714,26,39,20,17
13715,26,39,48,33
13716,26,39,11,22
13717,26,39,40,26
13718,26,39,30,13
13719,26,39,20,21
13720,26,39,39,36
13721,26,39,26,15
13722,26,39,48,22
13723,26,39,28,23
13724,26,39,40,45
13725,26,39,42,47
13726,26,39,26,33
13727,26,39,42,14
13728,26,39,38,19
13729,26,39,43,24
13730,26,39,25,49
13731,26,39,16,15
13732,26,39,34,29
13733,26,39,18,31
13734,26,39,43,40
13735,26,39,23,22
13736,26,39,38,35
13737,26,39,14,26
13738,26,39,20,41
13739,26,39,20,49
13740,26,39,25,22
13741,26,39,45,11
13742,26,39,33,41
13743,26,39,29,16
13744,26,39,33,44
13745,26,39,30,24
13746,26,39,14,13
13747,26,39,10,35
13748,26,39,48,21
13749,26,39,23,22
13750,26,39,15,31
13751,26,39,12,21
13752,26,39,24,44
13753,26,39,27,48
13754,26,39,24,44
13755,26,39,20,10
13756,26,39,31,23
13757,26,39,49,12
13758,26,39,35,24
13759,26,39,10,41
13760,26,39,19,33
13761,26,39,45,15
13762,26,39,24,25
13763,26,39,22,32
13764,26,39,49,43
13765,26,39,36,28
13766,26,39,15,16
13767,26,39,37,34
13768,26,39,48,39
13769,26,39,18,29
13770,26,39,41,37
13771,26,39,19,30
13772,26,39,29,25
13773,26,39,28,39
13774,26,39,24,14
13775,26,39,34,21
13776,26,39,44,11
13777,26,39,38,26
13778,26,39,30,19
13779,26,39,44,40
13780,26,39,44,23
13781,26,39,13,34
13782,26,39,44,48
13783,26,39,45,23
13784,26,39,37,14
13785,26,39,35,26
13786,26,39,21,25
13787,26,39,22,44
13788,26,39,15,23
13789,26,39,17,47
13790,26,39,18,33
13791,26,39,15,15
13792,26,39,36,38
13793,26,39,37,17
13794,26,39,37,41
13795,26,39,41,12
13796,26,39,17,10
13797,26,39,40,33
13798,26,39,44,37
13799,26,39,17,46
13800,26,39,18,30
13801,26,39,14,24
13802,26,39,48,44
13803,26,39,37,22
13804,26,39,43,31
13805,26,39,15,25
13806,26,39,42,36
13807,26,39,26,32
13808,26,39,26,23
13809,26,39,26,20
13810,26,39,38,22
13811,26,39,31,40
13812,26,39,35,44
13813,26,39,40,12
13814,26,39,16,30
13815,26,39,40,21
13816,26,39,12,31
13817,26,39,37,45
13818,26,39,25,42
13819,26,39,20,27
13820,26,39,35,21
13821,26,39,47,46
13822,26,39,25,37
13823,26,39,21,22
13824,26,39,38,45
13825,26,39,36,13
13826,26,39,37,10
13827,26,39,38,27
13828,26,39,29,47
13829,26,39,46,31
13830,26,39,42,36
13831,26,39,26,34
13832,26,39,27,24
13833,26,39,10,23
13834,26,39,19,34
13835,26,39,23,21
13836,26,39,47,24
13837,26,39,36,35
13838,26,39,33,32
13839,26,39,13,40
13840,26,39,14,28
13841,26,39,17,37
13842,26,39,47,47
13843,26,39,31,23
13844,26,39,40,47
13845,26,39,13,26
13846,26,39,35,47
13847,26,39,29,24
13848,26,39,17,16
13849,26,39,28,31
13850,26,39,48,30
13851,26,39,38,14
13852,26,39,30,11
13853,26,39,46,39
13854,26,39,40,10
13855,26,39,49,31
13856,26,39,23,38
13857,26,39,48,39
13858,26,39,15,16
13859,26,39,17,16
13860,26,39,36,26
13861,26,39,18,39
13862,26,39,21,19
13863,26,39,26,12
13864,26,39,12,35
13865,26,39,28,17
13866,26,39,44,34
13867,26,39,49,15
13868,26,39,46,47
13869,26,39,45,27
13870,26,39,35,19
13871,26,39,21,25
13872,26,39,16,35
13873,26,39,27,21
13874,26,39,38,32
13875,26,39,14,33
13876,26,39,37,18
13877,26,39,30,49
13878,26,39,41,38
13879,26,39,25,43
13880,26,39,42,31
13881,26,39,30,45
13882,26,39,19,39
13883,26,39,14,39
13884,26,39,30,31
13885,26,39,38,47
13886,26,39,14,26
13887,26,39,36,29
13888,26,39,26,46
13889,26,39,19,10
13890,26,39,30,49
13891,26,39,43,35
13892,26,39,27,12
13893,26,39,39,19
13894,26,39,20,12
13895,26,39,23,40
13896,26,39,17,16
13897,26,39,17,12
13898,26,39,38,25
13899,26,39,15,39
13900,26,39,23,34
13901,26,39,43,25
13902,26,39,30,48
13903,26,39,44,24
13904,26,39,17,36
13905,26,39,40,37
13906,26,39,44,27
13907,26,39,14,17
13908,26,39,39,31
13909,26,39,47,41
13910,26,39,15,38
13911,26,39,32,49
13912,26,39,27,41
13913,26,39,11,42
13914,26,39,35,21
13915,26,39,44,25
13916,26,39,43,28
13917,26,39,12,13
13918,26,39,23,23
13919,26,39,14,24
13920,26,39,30,40
13921,26,39,22,21
13922,26,39,48,36
13923,26,39,17,11
13924,26,39,17,40
13925,26,39,11,44
13926,26,39,46,37
13927,26,39,42,17
13928,26,39,25,43
13929,26,39,13,28
13930,26,39,27,39
13931,26,39,14,22
13932,26,39,11,25
13933,26,39,39,25
13934,26,39,37,23
13935,26,39,29,22
13936,26,39,47,22
13937,26,39,28,21
13938,26,39,37,34
13939,26,39,21,22
13940,26,39,42,21
13941,26,39,25,29
13942,26,39,46,17
13943,26,39,34,21
13944,26,39,36,15
13945,26,39,28,39
13946,26,39,46,15
13947,26,39,33,40
13948,26,39,44,49
13949,26,39,18,31
13950,26,39,13,14
13951,26,39,26,17
13952,26,39,10,44
13953,26,39,35,19
13954,26,39,13,29
13955,26,39,12,31
13956,26,39,24,11
13957,26,39,31,15
13958,26,39,49,41
13959,26,39,34,49
13960,26,39,48,12
13961,26,39,10,13
13962,26,39,48,43
13963,26,39,41,32
13964,26,39,21,17
13965,26,39,46,14
13966,26,39,28,29
13967,26,39,26,38
13968,26,39,48,12
13969,26,39,33,20
13970,26,39,21,46
13971,26,39,18,40
13972,26,39,29,14
13973,26,39,37,39
13974,26,39,36,45
13975,26,39,35,20
13976,26,39,47,11
13977,26,39,13,43
13978,26,39,20,10
13979,26,39,45,43
13980,26,39,47,18
13981,26,39,24,49
13982,26,39,31,36
13983,26,39,39,31
13984,26,39,44,15
13985,26,39,45,11
13986,26,39,29,13
13987,26,39,29,18
13988,26,39,29,33
13989,26,39,43,16
13990,26,39,11,10
13991,26,39,40,27
13992,26,39,10,40
13993,26,39,30,10
13994,26,39,31,23
13995,26,39,29,16
13996,26,39,29,46
13997,26,39,24,14
13998,26,39,46,22
13999,26,39,11,42
14000,26,39,27,10
14001,26,39,10,30
14002,26,39,30,19
14003,26,39,19,14
14004,26,39,35,49
14005,26,39,24,34
14006,26,39,39,35
14007,26,39,20,29
14008,26,39,44,45
14009,26,39,37,19
14010,26,39,11,37
14011,26,39,16,23
14012,26,39,35,27
14013,26,39,42,47
14014,26,39,47,29
14015,26,39,18,33
14016,26,39,10,15
14017,26,39,49,43
14018,26,39,37,19
14019,26,39,37,44
14020,26,39,38,43
14021,26,39,44,16
14022,26,39,37,37
14023,26,39,18,28
14024,26,39,41,48
14025,26,39,28,41
14026,26,39,47,14
14027,26,39,19,15
14028,26,39,23,43
14029,26,39,24,14
14030,26,39,35,21
14031,26,39,42,33
14032,26,39,40,48
14033,26,39,37,10
14034,26,39,41,12
14035,26,39,19,17
14036,26,39,17,16
14037,26,39,20,30
14038,26,39,29,28
14039,26,39,48,25
14040,26,39,21,38
14041,26,39,44,17
14042,26,39,28,11
14043,26,39,26,34
14044,26,39,30,12
14045,26,39,35,30
14046,26,39,40,24
14047,26,39,11,11
14048,26,39,11,33
14049,26,39,18,25
14050,26,39,22,43
14051,26,39,34,33
14052,26,39,37,23
14053,26,39,19,11
14054,26,39,10,27
14055,26,39,40,30
14056,26,39,20,18
14057,26,39,45,45
14058,26,39,24,16
14059,26,39,47,49
14060,26,39,47,36
14061,26,39,22,18
14062,26,39,18,44
14063,26,39,28,37
14064,26,39,13,14
14065,26,39,18,36
14066,26,39,37,37
14067,26,39,47,39
14068,26,39,20,28
14069,26,39,23,36
14070,26,39,13,13
14071,26,39,28,32
14072,26,39,20,38
14073,26,39,41,12
14074,26,39,28,33
14075,26,39,29,14
14076,26,39,17,40
14077,26,39,36,25
14078,26,39,11,17
14079,26,39,28,34
14080,26,39,37,39
14081,26,39,44,22
14082,26,39,15,43
14083,26,39,28,27
14084,26,39,43,41
14085,26,39,33,11
14086,26,39,49,43
14087,26,39,43,32
14088,26,39,21,40
14089,26,39,36,35
14090,26,39,15,31
14091,26,39,23,17
14092,26,39,27,17
14093,26,39,45,40
14094,26,39,48,14
14095,26,39,24,39
14096,26,39,43,33
14097,26,39,43,29
14098,26,39,44,15
14099,26,39,15,28
14100,26,39,42,40
14101,26,39,45,11
14102,26,39,20,27
14103,26,39,35,25
14104,26,39,18,34
14105,26,39,16,33
14106,26,39,25,39
14107,26,39,49,21
14108,26,39,41,27
14109,26,39,31,23
14110,26,39,34,21
14111,26,39,17,17
14112,26,39,39,23
14113,26,39,36,46
14114,26,39,42,32
14115,26,39,15,49
14116,26,39,39,16
14117,26,39,31,27
14118,26,39,44,42
14119,26,39,47,18
14120,26,39,45,22
14121,26,39,45,44
14122,26,39,28,17
14123,26,39,33,28
14124,26,39,12,39
14125,26,39,18,23
14126,26,39,10,13
14127,26,39,11,18
14128,26,39,44,21
14129,26,39,15,21
14130,26,39,18,40
14131,26,39,42,24
14132,26,39,42,25
14133,26,39,41,13
14134,26,39,15,30
14135,26,39,24,18
14136,26,39,11,15
14137,26,39,38,18
14138,26,39,36,10
14139,26,39,48,47
14140,26,39,29,14
14141,26,39,24,15
14142,26,39,27,25
14143,26,39,16,24
14144,26,39,26,36
14145,26,39,15,32
14146,26,39,26,47
14147,26,39,17,17
14148,26,39,11,35
14149,26,39,40,33
14150,26,39,26,29
14151,26,39,16,18
14152,26,39,26,28
14153,26,39,15,25
14154,26,39,26,18
14155,26,39,39,33
14156,26,39,36,19
14157,26,39,18,24
14158,26,39,46,22
14159,26,39,35,34
14160,26,39,32,48
14161,26,39,37,24
14162,26,39,46,26
14163,26,39,41,36
14164,26,39,28,41
14165,26,39,16,24
14166,26,39,36,36
14167,26,39,22,38
14168,26,39,14,43
14169,26,39,26,26
14170,26,39,47,43
14171,26,39,40,12
14172,26,39,31,31
14173,26,39,17,49
14174,26,39,28,29
14175,26,39,29,27
14176,26,39,28,25
14177,26,39,25,49
14178,26,39,22,28
14179,26,39,20,31
14180,26,39,36,46
14181,26,39,15,16
14182,26,39,29,49
14183,26,39,27,47
14184,26,39,41,15
14185,26,39,33,27
14186,26,39,47,36
14187,26,39,47,20
14188,26,39,15,34
14189,26,39,32,49
14190,26,39,41,48
14191,26,39,43,24
14192,26,39,26,39
14193,26,39,24,30
14194,26,39,43,30
14195,26,39,22,14
14196,26,39,21,49
14197,26,39,30,13
14198,26,39,17,33
14199,26,39,44,49
14200,26,39,22,26
14201,26,39,10,18
14202,26,39,44,35
14203,26,39,38,25
14204,26,39,20,15
14205,26,39,13,37
14206,26,39,39,43
14207,26,39,16,46
14208,26,39,25,16
14209,26,39,43,26
14210,26,39,13,10
14211,26,39,18,18
14212,26,39,25,26
14213,26,39,14,39
14214,26,39,13,12
14215,26,39,28,26
14216,26,39,34,47
14217,26,39,44,41
14218,26,39,38,30
14219,26,39,21,18
14220,26,39,23,19
14221,26,39,41,46
14222,26,39,34,35
14223,26,39,36,30
14224,26,39,24,23
14225,26,39,15,11
14226,26,39,18,10
14227,26,39,11,22
14228,26,39,38,41
14229,26,39,12,37
14230,26,39,28,36
14231,26,39,14,27
14232,26,39,44,12
14233,26,39,41,36
14234,26,39,38,19
14235,26,39,27,30
14236,26,39,16,27
14237,26,39,47,43
14238,26,39,26,38
14239,26,39,22,40
14240,26,39,48,33
14241,26,39,47,23
14242,26,39,18,10
14243,26,39,48,12
14244,26,39,31,15
14245,26,39,38,29
14246,26,39,49,42
14247,26,39,14,38
14248,26,39,16,19
14249,26,39,42,28
14250,26,39,14,21
14251,26,39,48,30
14252,26,39,21,18
14253,26,39,41,49
14254,26,39,14,48
14255,26,39,22,36
14256,26,39,24,44
14257,26,39,30,26
14258,26,39,48,21
14259,26,39,18,16
14260,26,39,25,47
14261,26,39,29,37
14262,26,39,29,49
14263,26,39,37,25
14264,26,39,33,27
14265,26,39,13,45
14266,26,39,48,48
14267,26,39,23,21
14268,26,39,21,38
14269,26,39,19,23
14270,26,39,11,25
14271,26,39,49,17
14272,26,39,24,38
14273,26,39,45,48
14274,26,39,44,24
14275,26,39,45,28
14276,26,39,49,30
14277,26,39,12,27
14278,26,39,19,31
14279,26,39,29,34
14280,26,39,45,11
14281,26,39,25,30
14282,26,39,48,43
14283,26,39,12,13
14284,26,39,46,22
14285,26,39,30,35
14286,26,39,21,19
14287,26,39,35,30
14288,26,39,11,37
14289,26,39,40,25
14290,26,39,13,19
14291,26,39,33,24
14292,26,39,33,30
14293,26,39,40,36
14294,26,39,22,41
14295,26,39,24,42
14296,26,39,42,37
14297,26,39,46,20
14298,26,39,41,17
14299,26,39,37,34
14300,26,39,16,30
14301,26,39,37,23
14302,26,39,15,48
14303,26,39,16,36
14304,26,39,32,42
14305,26,39,10,32
14306,26,39,20,12
14307,26,39,15,23
14308,26,39,34,31
14309,26,39,45,13
14310,26,39,47,20
14311,26,39,20,47
14312,26,39,19,35
14313,26,39,25,15
14314,26,39,15,25
14315,26,39,28,30
14316,26,39,29,15
14317,26,39,18,14
14318,26,39,16,37
14319,26,39,28,10
14320,26,39,11,30
14321,26,39,14,37
14322,26,39,33,23
14323,26,39,39,22
14324,26,39,33,32
14325,26,39,29,47
14326,26,39,18,47
14327,26,39,38,37
14328,26,39,41,25
14329,26,39,40,43
14330,26,39,16,43
14331,26,39,16,30
14332,26,39,35,33
14333,26,39,17,35
14334,26,39,35,44
14335,26,39,37,27
14336,26,39,39,45
14337,26,39,48,34
14338,26,39,46,22
14339,26,39,16,21
14340,26,39,36,23
14341,26,39,33,34
14342,26,39,26,34
14343,26,39,12,21
14344,26,39,28,11
14345,26,39,10,37
14346,26,39,37,24
14347,26,39,21,23
14348,26,39,37,12
14349,26,39,31,40
14350,26,39,22,20
14351,26,39,13,14
14352,26,39,28,29
14353,26,39,32,22
14354,26,39,32,14
14355,26,39,40,20
14356,26,39,43,42
14357,26,39,26,32
14358,26,39,38,25
14359,26,39,42,43
14360,26,39,28,21
14361,26,39,35,11
14362,26,39,19,35
14363,26,39,45,43
14364,26,39,45,19
14365,26,39,47,24
14366,26,39,18,25
14367,26,39,49,32
14368,26,39,25,19
14369,26,39,45,28
14370,26,39,32,20
14371,26,39,13,33
14372,26,39,41,26
14373,26,39,17,35
14374,26,39,14,36
14375,26,39,39,45
14376,26,39,41,32
14377,26,39,31,43
14378,26,39,45,45
14379,26,39,31,31
14380,26,39,10,31
14381,26,39,22,32
14382,26,39,27,12
14383,26,39,46,10
14384,26,39,34,35
14385,26,39,36,19
14386,26,39,39,29
14387,26,39,32,34
14388,26,39,48,11
14389,26,39,49,26
14390,26,39,25,26
14391,26,39,42,12
14392,26,39,33,46
14393,26,39,48,48
14394,26,39,46,26
14395,26,39,36,11
14396,26,39,46,18
14397,26,39,37,22
14398,26,39,18,14
14399,26,39,33,26
14400,26,39,11,20
14401,26,39,37,24
14402,26,39,41,49
14403,26,39,48,14
14404,26,39,47,42
14405,26,39,49,49
14406,26,39,20,44
14407,26,39,22,42
14408,26,39,21,22
14409,26,39,38,19
14410,26,39,47,38
14411,26,39,16,29
14412,26,39,36,22
14413,26,39,48,42
14414,26,39,35,32
14415,26,39,47,14
14416,26,39,15,23
14417,26,39,13,33
14418,26,39,23,12
14419,26,39,24,24
14420,26,39,30,27
14421,26,39,47,10
14422,26,39,18,27
14423,26,39,27,22
14424,26,39,26,29
14425,26,39,37,49
14426,26,39,37,30
14427,26,39,14,16
14428,26,39,49,47
14429,26,39,23,11
14430,26,39,33,40
14431,26,39,47,46
14432,26,39,49,27
14433,26,39,23,22
14434,26,39,45,15
14435,26,39,22,39
14436,26,39,44,42
14437,26,39,41,47
14438,26,39,20,24
14439,26,39,15,12
14440,26,39,35,26
14441,26,39,47,36
14442,26,39,34,43
14443,26,39,21,46
14444,26,39,42,22
14445,26,39,25,13
14446,26,39,33,42
14447,26,39,41,37
14448,26,39,19,47
14449,26,39,27,48
14450,26,39,14,20
14451,26,39,42,37
14452,26,39,33,47
14453,26,39,45,15
14454,26,39,22,21
14455,26,39,38,20
14456,26,39,41,39
14457,26,39,17,12
14458,26,39,46,39
14459,26,39,25,38
14460,26,39,16,27
14461,26,39,11,11
14462,26,39,41,18
14463,26,39,12,32
14464,26,39,29,17
14465,26,39,16,44
14466,26,39,43,28
14467,26,39,15,13
14468,26,39,29,19
14469,26,39,12,25
14470,26,39,24,11
14471,26,39,38,36
14472,26,39,28,32
14473,26,39,10,48
14474,26,39,20,26
14475,26,39,32,36
14476,26,39,16,36
14477,26,39,24,12
14478,26,39,32,21
14479,26,39,25,11
14480,26,39,40,41
14481,26,39,21,33
14482,26,39,16,11
14483,26,39,30,43
14484,26,39,18,18
14485,26,39,30,28
14486,26,39,28,45
14487,26,39,17,27
14488,26,39,11,38
14489,26,39,14,14
14490,26,39,48,38
14491,26,39,31,27
14492,26,39,27,32
14493,26,39,16,26
14494,26,39,33,15
14495,26,39,17,49
14496,26,39,47,39
14497,26,39,38,21
14498,26,39,45,10
14499,26,39,15,26
14500,26,39,27,27
14501,26,39,32,24
14502,26,39,41,42
14503,26,39,31,48
14504,26,39,38,42
14505,26,39,20,36
14506,26,39,24,49
14507,26,39,40,25
14508,26,39,42,34
14509,26,39,12,39
14510,26,39,22,22
14511,26,39,23,20
14512,26,39,27,12
14513,26,39,47,38
14514,26,39,18,46
14515,26,39,12,47
14516,26,39,19,24
14517,26,39,48,41
14518,26,39,48,37
14519,26,39,45,19
14520,26,39,10,32
14521,26,39,21,41
14522,26,39,19,27
14523,26,39,44,25
14524,26,39,43,10
14525,26,39,33,26
14526,26,39,43,14
14527,26,39,47,20
14528,26,39,45,33
14529,26,39,10,20
14530,26,39,41,29
14531,26,39,39,16
14532,26,39,40,21
14533,26,39,39,25
14534,26,39,11,44
14535,26,39,11,12
14536,26,39,19,25
14537,26,39,23,17
14538,26,39,13,16
14539,26,39,48,46
14540,26,39,37,41
14541,26,39,11,19
14542,26,39,43,14
14543,26,39,42,36
14544,26,39,10,36
14545,26,39,22,38
14546,26,39,34,16
14547,26,39,41,48
14548,26,39,36,15
14549,26,39,49,22
14550,26,39,45,42
14551,26,39,18,40
14552,26,39,27,35
14553,26,39,26,14
14554,26,39,40,43
14555,26,39,49,44
14556,26,39,39,37
14557,26,39,36,37
14558,26,39,37,12
14559,26,39,22,29
14560,26,39,16,21
14561,26,39,19,14
14562,26,39,48,19
14563,26,39,12,16
14564,26,39,46,48
14565,26,39,49,41
14566,26,39,11,15
14567,26,39,22,14
14568,26,39,36,19
14569,26,39,20,27
14570,26,39,10,41
14571,26,39,21,27
14572,26,39,47,39
14573,26,39,39,41
14574,26,39,40,28
14575,26,39,39,18
14576,26,39,20,10
14577,26,39,32,37
14578,26,39,18,43
14579,26,39,31,26
14580,26,39,11,44
14581,26,39,42,12
14582,26,39,42,30
14583,26,39,40,36
14584,26,39,29,38
14585,26,39,26,27
14586,26,39,49,36
14587,26,39,28,35
14588,26,39,44,11
14589,26,39,10,30
14590,26,39,21,34
14591,26,39,31,31
14592,26,39,14,15
14593,26,39,21,45
14594,26,39,46,33
14595,26,39,38,43
14596,26,39,42,13
14597,26,39,33,27
14598,26,39,39,10
14599,26,39,15,31
14600,26,39,32,43
14601,26,39,32,15
14602,26,39,46,17
14603,26,39,30,39
14604,26,39,26,30
14605,26,39,32,35
14606,26,39,17,10
14607,26,39,14,38
14608,26,39,35,38
14609,26,39,47,35
14610,26,39,45,32
14611,26,39,12,46
14612,26,39,36,10
14613,26,39,32,11
14614,26,39,47,17
14615,26,39,49,22
14616,26,39,44,19
14617,26,39,22,29
14618,26,39,33,38
14619,26,39,15,48
14620,26,39,49,39
14621,26,39,38,26
14622,26,39,43,31
14623,26,39,28,13
14624,26,39,49,18
14625,26,39,15,16
14626,26,39,41,11
14627,26,39,26,48
14628,26,39,30,42
14629,26,39,34,25
14630,26,39,21,24
14631,26,39,44,19
14632,26,39,20,35
14633,26,39,49,17
14634,26,39,36,46
14635,26,39,34,35
14636,26,39,16,22
14637,26,39,22,29
14638,26,39,21,30
14639,26,39,32,46
14640,26,39,34,16
14641,26,39,19,45
14642,26,39,35,13
14643,26,39,34,41
14644,26,39,44,19
14645,26,39,49,15
14646,26,39,42,30
14647,26,39,45,14
14648,26,39,34,42
14649,26,39,42,38
14650,26,39,49,48
14651,26,39,39,27
14652,26,39,20,35
14653,26,39,24,27
14654,26,39,23,19
14655,26,39,13,43
14656,26,39,49,33
14657,26,39,37,28
14658,26,39,15,43
14659,26,39,48,13
14660,26,39,23,30
14661,26,39,20,11
14662,26,39,19,28
14663,26,39,22,25
14664,26,39,15,15
14665,26,39,23,47
14666,26,39,44,25
14667,26,39,33,22
14668,26,39,39,49
14669,26,39,41,39
14670,26,39,20,19
14671,26,39,40,13
14672,26,39,19,23
14673,26,39,33,42
14674,26,39,34,20
14675,26,39,39,25
14676,26,39,23,47
14677,26,39,12,44
14678,26,39,25,13
14679,26,39,22,40
14680,26,39,12,39
14681,26,39,30,40
14682,26,39,49,17
14683,26,39,26,20
14684,26,39,36,45
14685,26,39,13,33
14686,26,39,10,18
14687,26,39,15,15
14688,26,39,44,23
14689,26,39,30,44
14690,26,39,16,43
14691,26,39,22,24
14692,26,39,26,33
14693,26,39,41,35
14694,26,39,34,19
14695,26,39,49,26
14696,26,39,27,45
14697,26,39,32,46
14698,26,39,47,39
14699,26,39,34,20
14700,26,39,37,40
14701,26,39,19,42
14702,26,39,33,19
14703,26,39,25,48
14704,26,39,41,36
14705,26,39,36,45
14706,26,39,39,15
14707,26,39,16,22
14708,26,39,42,31
14709,26,39,25,12
14710,26,39,26,18
14711,26,39,48,44
14712,26,39,43,38
14713,26,39,37,32
14714,26,39,44,42
14715,26,39,32,44
14716,26,39,48,30
14717,26,39,22,12
14718,26,39,16,22
14719,26,39,17,31
14720,26,39,34,47
14721,26,39,41,40
14722,26,39,30,47
14723,26,39,20,44
14724,26,39,38,26
14725,26,39,48,19
14726,26,39,11,13
14727,26,39,24,41
14728,26,39,23,21
14729,26,39,45,25
14730,26,39,45,38
14731,26,39,14,17
14732,26,39,44,18
14733,26,39,30,24
14734,26,39,21,12
14735,26,39,48,38
14736,26,39,33,48
14737,26,39,30,35
14738,26,39,13,47
14739,26,39,49,17
14740,26,39,12,10
14741,26,39,23,42
14742,26,39,49,43
14743,26,39,27,19
14744,26,39,14,41
14745,26,39,44,10
14746,26,39,13,47
14747,26,39,39,24
14748,26,39,16,37
14749,26,39,15,42
14750,26,39,36,27
14751,26,39,37,25
14752,26,39,29,45
14753,26,39,26,37
14754,26,39,30,13
14755,26,39,17,47
14756,26,39,22,18
14757,26,39,19,21
14758,26,39,13,35
14759,26,39,35,44
14760,26,39,46,24
14761,26,39,44,15
14762,26,39,41,23
14763,26,39,12,18
14764,26,39,47,15
14765,26,39,32,45
14766,26,39,28,18
14767,26,39,30,47
14768,26,39,42,37
14769,26,39,24,21
14770,26,39,48,17
14771,26,39,36,42
14772,26,39,37,49
14773,26,39,43,32
14774,26,39,36,41
14775,26,39,39,36
14776,26,39,42,21
14777,26,39,42,43
14778,26,39,39,29
14779,26,39,18,15
14780,26,39,35,41
14781,26,39,43,39
14782,26,39,21,37
14783,26,39,33,42
14784,26,39,32,42
14785,26,39,12,13
14786,26,39,22,16
14787,26,39,16,34
14788,26,39,37,49
14789,26,39,32,15
14790,26,39,43,18
14791,26,39,41,47
14792,26,39,38,27
14793,26,39,41,20
14794,26,39,16,25
14795,26,39,41,49
14796,26,39,21,29
14797,26,39,27,29
14798,26,39,12,18
14799,26,39,16,32
14800,26,39,45,10
14801,26,39,35,43
14802,26,39,35,23
14803,26,39,36,46
14804,26,39,49,26
14805,26,39,45,33
14806,26,39,43,23
14807,26,39,24,21
14808,26,39,18,45
14809,26,39,26,40
14810,26,39,44,12
14811,26,39,44,20
14812,26,39,29,41
14813,26,39,26,37
14814,26,39,47,30
14815,26,39,46,47
14816,26,39,10,45
14817,26,39,37,27
14818,26,39,36,19
14819,26,39,24,38
14820,26,39,33,15
14821,26,39,48,36
14822,26,39,29,15
14823,26,39,23,21
14824,26,39,32,23
14825,26,39,35,24
14826,26,39,42,22
14827,26,39,14,48
14828,26,39,25,32
14829,26,39,39,32
14830,26,39,37,33
14831,26,39,19,31
14832,26,39,43,13
14833,26,39,14,45
14834,26,39,17,45
14835,26,39,47,31
14836,26,39,39,37
14837,26,39,10,49
14838,26,39,37,34
14839,26,39,46,16
14840,26,39,23,45
14841,26,39,46,42
14842,26,39,32,18
14843,26,39,27,48
14844,26,39,16,44
14845,26,39,42,21
14846,26,39,44,40
14847,26,39,27,15
14848,26,39,14,14
14849,26,39,27,46
14850,26,39,29,34
14851,26,39,44,14
14852,26,39,39,10
14853,26,39,31,49
14854,26,39,16,11
14855,26,39,48,45
14856,26,39,11,34
14857,26,39,18,15
14858,26,39,13,15
14859,26,39,32,16
14860,26,39,38,12
14861,26,39,10,18
14862,26,39,36,49
14863,26,39,28,13
14864,26,39,10,39
14865,26,39,46,44
14866,26,39,19,17
14867,26,39,14,34
14868,26,39,16,30
14869,26,39,40,49
14870,26,39,15,15
14871,26,39,38,43
14872,26,39,32,12
14873,26,39,37,36
14874,26,39,17,37
14875,26,39,39,46
14876,26,39,24,22
14877,26,39,45,30
14878,26,39,32,10
14879,26,39,41,35
14880,26,39,12,34
14881,26,39,22,47
14882,26,39,24,34
14883,26,39,23,37
14884,26,39,12,39
14885,26,39,22,13
14886,26,39,38,32
14887,26,39,26,29
14888,26,39,45,40
14889,26,39,18,11
14890,26,39,15,27
14891,26,39,37,28
14892,26,39,45,47
14893,26,39,40,23
14894,26,39,32,26
14895,26,39,23,47
14896,26,39,41,16
14897,26,39,35,44
14898,26,39,40,25
14899,26,39,26,33
14900,26,39,37,24
14901,26,39,30,13
14902,26,39,49,31
14903,26,39,17,23
14904,26,39,38,34
14905,26,39,28,43
14906,26,39,23,27
14907,26,39,44,36
14908,26,39,28,18
14909,26,39,25,19
14910,26,39,26,19
14911,26,39,21,42
14912,26,39,49,23
14913,26,39,34,29
14914,26,39,26,47
14915,26,39,10,43
14916,26,39,40,46
14917,26,39,39,34
14918,26,39,36,35
14919,26,39,17,48
14920,26,39,33,28
14921,26,39,20,28
14922,26,39,13,14
14923,26,39,39,11
14924,26,39,23,24
14925,26,39,39,28
14926,26,39,20,23
14927,26,39,35,28
14928,26,39,38,30
14929,26,39,46,32
14930,26,39,13,24
14931,26,39,33,48
14932,26,39,31,32
14933,26,39,44,34
14934,26,39,23,22
14935,26,39,49,15
14936,26,39,11,18
14937,26,39,27,38
14938,26,39,42,32
14939,26,39,28,42
14940,26,39,42,38
14941,26,39,48,45
14942,26,39,26,42
14943,26,39,15,10
14944,26,39,13,13
14945,26,39,49,29
14946,26,39,10,33
14947,26,39,17,16
14948,26,39,10,45
14949,26,39,28,23
14950,26,39,39,43
14951,26,39,33,22
14952,26,39,35,16
14953,26,39,18,49
14954,26,39,43,42
14955,26,39,40,13
14956,26,39,13,40
14957,26,39,29,16
14958,26,39,36,49
14959,26,39,15,25
14960,26,39,12,20
14961,26,39,31,22
14962,26,39,32,48
14963,26,39,33,35
14964,26,39,21,47
14965,26,39,15,24
14966,26,39,35,47
14967,26,39,12,19
14968,26,39,18,44
14969,26,39,47,40
14970,26,39,37,46
14971,26,39,23,29
14972,26,39,18,27
14973,26,39,40,38
14974,26,39,24,41
14975,26,39,39,37
14976,26,39,18,49
14977,26,39,45,13
14978,26,39,37,37
14979,26,39,21,36
14980,26,39,49,49
14981,26,39,15,40
14982,26,39,29,30
14983,26,39,42,43
14984,26,39,37,34
14985,26,39,44,24
14986,26,39,30,11
14987,26,39,45,35
14988,26,39,45,31
14989,26,39,46,48
14990,26,39,16,42
14991,26,39,39,19
14992,26,39,47,30
14993,26,39,29,31
14994,26,39,11,16
14995,26,39,42,25
14996,26,39,49,35
14997,26,39,45,13
14998,26,39,30,44
14999,26,39,30,12
15000,26,39,33,30
15001,26,39,36,43
15002,26,39,33,10
15003,26,39,15,20
15004,26,39,27,13
15005,26,39,16,49
15006,26,39,17,36
15007,26,39,43,42
15008,26,39,26,47
15009,26,39,34,11
15010,26,39,26,39
15011,26,39,26,20
15012,26,39,44,49
15013,26,39,23,46
15014,26,39,20,38
15015,26,39,35,22
15016,26,39,17,33
15017,26,39,13,32
15018,26,39,45,17
15019,26,39,10,12
15020,26,39,39,24
15021,26,39,28,18
15022,26,39,20,43
15023,26,39,41,42
15024,26,39,35,46
15025,26,39,49,16
15026,26,39,23,28
15027,26,39,41,10
15028,26,39,38,40
15029,26,39,43,37
15030,26,39,35,37
15031,26,39,15,15
15032,26,39,27,29
15033,26,39,32,11
15034,26,39,19,12
15035,26,39,27,42
15036,26,39,33,14
15037,26,39,35,13
15038,26,39,41,40
15039,26,39,22,18
15040,26,39,45,28
15041,26,39,24,21
15042,26,39,27,48
15043,26,39,42,33
15044,26,39,20,20
15045,26,39,46,10
15046,26,39,35,30
15047,26,39,41,17
15048,26,39,44,38
15049,26,39,30,10
15050,26,39,10,48
15051,26,39,32,19
15052,26,39,34,26
15053,26,39,15,44
15054,26,39,13,25
15055,26,39,31,45
15056,26,39,23,11
15057,26,39,45,18
15058,26,39,14,17
15059,26,39,47,14
15060,26,39,15,49
15061,26,39,45,23
15062,26,39,12,16
15063,26,39,17,28
15064,26,39,28,10
15065,26,39,23,37
15066,26,39,40,33
15067,26,39,32,24
15068,26,39,10,48
15069,26,39,28,38
15070,26,39,32,29
15071,26,39,18,36
15072,26,39,42,42
15073,26,39,16,40
15074,26,39,30,17
15075,26,39,10,11
15076,26,39,36,34
15077,26,39,36,14
15078,26,39,28,21
15079,26,39,26,20
15080,26,39,30,11
15081,26,39,16,41
15082,26,39,13,20
15083,26,39,37,17
15084,26,39,47,43
15085,26,39,27,21
15086,26,39,10,48
15087,26,39,34,39
15088,26,39,44,39
15089,26,39,37,10
15090,26,39,38,24
15091,26,39,28,43
15092,26,39,47,49
15093,26,39,49,49
15094,26,39,33,40
15095,26,39,44,14
15096,26,39,17,26
15097,26,39,10,20
15098,26,39,23,46
15099,26,39,29,34
15100,26,39,47,20
15101,26,39,14,29
15102,26,39,19,48
15103,26,39,17,41
15104,26,39,12,18
15105,26,39,19,34
15106,26,39,25,10
15107,26,39,47,16
15108,26,39,16,41
15109,26,39,15,14
15110,26,39,15,11
15111,26,39,32,36
15112,26,39,23,40
15113,26,39,13,21
15114,26,39,21,27
15115,26,39,24,25
15116,26,39,34,32
15117,26,39,29,45
15118,26,39,44,22
15119,26,39,32,34
15120,26,39,33,45
15121,26,39,33,40
15122,26,39,23,46
15123,26,39,18,30
15124,26,39,45,17
15125,26,39,23,31
15126,26,39,26,29
15127,26,39,49,32
15128,26,39,41,26
15129,26,39,28,22
15130,26,39,30,44
15131,26,39,17,13
15132,26,39,41,25
15133,26,39,44,33
15134,26,39,28,28
15135,26,39,21,32
15136,26,39,41,16
15137,26,39,18,24
15138,26,39,12,49
15139,26,39,43,31
15140,26,39,10,16
15141,26,39,41,41
15142,26,39,46,18
15143,26,39,43,32
15144,26,39,28,49
15145,26,39,37,31
15146,26,39,11,14
15147,26,39,17,31
15148,26,39,48,15
15149,26,39,22,43
15150,26,39,26,16
15151,26,39,13,36
15152,26,39,49,22
15153,26,39,39,31
15154,26,39,28,36
15155,26,39,23,49
15156,26,39,21,15
15157,26,39,40,32
15158,26,39,39,19
15159,26,39,21,27
15160,26,39,43,10
15161,26,39,29,27
15162,26,39,27,45
15163,26,39,29,24
15164,26,39,30,27
15165,26,39,10,43
15166,26,39,18,33
15167,26,39,48,44
15168,26,39,25,23
15169,26,39,19,12
15170,26,39,33,48
15171,26,39,18,35
15172,26,39,37,18
15173,26,39,22,49
15174,26,39,45,34
15175,26,39,33,47
15176,26,39,27,39
15177,26,39,42,27
15178,26,39,35,32
15179,26,39,13,23
15180,26,39,19,22
15181,26,39,39,14
15182,26,39,32,23
15183,26,39,36,49
15184,26,39,47,17
15185,26,39,41,28
15186,26,39,46,27
15187,26,39,41,32
15188,26,39,43,37
15189,26,39,10,28
15190,26,39,23,35
15191,26,39,47,27
15192,26,39,32,49
15193,26,39,43,44
15194,26,39,28,34
15195,26,39,43,40
15196,26,39,32,32
15197,26,39,12,33
15198,26,39,48,22
15199,26,39,27,35
15200,26,39,16,44
15201,26,39,24,33
15202,26,39,33,22
15203,26,39,41,26
15204,26,39,20,35
15205,26,39,44,48
15206,26,39,48,30
15207,26,39,29,30
15208,26,39,20,45
15209,26,39,21,15
15210,26,39,33,42
15211,26,39,46,15
15212,26,39,43,38
15213,26,39,40,18
15214,26,39,15,12
15215,26,39,30,44
15216,26,39,10,43
15217,26,39,28,31
15218,26,39,24,15
15219,26,39,48,16
15220,26,39,45,13
15221,26,39,47,26
15222,26,39,29,46
15223,26,39,41,13
15224,26,39,15,35
15225,26,39,49,38
15226,26,39,34,32
15227,26,39,31,10
15228,26,39,20,46
15229,26,39,14,21
15230,26,39,42,12
15231,26,39,37,43
15232,26,39,20,21
15233,26,39,49,37
15234,26,39,33,16
15235,26,39,10,43
15236,26,39,16,43
15237,26,39,23,39
15238,26,39,10,23
15239,26,39,43,43
15240,26,39,46,25
15241,26,39,22,22
15242,26,39,33,44
15243,26,39,26,20
15244,26,39,31,37
15245,26,39,31,29
15246,26,39,28,43
15247,26,39,17,21
15248,26,39,26,29
15249,26,39,11,47
15250,26,39,48,33
15251,26,39,32,28
15252,26,39,49,30
15253,26,39,29,26
15254,26,39,31,28
15255,26,39,22,16
15256,26,39,32,22
15257,26,39,20,10
15258,26,39,45,44
15259,26,39,16,34
15260,26,39,20,48
15261,26,39,25,38
15262,26,39,28,28
15263,26,39,39,29
15264,26,39,35,21
15265,26,39,10,27
15266,26,39,12,17
15267,26,39,20,11
15268,26,39,17,23
15269,26,39,28,19
15270,26,39,30,18
15271,26,39,45,44
15272,26,39,48,24
15273,26,39,29,49
15274,26,39,14,41
15275,26,39,18,10
15276,26,39,20,34
15277,26,39,26,32
15278,26,39,44,10
15279,26,39,27,23
15280,26,39,13,47
15281,26,39,49,10
15282,26,39,39,41
15283,26,39,14,27
15284,26,39,14,12
15285,26,39,40,28
15286,26,39,46,14
15287,26,39,36,16
15288,26,39,16,28
15289,26,39,36,42
15290,26,39,17,42
15291,26,39,39,14
15292,26,39,44,36
15293,26,39,32,48
15294,26,39,28,25
15295,26,39,21,11
15296,26,39,16,38
15297,26,39,46,44
15298,26,39,43,30
15299,26,39,35,28
15300,26,39,21,26
15301,26,39,49,48
15302,26,39,12,24
15303,26,39,41,44
15304,26,39,14,37
15305,26,39,18,29
15306,26,39,29,45
15307,26,39,48,41
15308,26,39,45,29
15309,26,39,17,14
15310,26,39,33,17
15311,26,39,29,40
15312,26,39,22,39
15313,26,39,27,49
15314,26,39,17,34
15315,26,39,31,21
15316,26,39,49,13
15317,26,39,26,14
15318,26,39,31,45
15319,26,39,28,35
15320,26,39,33,18
15321,26,39,44,12
15322,26,39,11,12
15323,26,39,26,26
15324,26,39,27,14
15325,26,39,48,24
15326,26,39,20,45
15327,26,39,23,23
15328,26,39,19,14
15329,26,39,36,30
15330,26,39,47,45
15331,26,39,16,15
15332,26,39,19,46
15333,26,39,45,44
15334,26,39,18,13
15335,26,39,29,33
15336,26,39,30,37
15337,26,39,20,16
15338,26,39,25,11
15339,26,39,14,49
15340,26,39,45,19
15341,26,39,25,41
15342,26,39,28,30
15343,26,39,36,25
15344,26,39,45,15
15345,26,39,36,30
15346,26,39,31,25
15347,26,39,37,11
15348,26,39,14,21
15349,26,39,17,11
15350,26,39,16,43
15351,26,39,10,34
15352,26,39,24,16
15353,26,39,44,27
15354,26,39,30,30
15355,26,39,35,26
15356,26,39,10,29
15357,26,39,26,42
15358,26,39,24,42
15359,26,39,24,36
15360,26,39,36,44
15361,26,39,29,48
15362,26,39,17,43
15363,26,39,25,47
15364,26,39,11,40
15365,26,39,42,12
15366,26,39,35,35
15367,26,39,41,23
15368,26,39,29,42
15369,26,39,39,40
15370,26,39,43,22
15371,26,39,16,20
15372,26,39,23,42
15373,26,39,20,12
15374,26,39,47,30
15375,26,39,37,28
15376,26,39,28,22
15377,26,39,31,35
15378,26,39,28,30
15379,26,39,13,37
15380,26,39,15,30
15381,26,39,31,31
15382,26,39,21,35
15383,26,39,20,42
15384,26,39,26,38
15385,26,39,36,46
15386,26,39,21,35
15387,26,39,40,47
15388,26,39,11,39
15389,26,39,25,49
15390,26,39,40,11
15391,26,39,19,15
15392,26,39,35,11
15393,26,39,13,35
15394,26,39,12,37
15395,26,39,11,15
15396,26,39,27,39
15397,26,39,37,34
15398,26,39,12,37
15399,26,39,26,18
15400,26,39,13,13
15401,26,39,21,44
15402,26,39,18,46
15403,26,39,26,39
15404,26,39,35,24
15405,26,39,32,29
15406,26,39,11,10
15407,26,39,36,22
15408,26,39,32,47
15409,26,39,32,42
15410,26,39,36,18
15411,26,39,41,19
15412,26,39,33,32
15413,26,39,10,15
15414,26,39,21,47
15415,26,39,11,16
15416,26,39,45,20
15417,26,39,23,19
15418,26,39,19,28
15419,26,39,45,48
15420,26,39,30,19
15421,26,39,17,22
15422,26,39,14,35
15423,26,39,31,29
15424,26,39,17,18
15425,26,39,48,15
15426,26,39,47,37
15427,26,39,25,41
15428,26,39,33,29
15429,26,39,34,49
15430,26,39,26,18
15431,26,39,18,19
15432,26,39,38,36
15433,26,39,20,47
15434,26,39,35,17
15435,26,39,19,16
15436,26,39,26,11
15437,26,39,45,33
15438,26,39,38,40
15439,26,39,26,38
15440,26,39,49,48
15441,26,39,10,32
15442,26,39,38,29
15443,26,39,31,24
15444,26,39,31,31
15445,26,39,18,49
15446,26,39,41,11
15447,26,39,19,33
15448,26,39,42,39
15449,26,39,19,48
15450,26,39,12,13
15451,26,39,45,39
15452,26,39,30,38
15453,26,39,47,34
15454,26,39,10,30
15455,26,39,48,36
15456,26,39,35,35
15457,26,39,18,26
15458,26,39,11,36
15459,26,39,33,18
15460,26,39,28,31
15461,26,39,21,47
15462,26,39,21,20
15463,26,39,22,11
15464,26,39,45,12
15465,26,39,26,46
15466,26,39,28,42
15467,26,39,19,48
15468,26,39,47,43
15469,26,39,17,46
15470,26,39,45,19
15471,26,39,12,28
15472,26,39,44,48
15473,26,39,25,46
15474,26,39,45,35
15475,26,39,48,24
15476,26,39,24,41
15477,26,39,18,41
15478,26,39,34,21
15479,26,39,39,10
15480,26,39,47,35
15481,26,39,47,13
15482,26,39,43,22
15483,26,39,13,31
15484,26,39,40,19
15485,26,39,36,35
15486,26,39,23,35
15487,26,39,27,23
15488,26,39,27,29
15489,26,39,49,23
15490,26,39,19,26
15491,26,39,17,30
15492,26,39,25,23
15493,26,39,14,31
15494,26,39,40,49
15495,26,39,27,25
15496,26,39,25,48
15497,26,39,26,40
15498,26,39,18,12
15499,26,39,16,48
15500,26,39,31,39
15501,26,39,28,29
15502,26,39,21,18
15503,26,39,22,33
15504,26,39,34,17
15505,26,39,28,21
15506,26,39,12,24
15507,26,39,48,19
15508,26,39,45,41
15509,26,39,39,20
15510,26,39,41,17
15511,26,39,35,40
15512,26,39,17,20
15513,26,39,44,40
15514,26,39,35,24
15515,26,39,43,14
15516,26,39,45,34
15517,26,39,40,26
15518,26,39,18,49
15519,26,39,20,16
15520,26,39,12,40
15521,26,39,31,10
15522,26,39,13,43
15523,26,39,31,47
15524,26,39,11,49
15525,26,39,44,21
15526,26,39,35,36
15527,26,39,24,49
15528,26,39,25,32
15529,26,39,28,32
15530,26,39,16,17
15531,26,39,31,35
15532,26,39,16,45
15533,26,39,49,19
15534,26,39,40,19
15535,26,39,38,25
15536,26,39,39,46
15537,26,39,30,27
15538,26,39,19,15
15539,26,39,29,40
15540,26,39,19,44
15541,26,39,11,49
15542,26,39,22,26
15543,26,39,42,31
15544,26,39,46,40
15545,26,39,26,36
15546,26,39,38,40
15547,26,39,49,22
15548,26,39,42,41
15549,26,39,41,39
15550,26,39,46,46
15551,26,39,32,48
15552,26,39,37,34
15553,26,39,35,38
15554,26,39,49,30
15555,26,39,45,35
15556,26,39,44,22
15557,26,39,22,42
15558,26,39,23,23
15559,26,39,25,33
15560,26,39,13,16
15561,26,39,42,36
15562,26,39,28,44
15563,26,39,39,11
15564,26,39,44,10
15565,26,39,14,17
15566,26,39,38,23
15567,26,39,32,28
15568,26,39,24,45
15569,26,39,23,40
15570,26,39,29,18
15571,26,39,32,41
15572,26,39,28,30
15573,26,39,17,28
15574,26,39,36,18
15575,26,39,28,14
15576,26,39,25,16
15577,26,39,45,27
15578,26,39,44,48
15579,26,39,21,22
15580,26,39,40,29
15581,26,39,19,14
15582,26,39,13,21
15583,26,39,16,14
15584,26,39,13,34
15585,26,39,41,49
15586,26,39,47,34
15587,26,39,33,25
15588,26,39,43,26
15589,26,39,31,22
15590,26,39,40,11
15591,26,39,39,15
15592,26,39,23,23
15593,26,39,35,19
15594,26,39,45,29
15595,26,39,43,39
15596,26,39,25,34
15597,26,39,42,45
15598,26,39,48,48
15599,26,39,20,38
15600,26,39,44,23
15601,26,39,10,28
15602,26,39,32,20
15603,26,39,31,47
15604,26,39,18,25
15605,26,39,46,19
15606,26,39,37,21
15607,26,39,49,33
15608,26,39,35,23
15609,26,39,43,40
15610,26,39,46,14
15611,26,39,35,48
15612,26,39,14,13
15613,26,39,43,25
15614,26,39,21,19
15615,26,39,43,19
15616,26,39,22,18
15617,26,39,30,34
15618,26,39,16,27
15619,26,39,29,21
15620,26,39,27,34
15621,26,39,19,27
15622,26,39,45,12
15623,26,39,15,31
15624,26,39,10,43
15625,26,39,13,26
15626,26,39,47,45
15627,26,39,11,38
15628,26,39,18,48
15629,26,39,41,32
15630,26,39,23,14
15631,26,39,12,25
15632,26,39,18,21
15633,26,39,20,41
15634,26,39,14,20
15635,26,39,15,18
15636,26,39,14,30
15637,26,39,16,33
15638,26,39,46,31
15639,26,39,22,43
15640,26,39,37,35
15641,26,39,14,24
15642,26,39,11,20
15643,26,39,25,44
15644,26,39,29,17
15645,26,39,39,26
15646,26,39,43,46
15647,26,39,37,32
15648,26,39,44,11
15649,26,39,22,25
15650,26,39,19,41
15651,26,39,24,36
15652,26,39,21,41
15653,26,39,30,20
15654,26,39,28,20
15655,26,39,42,41
15656,26,39,30,40
15657,26,39,27,19
15658,26,39,18,39
15659,26,39,10,20
15660,26,39,11,44
15661,26,39,44,22
15662,26,39,12,11
15663,26,39,10,27
15664,26,39,37,47
15665,26,39,38,41
15666,26,39,43,48
15667,26,39,37,28
15668,26,39,17,32
15669,26,39,22,21
15670,26,39,15,31
15671,26,39,32,47
15672,26,39,24,45
15673,26,39,40,49
15674,26,39,10,47
15675,26,39,19,39
15676,26,39,22,29
15677,26,39,39,29
15678,26,39,40,16
15679,26,39,48,30
15680,26,39,11,42
15681,26,39,21,30
15682,26,39,39,16
15683,26,39,38,23
15684,26,39,40,19
15685,26,39,16,38
15686,26,39,47,49
15687,26,39,46,12
15688,26,39,23,34
15689,26,39,24,20
15690,26,39,29,44
15691,26,39,12,31
15692,26,39,33,46
15693,26,39,27,46
15694,26,39,49,39
15695,26,39,21,41
15696,26,39,18,15
15697,26,39,29,29
15698,26,39,25,49
15699,26,39,31,17
15700,26,39,21,34
15701,26,39,14,25
15702,26,39,18,41
15703,26,39,17,33
15704,26,39,15,45
15705,26,39,43,45
15706,26,39,33,34
15707,26,39,33,47
15708,26,39,45,15
15709,26,39,17,29
15710,26,39,31,20
15711,26,39,31,22
15712,26,39,30,35
15713,26,39,26,38
15714,26,39,27,42
15715,26,39,47,34
15716,26,39,31,31
15717,26,39,44,29
15718,26,39,11,18
15719,26,39,42,29
15720,26,39,14,17
15721,26,39,24,20
15722,26,39,10,30
15723,26,39,47,17
15724,26,39,18,11
15725,26,39,27,22
15726,26,39,33,45
15727,26,39,41,46
15728,26,39,33,24
15729,26,39,18,26
15730,26,39,31,38
15731,26,39,47,25
15732,26,39,19,12
15733,26,39,14,39
15734,26,39,19,23
15735,26,39,18,21
15736,26,39,19,12
15737,26,39,42,46
15738,26,39,30,23
15739,26,39,11,41
15740,26,39,16,47
15741,26,39,43,47
15742,26,39,25,41
15743,26,39,32,39
15744,26,39,33,26
15745,26,39,34,32
15746,26,39,20,37
15747,26,39,41,17
15748,26,39,20,27
15749,26,39,48,35
15750,26,39,12,17
15751,26,39,37,36
15752,26,39,47,44
15753,26,39,38,33
15754,26,39,36,11
15755,26,39,45,47
15756,26,39,10,14
15757,26,39,49,45
15758,26,39,29,14
15759,26,39,49,18
15760,26,39,38,20
15761,26,39,15,31
15762,26,39,14,19
15763,26,39,19,31
15764,26,39,21,12
15765,26,39,37,35
15766,26,39,11,45
15767,26,39,25,32
15768,26,39,33,26
15769,26,39,12,22
15770,26,39,43,13
15771,26,39,23,36
15772,26,39,35,27
15773,26,39,23,30
15774,26,39,45,25
15775,26,39,12,42
15776,26,39,20,11
15777,26,39,29,36
15778,26,39,28,39
15779,26,39,36,47
15780,26,39,11,20
15781,26,39,37,37
15782,26,39,19,26
15783,26,39,40,46
15784,26,39,33,35
15785,26,39,49,25
15786,26,39,20,10
15787,26,39,47,41
15788,26,39,31,42
15789,26,39,21,38
15790,26,39,29,27
15791,26,39,45,15
15792,26,39,48,20
15793,26,39,36,31
15794,26,39,28,24
15795,26,39,33,24
15796,26,39,21,36
15797,26,39,30,10
15798,26,39,21,16
15799,26,39,44,26
15800,26,39,30,15
15801,26,39,12,41
15802,26,39,30,49
15803,26,39,30,47
15804,26,39,28,11
15805,26,39,42,17
15806,26,39,19,44
15807,26,39,23,48
15808,26,39,18,44
15809,26,39,37,23
15810,26,39,33,29
15811,26,39,30,22
15812,26,39,40,15
15813,26,39,35,49
15814,26,39,36,13
15815,26,39,44,30
15816,26,39,46,11
15817,26,39,20,22
15818,26,39,33,13
15819,26,39,23,21
15820,26,39,18,36
15821,26,39,14,20
15822,26,39,44,22
15823,26,39,22,31
15824,26,39,27,45
15825,26,39,39,25
15826,26,39,11,13
15827,26,39,36,33
15828,26,39,15,49
15829,26,39,15,35
15830,26,39,45,30
15831,26,39,45,43
15832,26,39,16,29
15833,26,39,38,32
15834,26,39,21,37
15835,26,39,13,49
15836,26,39,21,41
15837,26,39,23,38
15838,26,39,49,40
15839,26,39,30,19
15840,26,39,42,16
15841,26,39,23,15
15842,26,39,45,32
15843,26,39,10,32
15844,26,39,33,31
15845,26,39,14,41
15846,26,39,49,44
15847,26,39,37,47
15848,26,39,33,15
15849,26,39,26,29
15850,26,39,42,17
15851,26,39,39,23
15852,26,39,19,35
15853,26,39,32,26
15854,26,39,40,28
15855,26,39,27,19
15856,26,39,11,48
15857,26,39,36,22
15858,26,39,44,33
15859,26,39,33,41
15860,26,39,19,35
15861,26,39,33,17
15862,26,39,37,25
15863,26,39,15,27
15864,26,39,40,27
15865,26,39,49,44
15866,26,39,40,40
15867,26,39,25,40
15868,26,39,11,24
15869,26,39,18,38
15870,26,39,45,34
15871,26,39,29,45
15872,26,39,26,35
15873,26,39,46,24
15874,26,39,22,43
15875,26,39,31,13
15876,26,39,33,27
15877,26,39,25,34
15878,26,39,35,43
15879,26,39,14,16
15880,26,39,45,27
15881,26,39,33,34
15882,26,39,23,29
15883,26,39,11,10
15884,26,39,26,13
15885,26,39,16,39
15886,26,39,33,17
15887,26,39,47,32
15888,26,39,43,26
15889,26,39,40,20
15890,26,39,42,35
15891,26,39,18,48
15892,26,39,26,16
15893,26,39,29,44
15894,26,39,28,36
15895,26,39,36,41
15896,26,39,11,18
15897,26,39,21,41
15898,26,39,21,18
15899,26,39,14,22
15900,26,39,43,15
15901,26,39,38,48
15902,26,39,22,13
15903,26,39,40,48
15904,26,39,16,34
15905,26,39,48,10
15906,26,39,18,28
15907,26,39,47,36
15908,26,39,43,23
15909,26,39,49,29
15910,26,39,44,47
15911,26,39,15,43
15912,26,39,49,48
15913,26,39,33,42
15914,26,39,36,44
15915,26,39,37,35
15916,26,39,31,44
15917,26,39,12,11
15918,26,39,39,31
15919,26,39,46,20
15920,26,39,42,23
15921,26,39,34,16
15922,26,39,28,21
15923,26,39,43,17
15924,26,39,19,15
15925,26,39,14,23
15926,26,39,22,42
15927,26,39,13,27
15928,26,39,49,45
15929,26,39,27,40
15930,26,39,17,28
15931,26,39,30,25
15932,26,39,37,17
15933,26,39,33,49
15934,26,39,17,45
15935,26,39,43,21
15936,26,39,13,18
15937,26,39,40,45
15938,26,39,35,46
15939,26,39,27,43
15940,26,39,38,21
15941,26,39,38,29
15942,26,39,16,12
15943,26,39,24,19
15944,26,39,39,48
15945,26,39,33,41
15946,26,39,43,14
15947,26,39,29,13
15948,26,39,21,19
15949,26,39,15,14
15950,26,39,21,43
15951,26,39,33,36
15952,26,39,41,47
15953,26,39,24,45
15954,26,39,11,36
15955,26,39,28,25
15956,26,39,46,44
15957,26,39,30,35
15958,26,39,26,19
15959,26,39,27,19
15960,26,39,13,12
15961,26,39,21,37
15962,26,39,47,23
15963,26,39,23,32
15964,26,39,15,47
15965,26,39,25,30
15966,26,39,45,35
15967,26,39,38,48
15968,26,39,16,39
15969,26,39,19,31
15970,26,39,25,30
15971,26,39,27,27
15972,26,39,40,24
15973,26,39,19,31
15974,26,39,16,32
15975,26,39,25,14
15976,26,39,29,49
15977,26,39,46,42
15978,26,39,28,22
15979,26,39,23,40
15980,26,39,20,10
15981,26,39,14,28
15982,26,39,44,30
15983,26,39,20,40
15984,26,39,17,15
15985,26,39,29,31
15986,26,39,42,49
15987,26,39,28,13
15988,26,39,47,33
15989,26,39,12,36
15990,26,39,19,27
15991,26,39,21,33
15992,26,39,48,27
15993,26,39,21,25
15994,26,39,12,34
15995,26,39,43,12
15996,26,39,41,36
15997,26,39,23,34
15998,26,39,48,36
15999,26,39,18,24
16000,26,39,48,10
16001,26,39,49,37
16002,26,39,26,43
16003,26,39,16,28
16004,26,39,27,38
16005,26,39,46,14
16006,26,39,39,48
16007,26,39,17,23
16008,26,39,37,45
16009,26,39,11,45
16010,26,39,35,31
16011,26,39,12,36
16012,26,39,46,30
16013,26,39,19,30
16014,26,39,22,15
16015,26,39,32,16
16016,26,39,48,31
16017,26,39,38,31
16018,26,39,19,37
16019,26,39,22,35
16020,26,39,44,47
16021,26,39,25,41
16022,26,39,29,25
16023,26,39,33,43
16024,26,39,32,33
16025,26,39,40,20
16026,26,39,27,34
16027,26,39,25,24
16028,26,39,21,26
16029,26,39,16,19
16030,26,39,23,39
16031,26,39,12,39
16032,26,39,25,12
16033,26,39,43,42
16034,26,39,16,48
16035,26,39,21,45
16036,26,39,46,23
16037,26,39,28,33
16038,26,39,35,20
16039,26,39,16,18
16040,26,39,33,33
16041,26,39,22,21
16042,26,39,25,48
16043,26,39,43,41
16044,26,39,41,25
16045,26,39,46,42
16046,26,39,11,34
16047,26,39,43,13
16048,26,39,27,19
16049,26,39,29,21
16050,26,39,34,43
16051,26,39,15,30
16052,26,39,32,35
16053,26,39,11,31
16054,26,39,11,44
16055,26,39,29,35
16056,26,39,23,32
16057,26,39,12,12
16058,26,39,15,38
16059,26,39,43,45
16060,26,39,13,24
16061,26,39,12,47
16062,26,39,11,23
16063,26,39,11,45
16064,26,39,27,16
16065,26,39,32,25
16066,26,39,24,27
16067,26,39,48,33
16068,26,39,16,46
16069,26,39,48,37
16070,26,39,21,49
16071,26,39,40,22
16072,26,39,15,19
16073,26,39,42,28
16074,26,39,35,46
16075,26,39,39,40
16076,26,39,17,10
16077,26,39,44,25
16078,26,39,47,33
16079,26,39,43,11
16080,26,39,24,46
16081,26,39,33,29
16082,26,39,26,15
16083,26,39,34,20
16084,26,39,37,42
16085,26,39,49,38
16086,26,39,32,19
16087,26,39,35,14
16088,26,39,30,30
16089,26,39,37,35
16090,26,39,41,30
16091,26,39,11,49
16092,26,39,42,22
16093,26,39,34,30
16094,26,39,42,43
16095,26,39,17,40
16096,26,39,46,29
16097,26,39,31,15
16098,26,39,10,47
16099,26,39,38,18
16100,26,39,15,28
16101,26,39,18,45
16102,26,39,31,13
16103,26,39,32,24
16104,26,39,23,12
16105,26,39,23,31
16106,26,39,28,41
16107,26,39,38,40
16108,26,39,36,31
16109,26,39,49,40
16110,26,39,22,39
16111,26,39,31,43
16112,26,39,37,43
16113,26,39,17,36
16114,26,39,29,38
16115,26,39,12,22
16116,26,39,39,34
16117,26,39,13,16
16118,26,39,48,35
16119,26,39,46,47
16120,26,39,21,14
16121,26,39,12,22
16122,26,39,42,25
16123,26,39,28,30
16124,26,39,42,24
16125,26,39,28,12
16126,26,39,48,42
16127,26,39,37,13
16128,26,39,39,49
16129,26,39,38,32
16130,26,39,34,32
16131,26,39,33,13
16132,26,39,23,11
16133,26,39,42,29
16134,26,39,44,13
16135,26,39,49,41
16136,26,39,47,41
16137,26,39,42,44
16138,26,39,32,37
16139,26,39,45,27
16140,26,39,42,19
16141,26,39,23,41
16142,26,39,47,11
16143,26,39,27,38
16144,26,39,27,42
16145,26,39,41,25
16146,26,39,37,15
16147,26,39,48,20
16148,26,39,13,45
16149,26,39,15,36
16150,26,39,22,32
16151,26,39,20,20
16152,26,39,20,10
16153,26,39,43,29
16154,26,39,26,42
16155,26,39,10,13
16156,26,39,44,27
16157,26,39,48,13
16158,26,39,43,11
16159,26,39,21,43
16160,26,39,22,27
16161,26,39,21,47
16162,26,39,40,14
16163,26,39,16,28
16164,26,39,23,34
16165,26,39,34,16
16166,26,39,36,17
16167,26,39,39,34
16168,26,39,49,11
16169,26,39,37,32
16170,26,39,18,13
16171,26,39,13,25
16172,26,39,31,27
16173,26,39,36,45
16174,26,39,41,27
16175,26,39,25,34
16176,26,39,15,46
16177,26,39,27,33
16178,26,39,34,37
16179,26,39,23,46
16180,26,39,44,21
16181,26,39,21,17
16182,26,39,23,40
16183,26,39,26,39
16184,26,39,29,31
16185,26,39,31,23
16186,26,39,34,15
16187,26,39,39,19
16188,26,39,32,29
16189,26,39,26,16
16190,26,39,35,16
16191,26,39,31,46
16192,26,39,48,31
16193,26,39,45,33
16194,26,39,47,25
16195,26,39,23,23
16196,26,39,10,36
16197,26,39,12,14
16198,26,39,40,13
16199,26,39,21,40
16200,26,39,35,36
16201,26,39,16,42
16202,26,39,22,12
16203,26,39,23,13
16204,26,39,49,25
16205,26,39,23,33
16206,26,39,41,12
16207,26,39,20,19
16208,26,39,30,24
16209,26,39,43,25
16210,26,39,35,11
16211,26,39,38,16
16212,26,39,34,47
16213,26,39,36,18
16214,26,39,20,34
16215,26,39,20,13
16216,26,39,14,17
16217,26,39,27,27
16218,26,39,34,23
16219,26,39,29,41
16220,26,39,14,48
16221,26,39,25,19
16222,26,39,46,27
16223,26,39,46,49
16224,26,39,31,30
16225,26,39,12,46
16226,26,39,10,39
16227,26,39,28,28
16228,26,39,44,12
16229,26,39,25,41
16230,26,39,19,19
16231,26,39,35,20
16232,26,39,30,28
16233,26,39,37,11
16234,26,39,31,46
16235,26,39,17,16
16236,26,39,47,33
16237,26,39,20,48
16238,26,39,17,35
16239,26,39,39,35
16240,26,39,37,11
16241,26,39,42,37
16242,26,39,43,33
16243,26,39,29,27
16244,26,39,14,36
16245,26,39,26,49
16246,26,39,41,47
16247,26,39,17,47
16248,26,39,22,20
16249,26,39,11,39
16250,26,39,49,19
16251,26,39,40,48
16252,26,39,27,30
16253,26,39,16,33
16254,26,39,29,42
16255,26,39,18,19
16256,26,39,42,30
16257,26,39,16,49
16258,26,39,11,15
16259,26,39,40,36
16260,26,39,10,29
16261,26,39,44,19
16262,26,39,18,30
16263,26,39,23,41
16264,26,39,29,26
16265,26,39,37,36
16266,26,39,40,41
16267,26,39,26,30
16268,26,39,19,10
16269,26,39,39,30
16270,26,39,35,32
16271,26,39,29,19
16272,26,39,23,42
16273,26,39,17,48
16274,26,39,37,13
16275,26,39,24,17
16276,26,39,36,14
16277,26,39,43,29
16278,26,39,41,24
16279,26,39,49,22
16280,26,39,34,23
16281,26,39,24,11
16282,26,39,24,19
16283,26,39,27,12
16284,26,39,45,16
16285,26,39,10,37
16286,26,39,20,37
16287,26,39,18,31
16288,26,39,15,26
16289,26,39,49,27
16290,26,39,14,13
16291,26,39,43,37
16292,26,39,21,18
16293,26,39,40,37
16294,26,39,48,39
16295,26,39,46,20
16296,26,39,26,14
16297,26,39,41,35
16298,26,39,43,42
16299,26,39,16,27
16300,26,39,26,28
16301,26,39,38,49
16302,26,39,17,44
16303,26,39,44,45
16304,26,39,26,49
16305,26,39,17,20
16306,26,39,46,24
16307,26,39,29,27
16308,26,39,48,38
16309,26,39,12,18
16310,26,39,14,11
16311,26,39,44,12
16312,26,39,48,33
16313,26,39,28,36
16314,26,39,11,12
16315,26,39,48,26
16316,26,39,31,49
16317,26,39,29,13
16318,26,39,37,14
16319,26,39,22,20
16320,26,39,20,13
16321,26,39,22,23
16322,26,39,43,33
16323,26,39,40,37
16324,26,39,32,32
16325,26,39,24,19
16326,26,39,14,44
16327,26,39,46,22
16328,26,39,23,46
16329,26,39,24,30
16330,26,39,19,46
16331,26,39,13,29
16332,26,39,45,36
16333,26,39,47,20
16334,26,39,13,43
16335,26,39,47,20
16336,26,39,23,15
16337,26,39,33,47
16338,26,39,16,14
16339,26,39,44,19
16340,26,39,27,21
16341,26,39,44,38
16342,26,39,39,48
16343,26,39,14,31
16344,26,39,14,18
16345,26,39,24,31
16346,26,39,44,47
16347,26,39,10,10
16348,26,39,43,21
16349,26,39,36,15
16350,26,39,45,24
16351,26,39,35,41
16352,26,39,30,19
16353,26,39,31,38
16354,26,39,36,11
16355,26,39,29,38
16356,26,39,44,14
16357,26,39,20,31
16358,26,39,37,29
16359,26,39,18,45
16360,26,39,43,12
16361,26,39,21,47
16362,26,39,34,35
16363,26,39,13,19
16364,26,39,23,39
16365,26,39,41,24
16366,26,39,11,12
16367,26,39,46,42
16368,26,39,24,46
16369,26,39,37,42
16370,26,39,39,29
16371,26,39,30,16
16372,26,39,14,31
16373,26,39,10,25
16374,26,39,11,11
16375,26,39,16,32
16376,26,39,47,39
16377,26,39,43,23
16378,26,39,33,32
16379,26,39,40,31
16380,26,39,10,45
16381,26,39,38,14
16382,26,39,22,25
16383,26,39,36,43
16384,26,39,34,45
16385,26,39,31,10
16386,26,39,36,21
16387,26,39,42,27
16388,26,39,36,34
16389,26,39,16,42
16390,26,39,19,22
16391,26,39,33,25
16392,26,39,37,32
16393,26,39,12,26
16394,26,39,41,16
16395,26,39,32,13
16396,26,39,42,12
16397,26,39,43,24
16398,26,39,25,24
16399,26,39,24,48
16400,26,39,37,28
16401,26,39,32,47
16402,26,39,13,40
16403,26,39,39,49
16404,26,39,42,20
16405,26,39,25,26
16406,26,39,25,44
16407,26,39,11,26
16408,26,39,27,38
16409,26,39,15,10
16410,26,39,37,26
16411,26,39,47,43
16412,26,39,46,15
16413,26,39,43,27
16414,26,39,18,32
16415,26,39,37,36
16416,26,39,42,18
16417,26,39,42,36
16418,26,39,19,40
16419,26,39,45,12
16420,26,39,38,45
16421,26,39,28,42
16422,26,39,12,26
16423,26,39,26,30
16424,26,39,19,14
16425,26,39,18,47
16426,26,39,16,11
16427,26,39,11,20
16428,26,39,23,30
16429,26,39,35,28
16430,26,39,33,35
16431,26,39,40,47
16432,26,39,46,23
16433,26,39,15,17
16434,26,39,31,21
16435,26,39,20,12
16436,26,39,28,13
16437,26,39,32,14
16438,26,39,10,26
16439,26,39,39,35
16440,26,39,26,35
16441,26,39,42,43
16442,26,39,17,36
16443,26,39,48,44
16444,26,39,45,42
16445,26,39,24,14
16446,26,39,11,43
16447,26,39,47,39
16448,26,39,14,42
16449,26,39,36,13
16450,26,39,37,29
16451,26,39,26,17
16452,26,39,21,32
16453,26,39,24,25
16454,26,39,23,13
16455,26,39,36,19
16456,26,39,13,28
16457,26,39,19,42
16458,26,39,33,45
16459,26,39,43,27
16460,26,39,38,10
16461,26,39,47,13
16462,26,39,19,47
16463,26,39,18,12
16464,26,39,26,39
16465,26,39,45,43
16466,26,39,26,22
16467,26,39,47,28
16468,26,39,31,10
16469,26,39,21,42
16470,26,39,13,17
16471,26,39,26,20
16472,26,39,12,17
16473,26,39,23,48
16474,26,39,36,49
16475,26,39,17,40
16476,26,39,35,29
16477,26,39,12,33
16478,26,39,36,14
16479,26,39,23,24
16480,26,39,26,14
16481,26,39,16,43
16482,26,39,20,10
16483,26,39,46,36
16484,26,39,30,33
16485,26,39,11,33
16486,26,39,26,35
16487,26,39,23,41
16488,26,39,46,44
16489,26,39,42,32
16490,26,39,46,14
16491,26,39,48,12
16492,26,39,31,35
16493,26,39,18,45
16494,26,39,11,16
16495,26,39,31,18
16496,26,39,18,18
16497,26,39,10,29
16498,26,39,44,29
16499,26,39,43,45
16500,26,39,37,28
16501,26,39,43,42
16502,26,39,12,20
16503,26,39,47,13
16504,26,39,31,21
16505,26,39,16,26
16506,26,39,24,17
16507,26,39,40,47
16508,26,39,30,23
16509,26,39,38,31
16510,26,39,33,18
16511,26,39,40,27
16512,26,39,25,39
16513,26,39,38,13
16514,26,39,18,23
16515,26,39,12,20
16516,26,39,38,24
16517,26,39,29,45
16518,26,39,24,38
16519,26,39,17,46
16520,26,39,21,42
16521,26,39,27,47
16522,26,39,36,16
16523,26,39,25,41
16524,26,39,27,26
16525,26,39,16,44
16526,26,39,36,42
16527,26,39,11,36
16528,26,39,27,32
16529,26,39,21,22
16530,26,39,14,27
16531,26,39,19,41
16532,26,39,30,23
16533,26,39,14,33
16534,26,39,35,12
16535,26,39,14,31
16536,26,39,32,21
16537,26,39,12,36
16538,26,39,10,32
16539,26,39,41,27
16540,26,39,47,44
16541,26,39,38,30
16542,26,39,42,48
16543,26,39,37,13
16544,26,39,13,39
16545,26,39,33,35
16546,26,39,41,47
16547,26,39,10,14
16548,26,39,45,29
16549,26,39,16,32
16550,26,39,17,45
16551,26,39,21,24
16552,26,39,45,16
16553,26,39,25,47
16554,26,39,21,45
16555,26,39,21,38
16556,26,39,20,40
16557,26,39,12,32
16558,26,39,10,45
16559,26,39,34,48
16560,26,39,35,11
16561,26,39,16,42
16562,26,39,33,41
16563,26,39,38,31
16564,26,39,39,32
16565,26,39,43,16
16566,26,39,25,30
16567,26,39,41,36
16568,26,39,35,17
16569,26,39,21,43
16570,26,39,35,29
16571,26,39,39,21
16572,26,39,44,34
16573,26,39,34,20
16574,26,39,43,44
16575,26,39,18,10
16576,26,39,21,27
16577,26,39,12,13
16578,26,39,34,20
16579,26,39,48,20
16580,26,39,15,10
16581,26,39,49,14
16582,26,39,25,10
16583,26,39,26,12
16584,26,39,20,17
16585,26,39,22,21
16586,26,39,16,10
16587,26,39,48,28
16588,26,39,26,33
16589,26,39,47,44
16590,26,39,22,37
16591,26,39,41,15
16592,26,39,14,34
16593,26,39,27,22
16594,26,39,33,19
16595,26,39,45,36
16596,26,39,36,39
16597,26,39,49,36
16598,26,39,16,44
16599,26,39,33,12
16600,26,39,47,10
16601,26,39,45,18
16602,26,39,14,37
16603,26,39,43,41
16604,26,39,49,26
16605,26,39,44,40
16606,26,39,36,28
16607,26,39,48,14
16608,26,39,37,37
16609,26,39,41,15
16610,26,39,27,39
16611,26,39,26,15
16612,26,39,38,44
16613,26,39,42,10
16614,26,39,21,28
16615,26,39,19,20
16616,26,39,23,29
16617,26,39,41,49
16618,26,39,20,13
16619,26,39,21,21
16620,26,39,37,31
16621,26,39,34,26
16622,26,39,12,34
16623,26,39,49,16
16624,26,39,38,46
16625,26,39,15,20
16626,26,39,16,14
16627,26,39,15,48
16628,26,39,35,34
16629,26,39,19,26
16630,26,39,36,11
16631,26,39,28,32
16632,26,39,43,19
16633,26,39,17,20
16634,26,39,36,10
16635,26,39,42,32
16636,26,39,49,16
16637,26,39,19,46
16638,26,39,22,41
16639,26,39,47,18
16640,26,39,19,35
16641,26,39,49,41
16642,26,39,31,17
16643,26,39,44,27
16644,26,39,39,10
16645,26,39,25,37
16646,26,39,49,14
16647,26,39,22,17
16648,26,39,31,16
16649,26,39,34,43
16650,26,39,37,17
16651,26,39,32,47
16652,26,39,31,23
16653,26,39,47,14
16654,26,39,30,47
16655,26,39,33,32
16656,26,39,26,49
16657,26,39,46,39
16658,26,39,23,46
16659,26,39,45,15
16660,26,39,13,25
16661,26,39,18,17
16662,26,39,42,12
16663,26,39,36,33
16664,26,39,21,36
16665,26,39,24,22
16666,26,39,24,36
16667,26,39,47,27
16668,26,39,35,27
16669,26,39,46,40
16670,26,39,28,32
16671,26,39,41,33
16672,26,39,42,28
16673,26,39,42,22
16674,26,39,29,22
16675,26,39,39,33
16676,26,39,45,41
16677,26,39,48,18
16678,26,39,49,43
16679,26,39,24,46
16680,26,39,39,31
16681,26,39,34,22
16682,26,39,24,17
16683,26,39,31,22
16684,26,39,17,31
16685,26,39,45,13
16686,26,39,28,32
16687,26,39,49,41
16688,26,39,47,19
16689,26,39,33,46
16690,26,39,31,49
16691,26,39,15,34
16692,26,39,41,12
16693,26,39,32,42
16694,26,39,41,18
16695,26,39,14,43
16696,26,39,43,49
16697,26,39,33,10
16698,26,39,34,42
16699,26,39,33,18
16700,26,39,48,48
16701,26,39,48,45
16702,26,39,27,34
16703,26,39,22,10
16704,26,39,20,11
16705,26,39,33,13
16706,26,39,37,48
16707,26,39,37,35
16708,26,39,35,21
16709,26,39,44,48
16710,26,39,12,47
16711,26,39,21,32
16712,26,39,39,45
16713,26,39,29,42
16714,26,39,29,25
16715,26,39,33,19
16716,26,39,21,38
16717,26,39,18,49
16718,26,39,23,28
16719,26,39,22,47
16720,26,39,30,17
16721,26,39,38,41
16722,26,39,44,27
16723,26,39,14,21
16724,26,39,29,10
16725,26,39,31,42
16726,26,39,19,12
16727,26,39,41,18
16728,26,39,19,33
16729,26,39,37,28
16730,26,39,22,34
16731,26,39,37,31
16732,26,39,15,49
16733,26,39,34,45
16734,26,39,34,43
16735,26,39,45,15
16736,26,39,16,35
16737,26,39,31,31
16738,26,39,11,29
16739,26,39,35,40
16740,26,39,21,43
16741,26,39,26,35
16742,26,39,10,11
16743,26,39,34,30
16744,26,39,16,20
16745,26,39,45,16
16746,26,39,22,40
16747,26,39,49,47
16748,26,39,26,15
16749,26,39,24,24
16750,26,39,33,46
16751,26,39,23,18
16752,26,39,42,44
16753,26,39,45,26
16754,26,39,23,19
16755,26,39,18,19
16756,26,39,35,19
16757,26,39,17,24
16758,26,39,17,32
16759,26,39,33,26
16760,26,39,20,28
16761,26,39,15,20
16762,26,39,14,47
16763,26,39,18,40
16764,26,39,11,44
16765,26,39,23,22
16766,26,39,36,12
16767,26,39,33,17
16768,26,39,10,13
16769,26,39,13,31
16770,26,39,30,31
16771,26,39,34,22
16772,26,39,29,42
16773,26,39,13,19
16774,26,39,43,44
16775,26,39,14,14
16776,26,39,21,19
16777,26,39,27,44
16778,26,39,20,25
16779,26,39,39,30
16780,26,39,11,27
16781,26,39,30,35
16782,26,39,34,11
16783,26,39,18,10
16784,26,39,43,43
16785,26,39,40,47
16786,26,39,19,23
16787,26,39,24,18
16788,26,39,16,15
16789,26,39,18,28
16790,26,39,39,16
16791,26,39,31,30
16792,26,39,32,48
16793,26,39,46,24
16794,26,39,31,37
16795,26,39,27,48
16796,26,39,49,18
16797,26,39,34,40
16798,26,39,24,32
16799,26,39,40,17
16800,26,39,19,42
16801,26,39,26,42
16802,26,39,12,22
16803,26,39,27,40
16804,26,39,43,14
16805,26,39,49,38
16806,26,39,43,23
16807,26,39,27,49
16808,26,39,46,38
16809,26,39,17,34
16810,26,39,17,39
16811,26,39,25,34
16812,26,39,44,28
16813,26,39,31,47
16814,26,39,24,42
16815,26,39,29,12
16816,26,39,14,13
16817,26,39,49,23
16818,26,39,10,39
16819,26,39,14,17
16820,26,39,25,34
16821,26,39,21,37
16822,26,39,43,48
16823,26,39,14,48
16824,26,39,39,31
16825,26,39,39,30
16826,26,39,34,39
16827,26,39,13,36
16828,26,39,34,10
16829,26,39,34,28
16830,26,39,47,23
16831,26,39,21,29
16832,26,39,47,28
16833,26,39,19,15
16834,26,39,21,20
16835,26,39,40,34
16836,26,39,20,46
16837,26,39,42,23
16838,26,39,46,33
16839,26,39,20,28
16840,26,39,17,11
16841,26,39,11,12
16842,26,39,34,16
16843,26,39,37,11
16844,26,39,34,49
16845,26,39,13,13
16846,26,39,25,33
16847,26,39,22,12
16848,26,39,28,35
16849,26,39,27,45
16850,26,39,42,23
16851,26,39,21,37
16852,26,39,43,35
16853,26,39,47,18
16854,26,39,27,49
16855,26,39,37,41
16856,26,39,13,18
16857,26,39,49,39
16858,26,39,24,13
16859,26,39,29,47
16860,26,39,41,38
16861,26,39,27,38
16862,26,39,12,21
16863,26,39,42,15
16864,26,39,20,23
16865,26,39,32,14
16866,26,39,22,45
16867,26,39,48,26
16868,26,39,46,40
16869,26,39,28,10
16870,26,39,35,31
16871,26,39,35,14
16872,26,39,45,42
16873,26,39,10,15
16874,26,39,22,48
16875,26,39,48,18
16876,26,39,28,17
16877,26,39,33,35
16878,26,39,44,21
16879,26,39,27,42
16880,26,39,46,24
16881,26,39,34,15
16882,26,39,17,14
16883,26,39,42,21
16884,26,39,44,47
16885,26,39,27,15
16886,26,39,18,19
16887,26,39,31,37
16888,26,39,14,11
16889,26,39,42,33
16890,26,39,25,39
16891,26,39,18,14
16892,26,39,18,48
16893,26,39,34,34
16894,26,39,32,30
16895,26,39,32,11
16896,26,39,26,30
16897,26,39,46,47
16898,26,39,17,39
16899,26,39,31,19
16900,26,39,14,17
16901,26,39,43,31
16902,26,39,42,24
16903,26,39,10,12
16904,26,39,14,44
16905,26,39,22,19
16906,26,39,34,42
16907,26,39,20,10
16908,26,39,15,28
16909,26,39,37,15
16910,26,39,12,27
16911,26,39,48,33
16912,26,39,38,40
16913,26,39,32,22
16914,26,39,15,34
16915,26,39,37,14
16916,26,39,16,45
16917,26,39,42,13
16918,26,39,30,30
16919,26,39,18,26
16920,26,39,43,21
16921,26,39,34,46
16922,26,39,39,44
16923,26,39,28,43
16924,26,39,41,35
16925,26,39,32,18
16926,26,39,32,16
16927,26,39,15,25
16928,26,39,22,18
16929,26,39,48,13
16930,26,39,21,43
16931,26,39,30,11
16932,26,39,42,32
16933,26,39,21,35
16934,26,39,30,46
16935,26,39,20,21
16936,26,39,40,44
16937,26,39,40,17
16938,26,39,36,12
16939,26,39,46,30
16940,26,39,18,21
16941,26,39,43,18
16942,26,39,17,46
16943,26,39,29,28
16944,26,39,12,37
16945,26,39,16,34
16946,26,39,11,18
16947,26,39,46,25
16948,26,39,10,47
16949,26,39,44,29
16950,26,39,14,14
16951,26,39,40,34
16952,26,39,27,36
16953,26,39,21,32
16954,26,39,45,28
16955,26,39,30,26
16956,26,39,30,12
16957,26,39,38,10
16958,26,39,29,40
16959,26,39,28,35
16960,26,39,25,36
16961,26,39,43,14
16962,26,39,38,31
16963,26,39,31,38
16964,26,39,26,20
16965,26,39,13,18
16966,26,39,31,28
16967,26,39,25,32
16968,26,39,35,16
16969,26,39,16,11
16970,26,39,44,41
16971,26,39,38,24
16972,26,39,48,18
16973,26,39,10,44
16974,26,39,16,13
16975,26,39,29,38
16976,26,39,49,10
16977,26,39,38,29
16978,26,39,48,23
16979,26,39,33,43
16980,26,39,23,49
16981,26,39,39,35
16982,26,39,32,12
16983,26,39,21,31
16984,26,39,19,23
16985,26,39,16,19
16986,26,39,20,15
16987,26,39,25,40
16988,26,39,11,26
16989,26,39,12,17
16990,26,39,42,22
16991,26,39,16,49
16992,26,39,46,36
16993,26,39,23,22
16994,26,39,26,25
16995,26,39,33,23
16996,26,39,43,32
16997,26,39,34,14
16998,26,39,25,32
16999,26,39,39,21
17000,26,39,38,48
17001,26,39,41,22
17002,26,39,46,22
17003,26,39,10,40
17004,26,39,31,15
17005,26,39,32,40
17006,26,39,44,32
17007,26,39,42,33
17008,26,39,45,10
17009,26,39,34,49
17010,26,39,35,28
17011,26,39,36,15
17012,26,39,18,22
17013,26,39,32,11
17014,26,39,32,38
17015,26,39,31,48
17016,26,39,46,12
17017,26,39,21,28
17018,26,39,23,16
17019,26,39,15,11
17020,26,39,22,12
17021,26,39,16,30
17022,26,39,28,18
17023,26,39,24,33
17024,26,39,28,29
17025,26,39,34,39
17026,26,39,36,27
17027,26,39,49,30
17028,26,39,33,46
17029,26,39,49,49
17030,26,39,18,38
17031,26,39,11,20
17032,26,39,25,15
17033,26,39,44,34
17034,26,39,21,21
17035,26,39,19,32
17036,26,39,46,29
17037,26,39,38,33
17038,26,39,37,49
17039,26,39,32,13
17040,26,39,12,11
17041,26,39,43,38
17042,26,39,34,49
17043,26,39,21,12
17044,26,39,12,34
17045,26,39,30,23
17046,26,39,17,43
17047,26,39,16,49
17048,26,39,14,40
17049,26,39,23,30
17050,26,39,43,30
17051,26,39,39,37
17052,26,39,39,48
17053,26,39,48,13
17054,26,39,25,28
17055,26,39,27,40
17056,26,39,16,20
17057,26,39,36,38
17058,26,39,24,48
17059,26,39,41,27
17060,26,39,35,26
17061,26,39,20,45
17062,26,39,37,43
17063,26,39,11,31
17064,26,39,31,41
17065,26,39,21,33
17066,26,39,39,49
17067,26,39,12,36
17068,26,39,35,23
17069,26,39,24,15
17070,26,39,16,39
17071,26,39,19,23
17072,26,39,24,35
17073,26,39,14,37
17074,26,39,19,45
17075,26,39,33,37
17076,26,39,33,19
17077,26,39,37,40
17078,26,39,30,49
17079,26,39,45,30
17080,26,39,13,40
17081,26,39,25,44
17082,26,39,23,49
17083,26,39,30,15
17084,26,39,37,28
17085,26,39,16,35
17086,26,39,24,25
17087,26,39,45,17
17088,26,39,36,22
17089,26,39,44,48
17090,26,39,46,25
17091,26,39,25,17
17092,26,39,34,46
17093,26,39,28,43
17094,26,39,17,23
17095,26,39,46,11
17096,26,39,39,25
17097,26,39,15,27
17098,26,39,35,11
17099,26,39,14,16
17100,26,39,45,34
17101,26,39,47,22
17102,26,39,35,40
17103,26,39,19,48
17104,26,39,19,12
17105,26,39,28,23
17106,26,39,38,45
17107,26,39,39,25
17108,26,39,29,20
17109,26,39,18,30
17110,26,39,25,44
17111,26,39,35,49
17112,26,39,43,19
17113,26,39,12,28
17114,26,39,36,49
17115,26,39,24,12
17116,26,39,11,46
17117,26,39,41,40
17118,26,39,41,27
17119,26,39,46,22
17120,26,39,49,39
17121,26,39,40,43
17122,26,39,10,27
17123,26,39,10,32
17124,26,39,33,34
17125,26,39,30,48
17126,26,39,14,22
17127,26,39,38,15
17128,26,39,48,43
17129,26,39,47,33
17130,26,39,24,30
17131,26,39,46,45
17132,26,39,43,14
17133,26,39,18,20
17134,26,39,46,47
17135,26,39,27,19
17136,26,39,11,46
17137,26,39,24,47
17138,26,39,47,36
17139,26,39,26,42
17140,26,39,49,28
17141,26,39,42,43
17142,26,39,22,17
17143,26,39,47,26
17144,26,39,28,11
17145,26,39,27,10
17146,26,39,19,32
17147,26,39,16,43
17148,26,39,17,30
17149,26,39,44,12
17150,26,39,45,41
17151,26,39,28,19
17152,26,39,33,34
17153,26,39,45,10
17154,26,39,26,43
17155,26,39,38,30
17156,26,39,19,24
17157,26,39,32,17
17158,26,39,16,16
17159,26,39,33,33
17160,26,39,43,23
17161,26,39,23,16
17162,26,39,27,26
17163,26,39,11,39
17164,26,39,16,12
17165,26,39,36,37
17166,26,39,20,39
17167,26,39,20,22
17168,26,39,47,42
17169,26,39,43,21
17170,26,39,40,32
17171,26,39,34,30
17172,26,39,40,17
17173,26,39,25,25
17174,26,39,31,44
17175,26,39,41,16
17176,26,39,36,16
17177,26,39,29,15
17178,26,39,49,27
17179,26,39,17,12
17180,26,39,31,22
17181,26,39,30,26
17182,26,39,35,46
17183,26,39,49,21
17184,26,39,45,14
17185,26,39,21,29
17186,26,39,21,27
17187,26,39,47,24
17188,26,39,48,18
17189,26,39,32,49
17190,26,39,49,16
17191,26,39,33,41
17192,26,39,37,49
17193,26,39,17,10
17194,26,39,49,33
17195,26,39,19,47
17196,26,39,34,11
17197,26,39,20,14
17198,26,39,34,43
17199,26,39,26,29
17200,26,39,45,47
17201,26,39,13,44
17202,26,39,14,10
17203,26,39,34,48
17204,26,39,22,23
17205,26,39,41,31
17206,26,39,33,36
17207,26,39,47,46
17208,26,39,13,20
17209,26,39,27,12
17210,26,39,44,31
17211,26,39,41,11
17212,26,39,39,23
17213,26,39,41,12
17214,26,39,32,30
17215,26,39,24,35
17216,26,39,19,15
17217,26,39,33,40
17218,26,39,14,28
17219,26,39,32,33
17220,26,39,30,46
17221,26,39,20,13
17222,26,39,34,26
17223,26,39,48,25
17224,26,39,48,12
17225,26,39,23,25
17226,26,39,21,13
17227,26,39,27,28
17228,26,39,17,33
17229,26,39,42,25
17230,26,39,28,44
17231,26,39,21,46
17232,26,39,16,41
17233,26,39,19,12
17234,26,39,46,20
17235,26,39,24,24
17236,26,39,21,22
17237,26,39,33,13
17238,26,39,40,12
17239,26,39,18,49
17240,26,39,29,36
17241,26,39,31,21
17242,26,39,32,33
17243,26,39,15,33
17244,26,39,48,16
17245,26,39,36,42
17246,26,39,22,45
17247,26,39,28,38
17248,26,39,26,34
17249,26,39,37,43
17250,26,39,17,46
17251,26,39,46,34
17252,26,39,27,18
17253,26,39,15,31
17254,26,39,10,40
17255,26,39,40,36
17256,26,39,12,19
17257,26,39,31,35
17258,26,39,39,39
17259,26,39,18,27
17260,26,39,48,10
17261,26,39,40,42
17262,26,39,28,14
17263,26,39,25,37
17264,26,39,32,18
17265,26,39,32,37
17266,26,39,46,44
17267,26,39,15,30
17268,26,39,28,11
17269,26,39,35,36
17270,26,39,45,33
17271,26,39,11,29
17272,26,39,49,13
17273,26,39,45,11
17274,26,39,29,39
17275,26,39,26,16
17276,26,39,38,10
17277,26,39,17,23
17278,26,39,23,42
17279,26,39,39,41
17280,26,39,13,32
17281,26,39,24,34
17282,26,39,37,35
17283,26,39,34,47
17284,26,39,41,47
17285,26,39,16,23
17286,26,39,10,17
17287,26,39,29,38
17288,26,39,39,45
17289,26,39,20,37
17290,26,39,12,39
17291,26,39,44,27
17292,26,39,45,47
17293,26,39,36,19
17294,26,39,13,19
17295,26,39,29,16
17296,26,39,37,34
17297,26,39,28,45
17298,26,39,18,23
17299,26,39,45,40
17300,26,39,13,39
17301,26,39,15,10
17302,26,39,13,48
17303,26,39,14,26
17304,26,39,11,48
17305,26,39,44,27
17306,26,39,41,43
17307,26,39,32,11
17308,26,39,34,20
17309,26,39,48,39
17310,26,39,38,12
17311,26,39,34,34
17312,26,39,15,29
17313,26,39,47,42
17314,26,39,20,10
17315,26,39,29,43
17316,26,39,28,24
17317,26,39,30,34
17318,26,39,37,18
17319,26,39,37,16
17320,26,39,12,45
17321,26,39,41,39
17322,26,39,25,24
17323,26,39,39,49
17324,26,39,17,39
17325,26,39,45,48
17326,26,39,42,18
17327,26,39,23,15
17328,26,39,18,10
17329,26,39,24,47
17330,26,39,31,32
17331,26,39,18,44
17332,26,39,26,33
17333,26,39,31,43
17334,26,39,22,11
17335,26,39,33,43
17336,26,39,34,39
17337,26,39,19,40
17338,26,39,25,49
17339,26,39,25,13
17340,26,39,27,30
17341,26,39,41,45
17342,26,39,44,11
17343,26,39,14,21
17344,26,39,26,42
17345,26,39,21,11
17346,26,39,21,17
17347,26,39,47,42
17348,26,39,13,15
17349,26,39,38,31
17350,26,39,36,38
17351,26,39,48,40
17352,26,39,34,45
17353,26,39,20,49
17354,26,39,40,23
17355,26,39,28,40
17356,26,39,47,34
17357,26,39,22,32
17358,26,39,30,23
17359,26,39,45,49
17360,26,39,16,21
17361,26,39,48,42
17362,26,39,41,44
17363,26,39,11,27
17364,26,39,46,29
17365,26,39,34,20
17366,26,39,21,33
17367,26,39,46,38
17368,26,39,38,40
17369,26,39,11,16
17370,26,39,12,12
17371,26,39,40,11
17372,26,39,23,30
17373,26,39,16,42
17374,26,39,20,40
17375,26,39,40,14
17376,26,39,33,36
17377,26,39,25,12
17378,26,39,16,37
17379,26,39,35,36
17380,26,39,17,32
17381,26,39,49,44
17382,26,39,18,18
17383,26,39,12,16
17384,26,39,30,31
17385,26,39,42,34
17386,26,39,36,26
17387,26,39,20,19
17388,26,39,25,27
17389,26,39,49,48
17390,26,39,27,21
17391,26,39,11,24
17392,26,39,47,13
17393,26,39,22,27
17394,26,39,46,36
17395,26,39,26,35
17396,26,39,14,29
17397,26,39,47,12
17398,26,39,20,27
17399,26,39,24,16
17400,26,39,26,44
17401,26,39,46,44
17402,26,39,26,15
17403,26,39,16,28
17404,26,39,31,19
17405,26,39,40,30
17406,26,39,18,49
17407,26,39,38,39
17408,26,39,19,12
17409,26,39,40,11
17410,26,39,31,48
17411,26,39,42,32
17412,26,39,30,18
17413,26,39,19,19
17414,26,39,28,12
17415,26,39,34,47
17416,26,39,46,48
17417,26,39,29,17
17418,26,39,12,10
17419,26,39,21,22
17420,26,39,45,22
17421,26,39,47,44
17422,26,39,39,16
17423,26,39,14,29
17424,26,39,11,45
17425,26,39,24,16
17426,26,39,23,34
17427,26,39,41,24
17428,26,39,12,17
17429,26,39,38,28
17430,26,39,14,25
17431,26,39,12,43
17432,26,39,45,30
17433,26,39,17,13
17434,26,39,29,18
17435,26,39,35,45
17436,26,39,22,35
17437,26,39,42,10
17438,26,39,46,36
17439,26,39,43,42
17440,26,39,33,28
17441,26,39,18,40
17442,26,39,42,32
17443,26,39,40,13
17444,26,39,26,28
17445,26,39,47,28
17446,26,39,31,46
17447,26,39,14,46
17448,26,39,35,19
17449,26,39,33,24
17450,26,39,36,24
17451,26,39,21,15
17452,26,39,23,48
17453,26,39,25,21
17454,26,39,31,20
17455,26,39,45,47
17456,26,39,16,29
17457,26,39,26,20
17458,26,39,29,46
17459,26,39,39,28
17460,26,39,17,22
17461,26,39,18,39
17462,26,39,31,42
17463,26,39,39,21
17464,26,39,14,12
17465,26,39,48,22
17466,26,39,15,24
17467,26,39,20,18
17468,26,39,12,10
17469,26,39,41,46
17470,26,39,10,34
17471,26,39,28,34
17472,26,39,27,29
17473,26,39,45,45
17474,26,39,32,19
17475,26,39,20,18
17476,26,39,38,28
17477,26,39,22,17
17478,26,39,37,34
17479,26,39,33,41
17480,26,39,30,33
17481,26,39,31,10
17482,26,39,21,33
17483,26,39,40,30
17484,26,39,10,34
17485,26,39,46,46
17486,26,39,31,35
17487,26,39,48,26
17488,26,39,34,16
17489,26,39,40,10
17490,26,39,15,49
17491,26,39,27,26
17492,26,39,18,38
17493,26,39,20,37
17494,26,39,11,14
17495,26,39,20,41
17496,26,39,36,20
17497,26,39,34,38
17498,26,39,37,19
17499,26,39,28,39
17500,26,39,39,43
17501,26,39,49,16
17502,26,39,23,28
17503,26,39,26,39
17504,26,39,33,20
17505,26,39,26,20
17506,26,39,15,32
17507,26,39,43,38
17508,26,39,29,49
17509,26,39,49,24
17510,26,39,15,46
17511,26,39,45,27
17512,26,39,33,13
17513,26,39,46,15
17514,26,39,27,45
17515,26,39,30,45
17516,26,39,25,23
17517,26,39,10,12
17518,26,39,21,39
17519,26,39,34,47
17520,26,39,38,49
17521,26,39,17,11
17522,26,39,36,15
17523,26,39,35,27
17524,26,39,47,41
17525,26,39,15,47
17526,26,39,45,15
17527,26,39,36,24
17528,26,39,45,29
17529,26,39,30,28
17530,26,39,38,20
17531,26,39,42,30
17532,26,39,49,28
17533,26,39,48,47
17534,26,39,24,17
17535,26,39,17,29
17536,26,39,26,34
17537,26,39,20,19
17538,26,39,31,49
17539,26,39,16,45
17540,26,39,44,33
17541,26,39,33,11
17542,26,39,11,39
17543,26,39,46,46
17544,26,39,37,22
17545,26,39,27,37
17546,26,39,23,20
17547,26,39,18,19
17548,26,39,15,11
17549,26,39,41,47
17550,26,39,46,13
17551,26,39,41,23
17552,26,39,38,32
17553,26,39,35,44
17554,26,39,39,31
17555,26,39,33,10
17556,26,39,18,30
17557,26,39,46,41
17558,26,39,43,12
17559,26,39,29,10
17560,26,39,10,39
17561,26,39,37,46
17562,26,39,19,10
17563,26,39,24,23
17564,26,39,11,10
17565,26,39,24,40
17566,26,39,44,17
17567,26,39,21,20
17568,26,39,41,34
17569,26,39,17,31
17570,26,39,34,13
17571,26,39,44,11
17572,26,39,21,20
17573,26,39,23,10
17574,26,39,25,44
17575,26,39,30,46
17576,26,39,12,43
17577,26,39,20,17
17578,26,39,10,44
17579,26,39,11,13
17580,26,39,46,40
17581,26,39,20,27
17582,26,39,26,43
17583,26,39,22,31
17584,26,39,44,48
17585,26,39,33,42
17586,26,39,40,14
17587,26,39,19,45
17588,26,39,25,19
17589,26,39,16,30
17590,26,39,37,12
17591,26,39,24,31
17592,26,39,29,46
17593,26,39,39,31
17594,26,39,39,24
17595,26,39,42,32
17596,26,39,36,39
17597,26,39,30,45
17598,26,39,37,20
17599,26,39,40,16
17600,26,39,21,22
17601,26,39,35,35
17602,26,39,24,14
17603,26,39,20,47
17604,26,39,40,11
17605,26,39,10,21
17606,26,39,15,21
17607,26,39,32,32
17608,26,39,47,22
17609,26,39,16,38
17610,26,39,42,25
17611,26,39,13,32
17612,26,39,49,48
17613,26,39,41,25
17614,26,39,26,22
17615,26,39,27,30
17616,26,39,33,27
17617,26,39,20,37
17618,26,39,33,28
17619,26,39,21,22
17620,26,39,43,24
17621,26,39,40,39
17622,26,39,30,25
17623,26,39,12,33
17624,26,39,45,12
17625,26,39,26,12
17626,26,39,12,41
17627,26,39,26,39
17628,26,39,26,32
17629,26,39,20,18
17630,26,39,47,15
17631,26,39,21,31
17632,26,39,28,46
17633,26,39,47,21
17634,26,39,13,49
17635,26,39,34,43
17636,26,39,26,46
17637,26,39,22,31
17638,26,39,40,24
17639,26,39,29,43
17640,26,39,22,13
17641,26,39,34,27
17642,26,39,21,21
17643,26,39,40,23
17644,26,39,35,30
17645,26,39,17,40
17646,26,39,28,12
17647,26,39,49,16
17648,26,39,18,14
17649,26,39,32,13
17650,26,39,14,19
17651,26,39,24,23
17652,26,39,47,43
17653,26,39,44,17
17654,26,39,47,17
17655,26,39,37,38
17656,26,39,38,20
17657,26,39,32,33
17658,26,39,25,41
17659,26,39,12,26
17660,26,39,25,23
17661,26,39,28,41
17662,26,39,13,44
17663,26,39,34,23
17664,26,39,37,14
17665,26,39,18,49
17666,26,39,46,33
17667,26,39,30,36
17668,26,39,48,45
17669,26,39,14,42
17670,26,39,25,25
17671,26,39,15,31
17672,26,39,49,38
17673,26,39,38,27
17674,26,39,36,18
17675,26,39,34,44
17676,26,39,23,44
17677,26,39,39,16
17678,26,39,24,30
17679,26,39,14,47
17680,26,39,32,15
17681,26,39,38,45
17682,26,39,36,29
17683,26,39,42,38
17684,26,39,34,45
17685,26,39,10,18
17686,26,39,20,41
17687,26,39,18,44
17688,26,39,44,15
17689,26,39,10,47
17690,26,39,20,42
17691,26,39,21,10
17692,26,39,22,24
17693,26,39,17,11
17694,26,39,36,36
17695,26,39,18,45
17696,26,39,12,20
17697,26,39,40,40
17698,26,39,16,10
17699,26,39,48,20
17700,26,39,28,49
17701,26,39,11,27
17702,26,39,18,22
17703,26,39,31,11
17704,26,39,15,29
17705,26,39,27,29
17706,26,39,38,36
17707,26,39,34,29
17708,26,39,18,32
17709,26,39,39,20
17710,26,39,22,46
17711,26,39,25,16
17712,26,39,47,13
17713,26,39,16,47
17714,26,39,29,43
17715,26,39,19,41
17716,26,39,42,32
17717,26,39,31,21
17718,26,39,10,33
17719,26,39,27,29
17720,26,39,27,34
17721,26,39,10,12
17722,26,39,38,42
17723,26,39,12,24
17724,26,39,38,36
17725,26,39,28,44
17726,26,39,16,29
17727,26,39,17,41
17728,26,39,33,13
17729,26,39,15,27
17730,26,39,18,28
17731,26,39,43,26
17732,26,39,43,26
17733,26,39,42,38
17734,26,39,48,48
17735,26,39,28,46
17736,26,39,20,45
17737,26,39,41,41
17738,26,39,20,29
17739,26,39,23,30
17740,26,39,23,32
17741,26,39,21,43
17742,26,39,24,37
17743,26,39,35,48
17744,26,39,11,36
17745,26,39,12,46
17746,26,39,43,39
17747,26,39,22,32
17748,26,39,42,12
17749,26,39,35,36
17750,26,39,45,47
17751,26,39,44,19
17752,26,39,11,42
17753,26,39,49,47
17754,26,39,20,27
17755,26,39,18,47
17756,26,39,36,42
17757,26,39,46,11
17758,26,39,25,28
17759,26,39,20,32
17760,26,39,21,31
17761,26,39,39,14
17762,26,39,12,34
17763,26,39,19,41
17764,26,39,30,48
17765,26,39,30,34
17766,26,39,14,41
17767,26,39,11,27
17768,26,39,36,42
17769,26,39,48,23
17770,26,39,36,35
17771,26,39,45,23
17772,26,39,49,13
17773,26,39,12,17
17774,26,39,47,31
17775,26,39,18,27
17776,26,39,31,27
17777,26,39,40,49
17778,26,39,28,39
17779,26,39,26,44
17780,26,39,38,14
17781,26,39,41,23
17782,26,39,17,48
17783,26,39,36,34
17784,26,39,12,38
17785,26,39,36,10
17786,26,39,38,32
17787,26,39,25,35
17788,26,39,28,31
17789,26,39,37,11
17790,26,39,22,31
17791,26,39,38,29
17792,26,39,35,18
17793,26,39,20,43
17794,26,39,27,15
17795,26,39,49,19
17796,26,39,34,24
17797,26,39,13,13
17798,26,39,45,11
17799,26,39,19,35
17800,26,39,18,46
17801,26,39,12,12
17802,26,39,28,29
17803,26,39,27,48
17804,26,39,44,19
17805,26,39,44,17
17806,26,39,14,25
17807,26,39,41,11
17808,26,39,17,47
17809,26,39,13,23
17810,26,39,40,23
17811,26,39,34,37
17812,26,39,38,22
17813,26,39,20,15
17814,26,39,36,27
17815,26,39,25,28
17816,26,39,14,41
17817,26,39,19,33
17818,26,39,47,39
17819,26,39,26,26
17820,26,39,20,23
17821,26,39,47,12
17822,26,39,45,16
17823,26,39,32,49
17824,26,39,35,37
17825,26,39,44,21
17826,26,39,11,13
17827,26,39,36,41
17828,26,39,22,23
17829,26,39,19,30
17830,26,39,22,35
17831,26,39,18,42
17832,26,39,30,39
17833,26,39,19,34
17834,26,39,30,30
17835,26,39,38,43
17836,26,39,39,18
17837,26,39,46,15
17838,26,39,12,10
17839,26,39,20,11
17840,26,39,38,36
17841,26,39,48,32
17842,26,39,44,25
17843,26,39,48,15
17844,26,39,48,10
17845,26,39,47,15
17846,26,39,19,17
17847,26,39,47,45
17848,26,39,29,31
17849,26,39,22,21
17850,26,39,31,42
17851,26,39,45,26
17852,26,39,42,18
17853,26,39,15,41
17854,26,39,29,31
17855,26,39,46,16
17856,26,39,42,26
17857,26,39,25,15
17858,26,39,34,28
17859,26,39,30,10
17860,26,39,20,26
17861,26,39,49,48
17862,26,39,16,38
17863,26,39,22,42
17864,26,39,30,23
17865,26,39,34,42
17866,26,39,42,49
17867,26,39,28,30
17868,26,39,20,12
17869,26,39,44,10
17870,26,39,19,16
17871,26,39,28,30
17872,26,39,13,32
17873,26,39,32,39
17874,26,39,17,22
17875,26,39,26,31
17876,26,39,28,48
17877,26,39,32,38
17878,26,39,46,40
17879,26,39,40,36
17880,26,39,13,23
17881,26,39,37,29
17882,26,39,13,48
17883,26,39,29,29
17884,26,39,17,22
17885,26,39,24,41
17886,26,39,43,21
17887,26,39,21,37
17888,26,39,21,45
17889,26,39,47,18
17890,26,39,28,33
17891,26,39,41,16
17892,26,39,14,47
17893,26,39,46,41
17894,26,39,43,10
17895,26,39,31,47
17896,26,39,14,35
17897,26,39,39,17
17898,26,39,16,24
17899,26,39,25,33
17900,26,39,42,18
17901,26,39,28,22
17902,26,39,15,25
17903,26,39,19,25
17904,26,39,37,17
17905,26,39,27,29
17906,26,39,41,23
17907,26,39,22,36
17908,26,39,17,40
17909,26,39,40,31
17910,26,39,29,20
17911,26,39,20,37
17912,26,39,22,13
17913,26,39,40,14
17914,26,39,21,23
17915,26,39,30,45
17916,26,39,11,49
17917,26,39,20,44
17918,26,39,16,10
17919,26,39,42,23
17920,26,39,41,21
17921,26,39,48,21
17922,26,39,30,45
17923,26,39,45,14
17924,26,39,41,12
17925,26,39,14,42
17926,26,39,10,47
17927,26,39,24,31
17928,26,39,25,11
17929,26,39,35,18
17930,26,39,39,28
17931,26,39,19,49
17932,26,39,40,29
17933,26,39,39,49
17934,26,39,37,29
17935,26,39,28,37
17936,26,39,41,47
17937,26,39,18,20
17938,26,39,14,14
17939,26,39,30,43
17940,26,39,17,13
17941,26,39,17,22
17942,26,39,42,17
17943,26,39,32,21
17944,26,39,26,14
17945,26,39,39,12
17946,26,39,39,10
17947,26,39,30,29
17948,26,39,41,33
17949,26,39,43,19
17950,26,39,28,37
17951,26,39,27,10
17952,26,39,42,36
17953,26,39,48,27
17954,26,39,41,11
17955,26,39,21,17
17956,26,39,48,15
17957,26,39,29,41
17958,26,39,42,46
17959,26,39,37,33
17960,26,39,11,13
17961,26,39,44,34
17962,26,39,31,24
17963,26,39,41,27
17964,26,39,27,32
17965,26,39,46,39
17966,26,39,14,35
17967,26,39,21,35
17968,26,39,14,49
17969,26,39,19,37
17970,26,39,31,14
17971,26,39,46,26
17972,26,39,10,41
17973,26,39,36,35
17974,26,39,37,48
17975,26,39,31,47
17976,26,39,24,44
17977,26,39,14,31
17978,26,39,22,18
17979,26,39,31,14
17980,26,39,31,31
17981,26,39,36,20
17982,26,39,19,23
17983,26,39,42,34
17984,26,39,27,43
17985,26,39,14,27
17986,26,39,22,29
17987,26,39,28,22
17988,26,39,21,42
17989,26,39,46,30
17990,26,39,42,15
17991,26,39,41,48
17992,26,39,35,32
17993,26,39,38,23
17994,26,39,31,30
17995,26,39,49,22
17996,26,39,24,23
17997,26,39,47,12
17998,26,39,38,13
17999,26,39,27,38
18000,26,39,11,32
18001,26,39,36,24
18002,26,39,17,34
18003,26,39,16,46
18004,26,39,43,28
18005,26,39,26,21
18006,26,39,48,19
18007,26,39,22,30
18008,26,39,16,24
18009,26,39,48,37
18010,26,39,27,30
18011,26,39,19,49
18012,26,39,42,18
18013,26,39,26,44
18014,26,39,21,22
18015,26,39,24,27
18016,26,39,12,42
18017,26,39,27,26
18018,26,39,36,15
18019,26,39,49,21
18020,26,39,23,22
18021,26,39,21,23
18022,26,39,48,46
18023,26,39,47,24
18024,26,39,34,17
18025,26,39,40,20
18026,26,39,29,38
18027,26,39,47,38
18028,26,39,38,14
18029,26,39,12,47
18030,26,39,21,22
18031,26,39,28,31
18032,26,39,22,41
18033,26,39,12,16
18034,26,39,38,13
18035,26,39,32,18
18036,26,39,22,38
18037,26,39,40,35
18038,26,39,25,35
18039,26,39,11,45
18040,26,39,44,21
18041,26,39,21,40
18042,26,39,11,33
18043,26,39,33,30
18044,26,39,25,43
18045,26,39,33,13
18046,26,39,28,10
18047,26,39,31,28
18048,26,39,18,42
18049,26,39,29,38
18050,26,39,17,34
18051,26,39,44,27
18052,26,39,38,24
18053,26,39,17,29
18054,26,39,32,10
18055,26,39,29,11
18056,26,39,15,20
18057,26,39,37,48
18058,26,39,22,38
18059,26,39,28,35
18060,26,39,21,46
18061,26,39,30,23
18062,26,39,43,49
18063,26,39,16,27
18064,26,39,45,44
18065,26,39,15,30
18066,26,39,45,12
18067,26,39,37,36
18068,26,39,32,33
18069,26,39,46,10
18070,26,39,13,22
18071,26,39,46,16
18072,26,39,47,35
18073,26,39,32,24
18074,26,39,32,13
18075,26,39,20,30
18076,26,39,19,43
18077,26,39,43,14
18078,26,39,45,27
18079,26,39,42,39
18080,26,39,21,44
18081,26,39,47,39
18082,26,39,37,34
18083,26,39,34,33
18084,26,39,28,27
18085,26,39,32,21
18086,26,39,36,30
18087,26,39,35,33
18088,26,39,41,26
18089,26,39,10,27
18090,26,39,37,22
18091,26,39,18,28
18092,26,39,20,28
18093,26,39,19,11
18094,26,39,49,43
18095,26,39,42,35
18096,26,39,29,11
18097,26,39,36,47
18098,26,39,45,34
18099,26,39,28,16
18100,26,39,42,30
18101,26,39,44,42
18102,26,39,13,24
18103,26,39,33,46
18104,26,39,15,39
18105,26,39,46,27
18106,26,39,26,16
18107,26,39,21,15
18108,26,39,37,40
18109,26,39,19,31
18110,26,39,11,17
18111,26,39,14,47
18112,26,39,30,12
18113,26,39,17,24
18114,26,39,26,33
18115,26,39,35,44
18116,26,39,37,22
18117,26,39,46,39
18118,26,39,20,33
18119,26,39,43,49
18120,26,39,20,32
18121,26,39,48,47
18122,26,39,14,22
18123,26,39,36,44
18124,26,39,16,16
18125,26,39,25,14
18126,26,39,24,24
18127,26,39,28,25
18128,26,39,21,47
18129,26,39,46,24
18130,26,39,33,15
18131,26,39,45,41
18132,26,39,22,43
18133,26,39,49,41
18134,26,39,22,24
18135,26,39,43,34
18136,26,39,45,10
18137,26,39,40,39
18138,26,39,12,23
18139,26,39,28,17
18140,26,39,10,34
18141,26,39,43,36
18142,26,39,12,10
18143,26,39,38,20
18144,26,39,27,26
18145,26,39,42,25
18146,26,39,21,19
18147,26,39,36,21
18148,26,39,13,22
18149,26,39,38,45
18150,26,39,47,40
18151,26,39,17,47
18152,26,39,26,21
18153,26,39,25,36
18154,26,39,40,24
18155,26,39,19,15
18156,26,39,36,21
18157,26,39,16,33
18158,26,39,10,13
18159,26,39,24,30
18160,26,39,39,39
18161,26,39,27,28
18162,26,39,35,23
18163,26,39,13,37
18164,26,39,41,30
18165,26,39,23,36
18166,26,39,14,39
18167,26,39,19,29
18168,26,39,22,42
18169,26,39,15,40
18170,26,39,17,31
18171,26,39,18,34
18172,26,39,18,11
18173,26,39,20,42
18174,26,39,44,37
18175,26,39,15,35
18176,26,39,10,35
18177,26,39,16,38
18178,26,39,24,37
18179,26,39,37,28
18180,26,39,44,39
18181,26,39,48,42
18182,26,39,34,13
18183,26,39,40,16
18184,26,39,16,47
18185,26,39,24,22
18186,26,39,46,17
18187,26,39,21,19
18188,26,39,41,46
18189,26,39,31,19
18190,26,39,21,22
18191,26,39,21,20
18192,26,39,21,38
18193,26,39,32,30
18194,26,39,11,13
18195,26,39,11,43
18196,26,39,18,19
18197,26,39,12,28
18198,26,39,47,21
18199,26,39,29,34
18200,26,39,43,39
18201,26,39,36,22
18202,26,39,38,43
18203,26,39,29,20
18204,26,39,17,42
18205,26,39,23,21
18206,26,39,21,39
18207,26,39,22,44
18208,26,39,10,40
18209,26,39,11,43
18210,26,39,20,35
18211,26,39,21,18
18212,26,39,21,49
18213,26,39,16,37
18214,26,39,25,10
18215,26,39,22,34
18216,26,39,35,41
18217,26,39,25,19
18218,26,39,41,43
18219,26,39,12,14
18220,26,39,38,46
18221,26,39,44,32
18222,26,39,23,23
18223,26,39,10,20
18224,26,39,45,33
18225,26,39,29,11
18226,26,39,10,12
18227,26,39,25,24
18228,26,39,31,15
18229,26,39,21,23
18230,26,39,42,35
18231,26,39,21,27
18232,26,39,13,40
18233,26,39,15,24
18234,26,39,37,11
18235,26,39,22,32
18236,26,39,28,35
18237,26,39,48,18
18238,26,39,29,21
18239,26,39,31,41
18240,26,39,42,17
18241,26,39,13,12
18242,26,39,19,13
18243,26,39,39,41
18244,26,39,14,23
18245,26,39,43,28
18246,26,39,35,38
18247,26,39,18,16
18248,26,39,23,42
18249,26,39,49,29
18250,26,39,25,35
18251,26,39,24,21
18252,26,39,11,42
18253,26,39,12,37
18254,26,39,38,10
18255,26,39,21,21
18256,26,39,29,19
18257,26,39,45,37
18258,26,39,18,41
18259,26,39,31,16
18260,26,39,21,18
18261,26,39,11,17
18262,26,39,15,48
18263,26,39,37,40
18264,26,39,36,14
18265,26,39,41,20
18266,26,39,24,37
18267,26,39,42,36
18268,26,39,11,42
18269,26,39,34,12
18270,26,39,25,41
18271,26,39,18,30
18272,26,39,46,15
18273,26,39,46,41
18274,26,39,37,41
18275,26,39,38,39
18276,26,39,30,13
18277,26,39,19,37
18278,26,39,35,26
18279,26,39,32,37
18280,26,39,40,19
18281,26,39,14,40
18282,26,39,22,31
18283,26,39,41,14
18284,26,39,31,17
18285,26,39,49,43
18286,26,39,39,35
18287,26,39,36,12
18288,26,39,43,27
18289,26,39,49,20
18290,26,39,49,33
18291,26,39,19,13
18292,26,39,17,40
18293,26,39,26,38
18294,26,39,45,30
18295,26,39,23,30
18296,26,39,29,42
18297,26,39,46,39
18298,26,39,14,10
18299,26,39,40,31
18300,26,39,15,16
18301,26,39,44,32
18302,26,39,43,31
18303,26,39,41,30
18304,26,39,20,21
18305,26,39,10,24
18306,26,39,47,29
18307,26,39,21,18
18308,26,39,27,35
18309,26,39,27,13
18310,26,39,35,11
18311,26,39,48,37
18312,26,39,33,39
18313,26,39,42,45
18314,26,39,43,30
18315,26,39,36,28
18316,26,39,38,43
18317,26,39,44,26
18318,26,39,39,33
18319,26,39,34,33
18320,26,39,26,29
18321,26,39,45,23
18322,26,39,29,26
18323,26,39,39,22
18324,26,39,40,43
18325,26,39,15,32
18326,26,39,49,30
18327,26,39,35,46
18328,26,39,28,31
18329,26,39,37,16
18330,26,39,19,12
18331,26,39,35,42
18332,26,39,49,36
18333,26,39,22,22
18334,26,39,38,10
18335,26,39,41,11
18336,26,39,13,36
18337,26,39,31,20
18338,26,39,17,30
18339,26,39,47,13
18340,26,39,32,10
18341,26,39,17,47
18342,26,39,40,38
18343,26,39,12,30
18344,26,39,24,12
18345,26,39,20,48
18346,26,39,41,29
18347,26,39,41,20
18348,26,39,43,18
18349,26,39,13,34
18350,26,39,46,44
18351,26,39,29,11
18352,26,39,47,43
18353,26,39,18,27
18354,26,39,18,27
18355,26,39,33,16
18356,26,39,15,17
18357,26,39,38,48
18358,26,39,48,29
18359,26,39,10,46
18360,26,39,40,19
18361,26,39,31,40
18362,26,39,49,18
18363,26,39,11,22
18364,26,39,40,20
18365,26,39,19,19
18366,26,39,40,26
18367,26,39,12,18
18368,26,39,40,15
18369,26,39,16,32
18370,26,39,43,48
18371,26,39,39,13
18372,26,39,26,21
18373,26,39,38,10
18374,26,39,23,19
18375,26,39,22,20
18376,26,39,41,23
18377,26,39,27,19
18378,26,39,45,12
18379,26,39,21,11
18380,26,39,38,43
18381,26,39,33,31
18382,26,39,27,23
18383,26,39,10,29
18384,26,39,12,35
18385,26,39,18,36
18386,26,39,49,11
18387,26,39,21,40
18388,26,39,25,46
18389,26,39,16,39
18390,26,39,20,34
18391,26,39,17,37
18392,26,39,19,32
18393,26,39,42,41
18394,26,39,15,40
18395,26,39,11,33
18396,26,39,12,29
18397,26,39,37,28
18398,26,39,19,15
18399,26,39,11,14
18400,26,39,43,19
18401,26,39,30,42
18402,26,39,41,38
18403,26,39,27,41
18404,26,39,39,25
18405,26,39,42,46
18406,26,39,47,25
18407,26,39,38,22
18408,26,39,37,41
18409,26,39,39,25
18410,26,39,20,17
18411,26,39,35,32
18412,26,39,14,44
18413,26,39,18,39
18414,26,39,19,25
18415,26,39,23,36
18416,26,39,48,44
18417,26,39,15,24
18418,26,39,17,25
18419,26,39,35,30
18420,26,39,17,29
18421,26,39,34,48
18422,26,39,13,42
18423,26,39,36,23
18424,26,39,24,43
18425,26,39,20,35
18426,26,39,21,18
18427,26,39,26,42
18428,26,39,26,20
18429,26,39,48,13
18430,26,39,27,42
18431,26,39,17,13
18432,26,39,42,16
18433,26,39,17,47
18434,26,39,39,33
18435,26,39,36,26
18436,26,39,16,42
18437,26,39,14,43
18438,26,39,25,12
18439,26,39,26,21
18440,26,39,31,23
18441,26,39,24,19
18442,26,39,37,29
18443,26,39,45,49
18444,26,39,32,29
18445,26,39,16,47
18446,26,39,31,38
18447,26,39,11,36
18448,26,39,22,37
18449,26,39,22,44
18450,26,39,43,25
18451,26,39,34,26
18452,26,39,31,32
18453,26,39,47,29
18454,26,39,37,40
18455,26,39,23,16
18456,26,39,14,41
18457,26,39,27,34
18458,26,39,16,25
18459,26,39,19,26
18460,26,39,33,38
18461,26,39,46,12
18462,26,39,12,17
18463,26,39,10,27
18464,26,39,27,28
18465,26,39,16,47
18466,26,39,49,33
18467,26,39,38,24
18468,26,39,21,46
18469,26,39,26,11
18470,26,39,43,45
18471,26,39,13,41
18472,26,39,33,49
18473,26,39,10,40
18474,26,39,14,42
18475,26,39,13,22
18476,26,39,29,10
18477,26,39,25,41
18478,26,39,31,21
18479,26,39,17,20
18480,26,39,23,12
18481,26,39,25,12
18482,26,39,11,25
18483,26,39,41,10
18484,26,39,22,28
18485,26,39,24,21
18486,26,39,18,12
18487,26,39,35,28
18488,26,39,42,27
18489,26,39,30,10
18490,26,39,35,16
18491,26,39,37,24
18492,26,39,22,31
18493,26,39,18,20
18494,26,39,26,27
18495,26,39,28,46
18496,26,39,49,49
18497,26,39,47,36
18498,26,39,36,17
18499,26,39,45,36
18500,26,39,46,14
18501,26,39,45,27
18502,26,39,39,22
18503,26,39,17,30
18504,26,39,18,32
18505,26,39,29,38
18506,26,39,25,49
18507,26,39,17,31
18508,26,39,16,30
18509,26,39,24,33
18510,26,39,38,21
18511,26,39,11,42
18512,26,39,41,14
18513,26,39,26,19
18514,26,39,24,23
18515,26,39,49,41
18516,26,39,16,39
18517,26,39,30,20
18518,26,39,27,37
18519,26,39,41,35
18520,26,39,14,24
18521,26,39,19,25
18522,26,39,46,14
18523,26,39,33,23
18524,26,39,40,36
18525,26,39,10,22
18526,26,39,46,14
18527,26,39,23,31
18528,26,39,31,21
18529,26,39,44,19
18530,26,39,31,30
18531,26,39,24,24
18532,26,39,25,40
18533,26,39,49,25
18534,26,39,36,47
18535,26,39,24,49
18536,26,39,27,19
18537,26,39,18,28
18538,26,39,20,24
18539,26,39,29,17
18540,26,39,11,37
18541,26,39,16,45
18542,26,39,15,49
18543,26,39,31,45
18544,26,39,28,23
18545,26,39,22,36
18546,26,39,15,22
18547,26,39,18,20
18548,26,39,35,15
18549,26,39,39,21
18550,26,39,11,42
18551,26,39,40,36
18552,26,39,48,36
18553,26,39,18,31
18554,26,39,23,17
18555,26,39,45,10
18556,26,39,13,39
18557,26,39,16,34
18558,26,39,40,21
18559,26,39,49,46
18560,26,39,47,45
18561,26,39,12,18
18562,26,39,24,44
18563,26,39,46,23
18564,26,39,25,33
18565,26,39,47,23
18566,26,39,28,24
18567,26,39,46,25
18568,26,39,13,25
18569,26,39,35,40
18570,26,39,42,13
18571,26,39,21,26
18572,26,39,26,23
18573,26,39,36,21
18574,26,39,47,26
18575,26,39,20,34
18576,26,39,10,32
18577,26,39,25,25
18578,26,39,14,23
18579,26,39,10,46
18580,26,39,37,30
18581,26,39,17,11
18582,26,39,13,46
18583,26,39,17,11
18584,26,39,41,13
18585,26,39,26,29
18586,26,39,40,11
18587,26,39,46,23
18588,26,39,10,32
18589,26,39,46,20
18590,26,39,49,48
18591,26,39,13,13
18592,26,39,47,19
18593,26,39,33,21
18594,26,39,27,18
18595,26,39,38,27
18596,26,39,17,24
18597,26,39,44,30
18598,26,39,10,23
18599,26,39,34,15
18600,26,39,11,10
18601,26,39,26,38
18602,26,39,11,17
18603,26,39,25,41
18604,26,39,43,23
18605,26,39,21,20
18606,26,39,24,13
18607,26,39,12,37
18608,26,39,35,49
18609,26,39,23,12
18610,26,39,37,24
18611,26,39,25,21
18612,26,39,11,35
18613,26,39,18,36
18614,26,39,10,37
18615,26,39,33,37
18616,26,39,35,19
18617,26,39,22,18
18618,26,39,30,28
18619,26,39,10,14
18620,26,39,17,46
18621,26,39,10,22
18622,26,39,40,22
18623,26,39,12,19
18624,26,39,12,12
18625,26,39,42,24
18626,26,39,27,40
18627,26,39,16,45
18628,26,39,33,33
18629,26,39,14,19
18630,26,39,40,24
18631,26,39,44,32
18632,26,39,45,25
18633,26,39,49,27
18634,26,39,11,13
18635,26,39,45,47
18636,26,39,31,12
18637,26,39,47,33
18638,26,39,48,49
18639,26,39,27,14
18640,26,39,18,49
18641,26,39,37,47
18642,26,39,20,30
18643,26,39,31,13
18644,26,39,28,12
18645,26,39,29,20
18646,26,39,28,22
18647,26,39,13,13
18648,26,39,18,27
18649,26,39,39,43
18650,26,39,25,49
18651,26,39,21,33
18652,26,39,30,22
18653,26,39,46,11
18654,26,39,12,29
18655,26,39,35,38
18656,26,39,18,25
18657,26,39,40,31
18658,26,39,37,28
18659,26,39,24,14
18660,26,39,42,47
18661,26,39,23,22
18662,26,39,38,31
18663,26,39,33,32
18664,26,39,34,21
18665,26,39,47,23
18666,26,39,36,24
18667,26,39,48,45
18668,26,39,43,26
18669,26,39,14,38
18670,26,39,30,46
18671,26,39,49,21
18672,26,39,24,28
18673,26,39,27,13
18674,26,39,43,42
18675,26,39,26,22
18676,26,39,17,46
18677,26,39,49,45
18678,26,39,43,11
18679,26,39,37,38
18680,26,39,37,44
18681,26,39,42,23
18682,26,39,30,15
18683,26,39,46,17
18684,26,39,34,40
18685,26,39,38,47
18686,26,39,22,43
18687,26,39,49,35
18688,26,39,18,42
18689,26,39,14,17
18690,26,39,19,47
18691,26,39,38,33
18692,26,39,18,18
18693,26,39,11,26
18694,26,39,34,17
18695,26,39,20,46
18696,26,39,38,33
18697,26,39,19,25
18698,26,39,10,46
18699,26,39,43,25
18700,26,39,32,49
18701,26,39,12,36
18702,26,39,20,39
18703,26,39,30,39
18704,26,39,47,20
18705,26,39,42,30
18706,26,39,24,12
18707,26,39,32,31
18708,26,39,47,31
18709,26,39,30,45
18710,26,39,20,29
18711,26,39,21,34
18712,26,39,17,15
18713,26,39,41,20
18714,26,39,11,48
18715,26,39,49,47
18716,26,39,37,24
18717,26,39,30,31
18718,26,39,13,30
18719,26,39,23,28
18720,26,39,18,18
18721,26,39,25,36
18722,26,39,33,29
18723,26,39,10,38
18724,26,39,49,16
18725,26,39,19,46
18726,26,39,41,42
18727,26,39,34,46
18728,26,39,24,18
18729,26,39,46,15
18730,26,39,16,48
18731,26,39,16,35
18732,26,39,25,35
18733,26,39,49,14
18734,26,39,36,18
18735,26,39,40,48
18736,26,39,36,19
18737,26,39,33,10
18738,26,39,19,15
18739,26,39,29,32
18740,26,39,15,19
18741,26,39,16,25
18742,26,39,41,14
18743,26,39,28,23
18744,26,39,45,41
18745,26,39,28,41
18746,26,39,40,39
18747,26,39,10,39
18748,26,39,36,16
18749,26,39,38,44
18750,26,39,42,22
18751,26,39,26,34
18752,26,39,18,22
18753,26,39,36,13
18754,26,39,29,29
18755,26,39,22,39
18756,26,39,49,26
18757,26,39,40,15
18758,26,39,45,14
18759,26,39,27,42
18760,26,39,33,13
18761,26,39,31,26
18762,26,39,24,48
18763,26,39,21,41
18764,26,39,32,35
18765,26,39,11,28
18766,26,39,20,32
18767,26,39,36,19
18768,26,39,27,44
18769,26,39,21,39
18770,26,39,40,47
18771,26,39,23,21
18772,26,39,33,12
18773,26,39,35,18
18774,26,39,39,48
18775,26,39,15,25
18776,26,39,17,13
18777,26,39,24,49
18778,26,39,13,15
18779,26,39,23,35
18780,26,39,19,32
18781,26,39,14,21
18782,26,39,25,29
18783,26,39,40,12
18784,26,39,31,47
18785,26,39,17,22
18786,26,39,35,23
18787,26,39,30,12
18788,26,39,44,43
18789,26,39,23,20
18790,26,39,15,21
18791,26,39,22,12
18792,26,39,35,19
18793,26,39,39,24
18794,26,39,24,37
18795,26,39,17,22
18796,26,39,34,20
18797,26,39,49,45
18798,26,39,32,11
18799,26,39,27,43
18800,26,39,12,48
18801,26,39,23,27
18802,26,39,17,15
18803,26,39,18,43
18804,26,39,45,37
18805,26,39,41,30
18806,26,39,31,18
18807,26,39,13,46
18808,26,39,20,44
18809,26,39,32,35
18810,26,39,49,42
18811,26,39,48,43
18812,26,39,33,28
18813,26,39,19,42
18814,26,39,32,42
18815,26,39,31,24
18816,26,39,47,46
18817,26,39,17,26
18818,26,39,49,11
18819,26,39,48,35
18820,26,39,16,46
18821,26,39,20,10
18822,26,39,17,18
18823,26,39,28,29
18824,26,39,19,32
18825,26,39,25,24
18826,26,39,37,29
18827,26,39,16,41
18828,26,39,16,13
18829,26,39,30,13
18830,26,39,12,24
18831,26,39,28,44
18832,26,39,47,16
18833,26,39,47,30
18834,26,39,10,45
18835,26,39,10,43
18836,26,39,27,35
18837,26,39,39,47
18838,26,39,39,39
18839,26,39,13,42
18840,26,39,21,31
18841,26,39,24,41
18842,26,39,40,15
18843,26,39,42,16
18844,26,39,12,43
18845,26,39,10,10
18846,26,39,17,44
18847,26,39,34,12
18848,26,39,23,48
18849,26,39,41,12
18850,26,39,29,31
18851,26,39,38,32
18852,26,39,20,31
18853,26,39,35,44
18854,26,39,19,40
18855,26,39,43,11
18856,26,39,35,38
18857,26,39,31,14
18858,26,39,29,18
18859,26,39,35,19
18860,26,39,10,47
18861,26,39,10,37
18862,26,39,43,42
18863,26,39,22,43
18864,26,39,17,10
18865,26,39,18,20
18866,26,39,28,44
18867,26,39,17,11
18868,26,39,28,35
18869,26,39,31,26
18870,26,39,30,34
18871,26,39,37,31
18872,26,39,46,25
18873,26,39,10,31
18874,26,39,32,40
18875,26,39,32,35
18876,26,39,39,46
18877,26,39,11,43
18878,26,39,11,36
18879,26,39,18,48
18880,26,39,46,21
18881,26,39,46,24
18882,26,39,29,33
18883,26,39,34,33
18884,26,39,25,17
18885,26,39,25,14
18886,26,39,38,14
18887,26,39,30,48
18888,26,39,41,15
18889,26,39,40,49
18890,26,39,42,41
18891,26,39,16,48
18892,26,39,29,42
18893,26,39,19,45
18894,26,39,38,17
18895,26,39,31,17
18896,26,39,44,18
18897,26,39,35,39
18898,26,39,24,27
18899,26,39,37,28
18900,26,39,26,40
18901,26,39,20,35
18902,26,39,33,18
18903,26,39,30,22
18904,26,39,29,33
18905,26,39,21,41
18906,26,39,18,48
18907,26,39,28,19
18908,26,39,26,19
18909,26,39,17,42
18910,26,39,23,29
18911,26,39,34,21
18912,26,39,42,32
18913,26,39,18,17
18914,26,39,24,39
18915,26,39,12,15
18916,26,39,30,35
18917,26,39,17,39
18918,26,39,11,34
18919,26,39,16,17
18920,26,39,11,28
18921,26,39,15,49
18922,26,39,22,31
18923,26,39,47,47
18924,26,39,47,16
18925,26,39,17,10
18926,26,39,29,41
18927,26,39,44,29
18928,26,39,41,32
18929,26,39,36,36
18930,26,39,40,34
18931,26,39,11,44
18932,26,39,44,41
18933,26,39,31,39
18934,26,39,22,44
18935,26,39,15,35
18936,26,39,42,46
18937,26,39,40,17
18938,26,39,23,41
18939,26,39,16,22
18940,26,39,37,17
18941,26,39,21,20
18942,26,39,41,44
18943,26,39,32,25
18944,26,39,21,43
18945,26,39,37,43
18946,26,39,14,10
18947,26,39,38,20
18948,26,39,19,45
18949,26,39,25,48
18950,26,39,22,34
18951,26,39,13,42
18952,26,39,10,26
18953,26,39,14,36
18954,26,39,23,41
18955,26,39,23,19
18956,26,39,37,33
18957,26,39,19,18
18958,26,39,26,41
18959,26,39,23,28
18960,26,39,33,36
18961,26,39,26,16
18962,26,39,25,46
18963,26,39,37,24
18964,26,39,30,20
18965,26,39,15,48
18966,26,39,42,19
18967,26,39,44,14
18968,26,39,30,37
18969,26,39,42,17
18970,26,39,12,10
18971,26,39,39,15
18972,26,39,46,14
18973,26,39,18,11
18974,26,39,17,30
18975,26,39,21,44
18976,26,39,45,24
18977,26,39,36,13
18978,26,39,35,31
18979,26,39,37,40
18980,26,39,34,45
18981,26,39,44,38
18982,26,39,17,20
18983,26,39,39,39
18984,26,39,35,13
18985,26,39,34,16
18986,26,39,16,32
18987,26,39,32,25
18988,26,39,12,47
18989,26,39,42,23
18990,26,39,14,43
18991,26,39,43,29
18992,26,39,24,46
18993,26,39,29,25
18994,26,39,36,14
18995,26,39,44,48
18996,26,39,21,39
18997,26,39,40,21
18998,26,39,34,33
18999,26,39,48,14
19000,26,39,26,48
19001,26,39,48,23
19002,26,39,23,18
19003,26,39,37,13
19004,26,39,34,37
19005,26,39,15,11
19006,26,39,14,39
19007,26,39,14,48
19008,26,39,31,42
19009,26,39,48,14
19010,26,39,25,47
19011,26,39,49,41
19012,26,39,25,23
19013,26,39,18,34
19014,26,39,13,14
19015,26,39,29,25
19016,26,39,19,42
19017,26,39,13,13
19018,26,39,10,11
19019,26,39,23,14
19020,26,39,38,19
19021,26,39,39,16
19022,26,39,14,30
19023,26,39,40,46
19024,26,39,25,10
19025,26,39,41,30
19026,26,39,46,38
19027,26,39,26,33
19028,26,39,34,29
19029,26,39,30,20
19030,26,39,25,14
19031,26,39,16,18
19032,26,39,43,24
19033,26,39,40,19
19034,26,39,34,40
19035,26,39,29,39
19036,26,39,35,16
19037,26,39,39,29
19038,26,39,11,17
19039,26,39,29,19
19040,26,39,26,13
19041,26,39,44,25
19042,26,39,19,32
19043,26,39,15,31
19044,26,39,27,46
19045,26,39,19,40
19046,26,39,32,49
19047,26,39,25,16
19048,26,39,46,30
19049,26,39,31,46
19050,26,39,43,47
19051,26,39,29,23
19052,26,39,39,21
19053,26,39,24,28
19054,26,39,16,19
19055,26,39,45,32
19056,26,39,45,13
19057,26,39,15,15
19058,26,39,48,32
19059,26,39,34,10
19060,26,39,24,28
19061,26,39,43,35
19062,26,39,14,17
19063,26,39,14,30
19064,26,39,14,28
19065,26,39,15,18
19066,26,39,30,28
19067,26,39,45,27
19068,26,39,12,23
19069,26,39,34,49
19070,26,39,30,44
19071,26,39,32,34
19072,26,39,41,10
19073,26,39,37,34
19074,26,39,43,26
19075,26,39,21,10
19076,26,39,25,18
19077,26,39,17,44
19078,26,39,46,21
19079,26,39,22,48
19080,26,39,45,45
19081,26,39,23,33
19082,26,39,31,11
19083,26,39,38,28
19084,26,39,30,15
19085,26,39,28,37
19086,26,39,25,45
19087,26,39,16,26
19088,26,39,43,38
19089,26,39,14,47
19090,26,39,34,25
19091,26,39,34,13
19092,26,39,33,38
19093,26,39,13,31
19094,26,39,15,28
19095,26,39,47,44
19096,26,39,42,48
19097,26,39,13,24
19098,26,39,33,34
19099,26,39,46,14
19100,26,39,47,37
19101,26,39,27,40
19102,26,39,13,26
19103,26,39,29,35
19104,26,39,31,15
19105,26,39,39,40
19106,26,39,26,15
19107,26,39,40,10
19108,26,39,38,20
19109,26,39,10,33
19110,26,39,34,12
19111,26,39,25,30
19112,26,39,31,38
19113,26,39,44,32
19114,26,39,31,35
19115,26,39,28,12
19116,26,39,16,29
19117,26,39,39,11
19118,26,39,44,18
19119,26,39,32,16
19120,26,39,45,48
19121,26,39,12,32
19122,26,39,37,47
19123,26,39,18,27
19124,26,39,31,15
19125,26,39,44,41
19126,26,39,18,24
19127,26,39,14,47
19128,26,39,25,17
19129,26,39,30,49
19130,26,39,25,22
19131,26,39,48,35
19132,26,39,30,33
19133,26,39,34,45
19134,26,39,44,25
19135,26,39,38,18
19136,26,39,25,33
19137,26,39,27,36
19138,26,39,38,27
19139,26,39,34,10
19140,26,39,35,30
19141,26,39,11,18
19142,26,39,35,16
19143,26,39,18,40
19144,26,39,25,18
19145,26,39,31,16
19146,26,39,38,16
19147,26,39,30,41
19148,26,39,12,35
19149,26,39,12,40
19150,26,39,35,22
19151,26,39,49,40
19152,26,39,47,22
19153,26,39,49,40
19154,26,39,34,45
19155,26,39,20,14
19156,26,39,25,29
19157,26,39,29,47
19158,26,39,17,39
19159,26,39,25,20
19160,26,39,16,36
19161,26,39,37,17
19162,26,39,40,19
19163,26,39,46,39
19164,26,39,41,21
19165,26,39,29,15
19166,26,39,13,39
19167,26,39,48,28
19168,26,39,39,15
19169,26,39,39,17
19170,26,39,46,36
19171,26,39,36,19
19172,26,39,28,27
19173,26,39,14,22
19174,26,39,37,43
19175,26,39,19,12
19176,26,39,13,45
19177,26,39,32,16
19178,26,39,46,23
19179,26,39,33,25
19180,26,39,20,10
19181,26,39,45,10
19182,26,39,12,38
19183,26,39,42,24
19184,26,39,40,13
19185,26,39,38,41
19186,26,39,13,21
19187,26,39,45,34
19188,26,39,36,20
19189,26,39,24,30
19190,26,39,33,17
19191,26,39,19,26
19192,26,39,13,48
19193,26,39,19,48
19194,26,39,16,49
19195,26,39,13,16
19196,26,39,31,47
19197,26,39,12,43
19198,26,39,21,37
19199,26,39,35,22
19200,26,39,39,19
19201,26,39,46,32
19202,26,39,13,32
19203,26,39,43,24
19204,26,39,46,14
19205,26,39,23,49
19206,26,39,41,31
19207,26,39,24,30
19208,26,39,32,29
19209,26,39,15,25
19210,26,39,40,34
19211,26,39,24,16
19212,26,39,42,48
19213,26,39,25,39
19214,26,39,35,33
19215,26,39,20,27
19216,26,39,46,32
19217,26,39,27,12
19218,26,39,40,49
19219,26,39,31,39
19220,26,39,20,14
19221,26,39,42,41
19222,26,39,22,34
19223,26,39,21,38
19224,26,39,28,21
19225,26,39,48,30
19226,26,39,31,35
19227,26,39,27,18
19228,26,39,42,23
19229,26,39,16,20
19230,26,39,44,28
19231,26,39,26,11
19232,26,39,29,24
19233,26,39,16,34
19234,26,39,44,15
19235,26,39,20,13
19236,26,39,14,36
19237,26,39,40,35
19238,26,39,12,37
19239,26,39,18,31
19240,26,39,46,28
19241,26,39,25,14
19242,26,39,22,30
19243,26,39,48,46
19244,26,39,31,33
19245,26,39,31,29
19246,26,39,17,28
19247,26,39,25,45
19248,26,39,39,47
19249,26,39,31,22
19250,26,39,48,26
19251,26,39,19,29
19252,26,39,34,39
19253,26,39,37,33
19254,26,39,16,39
19255,26,39,35,34
19256,26,39,12,47
19257,26,39,30,31
19258,26,39,35,47
19259,26,39,41,46
19260,26,39,33,26
19261,26,39,40,38
19262,26,39,20,30
19263,26,39,42,26
19264,26,39,31,32
19265,26,39,47,17
19266,26,39,31,49
19267,26,39,41,22
19268,26,39,42,14
19269,26,39,17,30
19270,26,39,36,24
19271,26,39,33,33
19272,26,39,36,28
19273,26,39,16,47
19274,26,39,24,31
19275,26,39,32,38
19276,26,39,21,24
19277,26,39,23,27
19278,26,39,36,17
19279,26,39,23,34
19280,26,39,21,32
19281,26,39,26,49
19282,26,39,39,24
19283,26,39,14,37
19284,26,39,29,23
19285,26,39,38,48
19286,26,39,24,33
19287,26,39,43,11
19288,26,39,44,48
19289,26,39,41,13
19290,26,39,10,37
19291,26,39,45,37
19292,26,39,20,18
19293,26,39,48,37
19294,26,39,20,18
19295,26,39,34,18
19296,26,39,16,25
19297,26,39,30,44
19298,26,39,44,46
19299,26,39,31,24
19300,26,39,26,21
19301,26,39,29,20
19302,26,39,10,10
19303,26,39,15,22
19304,26,39,34,18
19305,26,39,40,30
19306,26,39,39,22
19307,26,39,33,24
19308,26,39,32,49
19309,26,39,11,41
19310,26,39,44,26
19311,26,39,14,26
19312,26,39,40,21
19313,26,39,37,33
19314,26,39,22,41
19315,26,39,13,34
19316,26,39,15,22
19317,26,39,13,32
19318,26,39,14,46
19319,26,39,42,31
19320,26,39,43,23
19321,26,39,24,23
19322,26,39,12,34
19323,26,39,46,24
19324,26,39,22,15
19325,26,39,29,47
19326,26,39,10,33
19327,26,39,12,18
19328,26,39,25,25
19329,26,39,32,19
19330,26,39,49,42
19331,26,39,37,10
19332,26,39,26,23
19333,26,39,30,46
19334,26,39,19,13
19335,26,39,18,12
19336,26,39,34,23
19337,26,39,15,46
19338,26,39,19,28
19339,26,39,21,23
19340,26,39,30,20
19341,26,39,26,44
19342,26,39,47,37
19343,26,39,43,32
19344,26,39,39,22
19345,26,39,47,47
19346,26,39,16,34
19347,26,39,46,37
19348,26,39,32,34
19349,26,39,22,11
19350,26,39,15,28
19351,26,39,35,15
19352,26,39,16,30
19353,26,39,44,48
19354,26,39,16,25
19355,26,39,31,42
19356,26,39,26,44
19357,26,39,18,10
19358,26,39,46,44
19359,26,39,45,32
19360,26,39,33,40
19361,26,39,35,34
19362,26,39,36,41
19363,26,39,36,49
19364,26,39,19,15
19365,26,39,39,33
19366,26,39,29,21
19367,26,39,13,33
19368,26,39,21,19
19369,26,39,25,32
19370,26,39,45,38
19371,26,39,26,35
19372,26,39,43,45
19373,26,39,33,10
19374,26,39,23,46
19375,26,39,34,45
19376,26,39,37,15
19377,26,39,30,35
19378,26,39,37,46
19379,26,39,27,34
19380,26,39,25,48
19381,26,39,46,46
19382,26,39,27,20
19383,26,39,24,47
19384,26,39,30,39
19385,26,39,48,34
19386,26,39,16,23
19387,26,39,21,43
19388,26,39,32,40
19389,26,39,24,13
19390,26,39,11,39
19391,26,39,20,34
19392,26,39,14,13
19393,26,39,34,22
19394,26,39,41,43
19395,26,39,19,42
19396,26,39,28,14
19397,26,39,44,37
19398,26,39,30,30
19399,26,39,25,17
19400,26,39,18,27
19401,26,39,43,43
19402,26,39,12,26
19403,26,39,24,13
19404,26,39,40,19
19405,26,39,22,49
19406,26,39,38,37
19407,26,39,42,46
19408,26,39,17,23
19409,26,39,38,19
19410,26,39,27,49
19411,26,39,44,33
19412,26,39,39,20
19413,26,39,16,17
19414,26,39,27,48
19415,26,39,11,22
19416,26,39,22,46
19417,26,39,24,30
19418,26,39,47,34
19419,26,39,21,12
19420,26,39,21,18
19421,26,39,19,35
19422,26,39,39,28
19423,26,39,40,44
19424,26,39,24,48
19425,26,39,16,22
19426,26,39,34,22
19427,26,39,34,34
19428,26,39,34,27
19429,26,39,16,34
19430,26,39,25,30
19431,26,39,13,37
19432,26,39,32,38
19433,26,39,25,46
19434,26,39,38,36
19435,26,39,48,13
19436,26,39,44,40
19437,26,39,15,43
19438,26,39,47,41
19439,26,39,33,38
19440,26,39,17,46
19441,26,39,22,40
19442,26,39,31,21
19443,26,39,33,25
19444,26,39,44,44
19445,26,39,13,28
19446,26,39,16,19
19447,26,39,37,25
19448,26,39,45,15
19449,26,39,31,49
19450,26,39,40,42
19451,26,39,26,12
19452,26,39,15,34
19453,26,39,38,25
19454,26,39,46,48
19455,26,39,38,38
19456,26,39,49,13
19457,26,39,31,40
19458,26,39,24,45
19459,26,39,14,13
19460,26,39,43,12
19461,26,39,12,40
19462,26,39,41,46
19463,26,39,37,48
19464,26,39,24,32
19465,26,39,46,40
19466,26,39,15,20
19467,26,39,17,38
19468,26,39,32,10
19469,26,39,18,32
19470,26,39,26,35
19471,26,39,11,46
19472,26,39,11,47
19473,26,39,18,29
19474,26,39,41,44
19475,26,39,31,43
19476,26,39,45,15
19477,26,39,19,31
19478,26,39,16,43
19479,26,39,27,25
19480,26,39,49,49
19481,26,39,13,48
19482,26,39,32,28
19483,26,39,46,18
19484,26,39,41,35
19485,26,39,13,26
19486,26,39,10,37
19487,26,39,17,15
19488,26,39,23,45
19489,26,39,19,21
19490,26,39,11,33
19491,26,39,49,15
19492,26,39,49,28
19493,26,39,27,34
19494,26,39,26,11
19495,26,39,40,28
19496,26,39,49,23
19497,26,39,25,17
19498,26,39,42,29
19499,26,39,28,42
19500,26,39,28,22
19501,26,39,34,42
19502,26,39,39,46
19503,26,39,49,24
19504,26,39,37,32
19505,26,39,16,14
19506,26,39,29,32
19507,26,39,44,32
19508,26,39,18,29
19509,26,39,31,15
19510,26,39,35,31
19511,26,39,37,38
19512,26,39,49,18
19513,26,39,45,19
19514,26,39,25,46
19515,26,39,43,48
19516,26,39,39,30
19517,26,39,19,13
19518,26,39,28,25
19519,26,39,45,37
19520,26,39,16,18
19521,26,39,22,40
19522,26,39,41,24
19523,26,39,45,45
19524,26,39,38,43
19525,26,39,38,23
19526,26,39,21,10
19527,26,39,45,17
19528,26,39,34,36
19529,26,39,23,15
19530,26,39,41,11
19531,26,39,17,46
19532,26,39,32,10
19533,26,39,37,15
19534,26,39,11,17
19535,26,39,48,34
19536,26,39,28,23
19537,26,39,30,15
19538,26,39,10,19
19539,26,39,15,44
19540,26,39,27,28
19541,26,39,47,41
19542,26,39,28,10
19543,26,39,44,22
19544,26,39,38,29
19545,26,39,40,34
19546,26,39,20,33
19547,26,39,18,31
19548,26,39,13,15
19549,26,39,27,12
19550,26,39,10,26
19551,26,39,22,48
19552,26,39,27,34
19553,26,39,30,49
19554,26,39,11,42
19555,26,39,32,33
19556,26,39,29,20
19557,26,39,21,46
19558,26,39,23,48
19559,26,39,46,28
19560,26,39,33,24
19561,26,39,38,25
19562,26,39,39,46
19563,26,39,45,13
19564,26,39,44,32
19565,26,39,27,47
19566,26,39,28,41
19567,26,39,45,40
19568,26,39,24,17
19569,26,39,41,20
19570,26,39,44,39
19571,26,39,42,10
19572,26,39,48,35
19573,26,39,43,32
19574,26,39,26,39
19575,26,39,40,19
19576,26,39,22,27
19577,26,39,47,21
19578,26,39,45,31
19579,26,39,30,45
19580,26,39,16,20
19581,26,39,25,34
19582,26,39,35,43
19583,26,39,49,20
19584,26,39,21,43
19585,26,39,35,48
19586,26,39,35,10
19587,26,39,15,32
19588,26,39,45,32
19589,26,39,33,30
19590,26,39,26,11
19591,26,39,40,21
19592,26,39,44,30
19593,26,39,11,48
19594,26,39,39,23
19595,26,39,23,25
19596,26,39,12,42
19597,26,39,48,20
19598,26,39,22,10
19599,26,39,39,45
19600,26,39,39,24
19601,26,39,31,26
19602,26,39,27,42
19603,26,39,49,24
19604,26,39,34,37
19605,26,39,30,25
19606,26,39,17,33
19607,26,39,44,17
19608,26,39,46,24
19609,26,39,45,16
19610,26,39,45,36
19611,26,39,29,17
19612,26,39,34,26
19613,26,39,21,47
19614,26,39,13,35
19615,26,39,27,25
19616,26,39,13,48
19617,26,39,42,27
19618,26,39,21,15
19619,26,39,17,48
19620,26,39,42,39
19621,26,39,44,39
19622,26,39,28,20
19623,26,39,32,37
19624,26,39,25,25
19625,26,39,15,43
19626,26,39,41,31
19627,26,39,45,25
19628,26,39,49,35
19629,26,39,49,16
19630,26,39,25,20
19631,26,39,13,18
19632,26,39,46,48
19633,26,39,19,30
19634,26,39,11,37
19635,26,39,37,47
19636,26,39,26,45
19637,26,39,42,38
19638,26,39,16,42
19639,26,39,25,45
19640,26,39,29,27
19641,26,39,24,26
19642,26,39,14,22
19643,26,39,41,24
19644,26,39,37,13
19645,26,39,25,36
19646,26,39,40,29
19647,26,39,47,40
19648,26,39,16,21
19649,26,39,31,18
19650,26,39,18,47
19651,26,39,34,27
19652,26,39,10,48
19653,26,39,25,34
19654,26,39,42,41
19655,26,39,37,35
19656,26,39,43,12
19657,26,39,44,29
19658,26,39,20,41
19659,26,39,21,42
19660,26,39,46,32
19661,26,39,10,45
19662,26,39,41,17
19663,26,39,20,11
19664,26,39,11,33
19665,26,39,46,38
19666,26,39,48,10
19667,26,39,46,40
19668,26,39,18,43
19669,26,39,15,30
19670,26,39,17,25
19671,26,39,41,37
19672,26,39,25,24
19673,26,39,40,35
19674,26,39,10,33
19675,26,39,13,22
19676,26,39,28,17
19677,26,39,40,12
19678,26,39,36,32
19679,26,39,46,29
19680,26,39,33,45
19681,26,39,49,24
19682,26,39,48,18
19683,26,39,26,35
19684,26,39,33,24
19685,26,39,46,17
19686,26,39,18,17
19687,26,39,46,38
19688,26,39,17,40
19689,26,39,13,48
19690,26,39,15,22
19691,26,39,30,20
19692,26,39,10,43
19693,26,39,38,33
19694,26,39,34,36
19695,26,39,27,45
19696,26,39,39,12
19697,26,39,27,41
19698,26,39,28,32
19699,26,39,31,12
19700,26,39,36,19
19701,26,39,15,27
19702,26,39,19,28
19703,26,39,32,49
19704,26,39,16,10
19705,26,39,23,44
19706,26,39,16,19
19707,26,39,22,27
19708,26,39,13,30
19709,26,39,33,32
19710,26,39,35,39
19711,26,39,28,34
19712,26,39,24,30
19713,26,39,11,24
19714,26,39,27,10
19715,26,39,43,20
19716,26,39,31,13
19717,26,39,16,49
19718,26,39,30,10
19719,26,39,27,19
19720,26,39,36,21
19721,26,39,12,42
19722,26,39,49,40
19723,26,39,43,38
19724,26,39,47,18
19725,26,39,30,21
19726,26,39,21,14
19727,26,39,32,23
19728,26,39,31,12
19729,26,39,36,18
19730,26,39,14,42
19731,26,39,41,27
19732,26,39,43,38
19733,26,39,46,24
19734,26,39,25,10
19735,26,39,23,24
19736,26,39,20,11
19737,26,39,11,44
19738,26,39,11,15
19739,26,39,48,15
19740,26,39,32,39
19741,26,39,39,17
19742,26,39,16,49
19743,26,39,30,44
19744,26,39,23,35
19745,26,39,42,11
19746,26,39,42,31
19747,26,39,32,27
19748,26,39,46,28
19749,26,39,31,28
19750,26,39,22,49
19751,26,39,16,15
19752,26,39,49,49
19753,26,39,34,46
19754,26,39,31,14
19755,26,39,17,33
19756,26,39,27,44
19757,26,39,30,30
19758,26,39,17,24
19759,26,39,34,31
19760,26,39,20,24
19761,26,39,30,49
19762,26,39,10,35
19763,26,39,46,22
19764,26,39,11,20
19765,26,39,18,27
19766,26,39,28,36
19767,26,39,35,49
19768,26,39,19,15
19769,26,39,44,42
19770,26,39,14,22
19771,26,39,29,17
19772,26,39,16,33
19773,26,39,34,33
19774,26,39,26,12
19775,26,39,25,47
19776,26,39,36,39
19777,26,39,44,10
19778,26,39,18,40
19779,26,39,18,18
19780,26,39,22,22
19781,26,39,26,14
19782,26,39,10,34
19783,26,39,30,47
19784,26,39,32,34
19785,26,39,30,23
19786,26,39,45,14
19787,26,39,16,22
19788,26,39,42,22
19789,26,39,35,28
19790,26,39,31,41
19791,26,39,17,43
19792,26,39,18,33
19793,26,39,21,45
19794,26,39,47,16
19795,26,39,46,19
19796,26,39,23,49
19797,26,39,14,24
19798,26,39,14,33
19799,26,39,41,37
19800,26,39,27,35
19801,26,39,26,29
19802,26,39,15,22
19803,26,39,31,40
19804,26,39,43,23
19805,26,39,23,32
19806,26,39,16,28
19807,26,39,17,26
19808,26,39,24,13
19809,26,39,13,47
19810,26,39,36,30
19811,26,39,29,29
19812,26,39,32,23
19813,26,39,17,28
19814,26,39,27,11
19815,26,39,19,44
19816,26,39,19,39
19817,26,39,38,30
19818,26,39,37,11
19819,26,39,14,38
19820,26,39,48,13
19821,26,39,21,43
19822,26,39,30,40
19823,26,39,32,39
19824,26,39,34,12
19825,26,39,35,22
19826,26,39,29,46
19827,26,39,17,13
19828,26,39,10,28
19829,26,39,34,26
19830,26,39,14,44
19831,26,39,22,26
19832,26,39,46,32
19833,26,39,19,16
19834,26,39,14,28
19835,26,39,28,25
19836,26,39,41,11
19837,26,39,39,30
19838,26,39,47,11
19839,26,39,35,28
19840,26,39,45,43
19841,26,39,44,11
19842,26,39,31,23
19843,26,39,29,33
19844,26,39,44,28
19845,26,39,47,12
19846,26,39,15,37
19847,26,39,19,44
19848,26,39,23,31
19849,26,39,17,44
19850,26,39,49,16
19851,26,39,27,13
19852,26,39,42,18
19853,26,39,36,27
19854,26,39,47,12
19855,26,39,35,41
19856,26,39,14,22
19857,26,39,10,40
19858,26,39,38,25
19859,26,39,39,41
19860,26,39,27,29
19861,26,39,22,13
19862,26,39,33,27
19863,26,39,18,21
19864,26,39,27,26
19865,26,39,14,45
19866,26,39,47,16
19867,26,39,47,49
19868,26,39,49,25
19869,26,39,31,13
19870,26,39,42,29
19871,26,39,40,11
19872,26,39,31,18
19873,26,39,11,39
19874,26,39,18,43
19875,26,39,20,24
19876,26,39,30,24
19877,26,39,18,19
19878,26,39,18,10
19879,26,39,13,48
19880,26,39,40,25
19881,26,39,18,30
19882,26,39,34,41
19883,26,39,48,29
19884,26,39,35,36
19885,26,39,25,48
19886,26,39,40,38
19887,26,39,21,35
19888,26,39,45,46
19889,26,39,14,12
19890,26,39,45,11
19891,26,39,40,44
19892,26,39,32,36
19893,26,39,43,12
19894,26,39,19,48
19895,26,39,24,36
19896,26,39,40,14
19897,26,39,39,36
19898,26,39,18,24
19899,26,39,48,48
19900,26,39,47,30
19901,26,39,49,23
19902,26,39,41,26
19903,26,39,20,29
19904,26,39,42,29
19905,26,39,36,36
19906,26,39,20,34
19907,26,39,31,31
19908,26,39,29,45
19909,26,39,31,27
19910,26,39,28,37
19911,26,39,39,20
19912,26,39,44,35
19913,26,39,23,23
19914,26,39,30,17
19915,26,39,33,11
19916,26,39,21,27
19917,26,39,36,24
19918,26,39,40,25
19919,26,39,11,23
19920,26,39,17,25
19921,26,39,48,16
19922,26,39,43,44
19923,26,39,10,37
19924,26,39,22,45
19925,26,39,17,15
19926,26,39,31,10
19927,26,39,27,27
19928,26,39,28,23
19929,26,39,25,35
19930,26,39,38,36
19931,26,39,30,33
19932,26,39,41,36
19933,26,39,32,42
19934,26,39,33,31
19935,26,39,25,26
19936,26,39,29,46
19937,26,39,23,37
19938,26,39,49,37
19939,26,39,12,36
19940,26,39,26,49
19941,26,39,40,14
19942,26,39,32,45
19943,26,39,40,19
19944,26,39,49,17
19945,26,39,49,45
19946,26,39,41,45
19947,26,39,25,46
19948,26,39,37,20
19949,26,39,44,47
19950,26,39,35,40
19951,26,39,15,27
19952,26,39,27,12
19953,26,39,45,12
19954,26,39,20,30
19955,26,39,45,36
19956,26,39,23,45
19957,26,39,16,47
19958,26,39,22,18
19959,26,39,40,32
19960,26,39,30,18
19961,26,39,44,29
19962,26,39,14,11
19963,26,39,26,35
19964,26,39,10,44
19965,26,39,37,42
19966,26,39,42,18
19967,26,39,15,22
19968,26,39,38,43
19969,26,39,41,40
19970,26,39,18,27
19971,26,39,31,36
19972,26,39,35,17
19973,26,39,49,30
19974,26,39,33,49
19975,26,39,37,29
19976,26,39,49,40
19977,26,39,36,23
19978,26,39,42,12
19979,26,39,34,42
19980,26,39,14,20
19981,26,39,13,14
19982,26,39,49,24
19983,26,39,35,33
19984,26,39,29,42
19985,26,39,27,28
19986,26,39,44,20
19987,26,39,29,13
19988,26,39,27,49
19989,26,39,29,10
19990,26,39,16,11
19991,26,39,22,36
19992,26,39,23,21
19993,26,39,41,19
19994,26,39,24,41
19995,26,39,41,47
19996,26,39,38,17
19997,26,39,28,22
19998,26,39,10,29
19999,26,39,38,36
20000,26,39,20,26
20001,26,39,43,14
20002,26,39,14,34
20003,26,39,12,21
20004,26,39,49,44
20005,26,39,43,49
20006,26,39,33,10
20007,26,39,17,32
20008,26,39,13,31
20009,26,39,32,15
20010,26,39,40,16
20011,26,39,49,30
20012,26,39,38,16
20013,26,39,32,26
20014,26,39,25,13
20015,26,39,18,39
20016,26,39,15,11
20017,26,39,10,23
20018,26,39,42,43
20019,26,39,37,24
20020,26,39,30,48
20021,26,39,38,44
20022,26,39,39,10
20023,26,39,12,45
20024,26,39,27,11
20025,26,39,47,16
20026,26,39,30,46
20027,26,39,23,44
20028,26,39,15,33
20029,26,39,11,49
20030,26,39,45,41
20031,26,39,43,12
20032,26,39,11,12
20033,26,39,43,31
20034,26,39,19,18
20035,26,39,34,44
20036,26,39,11,45
20037,26,39,25,38
20038,26,39,48,31
20039,26,39,46,45
20040,26,39,12,29
20041,26,39,36,18
20042,26,39,35,48
20043,26,39,40,27
20044,26,39,22,45
20045,26,39,39,41
20046,26,39,24,15
20047,26,39,13,24
20048,26,39,38,26
20049,26,39,11,33
20050,26,39,14,37
20051,26,39,39,28
20052,26,39,28,28
20053,26,39,45,34
20054,26,39,47,19
20055,26,39,38,16
20056,26,39,32,19
20057,26,39,32,40
20058,26,39,27,12
20059,26,39,13,30
20060,26,39,26,43
20061,26,39,41,39
20062,26,39,16,16
20063,26,39,26,12
20064,26,39,26,38
20065,26,39,19,31
20066,26,39,22,11
20067,26,39,26,28
20068,26,39,10,36
20069,26,39,34,39
20070,26,39,15,36
20071,26,39,38,18
20072,26,39,13,31
20073,26,39,27,17
20074,26,39,24,41
20075,26,39,36,43
20076,26,39,41,42
20077,26,39,46,46
20078,26,39,35,25
20079,26,39,16,40
20080,26,39,21,19
20081,26,39,47,18
20082,26,39,48,10
20083,26,39,37,29
20084,26,39,18,30
20085,26,39,30,36
20086,26,39,40,36
20087,26,39,16,40
20088,26,39,30,42
20089,26,39,47,48
20090,26,39,15,24
20091,26,39,34,37
20092,26,39,14,33
20093,26,39,27,49
20094,26,39,24,16
20095,26,39,30,48
20096,26,39,35,17
20097,26,39,14,31
20098,26,39,17,37
20099,26,39,49,48
20100,26,39,23,19
20101,26,39,14,31
20102,26,39,41,33
20103,26,39,38,17
20104,26,39,27,23
20105,26,39,14,49
20106,26,39,34,14
20107,26,39,37,25
20108,26,39,46,40
20109,26,39,34,19
20110,26,39,41,38
20111,26,39,47,18
20112,26,39,42,27
20113,26,39,12,22
20114,26,39,46,43
20115,26,39,37,25
20116,26,39,36,20
20117,26,39,21,23
20118,26,39,25,44
20119,26,39,26,11
20120,26,39,41,34
20121,26,39,17,48
20122,26,39,37,33
20123,26,39,47,46
20124,26,39,20,28
20125,26,39,21,39
20126,26,39,19,17
20127,26,39,47,28
20128,26,39,16,13
20129,26,39,34,16
20130,26,39,19,20
20131,26,39,12,48
20132,26,39,30,31
20133,26,39,40,28
20134,26,39,19,27
20135,26,39,12,26
20136,26,39,33,13
20137,26,39,17,29
20138,26,39,11,45
20139,26,39,12,18
20140,26,39,10,20
20141,26,39,37,27
20142,26,39,30,18
20143,26,39,34,11
20144,26,39,42,34
20145,26,39,41,34
20146,26,39,17,36
20147,26,39,46,44
20148,26,39,10,13
20149,26,39,10,47
20150,26,39,10,49
20151,26,39,29,14
20152,26,39,18,47
20153,26,39,35,37
20154,26,39,20,31
20155,26,39,43,19
20156,26,39,38,24
20157,26,39,10,37
20158,26,39,47,41
20159,26,39,15,10
20160,26,39,21,26
20161,26,39,44,28
20162,26,39,24,18
20163,26,39,13,36
20164,26,39,22,12
20165,26,39,40,26
20166,26,39,40,28
20167,26,39,41,46
20168,26,39,17,25
20169,26,39,36,34
20170,26,39,15,34
20171,26,39,28,26
20172,26,39,14,41
20173,26,39,33,30
20174,26,39,42,11
20175,26,39,40,34
20176,26,39,12,31
20177,26,39,18,49
20178,26,39,26,30
20179,26,39,48,35
20180,26,39,15,22
20181,26,39,11,20
20182,26,39,40,29
20183,26,39,24,28
20184,26,39,43,28
20185,26,39,45,34
20186,26,39,28,19
20187,26,39,18,36
20188,26,39,12,29
20189,26,39,19,20
20190,26,39,14,40
20191,26,39,30,27
20192,26,39,45,31
20193,26,39,44,12
20194,26,39,46,16
20195,26,39,45,15
20196,26,39,29,18
20197,26,39,43,22
20198,26,39,24,20
20199,26,39,34,47
20200,26,39,40,13
20201,26,39,10,19
20202,26,39,15,20
20203,26,39,24,41
20204,26,39,36,38
20205,26,39,12,27
20206,26,39,31,22
20207,26,39,35,40
20208,26,39,21,36
20209,26,39,39,17
20210,26,39,47,43
20211,26,39,46,14
20212,26,39,43,24
20213,26,39,34,35
20214,26,39,44,22
20215,26,39,26,30
20216,26,39,13,24
20217,26,39,30,19
20218,26,39,39,35
20219,26,39,21,30
20220,26,39,17,49
20221,26,39,20,34
20222,26,39,22,43
20223,26,39,14,38
20224,26,39,46,39
20225,26,39,46,21
20226,26,39,24,22
20227,26,39,15,18
20228,26,39,33,43
20229,26,39,23,18
20230,26,39,36,36
20231,26,39,40,35
20232,26,39,44,11
20233,26,39,14,44
20234,26,39,17,12
20235,26,39,12,44
20236,26,39,48,25
20237,26,39,24,13
20238,26,39,33,32
20239,26,39,30,47
20240,26,39,33,26
20241,26,39,36,34
20242,26,39,36,15
20243,26,39,38,15
20244,26,39,36,24
20245,26,39,46,41
20246,26,39,35,44
20247,26,39,29,43
20248,26,39,28,38
20249,26,39,17,24
20250,26,39,34,20
20251,26,39,10,45
20252,26,39,18,36
20253,26,39,40,19
20254,26,39,29,47
20255,26,39,43,32
20256,26,39,26,23
20257,26,39,40,19
20258,26,39,13,14
20259,26,39,27,35
20260,26,39,19,32
20261,26,39,42,13
20262,26,39,36,38
20263,26,39,31,32
20264,26,39,35,12
20265,26,39,22,25
20266,26,39,33,31
20267,26,39,19,38
20268,26,39,14,31
20269,26,39,18,42
20270,26,39,30,14
20271,26,39,11,25
20272,26,39,42,26
20273,26,39,46,27
20274,26,39,41,38
20275,26,39,45,33
20276,26,39,30,33
20277,26,39,21,42
20278,26,39,20,23
20279,26,39,16,33
20280,26,39,31,29
20281,26,39,49,45
20282,26,39,43,16
20283,26,39,35,31
20284,26,39,26,39
20285,26,39,38,29
20286,26,39,40,36
20287,26,39,35,14
20288,26,39,28,26
20289,26,39,44,14
20290,26,39,47,23
20291,26,39,18,19
20292,26,39,40,28
20293,26,39,31,20
20294,26,39,30,26
20295,26,39,41,23
20296,26,39,42,27
20297,26,39,42,29
20298,26,39,32,44
20299,26,39,36,44
20300,26,39,13,30
20301,26,39,38,41
20302,26,39,49,10
20303,26,39,18,33
20304,26,39,27,34
20305,26,39,46,40
20306,26,39,44,15
20307,26,39,45,33
20308,26,39,26,39
20309,26,39,47,16
20310,26,39,26,19
20311,26,39,22,19
20312,26,39,31,27
20313,26,39,49,46
20314,26,39,39,23
20315,26,39,48,21
20316,26,39,30,33
20317,26,39,34,27
20318,26,39,28,38
20319,26,39,41,30
20320,26,39,27,22
20321,26,39,43,19
20322,26,39,41,34
20323,26,39,28,42
20324,26,39,45,10
20325,26,39,49,26
20326,26,39,16,26
20327,26,39,12,38
20328,26,39,15,19
20329,26,39,26,43
20330,26,39,26,42
20331,26,39,28,14
20332,26,39,38,49
20333,26,39,21,43
20334,26,39,22,14
20335,26,39,24,26
20336,26,39,13,32
20337,26,39,36,13
20338,26,39,18,23
20339,26,39,15,33
20340,26,39,43,10
20341,26,39,30,25
20342,26,39,37,47
20343,26,39,20,26
20344,26,39,18,28
20345,26,39,27,42
20346,26,39,11,42
20347,26,39,42,43
20348,26,39,39,14
20349,26,39,10,28
20350,26,39,14,41
20351,26,39,36,34
20352,26,39,17,12
20353,26,39,25,30
20354,26,39,48,13
20355,26,39,25,40
20356,26,39,21,22
20357,26,39,43,38
20358,26,39,17,10
20359,26,39,20,20
20360,26,39,16,35
20361,26,39,30,26
20362,26,39,26,10
20363,26,39,47,20
20364,26,39,10,30
20365,26,39,45,33
20366,26,39,18,38
20367,26,39,36,18
20368,26,39,39,39
20369,26,39,24,13
20370,26,39,32,30
20371,26,39,49,33
20372,26,39,16,32
20373,26,39,32,32
20374,26,39,35,16
20375,26,39,10,32
20376,26,39,26,29
20377,26,39,46,40
20378,26,39,14,45
20379,26,39,16,45
20380,26,39,11,36
20381,26,39,27,30
20382,26,39,16,35
20383,26,39,36,30
20384,26,39,12,12
20385,26,39,42,43
20386,26,39,10,42
20387,26,39,11,21
20388,26,39,15,31
20389,26,39,16,41
20390,26,39,14,48
20391,26,39,27,37
20392,26,39,23,45
20393,26,39,33,31
20394,26,39,45,32
20395,26,39,31,41
20396,26,39,24,37
20397,26,39,43,36
20398,26,39,22,13
20399,26,39,43,36
20400,26,39,36,47
20401,26,39,21,41
20402,26,39,21,47
20403,26,39,32,40
20404,26,39,12,43
20405,26,39,14,31
20406,26,39,12,41
20407,26,39,37,21
20408,26,39,22,48
20409,26,39,37,34
20410,26,39,44,12
20411,26,39,16,12
20412,26,39,27,15
20413,26,39,34,34
20414,26,39,11,47
20415,26,39,49,30
20416,26,39,14,14
20417,26,39,13,19
20418,26,39,25,46
20419,26,39,41,11
20420,26,39,22,45
20421,26,39,13,20
20422,26,39,23,25
20423,26,39,26,46
20424,26,39,42,22
20425,26,39,45,14
20426,26,39,18,18
20427,26,39,35,41
20428,26,39,33,35
20429,26,39,25,21
20430,26,39,35,15
20431,26,39,30,22
20432,26,39,36,43
20433,26,39,15,18
20434,26,39,31,38
20435,26,39,24,35
20436,26,39,27,34
20437,26,39,23,34
20438,26,39,38,40
20439,26,39,12,49
20440,26,39,38,10
20441,26,39,17,27
20442,26,39,42,16
20443,26,39,28,20
20444,26,39,23,27
20445,26,39,40,36
20446,26,39,14,22
20447,26,39,11,27
20448,26,39,35,45
20449,26,39,17,30
20450,26,39,19,20
20451,26,39,23,32
20452,26,39,22,15
20453,26,39,23,36
20454,26,39,11,49
20455,26,39,27,20
20456,26,39,12,34
20457,26,39,44,27
20458,26,39,48,31
20459,26,39,18,22
20460,26,39,33,44
20461,26,39,11,26
20462,26,39,39,39
20463,26,39,22,44
20464,26,39,32,14
20465,26,39,46,33
20466,26,39,23,46
20467,26,39,42,28
20468,26,39,11,45
20469,26,39,25,43
20470,26,39,14,24
20471,26,39,32,49
20472,26,39,20,39
20473,26,39,31,15
20474,26,39,36,44
20475,26,39,35,33
20476,26,39,36,45
20477,26,39,49,13
20478,26,39,36,49
20479,26,39,36,34
